0.001527	0.033597
-0.441017	-0.077384
-0.387250	-0.045943
-0.411356	-0.087220
-0.371917	-0.021651
-0.389248	-0.045776
-0.361107	-0.008324
-0.374115	-0.020826
-0.361104	-0.008327
-0.361103	0.008465
-0.320186	0.009984
-0.334823	-0.000272
-0.288032	0.021382
-0.308191	0.005392
-0.261009	0.035867
-0.279924	0.019175
-0.223581	0.055910
-0.248332	0.031793
-0.160503	0.064839
-0.189630	0.077799
-0.213300	0.051960
-0.499218	-0.180075
-0.472194	-0.132413
-0.492060	-0.180170
-0.450712	-0.093896
-0.453951	-0.094316
-0.483671	-0.132725
-0.439730	-0.074253
-0.471084	-0.080495
-0.411356	-0.045945
-0.450058	-0.068290
-0.389248	-0.020316
-0.422498	-0.039513
-0.373358	-0.000749
-0.374115	-0.000312
-0.399005	-0.014683
-0.334823	0.025345
-0.308191	0.037493
-0.332027	0.023731
-0.279924	0.053160
-0.307626	0.037166
-0.248332	0.072769
-0.281110	0.053844
-0.213300	0.095869
-0.250821	0.074206
-0.152113	0.118710
-0.161554	0.124574
-0.212286	0.095284
-0.439985	-0.240028
-0.449483	-0.247974
-0.499916	-0.198301
-0.505683	-0.201287
-0.492060	-0.155725
-0.532860	-0.179281
-0.483671	-0.107344
-0.529765	-0.133956
-0.471084	-0.067075
-0.512250	-0.090843
-0.450058	-0.036659
-0.486912	-0.057937
-0.422498	-0.012128
-0.457523	-0.032349
-0.399005	0.008248
-0.428397	-0.008721
-0.388278	0.024590
-0.381412	0.022210
-0.402299	0.010150
-0.332027	0.049423
-0.356596	0.035238
-0.307626	0.065344
-0.333615	0.050339
-0.281110	0.085381
-0.311720	0.067708
-0.250822	0.111712
-0.288769	0.089803
-0.212286	0.146602
-0.261770	0.118033
-0.167697	0.196008
-0.161396	0.192572
-0.226652	0.154896
-0.318158	-0.295547
-0.441245	-0.314520
-0.422414	-0.288374
-0.505683	-0.261276
-0.519575	-0.269296
-0.532860	-0.190917
-0.580205	-0.218251
-0.529765	-0.123024
-0.590110	-0.157865
-0.512250	-0.068059
-0.568610	-0.100598
-0.486912	-0.027911
-0.534351	-0.055299
-0.457523	0.000652
-0.496954	-0.022114
-0.428397	0.021443
-0.460967	0.002640
-0.411964	0.041726
-0.402299	0.036146
-0.401413	0.068655
-0.428081	0.021261
-0.380879	0.047493
-0.384398	0.045460
-0.356596	0.062001
-0.376559	0.050475
-0.333615	0.074713
-0.356115	0.061723
-0.311720	0.092305
-0.337903	0.077189
-0.288769	0.117176
-0.321784	0.098116
-0.261770	0.152686
-0.306023	0.127137
-0.226652	0.201934
-0.286862	0.167172
-0.184085	0.262311
-0.183171	0.261868
-0.256816	0.219349
-0.141478	-0.262146
-0.316850	-0.358545
-0.422414	-0.430921
-0.306952	-0.364261
-0.519575	-0.378375
-0.516501	-0.376599
-0.580205	-0.259769
-0.652605	-0.301570
-0.590110	-0.148448
-0.681565	-0.201249
-0.568609	-0.068008
-0.649022	-0.114434
-0.534351	-0.015005
-0.597382	-0.051396
-0.496954	0.018854
-0.544975	-0.008871
-0.460967	0.040581
-0.497776	0.019328
-0.433871	0.058403
-0.428081	0.055061
-0.420075	0.090984
-0.457063	0.038327
-0.376559	0.073561
-0.356115	0.083325
-0.374793	0.072541
-0.337903	0.095970
-0.357960	0.084390
-0.321784	0.115346
-0.346622	0.101005
-0.306022	0.145677
-0.340171	0.125961
-0.286862	0.193048
-0.337467	0.163832
-0.256817	0.264151
-0.333416	0.219925
-0.188114	0.341451
-0.213289	0.350838
-0.245625	0.469990
-0.310126	0.294930
0.161819	-0.086647
-0.128287	-0.374758
-0.306952	-0.625632
-0.000358	-0.448619
-0.516501	-0.612647
-0.422975	-0.558648
-0.652606	-0.393651
-0.774209	-0.463857
-0.681565	-0.187677
-0.845461	-0.282304
-0.649022	-0.061854
-0.774259	-0.134160
-0.597383	0.008389
-0.684034	-0.041639
-0.544975	0.047015
-0.604630	0.012574
-0.497776	0.068187
-0.539710	0.043975
-0.439334	0.120680
-0.454256	0.077641
-0.457064	0.079262
-0.487011	0.061972
-0.374793	0.093519
-0.389827	0.084839
-0.357960	0.099594
-0.371637	0.091697
-0.346623	0.110602
-0.361824	0.101825
-0.340171	0.130290
-0.360447	0.118584
-0.337466	0.165341
-0.369173	0.147035
-0.333416	0.228234
-0.389908	0.195618
-0.310126	0.342303
-0.420557	0.278545
-0.386389	0.790151
-0.214873	0.535136
-0.429498	0.411221
0.357248	0.248066
0.172935	-0.148283
0.416215	0.245283
-0.000358	-0.840224
0.685522	-0.444227
-0.422975	-1.159402
0.064754	-0.877818
-0.774209	-0.694447
-1.001251	-0.825531
-0.845461	-0.232461
-1.209926	-0.442889
-0.774259	-0.030634
-0.984648	-0.152102
-0.684034	0.055574
-0.803804	-0.013577
-0.604630	0.093238
-0.676950	0.051483
-0.539710	0.109098
-0.585905	0.082427
-0.456630	0.158618
-0.471557	0.105526
-0.487012	0.114449
-0.517995	0.096561
-0.389827	0.108790
-0.399717	0.103080
-0.371637	0.106749
-0.378964	0.102518
-0.361825	0.107966
-0.367785	0.104525
-0.360447	0.114371
-0.366683	0.110771
-0.369173	0.130123
-0.378452	0.124766
-0.389908	0.164116
-0.408979	0.153106
-0.420557	0.239577
-0.470583	0.210694
-0.429498	0.431731
-0.591439	0.338237
-1.210354	1.731919
-0.230119	1.028000
-0.846186	0.672309
0.516502	0.521170
0.334939	0.301252
0.416215	0.348179
0.685522	-0.169127
0.998872	0.011788
0.064754	-2.600134
2.480429	-1.205430
-1.001251	-1.599826
-1.334555	-1.792259
-1.209927	-0.177541
-2.337330	-0.828432
-0.984648	0.088920
-1.328046	-0.109343
-0.803804	0.154916
-0.951380	0.069713
-0.676951	0.170665
-0.754017	0.126171
-0.585905	0.169794
-0.630674	0.143948
-0.490761	0.146568
-0.517995	0.162292
-0.473829	0.212299
-0.545452	0.146439
-0.399717	0.130622
-0.404277	0.127989
-0.378964	0.120034
-0.380172	0.119338
-0.367785	0.111421
-0.365915	0.112500
-0.366683	0.105051
-0.361717	0.107917
-0.378452	0.101950
-0.369882	0.106898
-0.408979	0.104081
-0.395562	0.111828
-0.470583	0.116177
-0.450256	0.127913
-0.591439	0.152669
-0.562614	0.169311
-1.491579	-0.260383
-1.988377	0.927781
-0.846187	0.268330
-0.818980	0.284037
0.529801	0.750538
0.509785	0.732211
0.998872	0.768182
0.723175	0.609009
2.480429	1.479493
1.123644	0.696145
-1.334555	0.551912
1.376279	2.116981
-2.337329	0.907792
-2.144140	1.019331
-1.328046	0.471101
-1.454492	0.398096
-0.951380	0.352265
-1.036798	0.302948
-0.754017	0.295392
-0.803445	0.266854
-0.630674	0.256953
-0.659056	0.240566
-0.506856	0.205004
-0.545452	0.227288
-0.491485	0.273715
-0.562372	0.217519
-0.404278	0.159792
-0.403615	0.160175
-0.380171	0.140662
-0.375658	0.143268
-0.365915	0.122945
-0.357700	0.127689
-0.361718	0.105893
-0.349048	0.113208
-0.369882	0.088604
-0.350827	0.099605
-0.395562	0.069065
-0.365800	0.086248
-0.450256	0.042164
-0.399612	0.071403
-0.562615	-0.007391
-0.463519	0.049822
-0.818980	-0.135827
-0.579566	0.002396
-0.731698	-2.012791
-1.627050	-0.646022
-0.781178	-0.157652
0.518204	0.769946
0.591085	0.817245
0.536022	0.848807
0.525734	0.841698
0.723174	0.948695
0.543092	0.844726
1.123644	1.308204
0.612062	1.012845
1.376280	2.133143
0.535538	1.647745
-2.144140	1.989914
-0.259915	3.077764
-1.454493	1.024805
-0.963493	1.308274
-1.036798	0.640669
-0.912973	0.712159
-0.803445	0.467437
-0.770095	0.486691
-0.504041	0.442531
-0.659056	0.371542
-0.648203	0.377808
-0.505990	0.357281
-0.499676	0.272802
-0.562372	0.308999
-0.556551	0.312361
-0.556551	0.360898
-0.403615	0.197061
-0.396099	0.201400
-0.375658	0.168942
-0.365284	0.174931
-0.357700	0.142792
-0.344032	0.150683
-0.349048	0.117136
-0.331155	0.127466
-0.350827	0.090284
-0.326683	0.104223
-0.365800	0.059244
-0.331431	0.079086
-0.399612	0.017906
-0.346907	0.048336
-0.463519	-0.047753
-0.374702	0.003525
-0.579566	-0.173464
-0.412673	-0.077109
-0.781178	-0.456987
-0.434830	-0.257024
-0.094742	-0.844196
-0.274230	-0.732188
-0.289372	-0.740930
0.452000	0.713658
0.535419	0.746209
0.525734	0.823710
0.463459	0.787757
0.543092	0.928960
0.443264	0.871325
0.612062	1.113719
0.417572	1.001431
0.535538	1.402803
0.323446	1.280352
-0.259915	1.527694
0.029660	1.694876
-0.963493	1.261192
-0.380910	1.597551
-0.912973	0.887040
-0.614206	1.059536
-0.770095	0.647004
-0.633658	0.725776
-0.537583	0.436575
-0.648203	0.500441
-0.474570	0.548728
-0.582222	0.538536
-0.434117	0.286133
-0.416023	0.296579
-0.396099	0.242587
-0.377396	0.253385
-0.365284	0.204491
-0.347700	0.214643
-0.344032	0.170173
-0.324937	0.181197
-0.331155	0.137303
-0.309128	0.150020
-0.326683	0.103855
-0.299952	0.119288
-0.331431	0.067077
-0.297207	0.086837
-0.346906	0.022469
-0.300537	0.049241
-0.374702	-0.037962
-0.308470	0.000277
-0.412673	-0.128046
-0.315673	-0.072043
-0.434831	-0.264554
-0.305532	-0.189905
-0.071691	-0.464550
0.003876	-0.578273
-0.289372	-0.408964
-0.237039	-0.378750
0.401103	0.694168
0.454184	0.709098
0.463459	0.772910
0.403560	0.738327
0.443264	0.861426
0.376704	0.822996
0.417572	0.975703
0.331452	0.925981
0.323446	1.115255
0.249652	1.072650
0.029660	1.210919
0.093708	1.247897
-0.380910	1.160321
-0.131809	1.304140
-0.614206	0.976696
-0.338531	1.135854
-0.633658	0.775016
-0.449275	0.881471
-0.469714	0.548712
-0.582222	0.613669
-0.429508	0.647940
-0.468209	0.658536
-0.468209	0.679495
-0.416023	0.346968
-0.383299	0.365862
-0.377396	0.292369
-0.349425	0.308518
-0.347700	0.245615
-0.322058	0.260419
-0.324937	0.203640
-0.299968	0.218056
-0.309128	0.164408
-0.283056	0.179460
-0.299952	0.125868
-0.271164	0.142488
-0.297207	0.085750
-0.263837	0.105017
-0.300537	0.041065
-0.260174	0.064368
-0.308470	-0.012359
-0.258236	0.016643
-0.315673	-0.079734
-0.253723	-0.043967
-0.305532	-0.164082
-0.237556	-0.124835
-0.237039	-0.253605
-0.193755	-0.228615
-0.024471	-0.313710
-0.045751	-0.294276
-0.106174	-0.329161
0.423254	0.710744
0.397727	0.700205
0.403560	0.727013
0.377428	0.711926
0.376704	0.792724
0.333225	0.767621
0.331451	0.873441
0.284175	0.846145
0.249651	0.959404
0.216106	0.940037
0.093708	1.025292
0.114621	1.037366
-0.131809	1.029587
-0.022769	1.092540
-0.338531	0.953129
-0.168957	1.051034
-0.355853	0.719333
-0.359803	0.770351
-0.449275	0.822008
-0.290301	0.801642
-0.280349	0.919539
-0.383299	0.409288
-0.333158	0.438237
-0.349425	0.344724
-0.310449	0.367227
-0.322058	0.290047
-0.288389	0.309485
-0.299968	0.241352
-0.268842	0.259322
-0.283056	0.196457
-0.252632	0.214022
-0.271164	0.153536
-0.239940	0.171563
-0.263837	0.110785
-0.230477	0.130046
-0.260174	0.066214
-0.223406	0.087442
-0.258237	0.017589
-0.217094	0.041343
-0.253723	-0.037142
-0.208581	-0.011080
-0.237556	-0.098097
-0.192852	-0.072287
-0.193755	-0.159139
-0.162792	-0.141263
-0.106174	-0.202133
-0.112730	-0.205919
-0.025932	-0.197206
-0.002276	-0.205545
-0.051271	-0.233832
0.446533	0.569480
0.494359	0.597896
0.377428	0.669088
0.374238	0.667247
0.333225	0.727588
0.304664	0.711098
0.284175	0.792896
0.252142	0.774401
0.216106	0.856959
0.194661	0.844577
0.114621	0.907572
0.121531	0.911562
-0.022769	0.926301
0.029706	0.956598
-0.168957	0.899280
-0.072463	0.954991
-0.212770	0.790415
-0.280349	0.829433
-0.199337	0.824276
-0.164162	0.804910
-0.164162	0.896512
-0.356895	0.545329
-0.279488	0.590020
-0.333158	0.464609
-0.275121	0.498116
-0.310449	0.396055
-0.262434	0.423776
-0.288389	0.335642
-0.247100	0.359479
-0.268842	0.281432
-0.231669	0.302894
-0.252632	0.231649
-0.217623	0.251860
-0.239940	0.184772
-0.205690	0.204547
-0.230477	0.139453
-0.195960	0.159380
-0.223406	0.094355
-0.187886	0.114863
-0.217094	0.048191
-0.180270	0.069451
-0.208581	0.000062
-0.171157	0.021669
-0.192852	-0.049667
-0.157650	-0.029343
-0.162792	-0.097889
-0.136061	-0.082456
-0.112730	-0.137762
-0.103230	-0.132277
-0.007141	-0.189715
-0.051271	-0.164237
-0.059072	-0.168741
0.348585	0.377714
0.467977	0.462430
0.374238	0.577074
0.321823	0.546813
0.304664	0.658422
0.269002	0.637832
0.252142	0.724263
0.221383	0.706505
0.194661	0.781144
0.174141	0.769297
0.121531	0.825758
0.119460	0.824562
0.029706	0.849957
0.054661	0.864365
-0.091349	0.790606
-0.102875	0.861029
-0.072463	0.843471
-0.015760	0.876207
-0.265815	0.668982
-0.185723	0.715223
-0.279488	0.590356
-0.204559	0.633617
-0.275121	0.514068
-0.211238	0.550952
-0.262434	0.443938
-0.208042	0.475341
-0.247100	0.380277
-0.199636	0.407681
-0.231669	0.322185
-0.189076	0.346777
-0.217623	0.268484
-0.178140	0.291280
-0.205690	0.218065
-0.167992	0.239830
-0.195960	0.170068
-0.159259	0.191258
-0.187886	0.123728
-0.151791	0.144567
-0.180270	0.078262
-0.144705	0.098796
-0.171157	0.033177
-0.136669	0.053089
-0.157650	-0.011184
-0.125986	0.007097
-0.136061	-0.053027
-0.110618	-0.038338
-0.103230	-0.088750
-0.088709	-0.080366
-0.059072	-0.113466
-0.059746	-0.113855
0.001400	-0.132609
-0.016415	-0.127216
-0.006852	-0.103089
-0.025837	-0.132655
0.325270	0.282961
0.348398	0.374639
0.255571	0.304205
0.321823	0.490342
0.234908	0.440162
0.269002	0.588028
0.210812	0.554432
0.221383	0.663221
0.180072	0.639371
0.174141	0.721199
0.147551	0.705847
0.119460	0.764634
0.109185	0.758701
0.054661	0.793042
0.062457	0.797543
-0.031213	0.778668
-0.050789	0.822293
-0.015760	0.802070
0.011632	0.817885
-0.185723	0.691125
-0.114487	0.732253
-0.204559	0.624101
-0.137096	0.663051
-0.211238	0.555114
-0.148153	0.591535
-0.208042	0.487041
-0.150686	0.520154
-0.199636	0.422477
-0.147924	0.452333
-0.189076	0.362221
-0.142171	0.389300
-0.178140	0.305843
-0.134783	0.330876
-0.167992	0.252445
-0.126820	0.276214
-0.159259	0.201604
-0.119596	0.224503
-0.151791	0.153357
-0.113741	0.175325
-0.144705	0.107399
-0.108446	0.128332
-0.136669	0.063245
-0.102447	0.083002
-0.125985	0.021030
-0.094767	0.039053
-0.110618	-0.018078
-0.084432	-0.002960
-0.088709	-0.051914
-0.070361	-0.041321
-0.059746	-0.077701
-0.051894	-0.073168
-0.007579	-0.103401
-0.025837	-0.092861
-0.029663	-0.095070
0.051297	0.049473
0.129986	0.099948
0.086773	0.039640
0.221495	0.187870
0.251839	0.186642
0.132207	0.099685
0.255571	0.312736
0.144504	0.248612
0.234908	0.425944
0.147201	0.375305
0.210812	0.526399
0.135863	0.483128
0.180072	0.611531
0.121717	0.577839
0.147551	0.674913
0.108922	0.652611
0.109185	0.718121
0.090949	0.707592
0.062457	0.747624
0.060271	0.746362
-0.018361	0.784315
0.011632	0.766999
0.020266	0.771983
-0.005932	0.771469
-0.005932	0.752698
-0.081671	0.746656
-0.039757	0.770856
-0.114487	0.702949
-0.060228	0.734276
-0.137096	0.650494
-0.080365	0.683248
-0.148153	0.590141
-0.090358	0.623510
-0.150686	0.525753
-0.093659	0.558679
-0.147924	0.461723
-0.093854	0.492942
-0.142171	0.400481
-0.092011	0.429441
-0.134783	0.342838
-0.088557	0.369527
-0.126820	0.287615
-0.082977	0.312928
-0.119596	0.233717
-0.076532	0.258581
-0.113741	0.182571
-0.072375	0.206454
-0.108446	0.135313
-0.070167	0.157414
-0.102447	0.091004
-0.067075	0.111426
-0.094767	0.049106
-0.062323	0.067838
-0.084432	0.010439
-0.056113	0.026789
-0.070361	-0.023268
-0.048206	-0.010476
-0.051894	-0.050091
-0.037898	-0.042010
-0.029663	-0.068592
-0.024756	-0.065759
-0.003948	-0.081029
-0.009350	-0.079019
-0.010477	-0.079670
0.019621	0.032060
0.022324	0.049640
0.051719	0.055801
0.002883	0.063422
-0.002610	0.107000
0.086773	0.099828
0.031118	0.067695
0.031118	0.086412
-0.004374	0.179336
0.132207	0.173550
0.045644	0.123573
0.045644	0.145177
-0.005565	0.272687
0.144504	0.268458
0.056163	0.217454
0.056163	0.225733
-0.007643	0.374504
0.147201	0.369904
0.057997	0.318401
0.057997	0.338675
-0.011037	0.474599
0.135863	0.472662
0.052542	0.424556
0.052542	0.454608
-0.013341	0.573660
0.121717	0.567769
0.046424	0.524298
0.046424	0.555364
0.048493	0.662738
0.108922	0.646768
0.046904	0.610962
0.046904	0.663211
0.050414	0.688992
0.090949	0.686583
0.065455	0.671864
0.065455	0.684193
0.019567	0.704410
0.060271	0.711595
0.053948	0.707945
0.053948	0.692838
0.019764	0.711501
-0.013014	0.748684
0.020266	0.729470
0.024788	0.732081
0.024788	0.708809
-0.008853	0.739506
-0.008853	0.693976
0.025561	0.766811
-0.039757	0.759533
-0.031215	0.764465
-0.031215	0.787642
-0.060228	0.712259
-0.009052	0.741805
-0.009052	0.703942
-0.019319	0.676156
-0.080365	0.672159
-0.019319	0.676156
-0.035569	0.696270
-0.035569	0.698022
0.000000	0.632231
-0.090358	0.623096
-0.042872	0.650512
-0.042872	0.643706
0.000000	0.568189
-0.093659	0.561798
-0.038922	0.593400
-0.038922	0.582345
0.000000	0.504248
-0.093854	0.498411
-0.038861	0.530160
-0.038861	0.522113
0.000000	0.440239
-0.092011	0.436022
-0.038902	0.466684
-0.038902	0.464873
-0.008682	0.382007
-0.088557	0.377553
-0.039648	0.405789
-0.039648	0.406987
-0.007488	0.329474
-0.082977	0.323353
-0.038830	0.348842
-0.038830	0.353857
0.013548	0.270964
-0.076532	0.267618
-0.031486	0.293625
-0.031486	0.304593
0.010490	0.209795
-0.072375	0.210614
-0.025087	0.237916
-0.025087	0.237720
-0.003685	0.162141
-0.070167	0.161002
-0.028306	0.185170
-0.028306	0.182272
-0.002709	0.119177
-0.067075	0.116777
-0.030321	0.137997
-0.030321	0.141029
-0.001704	0.076666
-0.062323	0.074491
-0.028079	0.094262
-0.028079	0.096795
-0.000809	0.036427
-0.056113	0.034807
-0.024851	0.052857
-0.024851	0.053072
-0.000094	-0.001029
-0.048206	-0.000522
-0.021563	0.014860
-0.021563	0.012187
-0.002535	-0.027886
-0.037898	-0.028947
-0.018436	-0.017710
-0.018436	-0.020375
0.004909	-0.045166
-0.024756	-0.049600
-0.013441	-0.043067
-0.013441	-0.038464
0.001406	-0.070565
0.006675	-0.061410
0.001985	-0.071352
-0.010477	-0.064157
-0.005009	-0.061000
-0.005009	-0.057882
-0.355213	-0.008733
-0.338329	0.001473
-0.355213	0.008059
-0.358543	0.011649
-0.368831	0.024590
-0.352343	0.032783
-0.373559	0.045576
-0.377908	0.051254
-0.386837	0.046098
-0.397935	0.061220
-0.393982	0.066709
-0.402717	0.092281
-0.408531	0.085047
-0.417817	0.113531
-0.420401	0.110943
-0.430272	0.142997
-0.434033	0.140009
-0.442806	0.182802
-0.440596	0.184929
-0.446414	0.230449
-0.077984	0.727849
-0.046718	0.705254
-0.046718	0.750786
-0.027372	0.762246
-0.024502	0.758230
-0.024502	0.777001
-0.036792	0.769144
-0.044201	0.793512
-0.081671	0.781163
-0.082072	0.780005
-0.153163	0.754583
-0.151941	0.760397
-0.235047	0.743701
-0.229957	0.720307
-0.265815	0.727821
-0.300055	0.649587
-0.360082	0.636551
-0.369104	0.572435
-0.356895	0.572501
-0.414668	0.485296
-0.414215	0.481908
-0.463857	0.398040
-0.440618	0.398955
-0.474065	0.326495
-0.466523	0.325735
-0.473981	0.256837
-0.434117	0.243959
