0.000000
0.000000
0.000000
0.014605
0.000000
0.017887
0.000000
0.010982
0.039215
0.030019
0.000000
0.020787
0.047702
0.000000
0.007473
0.020992
0.069595
0.054921
0.038955
0.000000
0.023717
0.055305
0.082765
0.000000
0.004622
0.012733
0.035869
0.019248
0.106175
0.086071
0.061398
0.000000
0.027806
0.062110
0.094014
0.122980
0.000000
0.002678
0.007312
0.009691
0.149084
0.125706
0.091532
0.000000
0.031176
0.067791
0.103231
0.136809
0.168117
0.001669
0.000000
0.003715
0.197071
0.173493
0.133324
0.000000
0.032725
0.071556
0.110052
0.147688
0.183868
0.217887
0.249007
0.223797
0.189448
0.000000
0.031419
0.032348
0.048800
0.072822
0.113953
0.155150
0.196028
0.235639
0.272540
0.305297
0.276346
0.243848
0.000000
0.029469
0.071802
0.072659
0.101404
0.114680
0.158565
0.203620
0.249139
0.293245
0.332988
0.366282
0.333439
0.289514
0.028904
0.000000
0.026682
0.069318
0.112263
0.131997
0.157581
0.205476
0.256300
0.308841
0.359073
0.400208
0.428946
0.394338
0.339739
0.065556
0.000000
0.060536
0.024004
0.107161
0.160253
0.200949
0.254877
0.314695
0.379279
0.438443
0.474121
0.442643
0.484481
0.100009
0.000000
0.091445
0.054891
0.021572
0.143201
0.179046
0.190694
0.244323
0.306461
0.381132
0.471898
0.544316
0.546880
0.479827
0.490317
0.516318
0.131599
0.000000
0.118820
0.082190
0.049040
0.019145
0.176093
0.192926
0.226809
0.285313
0.357337
0.455662
0.630290
0.701832
0.559142
0.500257
0.513697
0.159488
0.000000
0.142029
0.105624
0.072777
0.043177
0.016714
0.202615
0.257247
0.318968
0.395473
0.496346
0.618464
0.563187
0.513675
0.502521
0.489416
0.182678
0.000000
0.160383
0.124842
0.092628
0.063536
0.037429
0.014238
0.206535
0.227998
0.279383
0.338440
0.405485
0.472453
0.500639
0.487252
0.470241
0.479672
0.460122
0.000000
0.207495
0.173686
0.139571
0.108448
0.080157
0.054655
0.031897
0.011812
0.243012
0.290333
0.340717
0.389490
0.425056
0.438888
0.437975
0.433734
0.446514
0.000000
0.202738
0.249840
0.181507
0.149741
0.120177
0.093012
0.068345
0.046235
0.026714
0.009845
0.290526
0.330058
0.363546
0.386072
0.397207
0.401277
0.402936
0.407150
0.000000
0.197359
0.215072
0.249355
0.184557
0.155518
0.127913
0.102162
0.078539
0.057217
0.038312
0.021933
0.008278
0.282955
0.313332
0.337705
0.354630
0.365031
0.371346
0.374759
0.000000
0.189114
0.214224
0.243557
0.157438
0.131942
0.107794
0.085368
0.064945
0.046723
0.030841
0.017411
0.006510
0.271043
0.294973
0.314086
0.328167
0.338059
0.345003
0.340177
0.000000
0.180219
0.209483
0.155962
0.234443
0.132694
0.110221
0.089055
0.069586
0.052095
0.036774
0.023736
0.013028
0.004615
0.257203
0.276768
0.292647
0.304965
0.314265
0.308359
0.000000
0.169347
0.202083
0.152021
0.130748
0.223487
0.109875
0.089923
0.071373
0.054597
0.039854
0.027291
0.016961
0.008838
0.002861
0.242724
0.259266
0.272964
0.284050
0.281882
0.000000
0.163930
0.193064
0.146317
0.126766
0.107281
0.211628
0.088383
0.070612
0.054434
0.040199
0.028116
0.018252
0.010561
0.004945
0.001309
0.228221
0.242547
0.254622
0.255590
0.000000
0.157493
0.183075
0.139409
0.121347
0.103017
0.084936
0.199425
0.067697
0.051874
0.037952
0.026243
0.016855
0.009714
0.004641
0.001439
-0.000038
0.213966
0.226507
0.236870
0.230035
0.000000
0.155240
0.172683
0.131823
0.115057
0.097674
0.080158
0.063131
0.187204
0.047289
0.033308
0.021699
0.012681
0.006163
0.001844
-0.000633
-0.001572
-0.001190
0.200114
0.211172
0.207854
0.000000
0.162073
0.153203
0.147564
0.124041
0.108409
0.091841
0.074698
0.057562
0.041215
0.175188
0.026584
0.014533
0.005567
-0.000348
-0.003685
-0.005066
-0.005029
-0.003940
-0.002029
0.186856
0.179318
0.000000
0.151903
0.153928
0.138533
0.116257
0.101794
0.086048
0.069238
0.051792
0.034456
0.018364
0.163485
0.004913
-0.004737
-0.010283
-0.012396
-0.012185
-0.010608
-0.008270
-0.005486
-0.002342
0.151667
0.000000
0.153367
0.141131
0.129301
0.108560
0.095416
0.080686
0.064395
0.046721
0.028150
0.009745
-0.006600
-0.018494
-0.024457
-0.025123
-0.022565
-0.018634
-0.014340
-0.010123
-0.006140
-0.005087
0.132430
0.120214
0.100962
0.089342
0.075943
0.060584
0.043144
0.023659
0.002602
-0.018382
-0.035556
-0.044274
-0.043543
-0.037227
-0.029608
-0.022324
-0.015954
-0.010920
0.114234
0.097876
0.083475
0.071782
0.057904
0.041467
0.022063
-0.000698
-0.026796
-0.053529
-0.071761
-0.071437
-0.058351
-0.043859
-0.032811
-0.024083
-0.016671
0.081160
0.067962
0.056113
0.041551
0.023547
0.001235
-0.026971
-0.063742
-0.104690
-0.120561
-0.089514
-0.058416
-0.082482
-0.041988
0.066693
0.054637
0.042852
0.027392
0.007504
-0.018139
-0.053801
-0.116604
-0.208422
-0.202082
-0.121234
0.054494
0.044190
0.033906
0.019503
0.001786
-0.019990
-0.048814
-0.096921
