5.518196e-18
-6.411882e-18
1.460496e-02
9.079992e-18
1.788727e-02
0.000000e+00
1.098196e-02
3.921484e-02
3.001916e-02
-3.681791e-18
2.078737e-02
4.770216e-02
0.000000e+00
7.473401e-03
2.099210e-02
6.959581e-02
5.492103e-02
3.895569e-02
-1.000802e-17
2.371751e-02
5.530589e-02
8.276516e-02
0.000000e+00
4.622009e-03
1.273307e-02
3.586915e-02
1.924806e-02
1.061760e-01
8.607180e-02
6.139894e-02
0.000000e+00
2.780645e-02
6.211022e-02
9.401442e-02
1.229807e-01
0.000000e+00
2.678063e-03
7.312417e-03
9.690971e-03
1.490853e-01
1.257068e-01
9.153295e-02
0.000000e+00
3.117663e-02
6.779189e-02
1.032320e-01
1.368105e-01
1.681179e-01
1.668620e-03
0.000000e+00
3.714979e-03
1.970722e-01
1.734941e-01
1.333244e-01
0.000000e+00
3.272516e-02
7.155696e-02
1.100528e-01
1.476893e-01
1.838692e-01
2.178888e-01
2.490092e-01
2.237985e-01
1.894491e-01
1.734435e-17
3.141953e-02
3.234814e-02
4.880070e-02
7.282306e-02
1.139544e-01
1.551519e-01
1.960298e-01
2.356416e-01
2.725421e-01
3.052998e-01
2.763475e-01
2.438496e-01
1.142010e-17
2.946955e-02
7.180274e-02
7.266016e-02
1.014047e-01
1.146812e-01
1.585666e-01
2.036219e-01
2.491418e-01
2.932484e-01
3.329912e-01
3.662845e-01
3.334418e-01
2.895157e-01
2.890410e-02
-1.065832e-17
2.668212e-02
6.931906e-02
1.122644e-01
1.319987e-01
1.575822e-01
2.054777e-01
2.563023e-01
3.088441e-01
3.590769e-01
4.002119e-01
4.289490e-01
3.943405e-01
3.397409e-01
6.555665e-02
-5.121832e-18
6.053633e-02
2.400392e-02
1.071625e-01
1.602551e-01
2.009512e-01
2.548801e-01
3.146981e-01
3.792829e-01
4.384472e-01
4.741256e-01
4.426461e-01
4.844854e-01
1.000105e-01
0.000000e+00
9.144611e-02
5.489166e-02
2.157245e-02
1.432025e-01
1.790483e-01
1.906962e-01
2.443253e-01
3.064642e-01
3.811357e-01
4.719024e-01
5.443198e-01
5.468841e-01
4.798315e-01
4.903215e-01
5.163223e-01
1.316004e-01
-4.730682e-18
1.188217e-01
8.219105e-02
4.904080e-02
1.914482e-02
1.760956e-01
1.929284e-01
2.268122e-01
2.853165e-01
3.573402e-01
4.556656e-01
6.302945e-01
7.018364e-01
5.591469e-01
5.002619e-01
5.137023e-01
1.594902e-01
3.269427e-18
1.420307e-01
1.056257e-01
7.277782e-02
4.317784e-02
1.671460e-02
2.026180e-01
2.572502e-01
3.189712e-01
3.954772e-01
4.963500e-01
6.184683e-01
5.631923e-01
5.136801e-01
5.025257e-01
4.894213e-01
1.826810e-01
0.000000e+00
1.603858e-01
1.248441e-01
9.262941e-02
6.353692e-02
3.742988e-02
1.423782e-02
2.065378e-01
2.280015e-01
2.793869e-01
3.384438e-01
4.054890e-01
4.724575e-01
5.006438e-01
4.872572e-01
4.702462e-01
4.796774e-01
4.601273e-01
7.503021e-18
2.074983e-01
1.736889e-01
1.395736e-01
1.084497e-01
8.015810e-02
5.465553e-02
3.189777e-02
1.181210e-02
2.430158e-01
2.903365e-01
3.407208e-01
3.894945e-01
4.250605e-01
4.388927e-01
4.379801e-01
4.337393e-01
4.465195e-01
-6.989103e-18
2.027418e-01
2.498436e-01
1.815100e-01
1.497440e-01
1.201797e-01
9.301345e-02
6.834660e-02
4.623557e-02
2.671412e-02
9.845185e-03
2.905302e-01
3.300625e-01
3.635501e-01
3.860768e-01
3.972123e-01
4.012820e-01
4.029414e-01
4.071558e-01
0.000000e+00
1.973624e-01
2.150761e-01
2.493590e-01
1.845606e-01
1.555207e-01
1.279155e-01
1.021641e-01
7.854096e-02
5.721810e-02
3.831318e-02
2.193321e-02
8.278013e-03
2.829595e-01
3.133369e-01
3.377093e-01
3.546353e-01
3.650364e-01
3.713518e-01
3.747640e-01
0.000000e+00
1.891180e-01
2.142278e-01
2.435617e-01
1.574415e-01
1.319449e-01
1.077963e-01
8.536936e-02
6.494616e-02
4.672371e-02
3.084195e-02
1.741192e-02
6.509785e-03
2.710480e-01
2.949780e-01
3.140912e-01
3.281726e-01
3.380641e-01
3.450090e-01
3.401825e-01
0.000000e+00
1.802222e-01
2.094870e-01
1.559655e-01
2.344467e-01
1.326970e-01
1.102240e-01
8.905750e-02
6.958760e-02
5.209654e-02
3.677471e-02
2.373660e-02
1.302862e-02
4.615628e-03
2.572072e-01
2.767728e-01
2.926517e-01
3.049698e-01
3.142701e-01
3.083650e-01
1.013487e-18
1.693509e-01
2.020874e-01
1.520241e-01
1.307514e-01
2.234911e-01
1.098778e-01
8.992527e-02
7.137486e-02
5.459843e-02
3.985501e-02
2.729242e-02
1.696191e-02
8.838434e-03
2.861570e-03
2.427285e-01
2.592711e-01
2.729694e-01
2.840554e-01
2.818873e-01
1.146222e-18
1.639333e-01
1.930677e-01
1.463208e-01
1.267691e-01
1.072842e-01
2.116321e-01
8.838593e-02
7.061385e-02
5.443538e-02
4.020068e-02
2.811768e-02
1.825268e-02
1.056210e-02
4.945147e-03
1.309138e-03
2.282260e-01
2.425522e-01
2.546269e-01
2.555958e-01
-3.854335e-19
1.574966e-01
1.830794e-01
1.394126e-01
1.213506e-01
1.030195e-01
8.493848e-02
1.994295e-01
6.769880e-02
5.187602e-02
3.795337e-02
2.624441e-02
1.685630e-02
9.715092e-03
4.641951e-03
1.439788e-03
-3.791287e-05
2.139704e-01
2.265113e-01
2.368746e-01
2.300396e-01
1.574276e-18
1.552438e-01
1.726871e-01
1.318262e-01
1.150599e-01
9.767643e-02
8.016094e-02
6.313361e-02
1.872086e-01
4.729076e-02
3.330934e-02
2.170049e-02
1.268269e-02
6.164074e-03
1.844864e-03
-6.324750e-04
-1.571666e-03
-1.189594e-03
2.001179e-01
2.111767e-01
2.078583e-01
1.410221e-19
1.620767e-01
1.532070e-01
1.475680e-01
1.240440e-01
1.084127e-01
9.184389e-02
7.470112e-02
5.756426e-02
4.121730e-02
1.751918e-01
2.658647e-02
1.453504e-02
5.568394e-03
-3.472086e-04
-3.684180e-03
-5.065506e-03
-5.027957e-03
-3.939156e-03
-2.029254e-03
1.868606e-01
1.793217e-01
5.682478e-18
1.519068e-01
1.539318e-01
1.385368e-01
1.162601e-01
1.017977e-01
8.605112e-02
6.924055e-02
5.179431e-02
3.445799e-02
1.836599e-02
1.634894e-01
4.915133e-03
-4.734827e-03
-1.028147e-02
-1.239471e-02
-1.218394e-02
-1.060710e-02
-8.269769e-03
-5.485660e-03
-2.342207e-03
1.516709e-01
0.000000e+00
1.533708e-01
1.411343e-01
1.293049e-01
1.085633e-01
9.541931e-02
8.068877e-02
6.439747e-02
4.672365e-02
2.815264e-02
9.747169e-03
-6.597464e-03
-1.849222e-02
-2.445498e-02
-2.512165e-02
-2.256420e-02
-1.863265e-02
-1.433946e-02
-1.012280e-02
-6.140138e-03
-5.086594e-03
1.324337e-01
1.202177e-01
1.009652e-01
8.934580e-02
7.594605e-02
6.058712e-02
4.314722e-02
2.366130e-02
2.604047e-03
-1.837997e-02
-3.555360e-02
-4.427198e-02
-4.354132e-02
-3.722537e-02
-2.960649e-02
-2.232292e-02
-1.595344e-02
-1.091933e-02
1.142371e-01
9.787955e-02
8.347827e-02
7.178499e-02
5.790679e-02
4.146981e-02
2.206591e-02
-6.959767e-04
-2.679339e-02
-5.352659e-02
-7.175864e-02
-7.143549e-02
-5.834921e-02
-4.385808e-02
-3.280939e-02
-2.408222e-02
-1.666990e-02
8.116330e-02
6.796512e-02
5.611604e-02
4.155418e-02
2.354971e-02
1.237319e-03
-2.696828e-02
-6.374012e-02
-1.046876e-01
-1.205589e-01
-8.951261e-02
-5.841441e-02
-8.248096e-02
-4.198632e-02
6.669609e-02
5.464034e-02
4.285461e-02
2.739510e-02
7.506293e-03
-1.813604e-02
-5.379867e-02
-1.166015e-01
-2.084202e-01
-2.020799e-01
-1.212325e-01
5.449737e-02
4.419299e-02
3.390896e-02
1.950609e-02
1.788274e-03
-1.998725e-02
-4.881160e-02
-9.691869e-02
