-0.000375
-0.000373
-0.000366
-0.000357
-0.000344
-0.000327
-0.000305
-0.000277
-0.000242
-0.000196
-0.000139
-0.000068
0.000021
0.000130
0.000264
0.000427
0.000623
0.000857
0.001136
0.001464
0.001848
0.002294
0.002811
0.003406
0.004086
0.004860
0.005736
0.006725
0.007834
0.009075
0.010458
0.011992
0.013688
0.015558
0.017612
0.019863
0.022321
0.024999
0.027908
0.031061
0.034469
0.038145
0.042101
0.046349
0.050902
0.055770
0.060967
0.066505
0.072394
0.078647
0.085276
0.092290
0.099701
0.107521
0.115758
0.124423
0.133527
0.143077
0.153083
0.163554
0.174497
0.185920
0.197831
0.210236
0.223141
0.236553
0.250476
0.264915
0.279874
0.295358
0.311369
0.327911
0.344985
0.362594
0.380739
0.399420
0.418638
0.438394
0.458686
0.479514
0.500877
0.522772
0.545199
0.568153
0.591634
0.615638
0.640162
0.665203
0.690756
0.716819
0.743387
0.770456
0.798022
0.826081
0.854628
0.883660
0.913172
0.943159
0.973618
1.004545
-0.000376
-0.000374
-0.000368
-0.000358
-0.000345
-0.000328
-0.000306
-0.000278
-0.000243
-0.000197
-0.000140
-0.000069
0.000020
0.000129
0.000263
0.000425
0.000621
0.000855
0.001133
0.001461
0.001845
0.002291
0.002807
0.003401
0.004080
0.004853
0.005729
0.006716
0.007825
0.009064
0.010445
0.011977
0.013672
0.015540
0.017592
0.019840
0.022296
0.024970
0.027876
0.031025
0.034430
0.038102
0.042053
0.046296
0.050844
0.055707
0.060898
0.066429
0.072312
0.078558
0.085179
0.092185
0.099588
0.107399
0.115627
0.124282
0.133375
0.142915
0.152910
0.163368
0.174299
0.185710
0.197607
0.209998
0.222889
0.236285
0.250192
0.264614
0.279557
0.295023
0.311016
0.327539
0.344594
0.362183
0.380307
0.398968
0.418164
0.437897
0.458167
0.478971
0.500309
0.522180
0.544581
0.567510
0.590964
0.614941
0.639437
0.664449
0.689974
0.716007
0.742545
0.769583
0.797118
0.825145
0.853660
0.882659
0.912137
0.942091
0.972516
1.003408
-0.000379
-0.000377
-0.000371
-0.000361
-0.000348
-0.000331
-0.000310
-0.000282
-0.000246
-0.000201
-0.000144
-0.000073
0.000016
0.000125
0.000258
0.000420
0.000616
0.000849
0.001126
0.001453
0.001835
0.002280
0.002795
0.003387
0.004064
0.004834
0.005707
0.006691
0.007796
0.009031
0.010408
0.011935
0.013623
0.015485
0.017530
0.019771
0.022218
0.024884
0.027780
0.030919
0.034312
0.037971
0.041909
0.046138
0.050670
0.055516
0.060690
0.066202
0.072065
0.078290
0.084888
0.091871
0.099249
0.107033
0.115233
0.123859
0.132921
0.142428
0.152389
0.162813
0.173706
0.185078
0.196935
0.209284
0.222131
0.235481
0.249341
0.263715
0.278606
0.294020
0.309959
0.326426
0.343423
0.360952
0.379014
0.397611
0.416743
0.436409
0.456609
0.477343
0.498609
0.520405
0.542730
0.565581
0.588955
0.612851
0.637264
0.662191
0.687629
0.713573
0.740021
0.766967
0.794408
0.822340
0.850758
0.879659
0.909037
0.938888
0.969210
0.999997
-0.000385
-0.000382
-0.000376
-0.000367
-0.000354
-0.000337
-0.000315
-0.000287
-0.000252
-0.000206
-0.000150
-0.000079
0.000009
0.000118
0.000251
0.000412
0.000607
0.000839
0.001115
0.001439
0.001820
0.002262
0.002774
0.003363
0.004036
0.004803
0.005671
0.006649
0.007748
0.008977
0.010345
0.011864
0.013543
0.015394
0.017428
0.019656
0.022089
0.024740
0.027620
0.030741
0.034115
0.037753
0.041669
0.045874
0.050380
0.055200
0.060344
0.065825
0.071655
0.077844
0.084405
0.091348
0.098685
0.106424
0.114578
0.123155
0.132166
0.141619
0.151524
0.161888
0.172720
0.184027
0.195817
0.208095
0.220869
0.234144
0.247925
0.262217
0.277025
0.292351
0.308199
0.324573
0.341473
0.358903
0.376863
0.395354
0.414377
0.433931
0.454017
0.474633
0.495778
0.517451
0.539649
0.562370
0.585612
0.609372
0.633646
0.658432
0.683725
0.709523
0.735820
0.762614
0.789899
0.817672
0.845929
0.874665
0.903877
0.933559
0.963708
0.994321
-0.000393
-0.000390
-0.000384
-0.000375
-0.000362
-0.000345
-0.000323
-0.000295
-0.000259
-0.000214
-0.000158
-0.000087
0.000000
0.000108
0.000240
0.000401
0.000594
0.000824
0.001098
0.001421
0.001798
0.002238
0.002746
0.003330
0.003998
0.004758
0.005620
0.006591
0.007681
0.008900
0.010258
0.011764
0.013431
0.015267
0.017285
0.019495
0.021910
0.024539
0.027396
0.030493
0.033840
0.037449
0.041334
0.045506
0.049976
0.054757
0.059861
0.065298
0.071081
0.077222
0.083730
0.090618
0.097896
0.105574
0.113663
0.122172
0.131111
0.140489
0.150314
0.160596
0.171341
0.182559
0.194254
0.206435
0.219107
0.232276
0.245948
0.260126
0.274815
0.290019
0.305741
0.321984
0.338750
0.356041
0.373857
0.392201
0.411072
0.430471
0.450397
0.470848
0.491825
0.513325
0.535346
0.557886
0.580942
0.604513
0.628594
0.653182
0.678273
0.703865
0.729953
0.756533
0.783600
0.811152
0.839184
0.867691
0.896669
0.926115
0.956024
0.986392
-0.000403
-0.000400
-0.000394
-0.000384
-0.000371
-0.000354
-0.000333
-0.000305
-0.000269
-0.000225
-0.000169
-0.000098
-0.000011
0.000096
0.000227
0.000386
0.000577
0.000806
0.001077
0.001397
0.001771
0.002206
0.002709
0.003287
0.003949
0.004702
0.005554
0.006516
0.007595
0.008802
0.010146
0.011637
0.013286
0.015104
0.017102
0.019289
0.021679
0.024282
0.027110
0.030174
0.033487
0.037060
0.040905
0.045033
0.049458
0.054190
0.059241
0.064623
0.070346
0.076424
0.082865
0.089682
0.096885
0.104484
0.112490
0.120911
0.129758
0.139040
0.148764
0.158940
0.169575
0.180676
0.192252
0.204307
0.216849
0.229882
0.243413
0.257445
0.271983
0.287030
0.302590
0.318666
0.335259
0.352372
0.370005
0.388160
0.406837
0.426035
0.445756
0.465997
0.486757
0.508035
0.529830
0.552138
0.574957
0.598284
0.622117
0.646452
0.671285
0.696613
0.722432
0.748738
0.775527
0.802795
0.830537
0.858751
0.887431
0.916573
0.946174
0.976229
-0.000415
-0.000412
-0.000406
-0.000397
-0.000384
-0.000367
-0.000345
-0.000317
-0.000282
-0.000237
-0.000181
-0.000112
-0.000026
0.000081
0.000210
0.000368
0.000557
0.000783
0.001051
0.001367
0.001737
0.002167
0.002664
0.003235
0.003889
0.004633
0.005475
0.006424
0.007490
0.008682
0.010009
0.011482
0.013111
0.014906
0.016878
0.019039
0.021398
0.023968
0.026761
0.029786
0.033057
0.036585
0.040382
0.044458
0.048827
0.053499
0.058486
0.063800
0.069451
0.075452
0.081812
0.088543
0.095655
0.103158
0.111062
0.119377
0.128111
0.137275
0.146876
0.156923
0.167424
0.178385
0.189813
0.201716
0.214099
0.226967
0.240326
0.254181
0.268534
0.283391
0.298754
0.314626
0.331009
0.347904
0.365314
0.383239
0.401679
0.420635
0.440105
0.460089
0.480587
0.501595
0.523113
0.545138
0.567668
0.590700
0.614231
0.638257
0.662775
0.687782
0.713274
0.739247
0.765696
0.792618
0.820010
0.847865
0.876182
0.904955
0.934180
0.963854
-0.000429
-0.000427
-0.000421
-0.000411
-0.000398
-0.000381
-0.000359
-0.000331
-0.000296
-0.000252
-0.000197
-0.000128
-0.000043
0.000062
0.000191
0.000346
0.000533
0.000756
0.001021
0.001332
0.001697
0.002121
0.002611
0.003174
0.003818
0.004551
0.005381
0.006317
0.007367
0.008541
0.009849
0.011300
0.012904
0.014672
0.016615
0.018743
0.021068
0.023599
0.026350
0.029330
0.032552
0.036027
0.039766
0.043782
0.048085
0.052686
0.057598
0.062832
0.068399
0.074308
0.080573
0.087202
0.094207
0.101596
0.109381
0.117571
0.126174
0.135199
0.144656
0.154551
0.164893
0.175688
0.186945
0.198668
0.210863
0.223538
0.236695
0.250340
0.264477
0.279110
0.294241
0.309873
0.326008
0.342649
0.359796
0.377450
0.395611
0.414281
0.433457
0.453140
0.473327
0.494019
0.515212
0.536904
0.559094
0.581778
0.604953
0.628617
0.652765
0.677394
0.702501
0.728081
0.754131
0.780647
0.807624
0.835059
0.862948
0.891286
0.920070
0.949296
-0.000446
-0.000444
-0.000438
-0.000428
-0.000415
-0.000398
-0.000376
-0.000348
-0.000313
-0.000270
-0.000215
-0.000147
-0.000062
0.000042
0.000168
0.000321
0.000505
0.000725
0.000985
0.001292
0.001651
0.002068
0.002550
0.003104
0.003737
0.004457
0.005273
0.006193
0.007225
0.008379
0.009664
0.011090
0.012667
0.014404
0.016313
0.018404
0.020688
0.023176
0.025878
0.028807
0.031972
0.035386
0.039060
0.043005
0.047232
0.051753
0.056579
0.061721
0.067190
0.072996
0.079150
0.085663
0.092545
0.099805
0.107453
0.115498
0.123950
0.132817
0.142107
0.151828
0.161988
0.172594
0.183652
0.195169
0.207150
0.219601
0.232527
0.245933
0.259821
0.274196
0.289061
0.304418
0.320269
0.336617
0.353462
0.370806
0.388648
0.406988
0.425827
0.445163
0.464996
0.485323
0.506143
0.527454
0.549253
0.571538
0.594305
0.617552
0.641275
0.665471
0.690136
0.715266
0.740857
0.766906
0.793409
0.820361
0.847759
0.875599
0.903876
0.932588
-0.000466
-0.000463
-0.000457
-0.000447
-0.000434
-0.000417
-0.000395
-0.000367
-0.000333
-0.000289
-0.000235
-0.000168
-0.000085
0.000018
0.000142
0.000293
0.000474
0.000690
0.000946
0.001247
0.001599
0.002008
0.002481
0.003024
0.003645
0.004352
0.005151
0.006053
0.007065
0.008196
0.009456
0.010854
0.012399
0.014102
0.015973
0.018022
0.020261
0.022698
0.025347
0.028216
0.031318
0.034664
0.038264
0.042130
0.046272
0.050702
0.055431
0.060470
0.065828
0.071518
0.077548
0.083930
0.090673
0.097786
0.105280
0.113164
0.121445
0.130133
0.139236
0.148761
0.158716
0.169108
0.179943
0.191228
0.202968
0.215168
0.227833
0.240967
0.254576
0.268661
0.283225
0.298273
0.313804
0.329822
0.346328
0.363321
0.380803
0.398774
0.417232
0.436179
0.455611
0.475528
0.495928
0.516808
0.538168
0.560003
0.582311
0.605089
0.628333
0.652040
0.676208
0.700830
0.725906
0.751429
0.777397
0.803805
0.830650
0.857928
0.885634
0.913767
-0.000488
-0.000485
-0.000479
-0.000469
-0.000456
-0.000438
-0.000417
-0.000389
-0.000355
-0.000312
-0.000258
-0.000192
-0.000110
-0.000009
0.000113
0.000261
0.000439
0.000650
0.000901
0.001196
0.001540
0.001941
0.002404
0.002935
0.003543
0.004234
0.005016
0.005898
0.006887
0.007993
0.009225
0.010591
0.012102
0.013766
0.015595
0.017598
0.019786
0.022168
0.024757
0.027561
0.030593
0.033862
0.037380
0.041158
0.045206
0.049536
0.054157
0.059080
0.064317
0.069876
0.075769
0.082005
0.088594
0.095546
0.102869
0.110572
0.118664
0.127154
0.136049
0.145357
0.155084
0.165239
0.175826
0.186853
0.198325
0.210246
0.222622
0.235456
0.248753
0.262516
0.276748
0.291452
0.306629
0.322280
0.338408
0.355014
0.372096
0.389656
0.407693
0.426206
0.445194
0.464655
0.484589
0.504992
0.525863
0.547199
0.568997
0.591254
0.613967
0.637133
0.660747
0.684807
0.709309
0.734249
0.759623
0.785428
0.811659
0.838313
0.865387
0.892876
-0.000512
-0.000510
-0.000503
-0.000493
-0.000480
-0.000462
-0.000441
-0.000413
-0.000379
-0.000337
-0.000284
-0.000218
-0.000138
-0.000039
0.000081
0.000226
0.000400
0.000607
0.000852
0.001140
0.001476
0.001867
0.002319
0.002838
0.003430
0.004104
0.004867
0.005727
0.006692
0.007770
0.008971
0.010303
0.011775
0.013398
0.015180
0.017133
0.019265
0.021587
0.024109
0.026842
0.029796
0.032983
0.036411
0.040092
0.044037
0.048256
0.052759
0.057556
0.062659
0.068076
0.073818
0.079895
0.086315
0.093088
0.100223
0.107729
0.115614
0.123886
0.132553
0.141622
0.151101
0.160995
0.171311
0.182055
0.193232
0.204848
0.216906
0.229411
0.242367
0.255777
0.269644
0.283971
0.298758
0.314008
0.329722
0.345901
0.362546
0.379655
0.397229
0.415267
0.433768
0.452730
0.472152
0.492032
0.512367
0.533156
0.554395
0.576080
0.598211
0.620782
0.643790
0.667233
0.691106
0.715406
0.740129
0.765271
0.790829
0.816800
0.843178
0.869962
-0.000539
-0.000537
-0.000530
-0.000520
-0.000506
-0.000489
-0.000467
-0.000440
-0.000406
-0.000364
-0.000312
-0.000248
-0.000169
-0.000072
0.000045
0.000187
0.000357
0.000559
0.000798
0.001078
0.001406
0.001787
0.002226
0.002731
0.003308
0.003963
0.004705
0.005541
0.006479
0.007528
0.008695
0.009989
0.011420
0.012997
0.014729
0.016627
0.018698
0.020955
0.023405
0.026061
0.028931
0.032027
0.035358
0.038934
0.042767
0.046865
0.051240
0.055901
0.060858
0.066121
0.071699
0.077602
0.083839
0.090419
0.097350
0.104642
0.112302
0.120338
0.128757
0.137567
0.146774
0.156386
0.166407
0.176844
0.187702
0.198985
0.210699
0.222846
0.235432
0.248459
0.261929
0.275846
0.290210
0.305024
0.320289
0.336006
0.352174
0.368794
0.385865
0.403387
0.421359
0.439779
0.458646
0.477957
0.497711
0.517905
0.538536
0.559602
0.581099
0.603024
0.625375
0.648147
0.671337
0.694942
0.718958
0.743381
0.768208
0.793436
0.819060
0.845077
-0.000569
-0.000566
-0.000560
-0.000549
-0.000536
-0.000518
-0.000497
-0.000470
-0.000436
-0.000395
-0.000343
-0.000280
-0.000202
-0.000108
0.000007
0.000145
0.000310
0.000506
0.000739
0.001012
0.001330
0.001700
0.002126
0.002616
0.003175
0.003811
0.004530
0.005341
0.006250
0.007266
0.008397
0.009651
0.011038
0.012565
0.014243
0.016081
0.018088
0.020273
0.022647
0.025219
0.027999
0.030997
0.034223
0.037687
0.041399
0.045368
0.049604
0.054118
0.058918
0.064015
0.069416
0.075133
0.081172
0.087544
0.094256
0.101317
0.108734
0.116515
0.124668
0.133199
0.142115
0.151422
0.161125
0.171232
0.181745
0.192671
0.204014
0.215776
0.227963
0.240577
0.253620
0.267096
0.281005
0.295349
0.310130
0.325349
0.341004
0.357097
0.373627
0.390594
0.407996
0.425832
0.444100
0.462799
0.481927
0.501480
0.521457
0.541855
0.562671
0.583901
0.605543
0.627593
0.650048
0.672904
0.696158
0.719807
0.743847
0.768274
0.793086
0.818279
-0.000601
-0.000599
-0.000592
-0.000582
-0.000568
-0.000550
-0.000529
-0.000502
-0.000469
-0.000428
-0.000377
-0.000315
-0.000239
-0.000147
-0.000036
0.000099
0.000259
0.000450
0.000675
0.000940
0.001248
0.001606
0.002018
0.002492
0.003033
0.003647
0.004343
0.005126
0.006004
0.006985
0.008078
0.009289
0.010628
0.012103
0.013723
0.015498
0.017435
0.019545
0.021836
0.024319
0.027003
0.029896
0.033010
0.036353
0.039935
0.043766
0.047855
0.052211
0.056844
0.061762
0.066976
0.072492
0.078321
0.084470
0.090947
0.097761
0.104919
0.112429
0.120296
0.128529
0.137133
0.146114
0.155478
0.165231
0.175377
0.185920
0.196866
0.208217
0.219977
0.232150
0.244737
0.257740
0.271163
0.285005
0.299269
0.313954
0.329062
0.344591
0.360543
0.376915
0.393708
0.410920
0.428549
0.446593
0.465051
0.483920
0.503197
0.522881
0.542968
0.563455
0.584339
0.605617
0.627286
0.649342
0.671782
0.694602
0.717801
0.741373
0.765316
0.789626
-0.000637
-0.000634
-0.000627
-0.000617
-0.000603
-0.000585
-0.000564
-0.000537
-0.000504
-0.000464
-0.000414
-0.000353
-0.000279
-0.000190
-0.000081
0.000049
0.000205
0.000389
0.000607
0.000862
0.001160
0.001505
0.001903
0.002360
0.002881
0.003473
0.004142
0.004896
0.005742
0.006687
0.007738
0.008904
0.010192
0.011611
0.013170
0.014877
0.016741
0.018770
0.020974
0.023362
0.025943
0.028726
0.031720
0.034935
0.038380
0.042064
0.045996
0.050185
0.054640
0.059369
0.064382
0.069687
0.075291
0.081204
0.087432
0.093984
0.100866
0.108087
0.115651
0.123567
0.131839
0.140475
0.149479
0.158856
0.168611
0.178748
0.189272
0.200186
0.211493
0.223196
0.235298
0.247801
0.260706
0.274015
0.287729
0.301848
0.316374
0.331305
0.346641
0.362383
0.378528
0.395077
0.412026
0.429375
0.447121
0.465263
0.483797
0.502722
0.522035
0.541732
0.561811
0.582269
0.603102
0.624308
0.645883
0.667824
0.690128
0.712792
0.735812
0.759185
-0.000675
-0.000672
-0.000665
-0.000655
-0.000641
-0.000623
-0.000602
-0.000575
-0.000542
-0.000503
-0.000454
-0.000395
-0.000323
-0.000235
-0.000130
-0.000004
0.000146
0.000324
0.000534
0.000780
0.001066
0.001398
0.001780
0.002219
0.002719
0.003288
0.003930
0.004653
0.005464
0.006370
0.007378
0.008496
0.009731
0.011091
0.012585
0.014221
0.016006
0.017951
0.020062
0.022350
0.024823
0.027489
0.030357
0.033437
0.036737
0.040265
0.044032
0.048044
0.052311
0.056840
0.061642
0.066722
0.072090
0.077752
0.083718
0.089992
0.096584
0.103499
0.110743
0.118324
0.126247
0.134517
0.143139
0.152120
0.161462
0.171170
0.181248
0.191700
0.202529
0.213737
0.225326
0.237299
0.249658
0.262404
0.275537
0.289058
0.302968
0.317267
0.331954
0.347029
0.362491
0.378338
0.394570
0.411184
0.428179
0.445552
0.463301
0.481425
0.499919
0.518782
0.538011
0.557602
0.577553
0.597860
0.618522
0.639533
0.660892
0.682596
0.704641
0.727024
-0.000716
-0.000714
-0.000706
-0.000696
-0.000682
-0.000664
-0.000642
-0.000616
-0.000584
-0.000545
-0.000497
-0.000439
-0.000369
-0.000285
-0.000183
-0.000061
0.000083
0.000255
0.000456
0.000692
0.000967
0.001284
0.001651
0.002070
0.002549
0.003092
0.003706
0.004397
0.005172
0.006037
0.006999
0.008066
0.009245
0.010543
0.011969
0.013530
0.015234
0.017089
0.019103
0.021286
0.023644
0.026188
0.028924
0.031861
0.035009
0.038374
0.041966
0.045792
0.049861
0.054181
0.058760
0.063605
0.068724
0.074124
0.079812
0.085796
0.092082
0.098675
0.105584
0.112813
0.120367
0.128253
0.136475
0.145038
0.153947
0.163204
0.172814
0.182780
0.193105
0.203792
0.214843
0.226260
0.238044
0.250197
0.262720
0.275613
0.288877
0.302511
0.316515
0.330889
0.345632
0.360743
0.376220
0.392061
0.408266
0.424831
0.441755
0.459036
0.476671
0.494657
0.512991
0.531671
0.550695
0.570058
0.589759
0.609793
0.630159
0.650854
0.671873
0.693216
-0.000761
-0.000758
-0.000751
-0.000740
-0.000726
-0.000708
-0.000686
-0.000660
-0.000628
-0.000590
-0.000543
-0.000487
-0.000419
-0.000337
-0.000239
-0.000122
0.000016
0.000181
0.000373
0.000599
0.000861
0.001164
0.001513
0.001913
0.002369
0.002886
0.003470
0.004128
0.004864
0.005687
0.006602
0.007616
0.008736
0.009969
0.011323
0.012806
0.014424
0.016186
0.018099
0.020171
0.022411
0.024825
0.027423
0.030211
0.033199
0.036394
0.039803
0.043435
0.047298
0.051398
0.055744
0.060343
0.065201
0.070326
0.075725
0.081404
0.087370
0.093628
0.100184
0.107045
0.114214
0.121698
0.129501
0.137628
0.146082
0.154867
0.163987
0.173445
0.183244
0.193386
0.203873
0.214708
0.225891
0.237424
0.249308
0.261543
0.274130
0.287069
0.300359
0.313999
0.327990
0.342330
0.357017
0.372050
0.387428
0.403148
0.419209
0.435608
0.452342
0.469411
0.486810
0.504537
0.522589
0.540965
0.559660
0.578672
0.597999
0.617637
0.637584
0.657838
-0.000809
-0.000806
-0.000798
-0.000788
-0.000773
-0.000755
-0.000734
-0.000708
-0.000676
-0.000639
-0.000593
-0.000538
-0.000473
-0.000394
-0.000300
-0.000187
-0.000055
0.000102
0.000286
0.000501
0.000750
0.001038
0.001369
0.001749
0.002181
0.002670
0.003224
0.003846
0.004543
0.005321
0.006186
0.007145
0.008204
0.009370
0.010650
0.012050
0.013579
0.015244
0.017051
0.019009
0.021124
0.023404
0.025858
0.028491
0.031313
0.034329
0.037549
0.040979
0.044626
0.048497
0.052601
0.056942
0.061529
0.066368
0.071465
0.076827
0.082459
0.088367
0.094556
0.101033
0.107802
0.114867
0.122233
0.129905
0.137886
0.146179
0.154789
0.163717
0.172967
0.182541
0.192441
0.202668
0.213225
0.224112
0.235331
0.246880
0.258762
0.270976
0.283521
0.296398
0.309605
0.323141
0.337005
0.351196
0.365712
0.380552
0.395712
0.411192
0.426989
0.443101
0.459525
0.476259
0.493300
0.510645
0.528293
0.546240
0.564483
0.583021
0.601851
0.620969
-0.000860
-0.000857
-0.000850
-0.000838
-0.000824
-0.000806
-0.000784
-0.000759
-0.000728
-0.000691
-0.000646
-0.000593
-0.000530
-0.000454
-0.000364
-0.000256
-0.000130
0.000019
0.000194
0.000397
0.000633
0.000905
0.001218
0.001576
0.001983
0.002445
0.002966
0.003552
0.004208
0.004940
0.005753
0.006655
0.007650
0.008746
0.009949
0.011265
0.012701
0.014265
0.015962
0.017801
0.019787
0.021928
0.024232
0.026704
0.029353
0.032185
0.035208
0.038427
0.041851
0.045485
0.049336
0.053411
0.057717
0.062258
0.067042
0.072074
0.077360
0.082904
0.088713
0.094792
0.101144
0.107774
0.114687
0.121887
0.129376
0.137159
0.145238
0.153617
0.162297
0.171282
0.180572
0.190170
0.200076
0.210293
0.220820
0.231658
0.242808
0.254269
0.266041
0.278125
0.290518
0.303220
0.316230
0.329546
0.343168
0.357093
0.371319
0.385845
0.400669
0.415788
0.431199
0.446902
0.462893
0.479169
0.495729
0.512570
0.529689
0.547085
0.564754
0.582694
-0.000915
-0.000912
-0.000904
-0.000893
-0.000878
-0.000860
-0.000839
-0.000813
-0.000782
-0.000746
-0.000703
-0.000652
-0.000590
-0.000518
-0.000431
-0.000329
-0.000209
-0.000068
0.000097
0.000288
0.000511
0.000767
0.001060
0.001396
0.001778
0.002210
0.002698
0.003246
0.003860
0.004544
0.005304
0.006147
0.007076
0.008100
0.009223
0.010451
0.011792
0.013251
0.014835
0.016550
0.018403
0.020400
0.022549
0.024855
0.027325
0.029966
0.032785
0.035787
0.038979
0.042367
0.045958
0.049758
0.053772
0.058006
0.062466
0.067157
0.072084
0.077253
0.082668
0.088334
0.094256
0.100436
0.106880
0.113591
0.120572
0.127827
0.135358
0.143168
0.151259
0.159634
0.168293
0.177239
0.186473
0.195996
0.205808
0.215910
0.226303
0.236986
0.247958
0.259221
0.270772
0.282611
0.294738
0.307150
0.319846
0.332825
0.346085
0.359624
0.373441
0.387532
0.401897
0.416533
0.431437
0.446608
0.462043
0.477739
0.493695
0.509909
0.526377
0.543098
-0.000973
-0.000970
-0.000962
-0.000951
-0.000936
-0.000918
-0.000897
-0.000871
-0.000841
-0.000805
-0.000763
-0.000714
-0.000655
-0.000585
-0.000503
-0.000407
-0.000293
-0.000160
-0.000005
0.000174
0.000382
0.000622
0.000896
0.001209
0.001564
0.001967
0.002420
0.002929
0.003499
0.004134
0.004840
0.005621
0.006483
0.007432
0.008472
0.009611
0.010852
0.012204
0.013670
0.015259
0.016974
0.018823
0.020812
0.022947
0.025233
0.027677
0.030285
0.033063
0.036017
0.039152
0.042474
0.045990
0.049703
0.053620
0.057746
0.062085
0.066644
0.071425
0.076434
0.081675
0.087153
0.092870
0.098830
0.105037
0.111495
0.118205
0.125170
0.132394
0.139878
0.147623
0.155632
0.163906
0.172447
0.181254
0.190329
0.199673
0.209285
0.219165
0.229313
0.239729
0.250413
0.261362
0.272577
0.284057
0.295799
0.307803
0.320066
0.332588
0.345366
0.358399
0.371684
0.385220
0.399004
0.413034
0.427309
0.441826
0.456583
0.471578
0.486808
0.502273
-0.001036
-0.001032
-0.001024
-0.001013
-0.000998
-0.000980
-0.000958
-0.000933
-0.000903
-0.000868
-0.000828
-0.000780
-0.000723
-0.000657
-0.000579
-0.000488
-0.000381
-0.000257
-0.000112
0.000055
0.000248
0.000470
0.000725
0.001014
0.001343
0.001714
0.002132
0.002602
0.003127
0.003711
0.004360
0.005079
0.005871
0.006743
0.007699
0.008745
0.009885
0.011126
0.012472
0.013930
0.015504
0.017201
0.019026
0.020984
0.023081
0.025323
0.027715
0.030262
0.032971
0.035846
0.038892
0.042115
0.045520
0.049111
0.052894
0.056872
0.061051
0.065434
0.070026
0.074830
0.079851
0.085091
0.090555
0.096244
0.102163
0.108314
0.114698
0.121319
0.128178
0.135277
0.142618
0.150202
0.158029
0.166101
0.174419
0.182982
0.191792
0.200847
0.210148
0.219694
0.229486
0.239521
0.249799
0.260320
0.271082
0.282083
0.293322
0.304798
0.316509
0.328453
0.340628
0.353034
0.365666
0.378525
0.391608
0.404912
0.418436
0.432178
0.446137
0.460310
-0.001102
-0.001098
-0.001090
-0.001079
-0.001063
-0.001045
-0.001024
-0.000999
-0.000969
-0.000935
-0.000896
-0.000850
-0.000796
-0.000733
-0.000660
-0.000574
-0.000474
-0.000358
-0.000224
-0.000069
0.000109
0.000313
0.000547
0.000812
0.001113
0.001453
0.001835
0.002264
0.002743
0.003276
0.003867
0.004521
0.005243
0.006036
0.006905
0.007856
0.008892
0.010019
0.011243
0.012566
0.013996
0.015537
0.017193
0.018970
0.020874
0.022908
0.025079
0.027390
0.029848
0.032456
0.035220
0.038143
0.041231
0.044489
0.047919
0.051528
0.055317
0.059293
0.063457
0.067814
0.072367
0.077119
0.082073
0.087232
0.092599
0.098176
0.103965
0.109968
0.116187
0.122624
0.129280
0.136156
0.143253
0.150571
0.158113
0.165877
0.173864
0.182073
0.190506
0.199161
0.208038
0.217136
0.226455
0.235993
0.245750
0.255724
0.265913
0.276317
0.286934
0.297763
0.308801
0.320048
0.331501
0.343158
0.355019
0.367080
0.379341
0.391800
0.404455
0.417303
-0.001172
-0.001169
-0.001160
-0.001148
-0.001133
-0.001115
-0.001093
-0.001068
-0.001040
-0.001007
-0.000968
-0.000924
-0.000873
-0.000813
-0.000744
-0.000664
-0.000572
-0.000465
-0.000341
-0.000199
-0.000036
0.000150
0.000363
0.000604
0.000877
0.001184
0.001530
0.001916
0.002348
0.002828
0.003361
0.003949
0.004598
0.005310
0.006091
0.006945
0.007875
0.008887
0.009984
0.011171
0.012453
0.013834
0.015318
0.016911
0.018616
0.020439
0.022383
0.024454
0.026655
0.028990
0.031465
0.034082
0.036847
0.039764
0.042835
0.046065
0.049457
0.053015
0.056742
0.060642
0.064717
0.068970
0.073404
0.078021
0.082824
0.087814
0.092995
0.098367
0.103932
0.109692
0.115648
0.121800
0.128151
0.134700
0.141447
0.148394
0.155541
0.162887
0.170432
0.178176
0.186119
0.194259
0.202597
0.211131
0.219861
0.228785
0.237902
0.247210
0.256710
0.266398
0.276274
0.286337
0.296584
0.307014
0.317626
0.328417
0.339387
0.350534
0.361856
0.373352
-0.001246
-0.001243
-0.001235
-0.001223
-0.001207
-0.001189
-0.001167
-0.001143
-0.001114
-0.001082
-0.001045
-0.001003
-0.000954
-0.000898
-0.000834
-0.000759
-0.000674
-0.000576
-0.000463
-0.000334
-0.000187
-0.000019
0.000172
0.000388
0.000633
0.000907
0.001215
0.001559
0.001943
0.002370
0.002842
0.003364
0.003938
0.004569
0.005260
0.006014
0.006836
0.007730
0.008699
0.009747
0.010878
0.012096
0.013406
0.014810
0.016314
0.017920
0.019634
0.021459
0.023398
0.025456
0.027636
0.029942
0.032377
0.034946
0.037651
0.040495
0.043482
0.046615
0.049897
0.053331
0.056918
0.060663
0.064566
0.068631
0.072859
0.077252
0.081813
0.086541
0.091440
0.096510
0.101752
0.107168
0.112757
0.118522
0.124461
0.130575
0.136865
0.143330
0.149971
0.156787
0.163777
0.170942
0.178280
0.185791
0.193473
0.201327
0.209351
0.217543
0.225903
0.234430
0.243121
0.251977
0.260995
0.270174
0.279513
0.289010
0.298664
0.308474
0.318438
0.328555
-0.001325
-0.001322
-0.001313
-0.001301
-0.001286
-0.001267
-0.001246
-0.001221
-0.001193
-0.001162
-0.001126
-0.001086
-0.001040
-0.000987
-0.000927
-0.000859
-0.000781
-0.000692
-0.000590
-0.000474
-0.000343
-0.000193
-0.000024
0.000167
0.000382
0.000623
0.000893
0.001194
0.001529
0.001901
0.002312
0.002766
0.003265
0.003812
0.004411
0.005065
0.005778
0.006551
0.007390
0.008296
0.009274
0.010327
0.011459
0.012672
0.013971
0.015358
0.016837
0.018412
0.020085
0.021861
0.023742
0.025731
0.027831
0.030046
0.032379
0.034831
0.037407
0.040108
0.042937
0.045897
0.048989
0.052216
0.055581
0.059084
0.062728
0.066514
0.070443
0.074518
0.078740
0.083108
0.087625
0.092292
0.097108
0.102074
0.107191
0.112459
0.117878
0.123448
0.129170
0.135041
0.141064
0.147236
0.153558
0.160028
0.166647
0.173413
0.180325
0.187382
0.194584
0.201930
0.209417
0.217046
0.224814
0.232722
0.240767
0.248948
0.257264
0.265715
0.274298
0.283013
-0.001409
-0.001405
-0.001397
-0.001384
-0.001368
-0.001350
-0.001328
-0.001304
-0.001277
-0.001246
-0.001212
-0.001173
-0.001130
-0.001081
-0.001026
-0.000964
-0.000893
-0.000813
-0.000722
-0.000620
-0.000504
-0.000374
-0.000227
-0.000062
0.000124
0.000331
0.000562
0.000820
0.001106
0.001422
0.001771
0.002156
0.002579
0.003042
0.003548
0.004101
0.004701
0.005353
0.006059
0.006823
0.007645
0.008531
0.009482
0.010501
0.011592
0.012757
0.013999
0.015320
0.016724
0.018213
0.019791
0.021458
0.023219
0.025076
0.027031
0.029086
0.031244
0.033507
0.035877
0.038356
0.040947
0.043650
0.046467
0.049401
0.052452
0.055623
0.058913
0.062325
0.065859
0.069517
0.073298
0.077205
0.081236
0.085394
0.089677
0.094087
0.098623
0.103286
0.108074
0.112989
0.118030
0.123196
0.128487
0.133903
0.139443
0.145105
0.150890
0.156797
0.162824
0.168972
0.175238
0.181623
0.188124
0.194742
0.201475
0.208322
0.215282
0.222354
0.229537
0.236831
-0.001497
-0.001493
-0.001485
-0.001472
-0.001456
-0.001437
-0.001416
-0.001392
-0.001365
-0.001335
-0.001302
-0.001266
-0.001225
-0.001180
-0.001129
-0.001073
-0.001010
-0.000939
-0.000860
-0.000771
-0.000671
-0.000560
-0.000435
-0.000296
-0.000141
0.000033
0.000225
0.000438
0.000674
0.000934
0.001221
0.001536
0.001882
0.002260
0.002672
0.003121
0.003609
0.004139
0.004711
0.005329
0.005995
0.006711
0.007479
0.008303
0.009183
0.010123
0.011124
0.012190
0.013321
0.014521
0.015791
0.017134
0.018551
0.020046
0.021619
0.023272
0.025008
0.026828
0.028734
0.030727
0.032809
0.034982
0.037246
0.039604
0.042056
0.044604
0.047247
0.049989
0.052828
0.055766
0.058804
0.061941
0.065180
0.068519
0.071959
0.075501
0.079144
0.082888
0.086734
0.090680
0.094728
0.098876
0.103125
0.107474
0.111922
0.116468
0.121113
0.125856
0.130695
0.135631
0.140662
0.145788
0.151008
0.156321
0.161726
0.167224
0.172811
0.178489
0.184256
0.190112
-0.001590
-0.001587
-0.001578
-0.001565
-0.001549
-0.001530
-0.001509
-0.001485
-0.001458
-0.001429
-0.001398
-0.001363
-0.001325
-0.001284
-0.001238
-0.001187
-0.001132
-0.001070
-0.001003
-0.000927
-0.000844
-0.000752
-0.000650
-0.000536
-0.000411
-0.000273
-0.000120
0.000049
0.000235
0.000438
0.000662
0.000907
0.001175
0.001467
0.001785
0.002130
0.002504
0.002909
0.003347
0.003818
0.004326
0.004871
0.005455
0.006081
0.006749
0.007462
0.008221
0.009028
0.009884
0.010792
0.011752
0.012767
0.013838
0.014967
0.016154
0.017402
0.018712
0.020085
0.021522
0.023025
0.024595
0.026232
0.027939
0.029715
0.031562
0.033481
0.035472
0.037537
0.039675
0.041887
0.044174
0.046536
0.048974
0.051487
0.054077
0.056742
0.059483
0.062301
0.065195
0.068165
0.071210
0.074332
0.077528
0.080800
0.084146
0.087567
0.091061
0.094629
0.098269
0.101982
0.105767
0.109623
0.113549
0.117546
0.121612
0.125746
0.129949
0.134220
0.138558
0.142962
-0.001688
-0.001685
-0.001676
-0.001663
-0.001646
-0.001627
-0.001606
-0.001582
-0.001557
-0.001529
-0.001498
-0.001466
-0.001430
-0.001392
-0.001351
-0.001307
-0.001259
-0.001207
-0.001151
-0.001089
-0.001022
-0.000949
-0.000870
-0.000783
-0.000688
-0.000584
-0.000471
-0.000347
-0.000212
-0.000065
0.000095
0.000270
0.000459
0.000664
0.000887
0.001128
0.001387
0.001668
0.001969
0.002294
0.002642
0.003015
0.003414
0.003840
0.004295
0.004779
0.005294
0.005841
0.006420
0.007034
0.007683
0.008368
0.009090
0.009850
0.010649
0.011489
0.012370
0.013293
0.014258
0.015268
0.016321
0.017420
0.018565
0.019756
0.020995
0.022281
0.023615
0.024998
0.026430
0.027911
0.029443
0.031024
0.032655
0.034337
0.036070
0.037853
0.039687
0.041572
0.043508
0.045494
0.047530
0.049618
0.051755
0.053942
0.056179
0.058466
0.060802
0.063187
0.065620
0.068102
0.070631
0.073209
0.075833
0.078504
0.081221
0.083984
0.086793
0.089647
0.092545
0.095488
-0.001792
-0.001788
-0.001779
-0.001766
-0.001749
-0.001730
-0.001709
-0.001686
-0.001660
-0.001633
-0.001604
-0.001573
-0.001541
-0.001507
-0.001470
-0.001432
-0.001392
-0.001349
-0.001304
-0.001256
-0.001206
-0.001152
-0.001095
-0.001035
-0.000970
-0.000901
-0.000828
-0.000749
-0.000665
-0.000575
-0.000478
-0.000375
-0.000264
-0.000146
-0.000019
0.000117
0.000262
0.000417
0.000582
0.000758
0.000947
0.001147
0.001360
0.001586
0.001826
0.002081
0.002351
0.002636
0.002938
0.003256
0.003592
0.003945
0.004317
0.004707
0.005117
0.005547
0.005997
0.006467
0.006959
0.007473
0.008008
0.008566
0.009146
0.009750
0.010377
0.011027
0.011701
0.012400
0.013123
0.013870
0.014642
0.015439
0.016261
0.017108
0.017980
0.018877
0.019799
0.020747
0.021720
0.022718
0.023741
0.024790
0.025863
0.026961
0.028084
0.029232
0.030404
0.031601
0.032822
0.034067
0.035336
0.036628
0.037944
0.039283
0.040646
0.042031
0.043439
0.044870
0.046323
0.047799
-0.001901
-0.001897
-0.001887
-0.001874
-0.001858
-0.001839
-0.001817
-0.001794
-0.001769
-0.001743
-0.001715
-0.001687
-0.001657
-0.001626
-0.001595
-0.001563
-0.001530
-0.001497
-0.001463
-0.001429
-0.001395
-0.001361
-0.001327
-0.001293
-0.001258
-0.001224
-0.001191
-0.001157
-0.001124
-0.001091
-0.001058
-0.001026
-0.000994
-0.000962
-0.000931
-0.000901
-0.000871
-0.000842
-0.000813
-0.000785
-0.000757
-0.000730
-0.000703
-0.000677
-0.000652
-0.000627
-0.000603
-0.000580
-0.000557
-0.000534
-0.000512
-0.000491
-0.000471
-0.000451
-0.000431
-0.000413
-0.000394
-0.000377
-0.000360
-0.000343
-0.000327
-0.000311
-0.000296
-0.000282
-0.000268
-0.000254
-0.000241
-0.000229
-0.000217
-0.000205
-0.000194
-0.000183
-0.000173
-0.000163
-0.000153
-0.000144
-0.000135
-0.000126
-0.000118
-0.000110
-0.000103
-0.000095
-0.000088
-0.000082
-0.000075
-0.000069
-0.000063
-0.000057
-0.000052
-0.000046
-0.000041
-0.000036
-0.000031
-0.000026
-0.000022
-0.000017
-0.000013
-0.000008
-0.000004
0.000000
-0.002015
-0.002011
-0.002002
-0.001988
-0.001972
-0.001952
-0.001931
-0.001908
-0.001884
-0.001859
-0.001832
-0.001806
-0.001779
-0.001752
-0.001725
-0.001699
-0.001674
-0.001650
-0.001628
-0.001608
-0.001590
-0.001575
-0.001564
-0.001556
-0.001552
-0.001553
-0.001559
-0.001570
-0.001588
-0.001612
-0.001643
-0.001682
-0.001728
-0.001784
-0.001849
-0.001924
-0.002009
-0.002105
-0.002213
-0.002332
-0.002465
-0.002611
-0.002771
-0.002945
-0.003135
-0.003340
-0.003561
-0.003799
-0.004055
-0.004328
-0.004620
-0.004931
-0.005262
-0.005612
-0.005983
-0.006375
-0.006789
-0.007224
-0.007681
-0.008162
-0.008665
-0.009192
-0.009742
-0.010316
-0.010915
-0.011538
-0.012187
-0.012860
-0.013559
-0.014282
-0.015032
-0.015807
-0.016608
-0.017435
-0.018288
-0.019166
-0.020071
-0.021001
-0.021958
-0.022940
-0.023948
-0.024982
-0.026041
-0.027126
-0.028236
-0.029371
-0.030531
-0.031716
-0.032926
-0.034160
-0.035418
-0.036700
-0.038007
-0.039336
-0.040689
-0.042066
-0.043465
-0.044887
-0.046331
-0.047798
-0.002136
-0.002131
-0.002122
-0.002108
-0.002091
-0.002072
-0.002051
-0.002028
-0.002005
-0.001980
-0.001955
-0.001930
-0.001906
-0.001883
-0.001861
-0.001841
-0.001823
-0.001809
-0.001798
-0.001792
-0.001790
-0.001795
-0.001806
-0.001824
-0.001851
-0.001886
-0.001932
-0.001988
-0.002056
-0.002137
-0.002232
-0.002342
-0.002467
-0.002609
-0.002770
-0.002949
-0.003149
-0.003370
-0.003614
-0.003882
-0.004174
-0.004493
-0.004839
-0.005213
-0.005616
-0.006051
-0.006517
-0.007016
-0.007550
-0.008118
-0.008723
-0.009365
-0.010046
-0.010766
-0.011526
-0.012328
-0.013172
-0.014059
-0.014990
-0.015966
-0.016987
-0.018055
-0.019169
-0.020331
-0.021541
-0.022800
-0.024108
-0.025465
-0.026873
-0.028330
-0.029839
-0.031398
-0.033008
-0.034670
-0.036383
-0.038148
-0.039964
-0.041831
-0.043750
-0.045720
-0.047741
-0.049813
-0.051936
-0.054110
-0.056334
-0.058608
-0.060931
-0.063304
-0.065726
-0.068197
-0.070716
-0.073282
-0.075896
-0.078558
-0.081265
-0.084019
-0.086819
-0.089664
-0.092553
-0.095488
-0.002262
-0.002258
-0.002248
-0.002234
-0.002217
-0.002198
-0.002177
-0.002155
-0.002131
-0.002108
-0.002084
-0.002061
-0.002040
-0.002020
-0.002003
-0.001989
-0.001978
-0.001973
-0.001974
-0.001981
-0.001996
-0.002020
-0.002053
-0.002098
-0.002154
-0.002225
-0.002309
-0.002411
-0.002529
-0.002667
-0.002825
-0.003005
-0.003208
-0.003437
-0.003692
-0.003976
-0.004290
-0.004636
-0.005015
-0.005430
-0.005881
-0.006372
-0.006902
-0.007475
-0.008092
-0.008755
-0.009465
-0.010224
-0.011034
-0.011896
-0.012812
-0.013784
-0.014813
-0.015901
-0.017049
-0.018258
-0.019531
-0.020868
-0.022270
-0.023739
-0.025276
-0.026881
-0.028557
-0.030304
-0.032122
-0.034013
-0.035978
-0.038016
-0.040129
-0.042317
-0.044581
-0.046921
-0.049337
-0.051830
-0.054399
-0.057045
-0.059768
-0.062568
-0.065445
-0.068398
-0.071428
-0.074534
-0.077716
-0.080973
-0.084306
-0.087713
-0.091195
-0.094750
-0.098379
-0.102080
-0.105854
-0.109699
-0.113615
-0.117601
-0.121658
-0.125783
-0.129976
-0.134238
-0.138566
-0.142961
-0.002394
-0.002390
-0.002380
-0.002366
-0.002349
-0.002330
-0.002309
-0.002287
-0.002264
-0.002241
-0.002219
-0.002198
-0.002179
-0.002163
-0.002151
-0.002142
-0.002140
-0.002144
-0.002156
-0.002177
-0.002208
-0.002250
-0.002306
-0.002376
-0.002463
-0.002567
-0.002691
-0.002837
-0.003005
-0.003199
-0.003420
-0.003670
-0.003951
-0.004265
-0.004615
-0.005002
-0.005430
-0.005899
-0.006413
-0.006973
-0.007583
-0.008243
-0.008958
-0.009728
-0.010557
-0.011446
-0.012398
-0.013415
-0.014499
-0.015653
-0.016878
-0.018178
-0.019553
-0.021006
-0.022538
-0.024153
-0.025851
-0.027634
-0.029504
-0.031463
-0.033512
-0.035652
-0.037885
-0.040212
-0.042635
-0.045154
-0.047770
-0.050485
-0.053299
-0.056212
-0.059226
-0.062341
-0.065557
-0.068875
-0.072294
-0.075816
-0.079440
-0.083166
-0.086994
-0.090923
-0.094955
-0.099087
-0.103321
-0.107654
-0.112088
-0.116621
-0.121253
-0.125983
-0.130810
-0.135734
-0.140753
-0.145868
-0.151077
-0.156380
-0.161775
-0.167262
-0.172840
-0.178508
-0.184265
-0.190111
-0.002533
-0.002529
-0.002519
-0.002505
-0.002488
-0.002468
-0.002448
-0.002426
-0.002403
-0.002382
-0.002361
-0.002342
-0.002326
-0.002313
-0.002305
-0.002303
-0.002307
-0.002321
-0.002344
-0.002378
-0.002425
-0.002486
-0.002564
-0.002660
-0.002776
-0.002915
-0.003077
-0.003267
-0.003485
-0.003734
-0.004017
-0.004336
-0.004694
-0.005093
-0.005536
-0.006026
-0.006566
-0.007157
-0.007804
-0.008509
-0.009275
-0.010105
-0.011001
-0.011967
-0.013005
-0.014118
-0.015310
-0.016582
-0.017939
-0.019381
-0.020913
-0.022536
-0.024254
-0.026069
-0.027983
-0.029998
-0.032118
-0.034343
-0.036677
-0.039121
-0.041677
-0.044347
-0.047132
-0.050034
-0.053056
-0.056197
-0.059459
-0.062843
-0.066351
-0.069983
-0.073740
-0.077623
-0.081631
-0.085767
-0.090029
-0.094418
-0.098934
-0.103578
-0.108348
-0.113245
-0.118269
-0.123418
-0.128694
-0.134094
-0.139618
-0.145267
-0.151038
-0.156931
-0.162946
-0.169081
-0.175335
-0.181708
-0.188198
-0.194804
-0.201526
-0.208362
-0.215312
-0.222374
-0.229547
-0.236830
-0.002678
-0.002674
-0.002664
-0.002650
-0.002633
-0.002613
-0.002593
-0.002571
-0.002549
-0.002528
-0.002509
-0.002492
-0.002478
-0.002469
-0.002466
-0.002469
-0.002481
-0.002504
-0.002537
-0.002585
-0.002648
-0.002728
-0.002827
-0.002949
-0.003094
-0.003266
-0.003467
-0.003699
-0.003966
-0.004271
-0.004615
-0.005002
-0.005436
-0.005919
-0.006454
-0.007046
-0.007696
-0.008409
-0.009187
-0.010035
-0.010955
-0.011952
-0.013028
-0.014187
-0.015432
-0.016767
-0.018195
-0.019720
-0.021345
-0.023073
-0.024908
-0.026852
-0.028908
-0.031080
-0.033371
-0.035783
-0.038319
-0.040981
-0.043773
-0.046696
-0.049753
-0.052946
-0.056278
-0.059749
-0.063361
-0.067117
-0.071017
-0.075064
-0.079258
-0.083600
-0.088092
-0.092733
-0.097525
-0.102468
-0.107563
-0.112809
-0.118208
-0.123758
-0.129460
-0.135313
-0.141317
-0.147472
-0.153777
-0.160231
-0.166834
-0.173585
-0.180482
-0.187526
-0.194714
-0.202046
-0.209520
-0.217136
-0.224893
-0.232788
-0.240821
-0.248991
-0.257296
-0.265736
-0.274308
-0.283013
-0.002830
-0.002826
-0.002816
-0.002802
-0.002785
-0.002765
-0.002745
-0.002723
-0.002702
-0.002682
-0.002664
-0.002649
-0.002638
-0.002632
-0.002633
-0.002643
-0.002662
-0.002693
-0.002738
-0.002798
-0.002876
-0.002975
-0.003096
-0.003242
-0.003416
-0.003621
-0.003859
-0.004135
-0.004450
-0.004808
-0.005213
-0.005668
-0.006176
-0.006742
-0.007368
-0.008059
-0.008819
-0.009651
-0.010559
-0.011547
-0.012620
-0.013781
-0.015034
-0.016383
-0.017833
-0.019386
-0.021048
-0.022822
-0.024712
-0.026721
-0.028854
-0.031113
-0.033504
-0.036028
-0.038690
-0.041493
-0.044439
-0.047533
-0.050776
-0.054172
-0.057723
-0.061432
-0.065302
-0.069333
-0.073529
-0.077891
-0.082420
-0.087120
-0.091990
-0.097032
-0.102248
-0.107637
-0.113202
-0.118942
-0.124857
-0.130949
-0.137217
-0.143661
-0.150281
-0.157077
-0.164049
-0.171195
-0.178515
-0.186008
-0.193674
-0.201512
-0.209520
-0.217697
-0.226042
-0.234555
-0.243232
-0.252074
-0.261079
-0.270246
-0.279572
-0.289057
-0.298699
-0.308497
-0.318449
-0.328554
-0.002989
-0.002985
-0.002975
-0.002961
-0.002943
-0.002924
-0.002904
-0.002883
-0.002862
-0.002843
-0.002826
-0.002813
-0.002804
-0.002802
-0.002808
-0.002823
-0.002849
-0.002889
-0.002944
-0.003017
-0.003111
-0.003227
-0.003369
-0.003540
-0.003742
-0.003980
-0.004255
-0.004572
-0.004935
-0.005346
-0.005811
-0.006332
-0.006913
-0.007560
-0.008276
-0.009065
-0.009932
-0.010881
-0.011917
-0.013043
-0.014266
-0.015588
-0.017016
-0.018552
-0.020202
-0.021971
-0.023862
-0.025881
-0.028031
-0.030317
-0.032743
-0.035313
-0.038032
-0.040903
-0.043930
-0.047116
-0.050467
-0.053984
-0.057671
-0.061532
-0.065569
-0.069786
-0.074184
-0.078766
-0.083535
-0.088493
-0.093642
-0.098983
-0.104519
-0.110250
-0.116177
-0.122303
-0.128627
-0.135150
-0.141873
-0.148796
-0.155919
-0.163243
-0.170766
-0.178489
-0.186411
-0.194532
-0.202851
-0.211367
-0.220078
-0.228985
-0.238085
-0.247377
-0.256861
-0.266534
-0.276395
-0.286443
-0.296675
-0.307092
-0.317690
-0.328468
-0.339425
-0.350559
-0.361868
-0.373351
-0.003155
-0.003151
-0.003141
-0.003127
-0.003109
-0.003090
-0.003070
-0.003049
-0.003029
-0.003011
-0.002995
-0.002984
-0.002978
-0.002979
-0.002989
-0.003009
-0.003043
-0.003091
-0.003157
-0.003242
-0.003351
-0.003485
-0.003648
-0.003842
-0.004072
-0.004342
-0.004653
-0.005012
-0.005421
-0.005884
-0.006407
-0.006993
-0.007647
-0.008373
-0.009176
-0.010062
-0.011034
-0.012098
-0.013258
-0.014521
-0.015890
-0.017371
-0.018969
-0.020689
-0.022536
-0.024515
-0.026632
-0.028890
-0.031295
-0.033853
-0.036566
-0.039441
-0.042482
-0.045693
-0.049078
-0.052642
-0.056388
-0.060321
-0.064444
-0.068760
-0.073274
-0.077988
-0.082905
-0.088028
-0.093360
-0.098902
-0.104658
-0.110629
-0.116817
-0.123223
-0.129849
-0.136696
-0.143765
-0.151057
-0.158572
-0.166310
-0.174272
-0.182458
-0.190868
-0.199500
-0.208355
-0.217432
-0.226730
-0.236249
-0.245986
-0.255941
-0.266112
-0.276499
-0.287099
-0.297911
-0.308933
-0.320163
-0.331601
-0.343243
-0.355089
-0.367136
-0.379383
-0.391827
-0.404468
-0.417303
-0.003329
-0.003324
-0.003314
-0.003300
-0.003283
-0.003263
-0.003243
-0.003223
-0.003204
-0.003186
-0.003172
-0.003163
-0.003159
-0.003163
-0.003178
-0.003204
-0.003244
-0.003300
-0.003376
-0.003474
-0.003597
-0.003748
-0.003931
-0.004149
-0.004407
-0.004707
-0.005054
-0.005453
-0.005907
-0.006421
-0.007001
-0.007650
-0.008374
-0.009179
-0.010068
-0.011047
-0.012122
-0.013299
-0.014581
-0.015976
-0.017489
-0.019125
-0.020890
-0.022790
-0.024829
-0.027015
-0.029351
-0.031844
-0.034499
-0.037322
-0.040317
-0.043490
-0.046845
-0.050388
-0.054124
-0.058056
-0.062190
-0.066529
-0.071078
-0.075841
-0.080820
-0.086021
-0.091446
-0.097097
-0.102979
-0.109094
-0.115443
-0.122030
-0.128856
-0.135923
-0.143232
-0.150785
-0.158583
-0.166626
-0.174916
-0.183452
-0.192235
-0.201265
-0.210541
-0.220063
-0.229831
-0.239843
-0.250100
-0.260599
-0.271339
-0.282320
-0.293540
-0.304996
-0.316689
-0.328615
-0.340772
-0.353160
-0.365776
-0.378618
-0.391684
-0.404973
-0.418481
-0.432208
-0.446151
-0.460309
-0.003510
-0.003505
-0.003495
-0.003481
-0.003464
-0.003444
-0.003425
-0.003405
-0.003386
-0.003369
-0.003357
-0.003349
-0.003348
-0.003355
-0.003374
-0.003405
-0.003452
-0.003516
-0.003602
-0.003712
-0.003849
-0.004017
-0.004220
-0.004461
-0.004745
-0.005075
-0.005457
-0.005894
-0.006393
-0.006957
-0.007592
-0.008304
-0.009096
-0.009976
-0.010949
-0.012020
-0.013196
-0.014481
-0.015884
-0.017408
-0.019061
-0.020848
-0.022776
-0.024850
-0.027078
-0.029464
-0.032015
-0.034737
-0.037636
-0.040717
-0.043987
-0.047450
-0.051112
-0.054980
-0.059057
-0.063349
-0.067860
-0.072596
-0.077560
-0.082758
-0.088192
-0.093867
-0.099787
-0.105955
-0.112373
-0.119045
-0.125974
-0.133162
-0.140610
-0.148321
-0.156297
-0.164539
-0.173048
-0.181824
-0.190870
-0.200184
-0.209767
-0.219620
-0.229742
-0.240132
-0.250790
-0.261715
-0.272906
-0.284362
-0.296081
-0.308063
-0.320305
-0.332806
-0.345563
-0.358576
-0.371842
-0.385359
-0.399124
-0.413137
-0.427394
-0.441893
-0.456633
-0.471611
-0.486824
-0.502272
-0.003698
-0.003694
-0.003684
-0.003669
-0.003652
-0.003633
-0.003614
-0.003594
-0.003576
-0.003560
-0.003549
-0.003543
-0.003544
-0.003555
-0.003577
-0.003614
-0.003667
-0.003739
-0.003835
-0.003956
-0.004107
-0.004292
-0.004513
-0.004777
-0.005086
-0.005446
-0.005861
-0.006337
-0.006879
-0.007491
-0.008180
-0.008952
-0.009811
-0.010765
-0.011819
-0.012979
-0.014252
-0.015645
-0.017162
-0.018813
-0.020601
-0.022536
-0.024622
-0.026867
-0.029277
-0.031858
-0.034618
-0.037563
-0.040698
-0.044031
-0.047567
-0.051313
-0.055275
-0.059457
-0.063866
-0.068508
-0.073386
-0.078508
-0.083876
-0.089497
-0.095373
-0.101510
-0.107911
-0.114580
-0.121521
-0.128735
-0.136227
-0.143999
-0.152053
-0.160391
-0.169015
-0.177926
-0.187127
-0.196616
-0.206397
-0.216468
-0.226830
-0.237483
-0.248427
-0.259661
-0.271185
-0.282997
-0.295098
-0.307484
-0.320156
-0.333111
-0.346347
-0.359864
-0.373658
-0.387728
-0.402071
-0.416686
-0.431570
-0.446721
-0.462136
-0.477813
-0.493750
-0.509945
-0.526395
-0.543098
-0.003895
-0.003890
-0.003880
-0.003866
-0.003849
-0.003830
-0.003811
-0.003792
-0.003774
-0.003759
-0.003749
-0.003745
-0.003749
-0.003762
-0.003789
-0.003830
-0.003889
-0.003970
-0.004075
-0.004207
-0.004372
-0.004572
-0.004812
-0.005097
-0.005431
-0.005820
-0.006268
-0.006780
-0.007363
-0.008023
-0.008764
-0.009594
-0.010518
-0.011543
-0.012676
-0.013923
-0.015290
-0.016786
-0.018416
-0.020188
-0.022109
-0.024186
-0.026425
-0.028835
-0.031422
-0.034193
-0.037155
-0.040315
-0.043680
-0.047257
-0.051052
-0.055072
-0.059323
-0.063811
-0.068542
-0.073522
-0.078757
-0.084252
-0.090012
-0.096043
-0.102348
-0.108933
-0.115800
-0.122956
-0.130402
-0.138143
-0.146181
-0.154519
-0.163159
-0.172105
-0.181357
-0.190918
-0.200789
-0.210970
-0.221463
-0.232267
-0.243384
-0.254813
-0.266555
-0.278607
-0.290971
-0.303644
-0.316625
-0.329914
-0.343509
-0.357408
-0.371608
-0.386109
-0.400908
-0.416003
-0.431392
-0.447071
-0.463040
-0.479294
-0.495832
-0.512652
-0.529750
-0.547125
-0.564773
-0.582693
-0.004099
-0.004095
-0.004084
-0.004070
-0.004053
-0.004035
-0.004016
-0.003997
-0.003980
-0.003967
-0.003958
-0.003955
-0.003961
-0.003978
-0.004008
-0.004054
-0.004120
-0.004208
-0.004321
-0.004465
-0.004642
-0.004858
-0.005116
-0.005422
-0.005780
-0.006196
-0.006675
-0.007224
-0.007847
-0.008551
-0.009343
-0.010229
-0.011216
-0.012310
-0.013519
-0.014849
-0.016308
-0.017903
-0.019642
-0.021532
-0.023580
-0.025794
-0.028182
-0.030751
-0.033509
-0.036463
-0.039621
-0.042990
-0.046577
-0.050389
-0.054434
-0.058718
-0.063249
-0.068032
-0.073074
-0.078382
-0.083961
-0.089817
-0.095956
-0.102382
-0.109102
-0.116118
-0.123437
-0.131062
-0.138997
-0.147246
-0.155812
-0.164697
-0.173905
-0.183438
-0.193297
-0.203485
-0.214003
-0.224853
-0.236034
-0.247547
-0.259394
-0.271573
-0.284085
-0.296928
-0.310103
-0.323607
-0.337441
-0.351602
-0.366088
-0.380899
-0.396031
-0.411484
-0.427254
-0.443339
-0.459737
-0.476446
-0.493462
-0.510783
-0.528407
-0.546330
-0.564551
-0.583066
-0.601872
-0.620968
-0.004312
-0.004307
-0.004297
-0.004283
-0.004266
-0.004248
-0.004230
-0.004211
-0.004195
-0.004182
-0.004175
-0.004174
-0.004182
-0.004202
-0.004236
-0.004287
-0.004358
-0.004453
-0.004575
-0.004730
-0.004919
-0.005150
-0.005425
-0.005751
-0.006132
-0.006574
-0.007084
-0.007667
-0.008329
-0.009077
-0.009917
-0.010858
-0.011904
-0.013065
-0.014347
-0.015757
-0.017304
-0.018996
-0.020839
-0.022842
-0.025013
-0.027360
-0.029890
-0.032613
-0.035535
-0.038665
-0.042011
-0.045580
-0.049381
-0.053420
-0.057705
-0.062244
-0.067044
-0.072112
-0.077453
-0.083076
-0.088987
-0.095190
-0.101693
-0.108501
-0.115619
-0.123052
-0.130805
-0.138883
-0.147288
-0.156026
-0.165100
-0.174512
-0.184266
-0.194364
-0.204808
-0.215600
-0.226741
-0.238234
-0.250078
-0.262274
-0.274823
-0.287724
-0.300977
-0.314582
-0.328538
-0.342843
-0.357497
-0.372497
-0.387843
-0.403531
-0.419561
-0.435930
-0.452635
-0.469674
-0.487045
-0.504744
-0.522769
-0.541117
-0.559786
-0.578772
-0.598073
-0.617686
-0.637608
-0.657837
-0.004533
-0.004528
-0.004518
-0.004504
-0.004488
-0.004470
-0.004452
-0.004434
-0.004419
-0.004407
-0.004400
-0.004401
-0.004412
-0.004434
-0.004472
-0.004527
-0.004604
-0.004706
-0.004837
-0.005001
-0.005203
-0.005447
-0.005739
-0.006084
-0.006487
-0.006955
-0.007494
-0.008109
-0.008809
-0.009598
-0.010486
-0.011478
-0.012582
-0.013806
-0.015158
-0.016646
-0.018278
-0.020061
-0.022004
-0.024116
-0.026404
-0.028878
-0.031546
-0.034415
-0.037496
-0.040795
-0.044321
-0.048082
-0.052088
-0.056344
-0.060861
-0.065644
-0.070702
-0.076042
-0.081671
-0.087596
-0.093824
-0.100361
-0.107213
-0.114387
-0.121887
-0.129719
-0.137889
-0.146400
-0.155257
-0.164464
-0.174024
-0.183942
-0.194219
-0.204859
-0.215864
-0.227235
-0.238975
-0.251084
-0.263564
-0.276415
-0.289637
-0.303231
-0.317195
-0.331530
-0.346235
-0.361308
-0.376748
-0.392554
-0.408723
-0.425254
-0.442145
-0.459392
-0.476994
-0.494948
-0.513251
-0.531901
-0.550894
-0.570227
-0.589899
-0.609904
-0.630242
-0.650908
-0.671900
-0.693215
-0.004762
-0.004758
-0.004748
-0.004734
-0.004718
-0.004700
-0.004683
-0.004666
-0.004651
-0.004640
-0.004635
-0.004637
-0.004650
-0.004675
-0.004716
-0.004776
-0.004858
-0.004967
-0.005106
-0.005279
-0.005493
-0.005751
-0.006058
-0.006422
-0.006846
-0.007338
-0.007905
-0.008552
-0.009286
-0.010116
-0.011048
-0.012089
-0.013249
-0.014534
-0.015953
-0.017514
-0.019226
-0.021097
-0.023136
-0.025352
-0.027753
-0.030348
-0.033146
-0.036156
-0.039387
-0.042847
-0.046546
-0.050491
-0.054692
-0.059156
-0.063893
-0.068909
-0.074214
-0.079814
-0.085717
-0.091931
-0.098462
-0.105318
-0.112504
-0.120026
-0.127892
-0.136105
-0.144672
-0.153597
-0.162885
-0.172540
-0.182566
-0.192966
-0.203744
-0.214901
-0.226441
-0.238366
-0.250677
-0.263375
-0.276462
-0.289938
-0.303803
-0.318058
-0.332702
-0.347735
-0.363155
-0.378961
-0.395153
-0.411727
-0.428684
-0.446019
-0.463731
-0.481818
-0.500277
-0.519104
-0.538298
-0.557856
-0.577773
-0.598048
-0.618677
-0.639656
-0.660984
-0.682656
-0.704671
-0.727023
-0.005000
-0.004996
-0.004986
-0.004973
-0.004957
-0.004940
-0.004922
-0.004906
-0.004892
-0.004882
-0.004878
-0.004882
-0.004897
-0.004925
-0.004969
-0.005033
-0.005121
-0.005236
-0.005382
-0.005565
-0.005789
-0.006060
-0.006383
-0.006763
-0.007208
-0.007724
-0.008316
-0.008993
-0.009761
-0.010629
-0.011603
-0.012692
-0.013904
-0.015247
-0.016729
-0.018361
-0.020149
-0.022104
-0.024233
-0.026548
-0.029055
-0.031766
-0.034688
-0.037832
-0.041206
-0.044820
-0.048682
-0.052802
-0.057189
-0.061850
-0.066796
-0.072035
-0.077573
-0.083421
-0.089585
-0.096073
-0.102893
-0.110051
-0.117554
-0.125408
-0.133621
-0.142197
-0.151142
-0.160461
-0.170158
-0.180239
-0.190707
-0.201565
-0.212818
-0.224468
-0.236517
-0.248967
-0.261821
-0.275079
-0.288743
-0.302813
-0.317290
-0.332174
-0.347464
-0.363159
-0.379259
-0.395763
-0.412669
-0.429975
-0.447679
-0.465779
-0.484272
-0.503157
-0.522430
-0.542089
-0.562130
-0.582550
-0.603346
-0.624516
-0.646055
-0.667961
-0.690230
-0.712859
-0.735845
-0.759184
-0.005247
-0.005243
-0.005233
-0.005220
-0.005205
-0.005188
-0.005171
-0.005155
-0.005142
-0.005133
-0.005131
-0.005136
-0.005153
-0.005184
-0.005231
-0.005299
-0.005392
-0.005512
-0.005666
-0.005858
-0.006092
-0.006375
-0.006712
-0.007110
-0.007574
-0.008111
-0.008728
-0.009433
-0.010234
-0.011137
-0.012151
-0.013285
-0.014546
-0.015944
-0.017487
-0.019184
-0.021045
-0.023078
-0.025294
-0.027702
-0.030311
-0.033130
-0.036170
-0.039440
-0.042950
-0.046708
-0.050725
-0.055011
-0.059573
-0.064422
-0.069565
-0.075013
-0.080774
-0.086855
-0.093266
-0.100014
-0.107106
-0.114550
-0.122353
-0.130522
-0.139062
-0.147981
-0.157283
-0.166974
-0.177059
-0.187543
-0.198429
-0.209721
-0.221423
-0.233538
-0.246068
-0.259016
-0.272383
-0.286171
-0.300381
-0.315013
-0.330068
-0.345547
-0.361447
-0.377770
-0.394513
-0.411676
-0.429257
-0.447255
-0.465666
-0.484489
-0.503722
-0.523362
-0.543405
-0.563849
-0.584691
-0.605928
-0.627556
-0.649572
-0.671972
-0.694754
-0.717913
-0.741447
-0.765353
-0.789626
-0.005503
-0.005499
-0.005490
-0.005477
-0.005462
-0.005446
-0.005429
-0.005414
-0.005402
-0.005394
-0.005393
-0.005400
-0.005418
-0.005452
-0.005502
-0.005574
-0.005671
-0.005798
-0.005958
-0.006158
-0.006403
-0.006697
-0.007047
-0.007460
-0.007942
-0.008500
-0.009141
-0.009873
-0.010703
-0.011640
-0.012692
-0.013867
-0.015175
-0.016624
-0.018224
-0.019984
-0.021912
-0.024020
-0.026317
-0.028812
-0.031516
-0.034438
-0.037589
-0.040978
-0.044615
-0.048510
-0.052673
-0.057113
-0.061841
-0.066865
-0.072195
-0.077840
-0.083809
-0.090111
-0.096753
-0.103745
-0.111093
-0.118807
-0.126892
-0.135355
-0.144205
-0.153445
-0.163084
-0.173125
-0.183574
-0.194436
-0.205716
-0.217416
-0.229541
-0.242093
-0.255076
-0.268491
-0.282341
-0.296627
-0.311350
-0.326510
-0.342109
-0.358147
-0.374622
-0.391534
-0.408882
-0.426665
-0.444881
-0.463529
-0.482606
-0.502109
-0.522037
-0.542386
-0.563154
-0.584337
-0.605933
-0.627937
-0.650347
-0.673159
-0.696369
-0.719975
-0.743972
-0.768357
-0.793127
-0.818278
-0.005768
-0.005764
-0.005755
-0.005743
-0.005728
-0.005712
-0.005697
-0.005682
-0.005671
-0.005664
-0.005664
-0.005673
-0.005693
-0.005729
-0.005782
-0.005858
-0.005959
-0.006091
-0.006259
-0.006466
-0.006720
-0.007025
-0.007388
-0.007815
-0.008314
-0.008891
-0.009554
-0.010311
-0.011169
-0.012137
-0.013225
-0.014439
-0.015791
-0.017288
-0.018941
-0.020758
-0.022751
-0.024928
-0.027301
-0.029878
-0.032671
-0.035689
-0.038942
-0.042442
-0.046198
-0.050221
-0.054520
-0.059105
-0.063988
-0.069176
-0.074680
-0.080509
-0.086673
-0.093180
-0.100039
-0.107259
-0.114847
-0.122812
-0.131160
-0.139900
-0.149037
-0.158579
-0.168532
-0.178900
-0.189690
-0.200905
-0.212552
-0.224633
-0.237153
-0.250114
-0.263519
-0.277371
-0.291672
-0.306423
-0.321626
-0.337280
-0.353387
-0.369946
-0.386958
-0.404421
-0.422334
-0.440697
-0.459506
-0.478761
-0.498460
-0.518599
-0.539176
-0.560188
-0.581633
-0.603507
-0.625806
-0.648528
-0.671669
-0.695224
-0.719192
-0.743567
-0.768347
-0.793527
-0.819105
-0.845077
-0.006043
-0.006039
-0.006030
-0.006018
-0.006004
-0.005989
-0.005974
-0.005960
-0.005950
-0.005944
-0.005945
-0.005955
-0.005978
-0.006015
-0.006072
-0.006151
-0.006257
-0.006394
-0.006567
-0.006782
-0.007044
-0.007359
-0.007734
-0.008175
-0.008689
-0.009284
-0.009967
-0.010747
-0.011632
-0.012629
-0.013749
-0.015000
-0.016392
-0.017934
-0.019636
-0.021508
-0.023559
-0.025801
-0.028244
-0.030897
-0.033772
-0.036879
-0.040229
-0.043832
-0.047698
-0.051839
-0.056264
-0.060985
-0.066010
-0.071351
-0.077016
-0.083016
-0.089361
-0.096059
-0.103119
-0.110550
-0.118360
-0.126558
-0.135151
-0.144146
-0.153551
-0.163372
-0.173615
-0.184287
-0.195392
-0.206936
-0.218923
-0.231358
-0.244243
-0.257583
-0.271381
-0.285638
-0.300357
-0.315539
-0.331186
-0.347299
-0.363877
-0.380920
-0.398429
-0.416403
-0.434840
-0.453740
-0.473100
-0.492918
-0.513193
-0.533921
-0.555101
-0.576728
-0.598801
-0.621315
-0.644267
-0.667654
-0.691472
-0.715718
-0.740387
-0.765477
-0.790983
-0.816901
-0.843229
-0.869962
-0.006326
-0.006322
-0.006314
-0.006302
-0.006289
-0.006274
-0.006260
-0.006248
-0.006238
-0.006233
-0.006236
-0.006248
-0.006272
-0.006312
-0.006371
-0.006453
-0.006563
-0.006705
-0.006883
-0.007105
-0.007375
-0.007699
-0.008085
-0.008539
-0.009067
-0.009679
-0.010381
-0.011182
-0.012091
-0.013115
-0.014265
-0.015550
-0.016979
-0.018562
-0.020309
-0.022231
-0.024337
-0.026638
-0.029145
-0.031869
-0.034819
-0.038008
-0.041446
-0.045144
-0.049112
-0.053361
-0.057903
-0.062747
-0.067904
-0.073385
-0.079199
-0.085356
-0.091867
-0.098740
-0.105985
-0.113610
-0.121625
-0.130037
-0.138855
-0.148085
-0.157736
-0.167814
-0.178325
-0.189275
-0.200671
-0.212516
-0.224816
-0.237576
-0.250798
-0.264486
-0.278644
-0.293274
-0.308377
-0.323956
-0.340011
-0.356544
-0.373555
-0.391044
-0.409011
-0.427454
-0.446373
-0.465766
-0.485632
-0.505968
-0.526773
-0.548043
-0.569776
-0.591969
-0.614618
-0.637721
-0.661274
-0.685273
-0.709714
-0.734594
-0.759909
-0.785655
-0.811829
-0.838425
-0.865442
-0.892875
-0.006619
-0.006616
-0.006607
-0.006596
-0.006583
-0.006570
-0.006557
-0.006545
-0.006536
-0.006533
-0.006536
-0.006550
-0.006576
-0.006618
-0.006680
-0.006765
-0.006878
-0.007024
-0.007208
-0.007436
-0.007713
-0.008046
-0.008442
-0.008907
-0.009449
-0.010075
-0.010795
-0.011615
-0.012546
-0.013595
-0.014773
-0.016088
-0.017551
-0.019172
-0.020960
-0.022927
-0.025083
-0.027438
-0.030004
-0.032791
-0.035811
-0.039074
-0.042593
-0.046377
-0.050437
-0.054786
-0.059433
-0.064390
-0.069668
-0.075276
-0.081225
-0.087526
-0.094187
-0.101220
-0.108633
-0.116436
-0.124636
-0.133244
-0.142266
-0.151710
-0.161585
-0.171896
-0.182651
-0.193855
-0.205514
-0.217634
-0.230219
-0.243274
-0.256802
-0.270808
-0.285294
-0.300262
-0.315715
-0.331654
-0.348082
-0.364998
-0.382403
-0.400296
-0.418679
-0.437549
-0.456907
-0.476749
-0.497075
-0.517883
-0.539169
-0.560932
-0.583169
-0.605877
-0.629051
-0.652690
-0.676789
-0.701344
-0.726353
-0.751810
-0.777712
-0.804056
-0.830837
-0.858052
-0.885696
-0.913766
-0.006922
-0.006918
-0.006911
-0.006900
-0.006888
-0.006875
-0.006863
-0.006852
-0.006845
-0.006842
-0.006847
-0.006862
-0.006890
-0.006934
-0.006998
-0.007086
-0.007203
-0.007353
-0.007542
-0.007775
-0.008059
-0.008400
-0.008804
-0.009280
-0.009834
-0.010474
-0.011209
-0.012047
-0.012997
-0.014069
-0.015271
-0.016614
-0.018108
-0.019762
-0.021588
-0.023595
-0.025796
-0.028200
-0.030819
-0.033664
-0.036746
-0.040076
-0.043667
-0.047528
-0.051673
-0.056110
-0.060853
-0.065912
-0.071297
-0.077020
-0.083091
-0.089520
-0.096318
-0.103494
-0.111059
-0.119020
-0.127388
-0.136171
-0.145377
-0.155014
-0.165090
-0.175611
-0.186585
-0.198017
-0.209913
-0.222280
-0.235121
-0.248441
-0.262245
-0.276535
-0.291316
-0.306588
-0.322356
-0.338619
-0.355381
-0.372640
-0.390399
-0.408657
-0.427413
-0.446668
-0.466419
-0.486665
-0.507404
-0.528635
-0.550355
-0.572561
-0.595251
-0.618420
-0.642067
-0.666187
-0.690777
-0.715833
-0.741351
-0.767327
-0.793758
-0.820639
-0.847966
-0.875736
-0.903944
-0.932588
-0.007234
-0.007231
-0.007223
-0.007214
-0.007202
-0.007190
-0.007179
-0.007169
-0.007163
-0.007162
-0.007168
-0.007185
-0.007214
-0.007260
-0.007326
-0.007417
-0.007537
-0.007691
-0.007884
-0.008123
-0.008412
-0.008760
-0.009173
-0.009657
-0.010222
-0.010875
-0.011623
-0.012477
-0.013445
-0.014536
-0.015761
-0.017128
-0.018649
-0.020333
-0.022192
-0.024236
-0.026476
-0.028923
-0.031589
-0.034485
-0.037623
-0.041013
-0.044667
-0.048598
-0.052816
-0.057333
-0.062160
-0.067309
-0.072790
-0.078614
-0.084793
-0.091337
-0.098255
-0.105559
-0.113257
-0.121360
-0.129876
-0.138814
-0.148183
-0.157990
-0.168244
-0.178951
-0.190119
-0.201753
-0.213860
-0.226444
-0.239512
-0.253068
-0.267115
-0.281657
-0.296698
-0.312240
-0.328285
-0.344836
-0.361893
-0.379457
-0.397529
-0.416108
-0.435196
-0.454789
-0.474889
-0.495492
-0.516597
-0.538203
-0.560306
-0.582904
-0.605994
-0.629573
-0.653637
-0.678183
-0.703207
-0.728706
-0.754675
-0.781111
-0.808009
-0.835365
-0.863176
-0.891438
-0.920146
-0.949296
-0.007556
-0.007553
-0.007546
-0.007537
-0.007526
-0.007516
-0.007505
-0.007497
-0.007492
-0.007492
-0.007499
-0.007517
-0.007548
-0.007596
-0.007665
-0.007758
-0.007881
-0.008038
-0.008235
-0.008478
-0.008773
-0.009127
-0.009547
-0.010040
-0.010614
-0.011277
-0.012038
-0.012905
-0.013889
-0.014997
-0.016241
-0.017630
-0.019175
-0.020885
-0.022773
-0.024848
-0.027123
-0.029608
-0.032315
-0.035255
-0.038441
-0.041883
-0.045593
-0.049584
-0.053867
-0.058452
-0.063353
-0.068580
-0.074144
-0.080057
-0.086330
-0.092972
-0.099996
-0.107410
-0.115225
-0.123450
-0.132095
-0.141168
-0.150679
-0.160634
-0.171043
-0.181911
-0.193247
-0.205056
-0.217345
-0.230120
-0.243384
-0.257143
-0.271402
-0.286163
-0.301430
-0.317206
-0.333492
-0.350291
-0.367605
-0.385433
-0.403776
-0.422635
-0.442009
-0.461897
-0.482299
-0.503212
-0.524634
-0.546565
-0.569000
-0.591938
-0.615376
-0.639309
-0.663736
-0.688652
-0.714053
-0.739936
-0.766296
-0.793130
-0.820434
-0.848203
-0.876434
-0.905122
-0.934263
-0.963854
-0.007888
-0.007885
-0.007879
-0.007870
-0.007861
-0.007851
-0.007842
-0.007834
-0.007830
-0.007832
-0.007841
-0.007860
-0.007893
-0.007943
-0.008013
-0.008108
-0.008234
-0.008394
-0.008595
-0.008842
-0.009142
-0.009501
-0.009927
-0.010427
-0.011009
-0.011681
-0.012453
-0.013332
-0.014328
-0.015452
-0.016712
-0.018119
-0.019684
-0.021417
-0.023329
-0.025432
-0.027736
-0.030253
-0.032995
-0.035973
-0.039200
-0.042686
-0.046444
-0.050486
-0.054823
-0.059467
-0.064430
-0.069723
-0.075358
-0.081346
-0.087698
-0.094425
-0.101538
-0.109046
-0.116959
-0.125288
-0.134042
-0.143230
-0.152860
-0.162941
-0.173480
-0.184485
-0.195963
-0.207921
-0.220364
-0.233299
-0.246730
-0.260661
-0.275098
-0.290044
-0.305502
-0.321476
-0.337966
-0.354975
-0.372505
-0.390556
-0.409129
-0.428224
-0.447840
-0.467977
-0.488633
-0.509808
-0.531499
-0.553703
-0.576420
-0.599645
-0.623376
-0.647609
-0.672341
-0.697569
-0.723289
-0.749496
-0.776188
-0.803359
-0.831005
-0.859123
-0.887709
-0.916757
-0.946265
-0.976229
-0.008230
-0.008227
-0.008221
-0.008213
-0.008205
-0.008196
-0.008188
-0.008182
-0.008180
-0.008182
-0.008193
-0.008214
-0.008248
-0.008299
-0.008371
-0.008469
-0.008597
-0.008760
-0.008963
-0.009214
-0.009518
-0.009882
-0.010313
-0.010819
-0.011408
-0.012088
-0.012868
-0.013757
-0.014764
-0.015900
-0.017174
-0.018596
-0.020178
-0.021929
-0.023862
-0.025986
-0.028315
-0.030858
-0.033629
-0.036638
-0.039898
-0.043421
-0.047218
-0.051302
-0.055683
-0.060376
-0.065390
-0.070738
-0.076431
-0.082480
-0.088898
-0.095693
-0.102878
-0.110463
-0.118457
-0.126871
-0.135714
-0.144996
-0.154724
-0.164907
-0.175553
-0.186670
-0.198264
-0.210343
-0.222912
-0.235977
-0.249543
-0.263615
-0.278198
-0.293294
-0.308908
-0.325042
-0.341698
-0.358878
-0.376584
-0.394817
-0.413577
-0.432863
-0.452676
-0.473016
-0.493880
-0.515267
-0.537176
-0.559604
-0.582548
-0.606007
-0.629976
-0.654454
-0.679435
-0.704917
-0.730896
-0.757368
-0.784328
-0.811773
-0.839699
-0.868101
-0.896976
-0.926318
-0.956125
-0.986392
-0.008581
-0.008579
-0.008573
-0.008567
-0.008559
-0.008552
-0.008545
-0.008541
-0.008539
-0.008544
-0.008555
-0.008578
-0.008613
-0.008666
-0.008740
-0.008840
-0.008969
-0.009135
-0.009341
-0.009595
-0.009902
-0.010269
-0.010705
-0.011216
-0.011810
-0.012496
-0.013283
-0.014180
-0.015196
-0.016342
-0.017626
-0.019061
-0.020655
-0.022421
-0.024370
-0.026512
-0.028859
-0.031424
-0.034217
-0.037250
-0.040537
-0.044088
-0.047915
-0.052031
-0.056448
-0.061178
-0.066232
-0.071622
-0.077361
-0.083458
-0.089926
-0.096775
-0.104017
-0.111661
-0.119718
-0.128198
-0.137110
-0.146463
-0.156267
-0.166529
-0.177258
-0.188461
-0.200145
-0.212317
-0.224983
-0.238149
-0.251819
-0.266000
-0.280695
-0.295907
-0.311641
-0.327898
-0.344682
-0.361994
-0.379835
-0.398207
-0.417110
-0.436544
-0.456509
-0.477004
-0.498027
-0.519578
-0.541654
-0.564254
-0.587374
-0.611012
-0.635165
-0.659829
-0.685002
-0.710679
-0.736857
-0.763532
-0.790700
-0.818356
-0.846496
-0.875117
-0.904214
-0.933783
-0.963820
-0.994321
-0.008943
-0.008940
-0.008936
-0.008930
-0.008924
-0.008918
-0.008912
-0.008909
-0.008909
-0.008915
-0.008928
-0.008952
-0.008989
-0.009044
-0.009119
-0.009221
-0.009352
-0.009519
-0.009728
-0.009984
-0.010293
-0.010664
-0.011103
-0.011617
-0.012216
-0.012907
-0.013699
-0.014602
-0.015624
-0.016777
-0.018069
-0.019513
-0.021117
-0.022894
-0.024854
-0.027008
-0.029370
-0.031949
-0.034758
-0.037809
-0.041115
-0.044686
-0.048535
-0.052675
-0.057117
-0.061873
-0.066956
-0.072377
-0.078147
-0.084278
-0.090782
-0.097670
-0.104951
-0.112638
-0.120739
-0.129265
-0.138226
-0.147631
-0.157488
-0.167806
-0.178593
-0.189857
-0.201604
-0.213841
-0.226575
-0.239812
-0.253556
-0.267812
-0.282585
-0.297879
-0.313696
-0.330040
-0.346913
-0.364317
-0.382252
-0.400722
-0.419725
-0.439261
-0.459331
-0.479934
-0.501068
-0.522733
-0.544925
-0.567644
-0.590886
-0.614649
-0.638930
-0.663725
-0.689030
-0.714844
-0.741160
-0.767977
-0.795289
-0.823092
-0.851382
-0.880156
-0.909408
-0.939135
-0.969332
-0.999997
-0.009314
-0.009312
-0.009308
-0.009303
-0.009298
-0.009294
-0.009290
-0.009288
-0.009290
-0.009297
-0.009312
-0.009337
-0.009376
-0.009432
-0.009509
-0.009612
-0.009745
-0.009913
-0.010124
-0.010381
-0.010693
-0.011066
-0.011507
-0.012024
-0.012625
-0.013319
-0.014115
-0.015022
-0.016048
-0.017206
-0.018503
-0.019952
-0.021562
-0.023346
-0.025313
-0.027476
-0.029845
-0.032434
-0.035253
-0.038315
-0.041632
-0.045216
-0.049078
-0.053232
-0.057689
-0.062462
-0.067561
-0.073000
-0.078790
-0.084941
-0.091467
-0.098376
-0.105682
-0.113393
-0.121520
-0.130074
-0.139064
-0.148498
-0.158386
-0.168737
-0.179557
-0.190856
-0.202639
-0.214915
-0.227688
-0.240965
-0.254750
-0.269050
-0.283868
-0.299207
-0.315072
-0.331464
-0.348388
-0.365843
-0.383832
-0.402356
-0.421415
-0.441009
-0.461138
-0.481802
-0.502998
-0.524726
-0.546984
-0.569769
-0.593079
-0.616912
-0.641264
-0.666132
-0.691513
-0.717402
-0.743797
-0.770692
-0.798085
-0.825971
-0.854346
-0.883205
-0.912545
-0.942362
-0.972651
-1.003408
-0.009695
-0.009693
-0.009690
-0.009687
-0.009683
-0.009680
-0.009678
-0.009678
-0.009681
-0.009690
-0.009706
-0.009733
-0.009773
-0.009830
-0.009909
-0.010013
-0.010147
-0.010317
-0.010529
-0.010788
-0.011101
-0.011475
-0.011917
-0.012436
-0.013039
-0.013734
-0.014532
-0.015440
-0.016469
-0.017628
-0.018928
-0.020379
-0.021992
-0.023778
-0.025748
-0.027914
-0.030287
-0.032879
-0.035702
-0.038768
-0.042089
-0.045677
-0.049544
-0.053703
-0.058165
-0.062943
-0.068048
-0.073493
-0.079288
-0.085447
-0.091979
-0.098895
-0.106208
-0.113927
-0.122062
-0.130624
-0.139621
-0.149064
-0.158961
-0.169320
-0.180150
-0.191458
-0.203251
-0.215536
-0.228319
-0.241606
-0.255402
-0.269712
-0.284541
-0.299891
-0.315767
-0.332171
-0.349105
-0.366572
-0.384573
-0.403109
-0.422180
-0.441786
-0.461928
-0.482604
-0.503814
-0.525555
-0.547827
-0.570626
-0.593950
-0.617798
-0.642165
-0.667048
-0.692444
-0.718350
-0.744761
-0.771674
-0.799084
-0.826988
-0.855382
-0.884260
-0.913620
-0.943457
-0.973767
-1.004545
-0.010086
-0.010085
-0.010083
-0.010080
-0.010078
-0.010076
-0.010076
-0.010078
-0.010083
-0.010093
-0.010111
-0.010139
-0.010181
-0.010240
-0.010319
-0.010424
-0.010560
-0.010731
-0.010943
-0.011203
-0.011517
-0.011891
-0.012334
-0.012853
-0.013456
-0.014152
-0.014949
-0.015857
-0.016886
-0.018044
-0.019344
-0.020794
-0.022406
-0.024190
-0.026159
-0.028323
-0.030694
-0.033284
-0.036104
-0.039167
-0.042485
-0.046069
-0.049933
-0.054087
-0.058545
-0.063317
-0.068417
-0.073855
-0.079644
-0.085795
-0.092319
-0.099227
-0.106530
-0.114239
-0.122364
-0.130914
-0.139900
-0.149330
-0.159213
-0.169558
-0.180372
-0.191664
-0.203440
-0.215706
-0.228470
-0.241737
-0.255512
-0.269800
-0.284605
-0.299931
-0.315781
-0.332159
-0.349066
-0.366504
-0.384475
-0.402980
-0.422020
-0.441593
-0.461701
-0.482342
-0.503516
-0.525220
-0.547454
-0.570214
-0.593499
-0.617305
-0.641630
-0.666471
-0.691824
-0.717686
-0.744052
-0.770920
-0.798284
-0.826142
-0.854488
-0.883319
-0.912630
-0.942418
-0.972679
-1.003408
-0.010487
-0.010486
-0.010485
-0.010484
-0.010483
-0.010483
-0.010485
-0.010488
-0.010495
-0.010507
-0.010527
-0.010556
-0.010599
-0.010659
-0.010740
-0.010846
-0.010982
-0.011154
-0.011367
-0.011627
-0.011940
-0.012315
-0.012757
-0.013275
-0.013877
-0.014572
-0.015367
-0.016273
-0.017299
-0.018455
-0.019750
-0.021196
-0.022804
-0.024583
-0.026546
-0.028704
-0.031067
-0.033649
-0.036461
-0.039514
-0.042821
-0.046394
-0.050245
-0.054386
-0.058828
-0.063585
-0.068668
-0.074088
-0.079857
-0.085987
-0.092488
-0.099372
-0.106650
-0.114332
-0.122428
-0.130948
-0.139901
-0.149297
-0.159144
-0.169451
-0.180225
-0.191475
-0.203207
-0.215428
-0.228143
-0.241360
-0.255082
-0.269315
-0.284063
-0.299330
-0.315119
-0.331432
-0.348273
-0.365642
-0.383542
-0.401974
-0.420937
-0.440433
-0.460460
-0.481019
-0.502107
-0.523724
-0.545868
-0.568537
-0.591727
-0.615438
-0.639665
-0.664405
-0.689656
-0.715414
-0.741674
-0.768434
-0.795688
-0.823434
-0.851667
-0.880383
-0.909578
-0.939248
-0.969389
-0.999997
-0.010898
-0.010898
-0.010897
-0.010897
-0.010898
-0.010900
-0.010903
-0.010909
-0.010918
-0.010932
-0.010953
-0.010984
-0.011028
-0.011089
-0.011171
-0.011278
-0.011415
-0.011587
-0.011799
-0.012059
-0.012372
-0.012745
-0.013186
-0.013703
-0.014302
-0.014994
-0.015786
-0.016688
-0.017709
-0.018859
-0.020148
-0.021587
-0.023186
-0.024957
-0.026909
-0.029056
-0.031407
-0.033975
-0.036772
-0.039809
-0.043098
-0.046651
-0.050481
-0.054599
-0.059017
-0.063748
-0.068802
-0.074192
-0.079928
-0.086023
-0.092488
-0.099333
-0.106568
-0.114206
-0.122255
-0.130725
-0.139626
-0.148966
-0.158755
-0.169001
-0.179712
-0.190894
-0.202555
-0.214702
-0.227341
-0.240477
-0.254116
-0.268262
-0.282919
-0.298091
-0.313782
-0.329994
-0.346730
-0.363991
-0.381779
-0.400094
-0.418938
-0.438311
-0.458211
-0.478639
-0.499594
-0.521073
-0.543076
-0.565600
-0.588643
-0.612202
-0.636274
-0.660857
-0.685947
-0.711540
-0.737633
-0.764222
-0.791303
-0.818873
-0.846926
-0.875461
-0.904471
-0.933954
-0.963905
-0.994321
-0.011319
-0.011319
-0.011319
-0.011320
-0.011323
-0.011327
-0.011332
-0.011340
-0.011351
-0.011366
-0.011389
-0.011422
-0.011468
-0.011530
-0.011613
-0.011720
-0.011857
-0.012029
-0.012241
-0.012500
-0.012812
-0.013184
-0.013622
-0.014136
-0.014732
-0.015419
-0.016205
-0.017101
-0.018115
-0.019257
-0.020538
-0.021966
-0.023554
-0.025311
-0.027250
-0.029380
-0.031714
-0.034263
-0.037038
-0.040052
-0.043316
-0.046842
-0.050643
-0.054729
-0.059113
-0.063806
-0.068821
-0.074168
-0.079859
-0.085906
-0.092319
-0.099109
-0.106287
-0.113863
-0.121847
-0.130249
-0.139078
-0.148342
-0.158051
-0.168213
-0.178835
-0.189925
-0.201489
-0.213535
-0.226068
-0.239094
-0.252618
-0.266644
-0.281177
-0.296221
-0.311778
-0.327852
-0.344444
-0.361556
-0.379191
-0.397348
-0.416029
-0.435234
-0.454961
-0.475212
-0.495983
-0.517275
-0.539086
-0.561413
-0.584254
-0.607607
-0.631468
-0.655836
-0.680706
-0.706074
-0.731939
-0.758295
-0.785140
-0.812469
-0.840278
-0.868563
-0.897322
-0.926548
-0.956240
-0.986392
-0.011749
-0.011749
-0.011751
-0.011753
-0.011758
-0.011764
-0.011772
-0.011781
-0.011794
-0.011812
-0.011837
-0.011871
-0.011918
-0.011981
-0.012065
-0.012172
-0.012310
-0.012481
-0.012693
-0.012950
-0.013260
-0.013629
-0.014065
-0.014574
-0.015165
-0.015846
-0.016626
-0.017514
-0.018519
-0.019650
-0.020919
-0.022334
-0.023907
-0.025647
-0.027567
-0.029677
-0.031988
-0.034512
-0.037260
-0.040244
-0.043476
-0.046967
-0.050730
-0.054775
-0.059115
-0.063761
-0.068725
-0.074018
-0.079652
-0.085637
-0.091984
-0.098705
-0.105809
-0.113307
-0.121208
-0.129523
-0.138259
-0.147427
-0.157034
-0.167089
-0.177599
-0.188571
-0.200013
-0.211930
-0.224329
-0.237216
-0.250594
-0.264469
-0.278845
-0.293726
-0.309113
-0.325012
-0.341422
-0.358347
-0.375788
-0.393746
-0.412220
-0.431212
-0.450722
-0.470747
-0.491288
-0.512343
-0.533910
-0.555988
-0.578574
-0.601666
-0.625261
-0.649356
-0.673947
-0.699033
-0.724608
-0.750670
-0.777215
-0.804238
-0.831738
-0.859708
-0.888146
-0.917048
-0.946411
-0.976229
-0.012190
-0.012190
-0.012192
-0.012196
-0.012203
-0.012211
-0.012221
-0.012233
-0.012248
-0.012268
-0.012294
-0.012330
-0.012378
-0.012443
-0.012527
-0.012635
-0.012772
-0.012943
-0.013153
-0.013409
-0.013716
-0.014082
-0.014513
-0.015017
-0.015602
-0.016276
-0.017048
-0.017926
-0.018919
-0.020038
-0.021292
-0.022690
-0.024245
-0.025965
-0.027862
-0.029946
-0.032230
-0.034723
-0.037438
-0.040386
-0.043579
-0.047028
-0.050744
-0.054740
-0.059026
-0.063615
-0.068517
-0.073745
-0.079308
-0.085218
-0.091486
-0.098122
-0.105137
-0.112540
-0.120341
-0.128550
-0.137175
-0.146225
-0.155709
-0.165634
-0.176008
-0.186839
-0.198132
-0.209895
-0.222132
-0.234849
-0.248052
-0.261745
-0.275931
-0.290614
-0.305798
-0.321484
-0.337676
-0.354375
-0.371582
-0.389298
-0.407523
-0.426259
-0.445504
-0.465259
-0.485521
-0.506290
-0.527563
-0.549341
-0.571619
-0.594395
-0.617668
-0.641434
-0.665689
-0.690432
-0.715658
-0.741364
-0.767546
-0.794202
-0.821326
-0.848916
-0.876967
-0.905476
-0.934440
-0.963855
-0.012639
-0.012640
-0.012643
-0.012649
-0.012658
-0.012668
-0.012680
-0.012695
-0.012712
-0.012734
-0.012762
-0.012800
-0.012849
-0.012915
-0.012999
-0.013108
-0.013244
-0.013414
-0.013623
-0.013876
-0.014180
-0.014542
-0.014968
-0.015466
-0.016044
-0.016709
-0.017470
-0.018337
-0.019317
-0.020420
-0.021657
-0.023036
-0.024568
-0.026264
-0.028134
-0.030189
-0.032440
-0.034898
-0.037574
-0.040480
-0.043626
-0.047025
-0.050687
-0.054624
-0.058848
-0.063369
-0.068199
-0.073349
-0.078830
-0.084653
-0.090827
-0.097364
-0.104274
-0.111566
-0.119249
-0.127334
-0.135828
-0.144741
-0.154081
-0.163855
-0.174070
-0.184735
-0.195854
-0.207435
-0.219483
-0.232003
-0.245000
-0.258479
-0.272443
-0.286896
-0.301841
-0.317280
-0.333216
-0.349650
-0.366584
-0.384018
-0.401953
-0.420389
-0.439325
-0.458762
-0.478699
-0.499133
-0.520064
-0.541489
-0.563407
-0.585815
-0.608711
-0.632091
-0.655954
-0.680295
-0.705112
-0.730401
-0.756159
-0.782383
-0.809068
-0.836211
-0.863809
-0.891859
-0.920355
-0.949297
-0.013098
-0.013099
-0.013103
-0.013111
-0.013122
-0.013135
-0.013149
-0.013166
-0.013186
-0.013210
-0.013240
-0.013279
-0.013330
-0.013397
-0.013482
-0.013590
-0.013726
-0.013895
-0.014102
-0.014352
-0.014653
-0.015010
-0.015430
-0.015921
-0.016490
-0.017145
-0.017895
-0.018747
-0.019712
-0.020798
-0.022014
-0.023371
-0.024879
-0.026547
-0.028386
-0.030407
-0.032620
-0.035037
-0.037668
-0.040525
-0.043618
-0.046959
-0.050559
-0.054430
-0.058581
-0.063025
-0.067773
-0.072834
-0.078221
-0.083943
-0.090010
-0.096434
-0.103223
-0.110388
-0.117937
-0.125880
-0.134226
-0.142981
-0.152156
-0.161757
-0.171791
-0.182265
-0.193186
-0.204560
-0.216391
-0.228686
-0.241449
-0.254684
-0.268395
-0.282584
-0.297257
-0.312413
-0.328057
-0.344188
-0.360810
-0.377922
-0.395524
-0.413618
-0.432202
-0.451277
-0.470841
-0.490893
-0.511431
-0.532455
-0.553961
-0.575947
-0.598412
-0.621352
-0.644765
-0.668647
-0.692996
-0.717808
-0.743081
-0.768810
-0.794993
-0.821625
-0.848704
-0.876227
-0.904189
-0.932588
-0.013566
-0.013567
-0.013573
-0.013582
-0.013595
-0.013611
-0.013628
-0.013648
-0.013670
-0.013696
-0.013728
-0.013769
-0.013822
-0.013889
-0.013974
-0.014082
-0.014218
-0.014385
-0.014589
-0.014837
-0.015133
-0.015484
-0.015898
-0.016381
-0.016940
-0.017584
-0.018320
-0.019157
-0.020105
-0.021170
-0.022365
-0.023696
-0.025175
-0.026812
-0.028617
-0.030599
-0.032770
-0.035141
-0.037722
-0.040523
-0.043557
-0.046833
-0.050364
-0.054159
-0.058229
-0.062586
-0.067241
-0.072203
-0.077483
-0.083092
-0.089040
-0.095336
-0.101990
-0.109012
-0.116410
-0.124194
-0.132372
-0.140951
-0.149941
-0.159347
-0.169178
-0.179439
-0.190137
-0.201278
-0.212867
-0.224909
-0.237409
-0.250370
-0.263797
-0.277691
-0.292058
-0.306898
-0.322213
-0.338006
-0.354277
-0.371027
-0.388257
-0.405967
-0.424156
-0.442824
-0.461970
-0.481592
-0.501691
-0.522262
-0.543306
-0.564819
-0.586799
-0.609244
-0.632151
-0.655518
-0.679340
-0.703617
-0.728343
-0.753516
-0.779134
-0.805192
-0.831687
-0.858617
-0.885978
-0.913767
-0.014044
-0.014045
-0.014051
-0.014063
-0.014078
-0.014096
-0.014117
-0.014139
-0.014163
-0.014192
-0.014227
-0.014269
-0.014323
-0.014391
-0.014477
-0.014585
-0.014719
-0.014884
-0.015086
-0.015330
-0.015621
-0.015966
-0.016372
-0.016846
-0.017394
-0.018026
-0.018747
-0.019567
-0.020495
-0.021539
-0.022708
-0.024012
-0.025459
-0.027061
-0.028827
-0.030767
-0.032891
-0.035211
-0.037735
-0.040476
-0.043443
-0.046648
-0.050101
-0.053812
-0.057793
-0.062054
-0.066605
-0.071457
-0.076620
-0.082104
-0.087919
-0.094074
-0.100578
-0.107442
-0.114674
-0.122281
-0.130274
-0.138658
-0.147443
-0.156634
-0.166240
-0.176265
-0.186717
-0.197601
-0.208922
-0.220684
-0.232893
-0.245551
-0.258663
-0.272232
-0.286260
-0.300750
-0.315703
-0.331120
-0.347004
-0.363355
-0.380172
-0.397457
-0.415209
-0.433427
-0.452110
-0.471257
-0.490868
-0.510939
-0.531471
-0.552459
-0.573903
-0.595799
-0.618146
-0.640941
-0.664180
-0.687861
-0.711982
-0.736539
-0.761530
-0.786950
-0.812798
-0.839070
-0.865764
-0.892876
-0.014530
-0.014532
-0.014539
-0.014552
-0.014570
-0.014591
-0.014614
-0.014639
-0.014667
-0.014698
-0.014735
-0.014779
-0.014834
-0.014903
-0.014989
-0.015096
-0.015229
-0.015393
-0.015591
-0.015831
-0.016117
-0.016455
-0.016853
-0.017317
-0.017853
-0.018470
-0.019176
-0.019977
-0.020883
-0.021903
-0.023045
-0.024317
-0.025731
-0.027295
-0.029018
-0.030911
-0.032985
-0.035248
-0.037711
-0.040385
-0.043280
-0.046406
-0.049774
-0.053394
-0.057276
-0.061432
-0.065870
-0.070601
-0.075636
-0.080983
-0.086652
-0.092652
-0.098994
-0.105684
-0.112733
-0.120148
-0.127938
-0.136109
-0.144669
-0.153626
-0.162985
-0.172753
-0.182936
-0.193538
-0.204566
-0.216023
-0.227914
-0.240242
-0.253010
-0.266222
-0.279881
-0.293988
-0.308544
-0.323552
-0.339013
-0.354926
-0.371293
-0.388113
-0.405386
-0.423112
-0.441289
-0.459916
-0.478993
-0.498517
-0.518487
-0.538901
-0.559757
-0.581052
-0.602785
-0.624953
-0.647552
-0.670582
-0.694038
-0.717919
-0.742222
-0.766943
-0.792081
-0.817631
-0.843593
-0.869962
-0.015025
-0.015027
-0.015035
-0.015051
-0.015071
-0.015095
-0.015122
-0.015150
-0.015180
-0.015213
-0.015252
-0.015298
-0.015355
-0.015424
-0.015511
-0.015617
-0.015749
-0.015910
-0.016105
-0.016340
-0.016620
-0.016952
-0.017340
-0.017793
-0.018316
-0.018918
-0.019606
-0.020387
-0.021270
-0.022263
-0.023375
-0.024614
-0.025991
-0.027513
-0.029190
-0.031033
-0.033050
-0.035253
-0.037649
-0.040251
-0.043067
-0.046108
-0.049384
-0.052905
-0.056681
-0.060722
-0.065038
-0.069638
-0.074533
-0.079732
-0.085243
-0.091076
-0.097241
-0.103744
-0.110595
-0.117802
-0.125371
-0.133312
-0.141630
-0.150332
-0.159425
-0.168914
-0.178805
-0.189103
-0.199814
-0.210940
-0.222486
-0.234457
-0.246854
-0.259680
-0.272939
-0.286631
-0.300759
-0.315323
-0.330325
-0.345765
-0.361644
-0.377961
-0.394716
-0.411908
-0.429536
-0.447600
-0.466098
-0.485029
-0.504391
-0.524181
-0.544399
-0.565042
-0.586108
-0.607595
-0.629500
-0.651821
-0.674556
-0.697702
-0.721257
-0.745218
-0.769584
-0.794350
-0.819516
-0.845078
-0.015529
-0.015531
-0.015540
-0.015558
-0.015581
-0.015608
-0.015638
-0.015669
-0.015702
-0.015738
-0.015779
-0.015827
-0.015885
-0.015955
-0.016042
-0.016148
-0.016278
-0.016436
-0.016628
-0.016858
-0.017132
-0.017455
-0.017833
-0.018274
-0.018784
-0.019369
-0.020038
-0.020797
-0.021655
-0.022620
-0.023700
-0.024903
-0.026239
-0.027716
-0.029345
-0.031133
-0.033090
-0.035227
-0.037552
-0.040075
-0.042807
-0.045756
-0.048933
-0.052348
-0.056009
-0.059927
-0.064112
-0.068572
-0.073317
-0.078356
-0.083698
-0.089352
-0.095325
-0.101628
-0.108266
-0.115249
-0.122583
-0.130275
-0.138333
-0.146762
-0.155568
-0.164758
-0.174337
-0.184309
-0.194678
-0.205450
-0.216627
-0.228213
-0.240211
-0.252624
-0.265453
-0.278701
-0.292368
-0.306457
-0.320967
-0.335899
-0.351253
-0.367030
-0.383228
-0.399847
-0.416886
-0.434344
-0.452220
-0.470512
-0.489219
-0.508339
-0.527870
-0.547811
-0.568159
-0.588912
-0.610069
-0.631627
-0.653583
-0.675937
-0.698686
-0.721828
-0.745360
-0.769281
-0.793588
-0.818279
-0.016041
-0.016043
-0.016053
-0.016073
-0.016099
-0.016130
-0.016162
-0.016197
-0.016233
-0.016272
-0.016315
-0.016365
-0.016424
-0.016495
-0.016582
-0.016687
-0.016816
-0.016971
-0.017159
-0.017383
-0.017650
-0.017965
-0.018333
-0.018761
-0.019256
-0.019824
-0.020472
-0.021208
-0.022039
-0.022973
-0.024018
-0.025183
-0.026477
-0.027906
-0.029482
-0.031212
-0.033105
-0.035172
-0.037420
-0.039861
-0.042502
-0.045353
-0.048425
-0.051725
-0.055265
-0.059052
-0.063096
-0.067406
-0.071991
-0.076860
-0.082021
-0.087483
-0.093254
-0.099342
-0.105754
-0.112497
-0.119580
-0.127008
-0.134788
-0.142926
-0.151428
-0.160299
-0.169544
-0.179168
-0.189175
-0.199568
-0.210352
-0.221529
-0.233103
-0.245074
-0.257446
-0.270220
-0.283397
-0.296978
-0.310964
-0.325355
-0.340150
-0.355351
-0.370955
-0.386963
-0.403373
-0.420185
-0.437397
-0.455007
-0.473015
-0.491418
-0.510215
-0.529404
-0.548984
-0.568953
-0.589308
-0.610049
-0.631173
-0.652678
-0.674564
-0.696827
-0.719467
-0.742481
-0.765868
-0.789627
-0.016562
-0.016563
-0.016574
-0.016596
-0.016626
-0.016660
-0.016696
-0.016734
-0.016773
-0.016815
-0.016860
-0.016912
-0.016973
-0.017045
-0.017131
-0.017235
-0.017362
-0.017515
-0.017698
-0.017917
-0.018176
-0.018481
-0.018838
-0.019253
-0.019732
-0.020281
-0.020907
-0.021618
-0.022421
-0.023323
-0.024332
-0.025456
-0.026704
-0.028083
-0.029602
-0.031271
-0.033096
-0.035088
-0.037256
-0.039608
-0.042153
-0.044901
-0.047860
-0.051040
-0.054450
-0.058098
-0.061993
-0.066144
-0.070560
-0.075248
-0.080218
-0.085477
-0.091033
-0.096893
-0.103065
-0.109555
-0.116372
-0.123520
-0.131006
-0.138836
-0.147015
-0.155548
-0.164440
-0.173696
-0.183319
-0.193312
-0.203680
-0.214424
-0.225547
-0.237052
-0.248940
-0.261213
-0.273871
-0.286915
-0.300346
-0.314163
-0.328367
-0.342957
-0.357932
-0.373292
-0.389036
-0.405162
-0.421669
-0.438556
-0.455822
-0.473464
-0.491481
-0.509873
-0.528636
-0.547770
-0.567273
-0.587144
-0.607381
-0.627983
-0.648949
-0.670277
-0.691966
-0.714014
-0.736421
-0.759185
-0.017090
-0.017091
-0.017103
-0.017127
-0.017160
-0.017198
-0.017238
-0.017279
-0.017321
-0.017366
-0.017414
-0.017468
-0.017530
-0.017602
-0.017689
-0.017792
-0.017917
-0.018066
-0.018245
-0.018458
-0.018709
-0.019005
-0.019350
-0.019750
-0.020212
-0.020742
-0.021345
-0.022030
-0.022802
-0.023670
-0.024641
-0.025722
-0.026922
-0.028247
-0.029708
-0.031310
-0.033065
-0.034978
-0.037060
-0.039319
-0.041763
-0.044402
-0.047243
-0.050295
-0.053568
-0.057070
-0.060808
-0.064791
-0.069028
-0.073527
-0.078295
-0.083339
-0.088668
-0.094289
-0.100208
-0.106432
-0.112967
-0.119821
-0.126997
-0.134502
-0.142341
-0.150519
-0.159040
-0.167908
-0.177126
-0.186698
-0.196628
-0.206916
-0.217567
-0.228581
-0.239959
-0.251704
-0.263816
-0.276295
-0.289141
-0.302355
-0.315936
-0.329883
-0.344196
-0.358874
-0.373915
-0.389319
-0.405083
-0.421207
-0.437689
-0.454528
-0.471721
-0.489269
-0.507169
-0.525420
-0.544021
-0.562971
-0.582269
-0.601914
-0.621905
-0.642241
-0.662922
-0.683946
-0.705314
-0.727024
-0.017626
-0.017626
-0.017639
-0.017666
-0.017702
-0.017744
-0.017787
-0.017832
-0.017878
-0.017926
-0.017977
-0.018033
-0.018096
-0.018169
-0.018255
-0.018357
-0.018480
-0.018626
-0.018800
-0.019006
-0.019249
-0.019535
-0.019867
-0.020253
-0.020697
-0.021205
-0.021785
-0.022442
-0.023183
-0.024015
-0.024945
-0.025981
-0.027130
-0.028400
-0.029798
-0.031332
-0.033011
-0.034843
-0.036835
-0.038996
-0.041334
-0.043857
-0.046575
-0.049494
-0.052623
-0.055970
-0.059544
-0.063352
-0.067401
-0.071700
-0.076256
-0.081076
-0.086168
-0.091537
-0.097191
-0.103135
-0.109377
-0.115921
-0.122773
-0.129938
-0.137421
-0.145226
-0.153358
-0.161819
-0.170614
-0.179746
-0.189216
-0.199028
-0.209183
-0.219683
-0.230529
-0.241721
-0.253261
-0.265148
-0.277383
-0.289965
-0.302894
-0.316168
-0.329787
-0.343750
-0.358055
-0.372700
-0.387685
-0.403008
-0.418668
-0.434662
-0.450990
-0.467651
-0.484642
-0.501964
-0.519615
-0.537595
-0.555902
-0.574537
-0.593500
-0.612789
-0.632406
-0.652349
-0.672619
-0.693216
-0.018170
-0.018169
-0.018182
-0.018212
-0.018251
-0.018297
-0.018345
-0.018394
-0.018443
-0.018494
-0.018547
-0.018605
-0.018670
-0.018743
-0.018829
-0.018931
-0.019050
-0.019193
-0.019362
-0.019561
-0.019796
-0.020071
-0.020390
-0.020760
-0.021185
-0.021672
-0.022227
-0.022855
-0.023563
-0.024358
-0.025246
-0.026234
-0.027331
-0.028542
-0.029875
-0.031338
-0.032938
-0.034683
-0.036581
-0.038640
-0.040867
-0.043271
-0.045859
-0.048638
-0.051617
-0.054804
-0.058206
-0.061830
-0.065684
-0.069774
-0.074109
-0.078695
-0.083538
-0.088645
-0.094022
-0.099675
-0.105609
-0.111831
-0.118344
-0.125155
-0.132266
-0.139683
-0.147409
-0.155447
-0.163801
-0.172473
-0.181465
-0.190780
-0.200419
-0.210383
-0.220674
-0.231291
-0.242235
-0.253506
-0.265104
-0.277028
-0.289277
-0.301850
-0.314746
-0.327963
-0.341500
-0.355355
-0.369527
-0.384014
-0.398814
-0.413926
-0.429348
-0.445080
-0.461120
-0.477467
-0.494122
-0.511083
-0.528350
-0.545924
-0.563805
-0.581994
-0.600491
-0.619297
-0.638412
-0.657838
-0.018722
-0.018719
-0.018732
-0.018764
-0.018808
-0.018858
-0.018910
-0.018963
-0.019016
-0.019070
-0.019126
-0.019186
-0.019251
-0.019326
-0.019412
-0.019511
-0.019629
-0.019768
-0.019931
-0.020124
-0.020349
-0.020613
-0.020919
-0.021272
-0.021678
-0.022143
-0.022671
-0.023269
-0.023942
-0.024698
-0.025543
-0.026482
-0.027523
-0.028673
-0.029939
-0.031327
-0.032845
-0.034501
-0.036302
-0.038254
-0.040366
-0.042644
-0.045097
-0.047732
-0.050555
-0.053575
-0.056797
-0.060230
-0.063880
-0.067755
-0.071860
-0.076201
-0.080786
-0.085621
-0.090710
-0.096060
-0.101676
-0.107562
-0.113724
-0.120166
-0.126892
-0.133905
-0.141210
-0.148809
-0.156704
-0.164899
-0.173396
-0.182195
-0.191299
-0.200707
-0.210422
-0.220443
-0.230769
-0.241402
-0.252339
-0.263580
-0.275125
-0.286971
-0.299116
-0.311560
-0.324300
-0.337335
-0.350662
-0.364279
-0.378186
-0.392380
-0.406859
-0.421623
-0.436670
-0.452000
-0.467613
-0.483509
-0.499688
-0.516151
-0.532899
-0.549934
-0.567256
-0.584868
-0.602772
-0.620969
-0.019280
-0.019275
-0.019289
-0.019323
-0.019371
-0.019426
-0.019482
-0.019539
-0.019596
-0.019653
-0.019712
-0.019774
-0.019841
-0.019916
-0.020001
-0.020100
-0.020215
-0.020349
-0.020507
-0.020692
-0.020909
-0.021161
-0.021452
-0.021789
-0.022175
-0.022616
-0.023117
-0.023684
-0.024322
-0.025037
-0.025836
-0.026724
-0.027708
-0.028795
-0.029990
-0.031302
-0.032735
-0.034298
-0.035997
-0.037839
-0.039832
-0.041981
-0.044294
-0.046778
-0.049440
-0.052286
-0.055323
-0.058558
-0.061997
-0.065647
-0.069514
-0.073603
-0.077921
-0.082473
-0.087264
-0.092300
-0.097586
-0.103126
-0.108924
-0.114984
-0.121311
-0.127907
-0.134776
-0.141921
-0.149343
-0.157045
-0.165029
-0.173296
-0.181846
-0.190681
-0.199801
-0.209206
-0.218895
-0.228868
-0.239123
-0.249661
-0.260477
-0.271573
-0.282944
-0.294589
-0.306506
-0.318692
-0.331146
-0.343865
-0.356846
-0.370089
-0.383590
-0.397350
-0.411366
-0.425639
-0.440168
-0.454953
-0.469997
-0.485300
-0.500864
-0.516691
-0.532785
-0.549148
-0.565784
-0.582694
-0.019846
-0.019837
-0.019851
-0.019889
-0.019941
-0.020000
-0.020061
-0.020122
-0.020183
-0.020243
-0.020305
-0.020369
-0.020438
-0.020513
-0.020598
-0.020695
-0.020808
-0.020938
-0.021090
-0.021268
-0.021474
-0.021714
-0.021991
-0.022310
-0.022676
-0.023092
-0.023565
-0.024100
-0.024701
-0.025375
-0.026126
-0.026962
-0.027887
-0.028908
-0.030031
-0.031263
-0.032609
-0.034076
-0.035670
-0.037398
-0.039267
-0.041282
-0.043451
-0.045780
-0.048274
-0.050942
-0.053787
-0.056818
-0.060040
-0.063458
-0.067078
-0.070907
-0.074949
-0.079210
-0.083694
-0.088406
-0.093351
-0.098533
-0.103956
-0.109623
-0.115539
-0.121705
-0.128125
-0.134802
-0.141736
-0.148931
-0.156387
-0.164105
-0.172086
-0.180331
-0.188839
-0.197611
-0.206644
-0.215939
-0.225494
-0.235307
-0.245377
-0.255700
-0.266275
-0.277100
-0.288171
-0.299485
-0.311040
-0.322833
-0.334861
-0.347123
-0.359615
-0.372337
-0.385287
-0.398464
-0.411868
-0.425501
-0.439364
-0.453458
-0.467788
-0.482356
-0.497166
-0.512224
-0.527533
-0.543099
-0.020419
-0.020405
-0.020419
-0.020460
-0.020517
-0.020581
-0.020647
-0.020712
-0.020777
-0.020841
-0.020905
-0.020971
-0.021041
-0.021118
-0.021202
-0.021298
-0.021407
-0.021533
-0.021680
-0.021849
-0.022046
-0.022273
-0.022535
-0.022836
-0.023180
-0.023572
-0.024016
-0.024517
-0.025080
-0.025711
-0.026414
-0.027195
-0.028060
-0.029014
-0.030062
-0.031212
-0.032467
-0.033835
-0.035322
-0.036933
-0.038674
-0.040552
-0.042572
-0.044741
-0.047063
-0.049546
-0.052195
-0.055015
-0.058013
-0.061193
-0.064560
-0.068121
-0.071879
-0.075840
-0.080008
-0.084387
-0.088982
-0.093796
-0.098833
-0.104097
-0.109590
-0.115314
-0.121273
-0.127469
-0.133903
-0.140576
-0.147491
-0.154647
-0.162044
-0.169684
-0.177566
-0.185688
-0.194050
-0.202651
-0.211488
-0.220560
-0.229865
-0.239399
-0.249160
-0.259144
-0.269349
-0.279770
-0.290405
-0.301250
-0.312302
-0.323556
-0.335012
-0.346666
-0.358517
-0.370564
-0.382806
-0.395245
-0.407883
-0.420722
-0.433767
-0.447022
-0.460494
-0.474188
-0.488112
-0.502273
-0.020999
-0.020979
-0.020991
-0.021036
-0.021098
-0.021167
-0.021238
-0.021308
-0.021377
-0.021444
-0.021511
-0.021580
-0.021652
-0.021728
-0.021813
-0.021907
-0.022013
-0.022135
-0.022275
-0.022436
-0.022623
-0.022837
-0.023084
-0.023366
-0.023688
-0.024054
-0.024468
-0.024936
-0.025460
-0.026046
-0.026700
-0.027425
-0.028228
-0.029112
-0.030084
-0.031149
-0.032312
-0.033579
-0.034955
-0.036445
-0.038056
-0.039792
-0.041660
-0.043664
-0.045810
-0.048104
-0.050551
-0.053155
-0.055922
-0.058858
-0.061966
-0.065251
-0.068718
-0.072372
-0.076215
-0.080253
-0.084489
-0.088927
-0.093569
-0.098418
-0.103478
-0.108750
-0.114238
-0.119941
-0.125863
-0.132003
-0.138364
-0.144945
-0.151746
-0.158768
-0.166009
-0.173468
-0.181145
-0.189038
-0.197144
-0.205460
-0.213985
-0.222715
-0.231646
-0.240775
-0.250098
-0.259610
-0.269307
-0.279185
-0.289240
-0.299467
-0.309863
-0.320425
-0.331149
-0.342035
-0.353081
-0.364289
-0.375659
-0.387197
-0.398907
-0.410795
-0.422870
-0.435141
-0.447618
-0.460310
-0.021587
-0.021557
-0.021568
-0.021617
-0.021685
-0.021760
-0.021836
-0.021911
-0.021983
-0.022054
-0.022124
-0.022195
-0.022268
-0.022345
-0.022429
-0.022521
-0.022625
-0.022742
-0.022876
-0.023029
-0.023205
-0.023406
-0.023637
-0.023900
-0.024200
-0.024540
-0.024923
-0.025355
-0.025840
-0.026381
-0.026984
-0.027652
-0.028390
-0.029204
-0.030098
-0.031076
-0.032144
-0.033307
-0.034570
-0.035937
-0.037414
-0.039006
-0.040717
-0.042554
-0.044519
-0.046620
-0.048859
-0.051242
-0.053774
-0.056459
-0.059302
-0.062306
-0.065475
-0.068815
-0.072327
-0.076016
-0.079885
-0.083937
-0.088175
-0.092602
-0.097219
-0.102030
-0.107035
-0.112236
-0.117635
-0.123232
-0.129028
-0.135023
-0.141216
-0.147608
-0.154198
-0.160983
-0.167963
-0.175136
-0.182498
-0.190048
-0.197781
-0.205695
-0.213785
-0.222046
-0.230475
-0.239065
-0.247812
-0.256711
-0.265755
-0.274939
-0.284258
-0.293707
-0.303283
-0.312982
-0.322802
-0.332744
-0.342809
-0.353000
-0.363324
-0.373789
-0.384407
-0.395189
-0.406150
-0.417304
-0.022181
-0.022139
-0.022149
-0.022203
-0.022276
-0.022357
-0.022439
-0.022518
-0.022595
-0.022670
-0.022743
-0.022816
-0.022890
-0.022968
-0.023051
-0.023142
-0.023242
-0.023355
-0.023482
-0.023627
-0.023792
-0.023980
-0.024194
-0.024438
-0.024715
-0.025028
-0.025381
-0.025777
-0.026221
-0.026716
-0.027266
-0.027876
-0.028549
-0.029291
-0.030104
-0.030995
-0.031966
-0.033023
-0.034170
-0.035411
-0.036752
-0.038196
-0.039748
-0.041412
-0.043194
-0.045096
-0.047125
-0.049283
-0.051575
-0.054004
-0.056576
-0.059293
-0.062159
-0.065177
-0.068351
-0.071685
-0.075180
-0.078839
-0.082666
-0.086662
-0.090829
-0.095169
-0.099683
-0.104373
-0.109240
-0.114284
-0.119506
-0.124905
-0.130481
-0.136234
-0.142161
-0.148263
-0.154536
-0.160979
-0.167589
-0.174362
-0.181295
-0.188384
-0.195625
-0.203011
-0.210538
-0.218199
-0.225989
-0.233900
-0.241925
-0.250057
-0.258289
-0.266615
-0.275027
-0.283521
-0.292093
-0.300740
-0.309462
-0.318264
-0.327152
-0.336135
-0.345228
-0.354449
-0.363817
-0.373353
-0.022784
-0.022725
-0.022734
-0.022792
-0.022873
-0.022960
-0.023047
-0.023131
-0.023213
-0.023291
-0.023367
-0.023442
-0.023518
-0.023596
-0.023679
-0.023768
-0.023865
-0.023973
-0.024094
-0.024230
-0.024383
-0.024558
-0.024756
-0.024980
-0.025233
-0.025519
-0.025840
-0.026200
-0.026602
-0.027050
-0.027547
-0.028098
-0.028705
-0.029373
-0.030105
-0.030905
-0.031778
-0.032727
-0.033756
-0.034869
-0.036071
-0.037364
-0.038754
-0.040244
-0.041838
-0.043540
-0.045353
-0.047281
-0.049329
-0.051499
-0.053794
-0.056219
-0.058776
-0.061468
-0.064299
-0.067270
-0.070385
-0.073645
-0.077054
-0.080611
-0.084321
-0.088183
-0.092199
-0.096370
-0.100697
-0.105180
-0.109819
-0.114615
-0.119565
-0.124670
-0.129928
-0.135338
-0.140897
-0.146603
-0.152453
-0.158443
-0.164570
-0.170829
-0.177215
-0.183722
-0.190344
-0.197074
-0.203904
-0.210826
-0.217832
-0.224912
-0.232056
-0.239255
-0.246499
-0.253780
-0.261089
-0.268421
-0.275774
-0.283147
-0.290547
-0.297986
-0.305480
-0.313053
-0.320735
-0.328556
-0.023395
-0.023313
-0.023321
-0.023386
-0.023473
-0.023567
-0.023660
-0.023749
-0.023835
-0.023917
-0.023996
-0.024073
-0.024150
-0.024229
-0.024311
-0.024398
-0.024492
-0.024595
-0.024709
-0.024837
-0.024979
-0.025140
-0.025321
-0.025525
-0.025754
-0.026012
-0.026301
-0.026624
-0.026984
-0.027385
-0.027828
-0.028318
-0.028858
-0.029451
-0.030100
-0.030810
-0.031582
-0.032421
-0.033331
-0.034314
-0.035374
-0.036515
-0.037740
-0.039052
-0.040456
-0.041953
-0.043548
-0.045243
-0.047043
-0.048949
-0.050964
-0.053093
-0.055336
-0.057698
-0.060179
-0.062783
-0.065512
-0.068368
-0.071352
-0.074465
-0.077711
-0.081089
-0.084600
-0.088245
-0.092026
-0.095941
-0.099991
-0.104175
-0.108493
-0.112944
-0.117526
-0.122238
-0.127077
-0.132040
-0.137126
-0.142329
-0.147646
-0.153073
-0.158603
-0.164230
-0.169949
-0.175750
-0.181625
-0.187564
-0.193558
-0.199593
-0.205659
-0.211741
-0.217825
-0.223898
-0.229946
-0.235957
-0.241923
-0.247837
-0.253703
-0.259531
-0.265339
-0.271160
-0.277036
-0.283014
-0.024015
-0.023902
-0.023910
-0.023982
-0.024077
-0.024178
-0.024277
-0.024372
-0.024462
-0.024547
-0.024629
-0.024709
-0.024788
-0.024867
-0.024948
-0.025034
-0.025124
-0.025222
-0.025329
-0.025448
-0.025579
-0.025726
-0.025890
-0.026073
-0.026279
-0.026508
-0.026765
-0.027050
-0.027368
-0.027719
-0.028108
-0.028537
-0.029009
-0.029526
-0.030091
-0.030708
-0.031379
-0.032107
-0.032895
-0.033747
-0.034664
-0.035650
-0.036708
-0.037841
-0.039051
-0.040341
-0.041715
-0.043175
-0.044722
-0.046361
-0.048094
-0.049922
-0.051848
-0.053874
-0.056002
-0.058235
-0.060573
-0.063018
-0.065573
-0.068238
-0.071014
-0.073902
-0.076903
-0.080017
-0.083245
-0.086586
-0.090041
-0.093609
-0.097290
-0.101081
-0.104982
-0.108991
-0.113106
-0.117323
-0.121641
-0.126055
-0.130562
-0.135156
-0.139832
-0.144583
-0.149403
-0.154283
-0.159213
-0.164182
-0.169179
-0.174189
-0.179198
-0.184186
-0.189136
-0.194027
-0.198836
-0.203543
-0.208127
-0.212572
-0.216868
-0.221017
-0.225039
-0.228972
-0.232876
-0.236831
-0.024647
-0.024492
-0.024501
-0.024581
-0.024684
-0.024792
-0.024898
-0.024998
-0.025092
-0.025182
-0.025267
-0.025349
-0.025429
-0.025509
-0.025590
-0.025673
-0.025760
-0.025853
-0.025953
-0.026063
-0.026182
-0.026315
-0.026462
-0.026624
-0.026805
-0.027007
-0.027230
-0.027478
-0.027752
-0.028055
-0.028389
-0.028756
-0.029158
-0.029599
-0.030079
-0.030603
-0.031171
-0.031787
-0.032452
-0.033170
-0.033943
-0.034773
-0.035662
-0.036613
-0.037628
-0.038709
-0.039859
-0.041080
-0.042374
-0.043743
-0.045189
-0.046713
-0.048318
-0.050006
-0.051777
-0.053634
-0.055578
-0.057610
-0.059731
-0.061942
-0.064244
-0.066638
-0.069124
-0.071703
-0.074374
-0.077137
-0.079993
-0.082940
-0.085978
-0.089106
-0.092322
-0.095625
-0.099013
-0.102482
-0.106031
-0.109656
-0.113353
-0.117117
-0.120943
-0.124824
-0.128754
-0.132724
-0.136724
-0.140742
-0.144766
-0.148780
-0.152766
-0.156702
-0.160564
-0.164324
-0.167949
-0.171404
-0.174651
-0.177651
-0.180373
-0.182795
-0.184918
-0.186780
-0.188467
-0.190112
-0.025292
-0.025079
-0.025092
-0.025182
-0.025295
-0.025411
-0.025522
-0.025628
-0.025727
-0.025820
-0.025908
-0.025992
-0.026074
-0.026154
-0.026234
-0.026316
-0.026400
-0.026487
-0.026581
-0.026681
-0.026789
-0.026907
-0.027036
-0.027178
-0.027335
-0.027507
-0.027698
-0.027907
-0.028138
-0.028391
-0.028669
-0.028974
-0.029307
-0.029670
-0.030065
-0.030494
-0.030959
-0.031462
-0.032003
-0.032587
-0.033214
-0.033885
-0.034604
-0.035372
-0.036190
-0.037061
-0.037985
-0.038966
-0.040003
-0.041100
-0.042257
-0.043475
-0.044757
-0.046103
-0.047515
-0.048993
-0.050540
-0.052154
-0.053839
-0.055593
-0.057418
-0.059314
-0.061281
-0.063320
-0.065431
-0.067613
-0.069865
-0.072189
-0.074581
-0.077043
-0.079572
-0.082167
-0.084825
-0.087546
-0.090326
-0.093162
-0.096051
-0.098989
-0.101970
-0.104990
-0.108041
-0.111115
-0.114204
-0.117296
-0.120377
-0.123433
-0.126443
-0.129384
-0.132228
-0.134939
-0.137475
-0.139783
-0.141803
-0.143462
-0.144682
-0.145387
-0.145519
-0.145073
-0.144143
-0.142963
-0.025953
-0.025663
-0.025682
-0.025785
-0.025908
-0.026032
-0.026150
-0.026261
-0.026365
-0.026462
-0.026553
-0.026639
-0.026722
-0.026803
-0.026882
-0.026962
-0.027042
-0.027125
-0.027211
-0.027302
-0.027398
-0.027502
-0.027614
-0.027735
-0.027867
-0.028010
-0.028167
-0.028338
-0.028525
-0.028729
-0.028951
-0.029193
-0.029456
-0.029741
-0.030050
-0.030384
-0.030745
-0.031133
-0.031551
-0.031999
-0.032478
-0.032991
-0.033539
-0.034122
-0.034742
-0.035401
-0.036098
-0.036836
-0.037616
-0.038439
-0.039305
-0.040216
-0.041172
-0.042175
-0.043224
-0.044322
-0.045469
-0.046664
-0.047909
-0.049204
-0.050549
-0.051945
-0.053391
-0.054888
-0.056435
-0.058033
-0.059680
-0.061377
-0.063122
-0.064915
-0.066755
-0.068641
-0.070570
-0.072542
-0.074553
-0.076603
-0.078687
-0.080803
-0.082946
-0.085112
-0.087295
-0.089490
-0.091687
-0.093878
-0.096050
-0.098190
-0.100279
-0.102295
-0.104210
-0.105985
-0.107574
-0.108911
-0.109912
-0.110466
-0.110427
-0.109611
-0.107807
-0.104822
-0.100602
-0.095489
-0.026635
-0.026238
-0.026273
-0.026390
-0.026524
-0.026656
-0.026781
-0.026897
-0.027006
-0.027106
-0.027200
-0.027289
-0.027373
-0.027454
-0.027533
-0.027610
-0.027687
-0.027765
-0.027844
-0.027925
-0.028010
-0.028099
-0.028193
-0.028293
-0.028400
-0.028515
-0.028638
-0.028771
-0.028913
-0.029067
-0.029233
-0.029412
-0.029605
-0.029812
-0.030034
-0.030273
-0.030529
-0.030803
-0.031095
-0.031408
-0.031740
-0.032094
-0.032469
-0.032867
-0.033288
-0.033733
-0.034203
-0.034698
-0.035219
-0.035766
-0.036340
-0.036942
-0.037572
-0.038229
-0.038916
-0.039631
-0.040376
-0.041151
-0.041955
-0.042788
-0.043652
-0.044546
-0.045469
-0.046422
-0.047405
-0.048416
-0.049457
-0.050526
-0.051622
-0.052746
-0.053896
-0.055072
-0.056272
-0.057495
-0.058739
-0.060003
-0.061286
-0.062584
-0.063895
-0.065215
-0.066542
-0.067870
-0.069194
-0.070507
-0.071801
-0.073067
-0.074289
-0.075452
-0.076534
-0.077503
-0.078318
-0.078921
-0.079226
-0.079105
-0.078362
-0.076684
-0.073581
-0.068300
-0.059865
-0.047799
-0.027344
-0.026801
-0.026862
-0.026996
-0.027141
-0.027282
-0.027414
-0.027536
-0.027649
-0.027753
-0.027850
-0.027941
-0.028027
-0.028108
-0.028186
-0.028261
-0.028335
-0.028407
-0.028479
-0.028551
-0.028624
-0.028699
-0.028775
-0.028854
-0.028936
-0.029021
-0.029111
-0.029205
-0.029303
-0.029407
-0.029517
-0.029633
-0.029755
-0.029883
-0.030019
-0.030163
-0.030314
-0.030473
-0.030640
-0.030816
-0.031001
-0.031194
-0.031397
-0.031610
-0.031831
-0.032063
-0.032304
-0.032556
-0.032817
-0.033089
-0.033370
-0.033662
-0.033964
-0.034277
-0.034599
-0.034932
-0.035274
-0.035627
-0.035989
-0.036361
-0.036742
-0.037133
-0.037532
-0.037941
-0.038358
-0.038783
-0.039216
-0.039656
-0.040104
-0.040558
-0.041018
-0.041483
-0.041954
-0.042429
-0.042907
-0.043388
-0.043871
-0.044354
-0.044837
-0.045318
-0.045796
-0.046267
-0.046731
-0.047185
-0.047624
-0.048046
-0.048443
-0.048810
-0.049137
-0.049411
-0.049615
-0.049722
-0.049695
-0.049469
-0.048933
-0.047866
-0.045753
-0.041234
-0.030273
-0.000001
