-0.044441
-0.044394
-0.044274
-0.044084
-0.043819
-0.043472
-0.043031
-0.042490
-0.041839
-0.041071
-0.040178
-0.039156
-0.037998
-0.036700
-0.035257
-0.033666
-0.031923
-0.030025
-0.027967
-0.025748
-0.023363
-0.020811
-0.018087
-0.015189
-0.012114
-0.008859
-0.005421
-0.001796
0.002018
0.006025
0.010228
0.014630
0.019236
0.024047
0.029069
0.034304
0.039757
0.045430
0.051328
0.057455
0.063814
0.070409
0.077246
0.084326
0.091655
0.099237
0.107076
0.115176
0.123541
0.132175
0.141084
0.150270
0.159739
0.169495
0.179542
0.189885
0.200527
0.211474
0.222730
0.234298
0.246185
0.258393
0.270928
0.283794
0.296995
0.310536
0.324421
0.338654
0.353241
0.368186
0.383492
0.399165
0.415208
0.431627
0.448425
0.465607
0.483178
0.501142
0.519502
0.538265
0.557433
0.577011
0.597005
0.617417
0.638252
0.659516
0.681211
0.703343
0.725915
0.748933
0.772400
0.796321
0.820700
0.845542
0.870850
0.896629
0.922884
0.949619
0.976838
1.004545
-0.044473
-0.044426
-0.044306
-0.044117
-0.043853
-0.043506
-0.043067
-0.042526
-0.041877
-0.041110
-0.040219
-0.039198
-0.038041
-0.036745
-0.035304
-0.033715
-0.031974
-0.030078
-0.028022
-0.025805
-0.023423
-0.020873
-0.018152
-0.015257
-0.012185
-0.008933
-0.005497
-0.001876
0.001935
0.005938
0.010137
0.014536
0.019137
0.023944
0.028961
0.034192
0.039639
0.045307
0.051200
0.057321
0.063674
0.070264
0.077094
0.084167
0.091490
0.099064
0.106896
0.114988
0.123345
0.131971
0.140870
0.150048
0.159508
0.169254
0.179291
0.189623
0.200255
0.211191
0.222435
0.233992
0.245866
0.258062
0.270584
0.283436
0.296624
0.310150
0.324021
0.338240
0.352811
0.367740
0.383030
0.398686
0.414713
0.431114
0.447894
0.465058
0.482610
0.500554
0.518895
0.537637
0.556785
0.576342
0.596314
0.616704
0.637517
0.658757
0.680429
0.702536
0.725084
0.748077
0.771518
0.795413
0.819765
0.844579
0.869860
0.895611
0.921837
0.948542
0.975731
1.003408
-0.044566
-0.044520
-0.044401
-0.044214
-0.043952
-0.043608
-0.043172
-0.042636
-0.041990
-0.041227
-0.040340
-0.039324
-0.038173
-0.036881
-0.035446
-0.033862
-0.032127
-0.030237
-0.028188
-0.025977
-0.023602
-0.021060
-0.018346
-0.015459
-0.012396
-0.009153
-0.005727
-0.002115
0.001685
0.005677
0.009865
0.014252
0.018841
0.023635
0.028639
0.033855
0.039287
0.044940
0.050816
0.056920
0.063256
0.069827
0.076638
0.083691
0.090993
0.098546
0.106355
0.114423
0.122756
0.131357
0.140231
0.149381
0.158813
0.168530
0.178537
0.188838
0.199438
0.210341
0.221551
0.233072
0.244910
0.257069
0.269552
0.282365
0.295511
0.308995
0.322823
0.336997
0.351522
0.366404
0.381646
0.397252
0.413227
0.429576
0.446303
0.463412
0.480907
0.498794
0.517075
0.535757
0.554842
0.574336
0.594243
0.614566
0.635311
0.656482
0.678083
0.700118
0.722592
0.745509
0.768873
0.792689
0.816961
0.841694
0.866891
0.892557
0.918696
0.945313
0.972412
0.999997
-0.044722
-0.044676
-0.044560
-0.044376
-0.044118
-0.043779
-0.043349
-0.042818
-0.042178
-0.041422
-0.040543
-0.039534
-0.038391
-0.037108
-0.035682
-0.034108
-0.032382
-0.030502
-0.028464
-0.026264
-0.023901
-0.021371
-0.018670
-0.015797
-0.012748
-0.009519
-0.006109
-0.002514
0.001269
0.005244
0.009413
0.013779
0.018347
0.023120
0.028101
0.033293
0.038701
0.044328
0.050177
0.056253
0.062559
0.069100
0.075878
0.082899
0.090166
0.097683
0.105454
0.113484
0.121776
0.130336
0.139166
0.148272
0.157657
0.167326
0.177283
0.187532
0.198079
0.208926
0.220079
0.231542
0.243320
0.255416
0.267834
0.280581
0.293659
0.307073
0.320828
0.334928
0.349377
0.364180
0.379341
0.394865
0.410755
0.427017
0.443654
0.460672
0.478073
0.495863
0.514047
0.532627
0.551609
0.570998
0.590796
0.611009
0.631641
0.652696
0.674179
0.696094
0.718445
0.741236
0.764472
0.788157
0.812296
0.836892
0.861950
0.887474
0.913469
0.939939
0.966888
0.994321
-0.044939
-0.044895
-0.044782
-0.044602
-0.044351
-0.044018
-0.043596
-0.043073
-0.042443
-0.041696
-0.040827
-0.039829
-0.038697
-0.037426
-0.036012
-0.034451
-0.032739
-0.030873
-0.028850
-0.026666
-0.024319
-0.021806
-0.019124
-0.016269
-0.013240
-0.010033
-0.006644
-0.003072
0.000687
0.004636
0.008779
0.013118
0.017657
0.022400
0.027349
0.032508
0.037881
0.043472
0.049284
0.055320
0.061585
0.068083
0.074817
0.081791
0.089009
0.096476
0.104195
0.112171
0.120407
0.128908
0.137678
0.146720
0.156040
0.165642
0.175529
0.185707
0.196179
0.206950
0.218023
0.229404
0.241097
0.253106
0.265435
0.278088
0.291071
0.304387
0.318041
0.332038
0.346380
0.361074
0.376122
0.391530
0.407302
0.423442
0.439954
0.456844
0.474114
0.491770
0.509816
0.528255
0.547093
0.566334
0.585981
0.606040
0.626514
0.647408
0.668726
0.690473
0.712652
0.735268
0.758325
0.781827
0.805779
0.830185
0.855049
0.880375
0.906169
0.932433
0.959173
0.986392
-0.045220
-0.045177
-0.045068
-0.044894
-0.044650
-0.044326
-0.043913
-0.043401
-0.042782
-0.042048
-0.041192
-0.040208
-0.039090
-0.037835
-0.036437
-0.034892
-0.033198
-0.031350
-0.029346
-0.027183
-0.024857
-0.022366
-0.019707
-0.016877
-0.013873
-0.010692
-0.007332
-0.003789
-0.000061
0.003856
0.007965
0.012269
0.016771
0.021475
0.026383
0.031500
0.036829
0.042373
0.048136
0.054122
0.060335
0.066777
0.073454
0.080369
0.087525
0.094928
0.102580
0.110486
0.118650
0.127076
0.135768
0.144730
0.153967
0.163482
0.173280
0.183366
0.193742
0.204414
0.215386
0.226662
0.238246
0.250143
0.262357
0.274892
0.287753
0.300944
0.314468
0.328331
0.342537
0.357090
0.371994
0.387254
0.402874
0.418858
0.435211
0.451936
0.469038
0.486522
0.504391
0.522650
0.541303
0.560355
0.579809
0.599670
0.619942
0.640629
0.661736
0.683267
0.705226
0.727616
0.750444
0.773712
0.797425
0.821587
0.846202
0.871276
0.896810
0.922812
0.949283
0.976229
-0.045562
-0.045522
-0.045417
-0.045251
-0.045015
-0.044702
-0.044301
-0.043803
-0.043198
-0.042479
-0.041638
-0.040671
-0.039571
-0.038334
-0.036956
-0.035432
-0.033759
-0.031933
-0.029953
-0.027814
-0.025514
-0.023050
-0.020419
-0.017619
-0.014646
-0.011498
-0.008172
-0.004665
-0.000974
0.002904
0.006971
0.011232
0.015689
0.020345
0.025204
0.030270
0.035544
0.041032
0.046736
0.052661
0.058809
0.065185
0.071792
0.078635
0.085716
0.093040
0.100610
0.108432
0.116508
0.124843
0.133440
0.142305
0.151440
0.160850
0.170540
0.180513
0.190773
0.201325
0.212173
0.223321
0.234774
0.246534
0.258608
0.270999
0.283711
0.296748
0.310116
0.323817
0.337856
0.352238
0.366967
0.382047
0.397481
0.413276
0.429433
0.445959
0.462857
0.480131
0.497785
0.515825
0.534253
0.553074
0.572293
0.591913
0.611939
0.632375
0.653224
0.674492
0.696183
0.718300
0.740848
0.763831
0.787253
0.811118
0.835431
0.860195
0.885416
0.911096
0.937241
0.963854
-0.045968
-0.045929
-0.045830
-0.045672
-0.045448
-0.045147
-0.044760
-0.044277
-0.043689
-0.042988
-0.042166
-0.041219
-0.040140
-0.038925
-0.037569
-0.036069
-0.034422
-0.032623
-0.030670
-0.028560
-0.026290
-0.023858
-0.021261
-0.018495
-0.015559
-0.012449
-0.009163
-0.005698
-0.002052
0.001780
0.005799
0.010009
0.014412
0.019013
0.023814
0.028818
0.034029
0.039451
0.045086
0.050938
0.057011
0.063308
0.069833
0.076591
0.083583
0.090815
0.098290
0.106012
0.113984
0.122212
0.130698
0.139448
0.148464
0.157750
0.167312
0.177153
0.187277
0.197688
0.208390
0.219388
0.230685
0.242286
0.254195
0.266416
0.278953
0.291811
0.304993
0.318504
0.332347
0.346528
0.361050
0.375918
0.391135
0.406706
0.422635
0.438926
0.455583
0.472610
0.490012
0.507793
0.525957
0.544507
0.563449
0.582786
0.602522
0.622662
0.643210
0.664169
0.685544
0.707339
0.729558
0.752205
0.775285
0.798801
0.822758
0.847160
0.872010
0.897314
0.923074
0.949296
-0.046435
-0.046399
-0.046307
-0.046159
-0.045947
-0.045661
-0.045290
-0.044825
-0.044256
-0.043575
-0.042776
-0.041851
-0.040796
-0.039606
-0.038277
-0.036805
-0.035187
-0.033418
-0.031497
-0.029421
-0.027186
-0.024790
-0.022231
-0.019506
-0.016611
-0.013546
-0.010306
-0.006890
-0.003294
0.000484
0.004448
0.008599
0.012942
0.017479
0.022213
0.027147
0.032285
0.037631
0.043186
0.048955
0.054942
0.061149
0.067580
0.074239
0.081130
0.088256
0.095621
0.103229
0.111083
0.119188
0.127547
0.136164
0.145043
0.154188
0.163603
0.173292
0.183259
0.193508
0.204044
0.214869
0.225988
0.237406
0.249126
0.261152
0.273488
0.286140
0.299109
0.312402
0.326021
0.339971
0.354256
0.368881
0.383848
0.399163
0.414829
0.430851
0.447232
0.463977
0.481089
0.498573
0.516433
0.534673
0.553297
0.572309
0.591713
0.611514
0.631714
0.652319
0.673332
0.694757
0.716599
0.738862
0.761549
0.784665
0.808213
0.832198
0.856624
0.881495
0.906815
0.932588
-0.046966
-0.046933
-0.046848
-0.046711
-0.046513
-0.046243
-0.045891
-0.045446
-0.044899
-0.044241
-0.043466
-0.042568
-0.041541
-0.040379
-0.039080
-0.037640
-0.036054
-0.034320
-0.032435
-0.030396
-0.028201
-0.025846
-0.023330
-0.020650
-0.017804
-0.014788
-0.011600
-0.008239
-0.004700
-0.000982
0.002919
0.007005
0.011278
0.015743
0.020402
0.025258
0.030314
0.035573
0.041039
0.046715
0.052604
0.058709
0.065035
0.071584
0.078360
0.085367
0.092609
0.100088
0.107809
0.115775
0.123990
0.132458
0.141183
0.150169
0.159419
0.168938
0.178728
0.188795
0.199142
0.209773
0.220692
0.231903
0.243410
0.255217
0.267328
0.279747
0.292477
0.305524
0.318891
0.332581
0.346600
0.360950
0.375636
0.390663
0.406033
0.421752
0.437822
0.454248
0.471034
0.488185
0.505703
0.523593
0.541859
0.560505
0.579536
0.598953
0.618763
0.638969
0.659575
0.680584
0.702001
0.723830
0.746075
0.768740
0.791828
0.815344
0.839292
0.863676
0.888499
0.913767
-0.047559
-0.047529
-0.047453
-0.047328
-0.047146
-0.046895
-0.046563
-0.046141
-0.045618
-0.044986
-0.044239
-0.043370
-0.042373
-0.041244
-0.039978
-0.038572
-0.037023
-0.035327
-0.033483
-0.031486
-0.029334
-0.027026
-0.024558
-0.021929
-0.019135
-0.016174
-0.013045
-0.009744
-0.006269
-0.002617
0.001214
0.005226
0.009424
0.013809
0.018384
0.023152
0.028117
0.033281
0.038648
0.044220
0.050000
0.055993
0.062202
0.068629
0.075278
0.082152
0.089256
0.096593
0.104166
0.111978
0.120034
0.128338
0.136892
0.145701
0.154768
0.164097
0.173692
0.183557
0.193695
0.204110
0.214807
0.225789
0.237060
0.248624
0.260484
0.272645
0.285111
0.297884
0.310971
0.324373
0.338096
0.352142
0.366517
0.381223
0.396266
0.411647
0.427373
0.443446
0.459870
0.476650
0.493789
0.511292
0.529161
0.547401
0.566016
0.585010
0.604386
0.624149
0.644302
0.664850
0.685796
0.707144
0.728898
0.751063
0.773641
0.796636
0.820054
0.843897
0.868170
0.892876
-0.048215
-0.048189
-0.048122
-0.048011
-0.047846
-0.047615
-0.047306
-0.046909
-0.046413
-0.045811
-0.045094
-0.044257
-0.043293
-0.042199
-0.040971
-0.039604
-0.038095
-0.036441
-0.034641
-0.032690
-0.030587
-0.028329
-0.025914
-0.023340
-0.020605
-0.017705
-0.014639
-0.011405
-0.008000
-0.004422
-0.000667
0.003265
0.007379
0.011676
0.016160
0.020832
0.025697
0.030756
0.036014
0.041472
0.047134
0.053004
0.059083
0.065376
0.071886
0.078616
0.085569
0.092749
0.100160
0.107804
0.115686
0.123808
0.132175
0.140790
0.149656
0.158778
0.168159
0.177802
0.187711
0.197891
0.208344
0.219075
0.230087
0.241384
0.252970
0.264848
0.277023
0.289498
0.302277
0.315364
0.328762
0.342476
0.356508
0.370864
0.385547
0.400560
0.415907
0.431593
0.447621
0.463995
0.480718
0.497795
0.515229
0.533024
0.551184
0.569713
0.588614
0.607892
0.627549
0.647591
0.668020
0.688841
0.710057
0.731673
0.753691
0.776116
0.798952
0.822202
0.845871
0.869962
-0.048934
-0.048912
-0.048855
-0.048759
-0.048614
-0.048405
-0.048121
-0.047751
-0.047285
-0.046714
-0.046031
-0.045228
-0.044302
-0.043247
-0.042058
-0.040733
-0.039269
-0.037662
-0.035909
-0.034009
-0.031958
-0.029756
-0.027399
-0.024885
-0.022213
-0.019379
-0.016383
-0.013221
-0.009892
-0.006393
-0.002723
0.001123
0.005145
0.009347
0.013731
0.018300
0.023056
0.028002
0.033141
0.038475
0.044009
0.049744
0.055684
0.061831
0.068190
0.074763
0.081553
0.088563
0.095798
0.103259
0.110951
0.118878
0.127041
0.135445
0.144094
0.152991
0.162139
0.171541
0.181203
0.191126
0.201315
0.211774
0.222505
0.233513
0.244801
0.256372
0.268232
0.280382
0.292828
0.305572
0.318618
0.331970
0.345632
0.359607
0.373900
0.388512
0.403450
0.418715
0.434313
0.450246
0.466518
0.483133
0.500095
0.517407
0.535073
0.553097
0.571482
0.590233
0.609352
0.628845
0.648713
0.668962
0.689594
0.710614
0.732024
0.753830
0.776035
0.798642
0.821655
0.845077
-0.049716
-0.049698
-0.049653
-0.049574
-0.049449
-0.049264
-0.049008
-0.048668
-0.048234
-0.047697
-0.047050
-0.046286
-0.045399
-0.044386
-0.043241
-0.041962
-0.040545
-0.038988
-0.037288
-0.035442
-0.033449
-0.031306
-0.029011
-0.026563
-0.023959
-0.021197
-0.018275
-0.015192
-0.011945
-0.008532
-0.004951
-0.001199
0.002725
0.006824
0.011101
0.015557
0.020196
0.025020
0.030031
0.035233
0.040628
0.046218
0.052008
0.057999
0.064195
0.070598
0.077212
0.084040
0.091085
0.098350
0.105839
0.113553
0.121498
0.129676
0.138091
0.146745
0.155643
0.164787
0.174181
0.183829
0.193733
0.203899
0.214328
0.225024
0.235992
0.247234
0.258754
0.270555
0.282642
0.295017
0.307685
0.320648
0.333911
0.347476
0.361348
0.375531
0.390027
0.404840
0.419974
0.435433
0.451219
0.467337
0.483791
0.500583
0.517718
0.535198
0.553029
0.571212
0.589752
0.608653
0.627918
0.647550
0.667554
0.687933
0.708689
0.729829
0.751353
0.773268
0.795575
0.818279
-0.050562
-0.050549
-0.050515
-0.050454
-0.050351
-0.050193
-0.049967
-0.049659
-0.049260
-0.048760
-0.048151
-0.047428
-0.046585
-0.045617
-0.044519
-0.043290
-0.041924
-0.040421
-0.038777
-0.036990
-0.035058
-0.032979
-0.030751
-0.028373
-0.025842
-0.023157
-0.020316
-0.017316
-0.014157
-0.010836
-0.007351
-0.003700
0.000119
0.004108
0.008270
0.012606
0.017120
0.021813
0.026688
0.031748
0.036994
0.042431
0.048059
0.053883
0.059905
0.066128
0.072554
0.079187
0.086029
0.093085
0.100355
0.107845
0.115556
0.123492
0.131656
0.140052
0.148682
0.157550
0.166659
0.176012
0.185613
0.195465
0.205571
0.215936
0.226561
0.237450
0.248608
0.260036
0.271740
0.283721
0.295984
0.308532
0.321368
0.334497
0.347920
0.361642
0.375667
0.389997
0.404636
0.419587
0.434855
0.450443
0.466353
0.482590
0.499156
0.516057
0.533294
0.550871
0.568793
0.587062
0.605681
0.624655
0.643987
0.663681
0.683739
0.704165
0.724964
0.746138
0.767691
0.789626
-0.051471
-0.051463
-0.051443
-0.051400
-0.051322
-0.051192
-0.050997
-0.050724
-0.050362
-0.049902
-0.049336
-0.048657
-0.047860
-0.046940
-0.045893
-0.044716
-0.043406
-0.041960
-0.040376
-0.038651
-0.036785
-0.034774
-0.032618
-0.030315
-0.027862
-0.025259
-0.022503
-0.019593
-0.016527
-0.013304
-0.009922
-0.006378
-0.002670
0.001202
0.005242
0.009451
0.013831
0.018385
0.023115
0.028024
0.033113
0.038386
0.043844
0.049490
0.055327
0.061358
0.067585
0.074011
0.080638
0.087470
0.094510
0.101760
0.109223
0.116903
0.124801
0.132922
0.141269
0.149843
0.158650
0.167690
0.176969
0.186489
0.196253
0.206264
0.216526
0.227041
0.237814
0.248847
0.260144
0.271707
0.283541
0.295648
0.308031
0.320695
0.333642
0.346876
0.360400
0.374217
0.388331
0.402745
0.417462
0.432485
0.447819
0.463466
0.479430
0.495714
0.512321
0.529256
0.546520
0.564118
0.582053
0.600328
0.618946
0.637912
0.657228
0.676898
0.696926
0.717314
0.738065
0.759185
-0.052444
-0.052441
-0.052435
-0.052413
-0.052360
-0.052261
-0.052100
-0.051864
-0.051542
-0.051125
-0.050603
-0.049972
-0.049224
-0.048356
-0.047363
-0.046242
-0.044990
-0.043606
-0.042085
-0.040428
-0.038631
-0.036693
-0.034613
-0.032388
-0.030019
-0.027502
-0.024837
-0.022022
-0.019055
-0.015935
-0.012661
-0.009230
-0.005641
-0.001893
0.002018
0.006092
0.010332
0.014739
0.019316
0.024065
0.028988
0.034088
0.039366
0.044824
0.050467
0.056295
0.062311
0.068518
0.074919
0.081516
0.088312
0.095309
0.102511
0.109919
0.117538
0.125369
0.133416
0.141681
0.150168
0.158879
0.167818
0.176987
0.186389
0.196028
0.205907
0.216028
0.226394
0.237010
0.247877
0.258999
0.270380
0.282021
0.293928
0.306101
0.318546
0.331264
0.344259
0.357535
0.371094
0.384940
0.399076
0.413505
0.428230
0.443255
0.458582
0.474215
0.490158
0.506413
0.522983
0.539873
0.557085
0.574622
0.592487
0.610685
0.629218
0.648089
0.667302
0.686860
0.706766
0.727024
-0.053480
-0.053484
-0.053492
-0.053492
-0.053467
-0.053400
-0.053276
-0.053079
-0.052800
-0.052428
-0.051954
-0.051373
-0.050677
-0.049864
-0.048928
-0.047867
-0.046678
-0.045358
-0.043905
-0.042318
-0.040595
-0.038734
-0.036734
-0.034593
-0.032311
-0.029886
-0.027316
-0.024601
-0.021739
-0.018728
-0.015568
-0.012256
-0.008792
-0.005173
-0.001399
0.002534
0.006626
0.010879
0.015295
0.019876
0.024625
0.029542
0.034631
0.039892
0.045330
0.050945
0.056740
0.062718
0.068881
0.075231
0.081770
0.088502
0.095429
0.102553
0.109878
0.117405
0.125137
0.133078
0.141229
0.149594
0.158176
0.166977
0.176000
0.185248
0.194724
0.204430
0.214371
0.224548
0.234964
0.245623
0.256528
0.267681
0.279086
0.290745
0.302661
0.314838
0.327279
0.339986
0.352963
0.366213
0.379738
0.393542
0.407628
0.421999
0.436658
0.451608
0.466852
0.482394
0.498236
0.514381
0.530833
0.547595
0.564670
0.582060
0.599770
0.617802
0.636160
0.654846
0.673863
0.693216
-0.054581
-0.054590
-0.054615
-0.054638
-0.054643
-0.054610
-0.054524
-0.054370
-0.054136
-0.053811
-0.053388
-0.052860
-0.052220
-0.051465
-0.050590
-0.049592
-0.048468
-0.047217
-0.045835
-0.044323
-0.042677
-0.040897
-0.038981
-0.036929
-0.034739
-0.032409
-0.029940
-0.027330
-0.024577
-0.021681
-0.018641
-0.015454
-0.012120
-0.008638
-0.005005
-0.001221
0.002716
0.006807
0.011055
0.015461
0.020027
0.024754
0.029644
0.034700
0.039923
0.045316
0.050880
0.056618
0.062532
0.068624
0.074896
0.081350
0.087990
0.094817
0.101834
0.109043
0.116447
0.124048
0.131849
0.139853
0.148061
0.156477
0.165104
0.173943
0.182999
0.192272
0.201767
0.211486
0.221432
0.231607
0.242014
0.252656
0.263537
0.274658
0.286023
0.297634
0.309495
0.321608
0.333976
0.346602
0.359489
0.372640
0.386058
0.399745
0.413706
0.427941
0.442455
0.457251
0.472331
0.487699
0.503357
0.519308
0.535555
0.552102
0.568951
0.586106
0.603569
0.621343
0.639432
0.657838
-0.055746
-0.055762
-0.055803
-0.055851
-0.055887
-0.055891
-0.055846
-0.055736
-0.055549
-0.055276
-0.054906
-0.054434
-0.053853
-0.053159
-0.052348
-0.051416
-0.050362
-0.049182
-0.047876
-0.046441
-0.044877
-0.043182
-0.041355
-0.039395
-0.037301
-0.035073
-0.032708
-0.030208
-0.027570
-0.024793
-0.021878
-0.018821
-0.015624
-0.012284
-0.008799
-0.005170
-0.001395
0.002528
0.006601
0.010824
0.015199
0.019728
0.024412
0.029254
0.034254
0.039415
0.044739
0.050227
0.055881
0.061704
0.067698
0.073864
0.080205
0.086723
0.093419
0.100298
0.107360
0.114608
0.122044
0.129671
0.137492
0.145508
0.153722
0.162136
0.170754
0.179577
0.188608
0.197850
0.207306
0.216977
0.226867
0.236978
0.247313
0.257874
0.268665
0.279687
0.290945
0.302439
0.314174
0.326151
0.338374
0.350845
0.363567
0.376543
0.389775
0.403267
0.417022
0.431041
0.445328
0.459885
0.474716
0.489823
0.505210
0.520878
0.536831
0.553072
0.569603
0.586428
0.603549
0.620969
-0.056975
-0.056998
-0.057057
-0.057132
-0.057200
-0.057243
-0.057240
-0.057178
-0.057042
-0.056822
-0.056509
-0.056096
-0.055577
-0.054947
-0.054203
-0.053341
-0.052359
-0.051255
-0.050027
-0.048674
-0.047195
-0.045589
-0.043854
-0.041991
-0.039998
-0.037874
-0.035620
-0.033233
-0.030715
-0.028063
-0.025277
-0.022357
-0.019301
-0.016108
-0.012778
-0.009310
-0.005702
-0.001954
0.001936
0.005969
0.010147
0.014470
0.018941
0.023560
0.028329
0.033249
0.038324
0.043553
0.048938
0.054483
0.060188
0.066055
0.072086
0.078283
0.084648
0.091184
0.097892
0.104774
0.111832
0.119069
0.126487
0.134088
0.141875
0.149849
0.158013
0.166369
0.174920
0.183668
0.192615
0.201764
0.211118
0.220678
0.230447
0.240428
0.250624
0.261036
0.271667
0.282520
0.293598
0.304902
0.316436
0.328203
0.340204
0.352442
0.364920
0.377641
0.390607
0.403820
0.417285
0.431002
0.444976
0.459208
0.473701
0.488458
0.503481
0.518774
0.534339
0.550179
0.566296
0.582694
-0.058269
-0.058299
-0.058377
-0.058479
-0.058583
-0.058666
-0.058709
-0.058696
-0.058613
-0.058449
-0.058196
-0.057845
-0.057390
-0.056828
-0.056154
-0.055365
-0.054459
-0.053435
-0.052289
-0.051022
-0.049631
-0.048118
-0.046479
-0.044716
-0.042828
-0.040814
-0.038673
-0.036405
-0.034011
-0.031488
-0.028837
-0.026058
-0.023149
-0.020109
-0.016939
-0.013638
-0.010203
-0.006636
-0.002934
0.000903
0.004876
0.008986
0.013236
0.017625
0.022155
0.026827
0.031643
0.036605
0.041713
0.046970
0.052376
0.057934
0.063646
0.069512
0.075535
0.081716
0.088058
0.094562
0.101230
0.108065
0.115067
0.122240
0.129585
0.137104
0.144799
0.152673
0.160728
0.168966
0.177388
0.185998
0.194798
0.203789
0.212974
0.222356
0.231937
0.241718
0.251703
0.261894
0.272293
0.282902
0.293725
0.304763
0.316019
0.327495
0.339193
0.351117
0.363269
0.375650
0.388265
0.401114
0.414201
0.427529
0.441099
0.454914
0.468977
0.483290
0.497857
0.512678
0.527758
0.543098
-0.059628
-0.059666
-0.059763
-0.059895
-0.060035
-0.060161
-0.060252
-0.060291
-0.060263
-0.060159
-0.059967
-0.059681
-0.059295
-0.058803
-0.058203
-0.057491
-0.056664
-0.055721
-0.054661
-0.053483
-0.052185
-0.050768
-0.049230
-0.047571
-0.045791
-0.043890
-0.041868
-0.039723
-0.037457
-0.035068
-0.032557
-0.029923
-0.027165
-0.024284
-0.021279
-0.018149
-0.014894
-0.011514
-0.008006
-0.004372
-0.000609
0.003282
0.007303
0.011456
0.015739
0.020156
0.024707
0.029393
0.034216
0.039176
0.044275
0.049516
0.054898
0.060423
0.066093
0.071911
0.077876
0.083991
0.090258
0.096677
0.103252
0.109984
0.116875
0.123926
0.131139
0.138517
0.146061
0.153773
0.161656
0.169711
0.177940
0.186346
0.194930
0.203695
0.212642
0.221775
0.231095
0.240603
0.250304
0.260198
0.270288
0.280576
0.291064
0.301755
0.312652
0.323755
0.335068
0.346593
0.358332
0.370287
0.382462
0.394857
0.407477
0.420322
0.433395
0.446700
0.460237
0.474010
0.488021
0.502273
-0.061052
-0.061098
-0.061216
-0.061378
-0.061557
-0.061727
-0.061868
-0.061962
-0.061993
-0.061951
-0.061824
-0.061606
-0.061291
-0.060873
-0.060349
-0.059716
-0.058972
-0.058116
-0.057145
-0.056059
-0.054857
-0.053539
-0.052105
-0.050555
-0.048887
-0.047103
-0.045203
-0.043185
-0.041051
-0.038801
-0.036433
-0.033949
-0.031348
-0.028630
-0.025795
-0.022842
-0.019771
-0.016583
-0.013275
-0.009849
-0.006303
-0.002636
0.001151
0.005059
0.009091
0.013245
0.017523
0.021926
0.026456
0.031112
0.035897
0.040810
0.045855
0.051030
0.056339
0.061783
0.067362
0.073078
0.078932
0.084927
0.091064
0.097343
0.103767
0.110338
0.117057
0.123926
0.130946
0.138120
0.145448
0.152934
0.160578
0.168383
0.176351
0.184483
0.192781
0.201248
0.209884
0.218694
0.227677
0.236837
0.246175
0.255694
0.265395
0.275280
0.285353
0.295614
0.306066
0.316711
0.327552
0.338590
0.349827
0.361266
0.372909
0.384759
0.396816
0.409085
0.421566
0.434262
0.447176
0.460310
-0.062541
-0.062596
-0.062736
-0.062930
-0.063149
-0.063366
-0.063560
-0.063711
-0.063803
-0.063825
-0.063767
-0.063620
-0.063378
-0.063037
-0.062593
-0.062043
-0.061385
-0.060617
-0.059739
-0.058749
-0.057647
-0.056432
-0.055106
-0.053667
-0.052115
-0.050452
-0.048677
-0.046791
-0.044794
-0.042685
-0.040466
-0.038136
-0.035695
-0.033145
-0.030484
-0.027713
-0.024831
-0.021839
-0.018737
-0.015523
-0.012199
-0.008763
-0.005216
-0.001556
0.002216
0.006101
0.010101
0.014215
0.018444
0.022789
0.027251
0.031831
0.036530
0.041349
0.046288
0.051349
0.056533
0.061841
0.067274
0.072834
0.078522
0.084340
0.090287
0.096367
0.102580
0.108929
0.115413
0.122036
0.128798
0.135701
0.142747
0.149938
0.157275
0.164759
0.172393
0.180179
0.188117
0.196211
0.204461
0.212869
0.221438
0.230170
0.239065
0.248127
0.257356
0.266756
0.276327
0.286072
0.295993
0.306091
0.316370
0.326830
0.337474
0.348304
0.359322
0.370530
0.381930
0.393524
0.405315
0.417303
-0.064095
-0.064159
-0.064322
-0.064550
-0.064811
-0.065078
-0.065326
-0.065537
-0.065693
-0.065783
-0.065795
-0.065722
-0.065558
-0.065297
-0.064936
-0.064472
-0.063903
-0.063227
-0.062444
-0.061553
-0.060554
-0.059446
-0.058230
-0.056907
-0.055475
-0.053936
-0.052291
-0.050539
-0.048682
-0.046719
-0.044652
-0.042480
-0.040204
-0.037825
-0.035343
-0.032757
-0.030069
-0.027279
-0.024386
-0.021390
-0.018293
-0.015093
-0.011790
-0.008385
-0.004877
-0.001266
0.002449
0.006268
0.010191
0.014219
0.018352
0.022592
0.026939
0.031392
0.035955
0.040626
0.045407
0.050299
0.055303
0.060420
0.065651
0.070997
0.076458
0.082038
0.087735
0.093553
0.099491
0.105552
0.111737
0.118046
0.124483
0.131047
0.137740
0.144564
0.151521
0.158612
0.165838
0.173201
0.180704
0.188346
0.196131
0.204059
0.212132
0.220353
0.228723
0.237243
0.245915
0.254742
0.263725
0.272865
0.282165
0.291626
0.301251
0.311040
0.320997
0.331123
0.341419
0.351888
0.362532
0.373352
-0.065716
-0.065789
-0.065976
-0.066239
-0.066544
-0.066862
-0.067168
-0.067441
-0.067664
-0.067823
-0.067910
-0.067914
-0.067829
-0.067651
-0.067376
-0.067002
-0.066525
-0.065945
-0.065261
-0.064472
-0.063579
-0.062581
-0.061480
-0.060274
-0.058966
-0.057555
-0.056042
-0.054429
-0.052715
-0.050902
-0.048990
-0.046980
-0.044873
-0.042669
-0.040369
-0.037973
-0.035482
-0.032897
-0.030218
-0.027445
-0.024578
-0.021618
-0.018565
-0.015419
-0.012180
-0.008848
-0.005423
-0.001904
0.001707
0.005413
0.009212
0.013105
0.017093
0.021177
0.025355
0.029630
0.034002
0.038471
0.043039
0.047705
0.052471
0.057338
0.062305
0.067376
0.072549
0.077827
0.083211
0.088700
0.094298
0.100004
0.105820
0.111747
0.117786
0.123939
0.130207
0.136592
0.143093
0.149714
0.156456
0.163319
0.170305
0.177417
0.184654
0.192020
0.199514
0.207140
0.214898
0.222790
0.230818
0.238983
0.247287
0.255732
0.264319
0.273050
0.281927
0.290951
0.300124
0.309448
0.318924
0.328555
-0.067402
-0.067485
-0.067697
-0.067997
-0.068348
-0.068720
-0.069086
-0.069423
-0.069715
-0.069948
-0.070111
-0.070195
-0.070194
-0.070102
-0.069916
-0.069634
-0.069252
-0.068771
-0.068189
-0.067506
-0.066722
-0.065837
-0.064853
-0.063769
-0.062587
-0.061307
-0.059931
-0.058459
-0.056892
-0.055231
-0.053478
-0.051634
-0.049698
-0.047673
-0.045559
-0.043356
-0.041067
-0.038691
-0.036229
-0.033682
-0.031050
-0.028334
-0.025534
-0.022651
-0.019685
-0.016636
-0.013505
-0.010292
-0.006996
-0.003618
-0.000158
0.003384
0.007009
0.010716
0.014506
0.018380
0.022336
0.026377
0.030501
0.034711
0.039006
0.043386
0.047854
0.052408
0.057050
0.061781
0.066602
0.071513
0.076515
0.081609
0.086796
0.092077
0.097453
0.102925
0.108495
0.114163
0.119930
0.125798
0.131768
0.137840
0.144017
0.150300
0.156690
0.163187
0.169794
0.176512
0.183343
0.190287
0.197346
0.204522
0.211815
0.219228
0.226762
0.234419
0.242199
0.250105
0.258137
0.266299
0.274590
0.283013
-0.069155
-0.069248
-0.069485
-0.069824
-0.070223
-0.070651
-0.071079
-0.071484
-0.071848
-0.072157
-0.072400
-0.072567
-0.072652
-0.072649
-0.072555
-0.072368
-0.072085
-0.071705
-0.071228
-0.070654
-0.069983
-0.069214
-0.068350
-0.067392
-0.066339
-0.065193
-0.063956
-0.062628
-0.061211
-0.059707
-0.058115
-0.056439
-0.054678
-0.052835
-0.050910
-0.048904
-0.046819
-0.044655
-0.042413
-0.040095
-0.037702
-0.035233
-0.032690
-0.030074
-0.027384
-0.024622
-0.021789
-0.018884
-0.015908
-0.012862
-0.009745
-0.006557
-0.003300
0.000027
0.003424
0.006891
0.010428
0.014035
0.017712
0.021459
0.025278
0.029167
0.033128
0.037161
0.041266
0.045444
0.049696
0.054021
0.058421
0.062896
0.067448
0.072076
0.076781
0.081565
0.086428
0.091371
0.096396
0.101502
0.106691
0.111964
0.117323
0.122767
0.128298
0.133918
0.139627
0.145427
0.151318
0.157303
0.163381
0.169556
0.175826
0.182195
0.188663
0.195232
0.201902
0.208676
0.215554
0.222539
0.229630
0.236831
-0.070973
-0.071077
-0.071342
-0.071720
-0.072170
-0.072656
-0.073149
-0.073624
-0.074063
-0.074451
-0.074776
-0.075029
-0.075203
-0.075293
-0.075294
-0.075205
-0.075024
-0.074749
-0.074380
-0.073917
-0.073361
-0.072712
-0.071972
-0.071141
-0.070220
-0.069211
-0.068116
-0.066936
-0.065672
-0.064326
-0.062900
-0.061394
-0.059811
-0.058152
-0.056419
-0.054612
-0.052734
-0.050785
-0.048767
-0.046681
-0.044528
-0.042310
-0.040026
-0.037679
-0.035269
-0.032798
-0.030265
-0.027671
-0.025018
-0.022306
-0.019535
-0.016706
-0.013820
-0.010876
-0.007876
-0.004819
-0.001705
0.001464
0.004690
0.007972
0.011310
0.014705
0.018155
0.021662
0.025226
0.028846
0.032524
0.036259
0.040052
0.043903
0.047813
0.051782
0.055811
0.059901
0.064052
0.068264
0.072539
0.076877
0.081279
0.085745
0.090277
0.094875
0.099541
0.104275
0.109078
0.113951
0.118894
0.123910
0.128999
0.134162
0.139401
0.144715
0.150107
0.155577
0.161127
0.166758
0.172470
0.178266
0.184146
0.190112
-0.072859
-0.072974
-0.073267
-0.073687
-0.074189
-0.074735
-0.075295
-0.075843
-0.076360
-0.076830
-0.077240
-0.077582
-0.077848
-0.078033
-0.078133
-0.078146
-0.078069
-0.077902
-0.077644
-0.077296
-0.076858
-0.076331
-0.075717
-0.075016
-0.074231
-0.073362
-0.072412
-0.071381
-0.070273
-0.069088
-0.067829
-0.066497
-0.065095
-0.063623
-0.062084
-0.060479
-0.058810
-0.057078
-0.055286
-0.053434
-0.051524
-0.049558
-0.047537
-0.045461
-0.043333
-0.041153
-0.038923
-0.036643
-0.034315
-0.031940
-0.029518
-0.027049
-0.024536
-0.021978
-0.019377
-0.016732
-0.014044
-0.011314
-0.008542
-0.005728
-0.002873
0.000023
0.002960
0.005938
0.008957
0.012016
0.015117
0.018258
0.021441
0.024664
0.027929
0.031236
0.034585
0.037976
0.041410
0.044887
0.048408
0.051973
0.055582
0.059237
0.062938
0.066685
0.070479
0.074321
0.078212
0.082152
0.086141
0.090182
0.094275
0.098420
0.102619
0.106871
0.111179
0.115544
0.119965
0.124444
0.128983
0.133581
0.138241
0.142962
-0.074811
-0.074938
-0.075260
-0.075723
-0.076279
-0.076889
-0.077518
-0.078142
-0.078740
-0.079294
-0.079793
-0.080227
-0.080588
-0.080872
-0.081073
-0.081190
-0.081220
-0.081164
-0.081020
-0.080790
-0.080473
-0.080072
-0.079586
-0.079019
-0.078371
-0.077644
-0.076841
-0.075963
-0.075013
-0.073992
-0.072902
-0.071746
-0.070526
-0.069244
-0.067901
-0.066499
-0.065042
-0.063529
-0.061965
-0.060349
-0.058684
-0.056972
-0.055214
-0.053412
-0.051567
-0.049681
-0.047755
-0.045790
-0.043789
-0.041751
-0.039679
-0.037573
-0.035434
-0.033264
-0.031062
-0.028831
-0.026570
-0.024282
-0.021965
-0.019621
-0.017250
-0.014854
-0.012432
-0.009984
-0.007512
-0.005014
-0.002493
0.000053
0.002623
0.005217
0.007835
0.010477
0.013144
0.015834
0.018549
0.021288
0.024052
0.026841
0.029655
0.032495
0.035362
0.038254
0.041174
0.044120
0.047095
0.050098
0.053130
0.056192
0.059284
0.062407
0.065561
0.068748
0.071967
0.075220
0.078508
0.081830
0.085189
0.088584
0.092017
0.095488
-0.076830
-0.076969
-0.077322
-0.077830
-0.078442
-0.079117
-0.079819
-0.080522
-0.081202
-0.081845
-0.082435
-0.082964
-0.083424
-0.083808
-0.084114
-0.084338
-0.084479
-0.084536
-0.084510
-0.084399
-0.084207
-0.083933
-0.083579
-0.083147
-0.082640
-0.082058
-0.081405
-0.080682
-0.079891
-0.079036
-0.078118
-0.077140
-0.076104
-0.075012
-0.073867
-0.072671
-0.071426
-0.070135
-0.068799
-0.067421
-0.066002
-0.064545
-0.063052
-0.061524
-0.059963
-0.058371
-0.056751
-0.055102
-0.053428
-0.051729
-0.050007
-0.048264
-0.046500
-0.044717
-0.042916
-0.041099
-0.039266
-0.037418
-0.035557
-0.033683
-0.031798
-0.029901
-0.027994
-0.026077
-0.024151
-0.022216
-0.020274
-0.018324
-0.016367
-0.014402
-0.012432
-0.010455
-0.008471
-0.006482
-0.004487
-0.002486
-0.000480
0.001533
0.003551
0.005576
0.007606
0.009643
0.011687
0.013737
0.015795
0.017860
0.019933
0.022014
0.024103
0.026202
0.028310
0.030428
0.032557
0.034697
0.036848
0.039011
0.041187
0.043377
0.045580
0.047799
-0.078916
-0.079068
-0.079452
-0.080007
-0.080678
-0.081420
-0.082198
-0.082981
-0.083749
-0.084482
-0.085167
-0.085794
-0.086354
-0.086843
-0.087256
-0.087591
-0.087845
-0.088019
-0.088112
-0.088125
-0.088059
-0.087915
-0.087696
-0.087402
-0.087037
-0.086603
-0.086101
-0.085535
-0.084907
-0.084219
-0.083475
-0.082676
-0.081826
-0.080927
-0.079981
-0.078992
-0.077961
-0.076891
-0.075785
-0.074645
-0.073473
-0.072272
-0.071044
-0.069790
-0.068514
-0.067217
-0.065902
-0.064569
-0.063222
-0.061861
-0.060490
-0.059108
-0.057719
-0.056323
-0.054922
-0.053518
-0.052112
-0.050705
-0.049299
-0.047894
-0.046492
-0.045094
-0.043701
-0.042313
-0.040933
-0.039560
-0.038195
-0.036839
-0.035494
-0.034158
-0.032833
-0.031520
-0.030218
-0.028929
-0.027652
-0.026389
-0.025138
-0.023901
-0.022677
-0.021467
-0.020270
-0.019088
-0.017919
-0.016764
-0.015622
-0.014494
-0.013380
-0.012279
-0.011191
-0.010115
-0.009053
-0.008002
-0.006964
-0.005937
-0.004921
-0.003917
-0.002923
-0.001939
-0.000965
0.000000
-0.081070
-0.081234
-0.081652
-0.082255
-0.082987
-0.083799
-0.084654
-0.085522
-0.086379
-0.087205
-0.087988
-0.088716
-0.089381
-0.089977
-0.090501
-0.090949
-0.091320
-0.091613
-0.091828
-0.091967
-0.092030
-0.092019
-0.091936
-0.091784
-0.091563
-0.091278
-0.090930
-0.090523
-0.090059
-0.089540
-0.088971
-0.088353
-0.087690
-0.086985
-0.086240
-0.085457
-0.084641
-0.083794
-0.082918
-0.082017
-0.081092
-0.080147
-0.079183
-0.078204
-0.077212
-0.076210
-0.075199
-0.074181
-0.073160
-0.072137
-0.071114
-0.070094
-0.069078
-0.068068
-0.067065
-0.066073
-0.065091
-0.064123
-0.063169
-0.062231
-0.061310
-0.060409
-0.059527
-0.058667
-0.057829
-0.057014
-0.056225
-0.055461
-0.054723
-0.054013
-0.053331
-0.052679
-0.052056
-0.051463
-0.050902
-0.050372
-0.049874
-0.049408
-0.048976
-0.048577
-0.048211
-0.047879
-0.047582
-0.047318
-0.047090
-0.046895
-0.046736
-0.046611
-0.046521
-0.046466
-0.046445
-0.046459
-0.046507
-0.046590
-0.046707
-0.046858
-0.047043
-0.047261
-0.047513
-0.047798
-0.083291
-0.083469
-0.083921
-0.084575
-0.085369
-0.086254
-0.087190
-0.088144
-0.089093
-0.090017
-0.090900
-0.091732
-0.092505
-0.093211
-0.093848
-0.094412
-0.094902
-0.095318
-0.095658
-0.095926
-0.096121
-0.096245
-0.096301
-0.096291
-0.096218
-0.096084
-0.095892
-0.095645
-0.095346
-0.094999
-0.094606
-0.094170
-0.093695
-0.093184
-0.092640
-0.092066
-0.091465
-0.090840
-0.090195
-0.089532
-0.088854
-0.088164
-0.087465
-0.086760
-0.086051
-0.085341
-0.084633
-0.083930
-0.083233
-0.082546
-0.081870
-0.081208
-0.080562
-0.079935
-0.079329
-0.078745
-0.078185
-0.077652
-0.077148
-0.076673
-0.076230
-0.075821
-0.075447
-0.075110
-0.074811
-0.074551
-0.074332
-0.074155
-0.074021
-0.073932
-0.073889
-0.073892
-0.073942
-0.074041
-0.074190
-0.074388
-0.074638
-0.074939
-0.075292
-0.075698
-0.076158
-0.076672
-0.077240
-0.077863
-0.078541
-0.079274
-0.080064
-0.080909
-0.081811
-0.082770
-0.083785
-0.084857
-0.085986
-0.087173
-0.088416
-0.089716
-0.091073
-0.092488
-0.093959
-0.095488
-0.085579
-0.085771
-0.086259
-0.086965
-0.087824
-0.088785
-0.089804
-0.090848
-0.091892
-0.092916
-0.093903
-0.094842
-0.095725
-0.096546
-0.097299
-0.097982
-0.098594
-0.099134
-0.099603
-0.100001
-0.100331
-0.100593
-0.100790
-0.100925
-0.101001
-0.101020
-0.100985
-0.100901
-0.100769
-0.100594
-0.100378
-0.100125
-0.099839
-0.099523
-0.099180
-0.098815
-0.098429
-0.098026
-0.097611
-0.097186
-0.096754
-0.096318
-0.095882
-0.095449
-0.095022
-0.094603
-0.094197
-0.093805
-0.093430
-0.093076
-0.092744
-0.092438
-0.092160
-0.091912
-0.091697
-0.091518
-0.091377
-0.091275
-0.091215
-0.091199
-0.091230
-0.091308
-0.091437
-0.091617
-0.091851
-0.092140
-0.092485
-0.092890
-0.093354
-0.093879
-0.094467
-0.095120
-0.095837
-0.096621
-0.097472
-0.098392
-0.099382
-0.100442
-0.101573
-0.102777
-0.104055
-0.105406
-0.106831
-0.108332
-0.109909
-0.111562
-0.113292
-0.115100
-0.116985
-0.118949
-0.120991
-0.123113
-0.125314
-0.127594
-0.129955
-0.132395
-0.134916
-0.137517
-0.140199
-0.142961
-0.087936
-0.088142
-0.088667
-0.089427
-0.090354
-0.091392
-0.092497
-0.093635
-0.094777
-0.095903
-0.096997
-0.098047
-0.099044
-0.099981
-0.100853
-0.101659
-0.102396
-0.103064
-0.103663
-0.104195
-0.104661
-0.105063
-0.105404
-0.105686
-0.105912
-0.106086
-0.106211
-0.106289
-0.106326
-0.106324
-0.106286
-0.106217
-0.106121
-0.106000
-0.105859
-0.105701
-0.105530
-0.105349
-0.105163
-0.104974
-0.104787
-0.104604
-0.104430
-0.104267
-0.104119
-0.103989
-0.103881
-0.103798
-0.103742
-0.103717
-0.103726
-0.103771
-0.103856
-0.103984
-0.104157
-0.104377
-0.104648
-0.104972
-0.105352
-0.105789
-0.106286
-0.106846
-0.107471
-0.108162
-0.108922
-0.109752
-0.110655
-0.111633
-0.112687
-0.113819
-0.115031
-0.116324
-0.117699
-0.119159
-0.120704
-0.122337
-0.124057
-0.125867
-0.127767
-0.129759
-0.131844
-0.134022
-0.136295
-0.138663
-0.141128
-0.143690
-0.146350
-0.149109
-0.151967
-0.154924
-0.157983
-0.161142
-0.164403
-0.167766
-0.171231
-0.174800
-0.178472
-0.182247
-0.186127
-0.190111
-0.090360
-0.090581
-0.091144
-0.091960
-0.092957
-0.094075
-0.095270
-0.096503
-0.097747
-0.098980
-0.100184
-0.101347
-0.102461
-0.103517
-0.104512
-0.105443
-0.106307
-0.107106
-0.107838
-0.108506
-0.109112
-0.109656
-0.110142
-0.110573
-0.110952
-0.111282
-0.111568
-0.111811
-0.112017
-0.112188
-0.112330
-0.112445
-0.112538
-0.112612
-0.112673
-0.112722
-0.112765
-0.112805
-0.112847
-0.112894
-0.112949
-0.113018
-0.113102
-0.113207
-0.113336
-0.113492
-0.113679
-0.113900
-0.114159
-0.114459
-0.114804
-0.115196
-0.115640
-0.116137
-0.116692
-0.117306
-0.117984
-0.118727
-0.119539
-0.120422
-0.121379
-0.122413
-0.123525
-0.124719
-0.125997
-0.127360
-0.128812
-0.130354
-0.131989
-0.133718
-0.135543
-0.137466
-0.139490
-0.141615
-0.143843
-0.146177
-0.148617
-0.151164
-0.153822
-0.156590
-0.159470
-0.162463
-0.165571
-0.168794
-0.172134
-0.175592
-0.179168
-0.182864
-0.186680
-0.190618
-0.194678
-0.198861
-0.203167
-0.207598
-0.212154
-0.216836
-0.221644
-0.226578
-0.231640
-0.236830
-0.092852
-0.093089
-0.093691
-0.094565
-0.095634
-0.096836
-0.098123
-0.099455
-0.100803
-0.102145
-0.103463
-0.104743
-0.105976
-0.107155
-0.108276
-0.109334
-0.110330
-0.111262
-0.112130
-0.112937
-0.113683
-0.114372
-0.115006
-0.115588
-0.116121
-0.116609
-0.117056
-0.117465
-0.117841
-0.118187
-0.118508
-0.118808
-0.119090
-0.119360
-0.119620
-0.119877
-0.120133
-0.120393
-0.120660
-0.120940
-0.121237
-0.121553
-0.121894
-0.122264
-0.122666
-0.123103
-0.123581
-0.124103
-0.124672
-0.125293
-0.125968
-0.126702
-0.127497
-0.128358
-0.129288
-0.130290
-0.131366
-0.132521
-0.133758
-0.135079
-0.136487
-0.137985
-0.139577
-0.141264
-0.143049
-0.144936
-0.146926
-0.149021
-0.151226
-0.153540
-0.155967
-0.158509
-0.161169
-0.163947
-0.166845
-0.169867
-0.173013
-0.176286
-0.179686
-0.183216
-0.186877
-0.190671
-0.194598
-0.198661
-0.202861
-0.207199
-0.211676
-0.216293
-0.221052
-0.225953
-0.230998
-0.236188
-0.241523
-0.247004
-0.252633
-0.258409
-0.264335
-0.270410
-0.276636
-0.283013
-0.095412
-0.095665
-0.096309
-0.097243
-0.098386
-0.099674
-0.101056
-0.102490
-0.103946
-0.105401
-0.106835
-0.108235
-0.109591
-0.110896
-0.112145
-0.113335
-0.114464
-0.115531
-0.116538
-0.117486
-0.118376
-0.119212
-0.119995
-0.120730
-0.121419
-0.122066
-0.122676
-0.123252
-0.123799
-0.124320
-0.124821
-0.125304
-0.125776
-0.126240
-0.126701
-0.127163
-0.127630
-0.128108
-0.128600
-0.129111
-0.129645
-0.130207
-0.130801
-0.131432
-0.132103
-0.132818
-0.133582
-0.134399
-0.135274
-0.136209
-0.137208
-0.138277
-0.139418
-0.140635
-0.141932
-0.143313
-0.144781
-0.146339
-0.147991
-0.149740
-0.151589
-0.153543
-0.155602
-0.157772
-0.160054
-0.162452
-0.164968
-0.167605
-0.170366
-0.173254
-0.176270
-0.179417
-0.182698
-0.186114
-0.189669
-0.193364
-0.197201
-0.201183
-0.205310
-0.209586
-0.214012
-0.218589
-0.223319
-0.228205
-0.233247
-0.238447
-0.243806
-0.249326
-0.255008
-0.260854
-0.266864
-0.273041
-0.279384
-0.285896
-0.292576
-0.299427
-0.306450
-0.313644
-0.321012
-0.328554
-0.098040
-0.098310
-0.098996
-0.099992
-0.101213
-0.102590
-0.104069
-0.105609
-0.107176
-0.108746
-0.110300
-0.111824
-0.113306
-0.114741
-0.116121
-0.117445
-0.118710
-0.119916
-0.121064
-0.122155
-0.123192
-0.124176
-0.125111
-0.125999
-0.126846
-0.127654
-0.128428
-0.129172
-0.129890
-0.130586
-0.131267
-0.131934
-0.132595
-0.133252
-0.133912
-0.134578
-0.135255
-0.135949
-0.136663
-0.137402
-0.138172
-0.138976
-0.139819
-0.140706
-0.141641
-0.142629
-0.143675
-0.144782
-0.145955
-0.147198
-0.148515
-0.149911
-0.151390
-0.152955
-0.154612
-0.156362
-0.158212
-0.160163
-0.162220
-0.164387
-0.166667
-0.169064
-0.171580
-0.174220
-0.176987
-0.179883
-0.182912
-0.186077
-0.189380
-0.192826
-0.196416
-0.200153
-0.204039
-0.208079
-0.212273
-0.216624
-0.221135
-0.225808
-0.230645
-0.235648
-0.240820
-0.246162
-0.251676
-0.257364
-0.263228
-0.269270
-0.275491
-0.281892
-0.288477
-0.295245
-0.302199
-0.309340
-0.316669
-0.324188
-0.331898
-0.339799
-0.347894
-0.356184
-0.364669
-0.373351
-0.100736
-0.101024
-0.101753
-0.102814
-0.104114
-0.105583
-0.107163
-0.108812
-0.110494
-0.112183
-0.113860
-0.115510
-0.117122
-0.118689
-0.120204
-0.121664
-0.123069
-0.124417
-0.125708
-0.126945
-0.128130
-0.129265
-0.130353
-0.131398
-0.132403
-0.133373
-0.134312
-0.135224
-0.136114
-0.136986
-0.137846
-0.138697
-0.139546
-0.140396
-0.141253
-0.142122
-0.143007
-0.143913
-0.144847
-0.145811
-0.146812
-0.147854
-0.148943
-0.150082
-0.151277
-0.152532
-0.153852
-0.155243
-0.156708
-0.158251
-0.159879
-0.161595
-0.163402
-0.165307
-0.167313
-0.169424
-0.171645
-0.173979
-0.176430
-0.179003
-0.181702
-0.184529
-0.187489
-0.190586
-0.193823
-0.197203
-0.200730
-0.204407
-0.208238
-0.212225
-0.216372
-0.220682
-0.225158
-0.229801
-0.234617
-0.239606
-0.244772
-0.250116
-0.255643
-0.261353
-0.267250
-0.273335
-0.279611
-0.286080
-0.292744
-0.299605
-0.306664
-0.313924
-0.321387
-0.329054
-0.336927
-0.345007
-0.353297
-0.361797
-0.370509
-0.379435
-0.388576
-0.397934
-0.407509
-0.417303
-0.103501
-0.103806
-0.104581
-0.105708
-0.107090
-0.108654
-0.110339
-0.112099
-0.113899
-0.115711
-0.117515
-0.119295
-0.121040
-0.122741
-0.124394
-0.125995
-0.127541
-0.129033
-0.130471
-0.131856
-0.133192
-0.134479
-0.135722
-0.136925
-0.138090
-0.139223
-0.140328
-0.141409
-0.142471
-0.143519
-0.144558
-0.145593
-0.146628
-0.147670
-0.148723
-0.149792
-0.150883
-0.152000
-0.153149
-0.154336
-0.155564
-0.156840
-0.158169
-0.159555
-0.161004
-0.162520
-0.164109
-0.165776
-0.167526
-0.169363
-0.171292
-0.173318
-0.175446
-0.177680
-0.180025
-0.182486
-0.185066
-0.187771
-0.190605
-0.193571
-0.196674
-0.199919
-0.203309
-0.206847
-0.210539
-0.214387
-0.218396
-0.222569
-0.226910
-0.231422
-0.236108
-0.240972
-0.246016
-0.251246
-0.256662
-0.262268
-0.268068
-0.274063
-0.280257
-0.286652
-0.293251
-0.300057
-0.307071
-0.314296
-0.321735
-0.329390
-0.337263
-0.345355
-0.353670
-0.362208
-0.370973
-0.379965
-0.389187
-0.398640
-0.408326
-0.418247
-0.428404
-0.438799
-0.449434
-0.460309
-0.106333
-0.106657
-0.107479
-0.108674
-0.110142
-0.111803
-0.113596
-0.115471
-0.117392
-0.119330
-0.121264
-0.123178
-0.125059
-0.126899
-0.128693
-0.130436
-0.132128
-0.133767
-0.135353
-0.136890
-0.138377
-0.139820
-0.141220
-0.142581
-0.143908
-0.145205
-0.146477
-0.147727
-0.148962
-0.150185
-0.151403
-0.152620
-0.153842
-0.155074
-0.156321
-0.157588
-0.158882
-0.160207
-0.161569
-0.162973
-0.164425
-0.165930
-0.167494
-0.169122
-0.170818
-0.172589
-0.174440
-0.176376
-0.178402
-0.180524
-0.182745
-0.185073
-0.187510
-0.190064
-0.192737
-0.195536
-0.198464
-0.201527
-0.204729
-0.208075
-0.211569
-0.215216
-0.219019
-0.222984
-0.227114
-0.231414
-0.235887
-0.240537
-0.245369
-0.250386
-0.255591
-0.260989
-0.266582
-0.272375
-0.278370
-0.284572
-0.290982
-0.297604
-0.304442
-0.311497
-0.318774
-0.326274
-0.334001
-0.341956
-0.350144
-0.358565
-0.367223
-0.376119
-0.385257
-0.394638
-0.404264
-0.414138
-0.424262
-0.434637
-0.445265
-0.456149
-0.467290
-0.478689
-0.490350
-0.502272
-0.109233
-0.109576
-0.110447
-0.111713
-0.113269
-0.115031
-0.116934
-0.118928
-0.120974
-0.123042
-0.125109
-0.127160
-0.129180
-0.131163
-0.133101
-0.134990
-0.136830
-0.138618
-0.140356
-0.142046
-0.143688
-0.145287
-0.146846
-0.148368
-0.149858
-0.151320
-0.152759
-0.154179
-0.155587
-0.156986
-0.158382
-0.159780
-0.161187
-0.162607
-0.164046
-0.165510
-0.167004
-0.168533
-0.170104
-0.171722
-0.173393
-0.175123
-0.176916
-0.178779
-0.180717
-0.182735
-0.184841
-0.187037
-0.189331
-0.191728
-0.194233
-0.196851
-0.199588
-0.202448
-0.205438
-0.208562
-0.211825
-0.215233
-0.218789
-0.222499
-0.226369
-0.230402
-0.234602
-0.238976
-0.243527
-0.248259
-0.253177
-0.258286
-0.263589
-0.269090
-0.274793
-0.280703
-0.286822
-0.293156
-0.299707
-0.306479
-0.313475
-0.320699
-0.328154
-0.335844
-0.343771
-0.351938
-0.360349
-0.369007
-0.377913
-0.387071
-0.396484
-0.406154
-0.416084
-0.426276
-0.436732
-0.447454
-0.458446
-0.469709
-0.481246
-0.493057
-0.505147
-0.517515
-0.530165
-0.543098
-0.112201
-0.112564
-0.113485
-0.114824
-0.116471
-0.118337
-0.120355
-0.122471
-0.124645
-0.126846
-0.129051
-0.131241
-0.133405
-0.135533
-0.137618
-0.139657
-0.141647
-0.143588
-0.145480
-0.147325
-0.149125
-0.150883
-0.152602
-0.154286
-0.155940
-0.157568
-0.159175
-0.160766
-0.162346
-0.163920
-0.165494
-0.167073
-0.168663
-0.170270
-0.171899
-0.173556
-0.175247
-0.176978
-0.178754
-0.180581
-0.182466
-0.184414
-0.186431
-0.188523
-0.190696
-0.192955
-0.195306
-0.197755
-0.200308
-0.202970
-0.205748
-0.208646
-0.211670
-0.214826
-0.218119
-0.221555
-0.225139
-0.228876
-0.232772
-0.236831
-0.241059
-0.245461
-0.250041
-0.254805
-0.259758
-0.264903
-0.270246
-0.275792
-0.281544
-0.287507
-0.293686
-0.300084
-0.306705
-0.313555
-0.320636
-0.327953
-0.335508
-0.343307
-0.351352
-0.359647
-0.368196
-0.377001
-0.386066
-0.395395
-0.404989
-0.414853
-0.424988
-0.435398
-0.446086
-0.457055
-0.468306
-0.479842
-0.491667
-0.503781
-0.516189
-0.528891
-0.541890
-0.555189
-0.568789
-0.582693
-0.115237
-0.115621
-0.116593
-0.118009
-0.119749
-0.121723
-0.123858
-0.126100
-0.128406
-0.130744
-0.133089
-0.135424
-0.137734
-0.140010
-0.142246
-0.144437
-0.146581
-0.148677
-0.150726
-0.152729
-0.154688
-0.156607
-0.158488
-0.160337
-0.162156
-0.163951
-0.165726
-0.167488
-0.169240
-0.170989
-0.172740
-0.174499
-0.176271
-0.178062
-0.179879
-0.181727
-0.183612
-0.185540
-0.187517
-0.189549
-0.191643
-0.193804
-0.196039
-0.198353
-0.200752
-0.203244
-0.205832
-0.208525
-0.211327
-0.214245
-0.217284
-0.220450
-0.223750
-0.227188
-0.230772
-0.234506
-0.238395
-0.242447
-0.246666
-0.251057
-0.255626
-0.260379
-0.265320
-0.270455
-0.275788
-0.281326
-0.287073
-0.293033
-0.299211
-0.305613
-0.312242
-0.319104
-0.326202
-0.333541
-0.341125
-0.348959
-0.357046
-0.365390
-0.373996
-0.382866
-0.392006
-0.401417
-0.411104
-0.421071
-0.431319
-0.441854
-0.452677
-0.463793
-0.475203
-0.486912
-0.498921
-0.511233
-0.523852
-0.536779
-0.550018
-0.563571
-0.577440
-0.591628
-0.606136
-0.620968
-0.118340
-0.118745
-0.119772
-0.121265
-0.123102
-0.125186
-0.127443
-0.129814
-0.132256
-0.134735
-0.137225
-0.139707
-0.142167
-0.144596
-0.146985
-0.149332
-0.151633
-0.153887
-0.156095
-0.158259
-0.160380
-0.162461
-0.164506
-0.166520
-0.168505
-0.170468
-0.172413
-0.174346
-0.176271
-0.178194
-0.180121
-0.182058
-0.184011
-0.185985
-0.187987
-0.190022
-0.192098
-0.194219
-0.196393
-0.198625
-0.200923
-0.203291
-0.205736
-0.208266
-0.210885
-0.213600
-0.216417
-0.219344
-0.222385
-0.225547
-0.228836
-0.232259
-0.235821
-0.239529
-0.243388
-0.247405
-0.251585
-0.255935
-0.260459
-0.265165
-0.270057
-0.275141
-0.280423
-0.285908
-0.291602
-0.297510
-0.303637
-0.309988
-0.316569
-0.323384
-0.330438
-0.337737
-0.345284
-0.353085
-0.361144
-0.369465
-0.378053
-0.386912
-0.396047
-0.405461
-0.415158
-0.425142
-0.435417
-0.445986
-0.456854
-0.468024
-0.479498
-0.491281
-0.503376
-0.515785
-0.528513
-0.541561
-0.554933
-0.568632
-0.582661
-0.597021
-0.611717
-0.626749
-0.642122
-0.657837
-0.121511
-0.121938
-0.123020
-0.124594
-0.126531
-0.128729
-0.131111
-0.133616
-0.136197
-0.138820
-0.141458
-0.144091
-0.146705
-0.149289
-0.151837
-0.154342
-0.156803
-0.159218
-0.161588
-0.163915
-0.166199
-0.168446
-0.170657
-0.172837
-0.174990
-0.177122
-0.179237
-0.181341
-0.183438
-0.185535
-0.187638
-0.189752
-0.191883
-0.194038
-0.196222
-0.198443
-0.200705
-0.203016
-0.205382
-0.207809
-0.210304
-0.212874
-0.215523
-0.218260
-0.221091
-0.224021
-0.227059
-0.230209
-0.233478
-0.236874
-0.240401
-0.244068
-0.247879
-0.251842
-0.255962
-0.260246
-0.264701
-0.269331
-0.274144
-0.279145
-0.284341
-0.289736
-0.295338
-0.301152
-0.307183
-0.313438
-0.319921
-0.326638
-0.333596
-0.340798
-0.348250
-0.355958
-0.363926
-0.372159
-0.380662
-0.389440
-0.398498
-0.407839
-0.417469
-0.427392
-0.437612
-0.448134
-0.458960
-0.470096
-0.481546
-0.493312
-0.505398
-0.517809
-0.530548
-0.543617
-0.557022
-0.570763
-0.584846
-0.599272
-0.614046
-0.629169
-0.644645
-0.660476
-0.676665
-0.693215
-0.124748
-0.125198
-0.126338
-0.127995
-0.130035
-0.132351
-0.134862
-0.137503
-0.140228
-0.142999
-0.145789
-0.148578
-0.151349
-0.154093
-0.156800
-0.159468
-0.162092
-0.164671
-0.167206
-0.169698
-0.172149
-0.174562
-0.176941
-0.179289
-0.181612
-0.183913
-0.186199
-0.188474
-0.190743
-0.193014
-0.195291
-0.197581
-0.199889
-0.202223
-0.204587
-0.206989
-0.209435
-0.211931
-0.214485
-0.217102
-0.219789
-0.222552
-0.225399
-0.228336
-0.231370
-0.234507
-0.237754
-0.241118
-0.244605
-0.248222
-0.251975
-0.255872
-0.259919
-0.264122
-0.268488
-0.273023
-0.277735
-0.282628
-0.287710
-0.292988
-0.298467
-0.304153
-0.310053
-0.316172
-0.322517
-0.329094
-0.335909
-0.342967
-0.350274
-0.357835
-0.365657
-0.373744
-0.382103
-0.390737
-0.399653
-0.408855
-0.418349
-0.428139
-0.438230
-0.448626
-0.459333
-0.470354
-0.481694
-0.493358
-0.505349
-0.517671
-0.530329
-0.543326
-0.556665
-0.570352
-0.584389
-0.598779
-0.613526
-0.628634
-0.644105
-0.659944
-0.676151
-0.692732
-0.709688
-0.727023
-0.128053
-0.128526
-0.129725
-0.131469
-0.133615
-0.136052
-0.138695
-0.141478
-0.144350
-0.147273
-0.150219
-0.153167
-0.156099
-0.159006
-0.161878
-0.164711
-0.167501
-0.170247
-0.172949
-0.175610
-0.178229
-0.180811
-0.183359
-0.185878
-0.188370
-0.190843
-0.193299
-0.195746
-0.198188
-0.200632
-0.203083
-0.205547
-0.208031
-0.210540
-0.213082
-0.215662
-0.218288
-0.220966
-0.223702
-0.226503
-0.229376
-0.232327
-0.235364
-0.238494
-0.241722
-0.245056
-0.248503
-0.252070
-0.255763
-0.259589
-0.263556
-0.267670
-0.271937
-0.276365
-0.280961
-0.285731
-0.290681
-0.295820
-0.301152
-0.306686
-0.312426
-0.318381
-0.324556
-0.330958
-0.337593
-0.344467
-0.351586
-0.358957
-0.366586
-0.374478
-0.382640
-0.391076
-0.399793
-0.408797
-0.418092
-0.427684
-0.437579
-0.447781
-0.458296
-0.469129
-0.480284
-0.491766
-0.503580
-0.515730
-0.528221
-0.541057
-0.554243
-0.567782
-0.581678
-0.595936
-0.610559
-0.625551
-0.640915
-0.656656
-0.672776
-0.689279
-0.706168
-0.723447
-0.741118
-0.759184
-0.131423
-0.131921
-0.133182
-0.135015
-0.137270
-0.139833
-0.142612
-0.145539
-0.148563
-0.151643
-0.154749
-0.157859
-0.160956
-0.164029
-0.167069
-0.170071
-0.173031
-0.175947
-0.178820
-0.181651
-0.184441
-0.187195
-0.189914
-0.192604
-0.195268
-0.197912
-0.200541
-0.203159
-0.205774
-0.208390
-0.211014
-0.213651
-0.216308
-0.218992
-0.221708
-0.224464
-0.227265
-0.230120
-0.233034
-0.236013
-0.239066
-0.242199
-0.245419
-0.248732
-0.252147
-0.255669
-0.259306
-0.263064
-0.266952
-0.270975
-0.275142
-0.279458
-0.283932
-0.288569
-0.293378
-0.298365
-0.303537
-0.308901
-0.314463
-0.320232
-0.326213
-0.332414
-0.338840
-0.345500
-0.352399
-0.359544
-0.366941
-0.374597
-0.382518
-0.390710
-0.399180
-0.407934
-0.416977
-0.426316
-0.435956
-0.445903
-0.456162
-0.466740
-0.477640
-0.488870
-0.500433
-0.512335
-0.524581
-0.537175
-0.550123
-0.563429
-0.577097
-0.591132
-0.605538
-0.620320
-0.635481
-0.651025
-0.666957
-0.683279
-0.699996
-0.717112
-0.734629
-0.752552
-0.770883
-0.789626
-0.134860
-0.135383
-0.136707
-0.138632
-0.141001
-0.143692
-0.146612
-0.149688
-0.152867
-0.156108
-0.159378
-0.162655
-0.165921
-0.169164
-0.172376
-0.175550
-0.178682
-0.181772
-0.184818
-0.187822
-0.190786
-0.193713
-0.196606
-0.199469
-0.202306
-0.205123
-0.207924
-0.210715
-0.213502
-0.216290
-0.219086
-0.221895
-0.224724
-0.227579
-0.230467
-0.233395
-0.236369
-0.239396
-0.242482
-0.245635
-0.248862
-0.252169
-0.255564
-0.259054
-0.262645
-0.266345
-0.270162
-0.274101
-0.278171
-0.282379
-0.286732
-0.291237
-0.295901
-0.300732
-0.305737
-0.310923
-0.316297
-0.321867
-0.327640
-0.333622
-0.339821
-0.346244
-0.352898
-0.359790
-0.366926
-0.374315
-0.381961
-0.389873
-0.398056
-0.406518
-0.415265
-0.424302
-0.433637
-0.443276
-0.453225
-0.463489
-0.474075
-0.484989
-0.496236
-0.507821
-0.519751
-0.532030
-0.544664
-0.557659
-0.571018
-0.584747
-0.598851
-0.613334
-0.628202
-0.643457
-0.659106
-0.675151
-0.691597
-0.708449
-0.725709
-0.743383
-0.761473
-0.779983
-0.798917
-0.818278
-0.138362
-0.138912
-0.140301
-0.142321
-0.144807
-0.147631
-0.150695
-0.153925
-0.157264
-0.160668
-0.164107
-0.167554
-0.170994
-0.174411
-0.177798
-0.181148
-0.184456
-0.187722
-0.190945
-0.194126
-0.197266
-0.200368
-0.203436
-0.206474
-0.209486
-0.212477
-0.215451
-0.218415
-0.221374
-0.224334
-0.227301
-0.230280
-0.233280
-0.236305
-0.239362
-0.242458
-0.245601
-0.248796
-0.252050
-0.255371
-0.258765
-0.262240
-0.265802
-0.269460
-0.273219
-0.277088
-0.281073
-0.285182
-0.289423
-0.293802
-0.298327
-0.303006
-0.307846
-0.312854
-0.318037
-0.323404
-0.328962
-0.334717
-0.340678
-0.346852
-0.353246
-0.359867
-0.366723
-0.373821
-0.381169
-0.388772
-0.396639
-0.404776
-0.413191
-0.421889
-0.430879
-0.440167
-0.449758
-0.459661
-0.469881
-0.480424
-0.491298
-0.502507
-0.514058
-0.525958
-0.538211
-0.550823
-0.563801
-0.577149
-0.590872
-0.604977
-0.619467
-0.634349
-0.649627
-0.665305
-0.681388
-0.697881
-0.714788
-0.732113
-0.749861
-0.768036
-0.786641
-0.805680
-0.825158
-0.845077
-0.141929
-0.142506
-0.143963
-0.146081
-0.148688
-0.151648
-0.154861
-0.158249
-0.161752
-0.165325
-0.168936
-0.172559
-0.176175
-0.179771
-0.183337
-0.186866
-0.190354
-0.193800
-0.197202
-0.200562
-0.203881
-0.207161
-0.210407
-0.213621
-0.216809
-0.219975
-0.223124
-0.226261
-0.229392
-0.232523
-0.235661
-0.238810
-0.241977
-0.245170
-0.248394
-0.251656
-0.254963
-0.258321
-0.261739
-0.265222
-0.268777
-0.272413
-0.276135
-0.279952
-0.283870
-0.287898
-0.292041
-0.296309
-0.300708
-0.305245
-0.309929
-0.314767
-0.319766
-0.324934
-0.330279
-0.335808
-0.341529
-0.347450
-0.353578
-0.359920
-0.366485
-0.373280
-0.380313
-0.387590
-0.395120
-0.402910
-0.410967
-0.419299
-0.427912
-0.436815
-0.446014
-0.455515
-0.465327
-0.475456
-0.485909
-0.496692
-0.507812
-0.519275
-0.531088
-0.543258
-0.555789
-0.568689
-0.581963
-0.595616
-0.609656
-0.624086
-0.638912
-0.654141
-0.669776
-0.685823
-0.702286
-0.719172
-0.736483
-0.754225
-0.772402
-0.791019
-0.810079
-0.829587
-0.849547
-0.869962
-0.145561
-0.146165
-0.147693
-0.149913
-0.152643
-0.155745
-0.159111
-0.162660
-0.166332
-0.170079
-0.173867
-0.177669
-0.181466
-0.185244
-0.188993
-0.192705
-0.196377
-0.200005
-0.203590
-0.207132
-0.210632
-0.214094
-0.217519
-0.220912
-0.224277
-0.227619
-0.230943
-0.234254
-0.237558
-0.240861
-0.244168
-0.247485
-0.250820
-0.254178
-0.257566
-0.260990
-0.264458
-0.267976
-0.271552
-0.275191
-0.278902
-0.282691
-0.286566
-0.290534
-0.294602
-0.298779
-0.303070
-0.307484
-0.312029
-0.316711
-0.321540
-0.326521
-0.331664
-0.336975
-0.342464
-0.348136
-0.354001
-0.360066
-0.366339
-0.372827
-0.379539
-0.386483
-0.393665
-0.401095
-0.408779
-0.416725
-0.424942
-0.433436
-0.442216
-0.451288
-0.460660
-0.470340
-0.480334
-0.490651
-0.501296
-0.512278
-0.523602
-0.535277
-0.547308
-0.559702
-0.572466
-0.585605
-0.599127
-0.613037
-0.627341
-0.642045
-0.657155
-0.672677
-0.688615
-0.704975
-0.721763
-0.738983
-0.756641
-0.774740
-0.793287
-0.812284
-0.831738
-0.851651
-0.872029
-0.892875
-0.149256
-0.149889
-0.151490
-0.153815
-0.156673
-0.159920
-0.163444
-0.167160
-0.171004
-0.174929
-0.178898
-0.182884
-0.186866
-0.190831
-0.194766
-0.198666
-0.202524
-0.206340
-0.210111
-0.213838
-0.217522
-0.221166
-0.224774
-0.228347
-0.231892
-0.235412
-0.238912
-0.242398
-0.245874
-0.249348
-0.252824
-0.256309
-0.259809
-0.263331
-0.266880
-0.270464
-0.274090
-0.277763
-0.281492
-0.285282
-0.289142
-0.293079
-0.297098
-0.301209
-0.305419
-0.309734
-0.314162
-0.318712
-0.323390
-0.328204
-0.333163
-0.338273
-0.343543
-0.348981
-0.354594
-0.360391
-0.366380
-0.372567
-0.378963
-0.385574
-0.392408
-0.399474
-0.406780
-0.414334
-0.422143
-0.430216
-0.438561
-0.447185
-0.456096
-0.465303
-0.474813
-0.484633
-0.494772
-0.505236
-0.516034
-0.527172
-0.538658
-0.550499
-0.562702
-0.575274
-0.588222
-0.601553
-0.615273
-0.629388
-0.643905
-0.658830
-0.674169
-0.689929
-0.706114
-0.722731
-0.739784
-0.757280
-0.775223
-0.793619
-0.812472
-0.831788
-0.851571
-0.871825
-0.892556
-0.913766
-0.153014
-0.153678
-0.155353
-0.157787
-0.160778
-0.164174
-0.167860
-0.171747
-0.175769
-0.179877
-0.184031
-0.188205
-0.192377
-0.196532
-0.200659
-0.204749
-0.208798
-0.212804
-0.216764
-0.220679
-0.224551
-0.228381
-0.232173
-0.235929
-0.239655
-0.243354
-0.247032
-0.250693
-0.254343
-0.257988
-0.261633
-0.265284
-0.268949
-0.272632
-0.276341
-0.280081
-0.283861
-0.287685
-0.291563
-0.295499
-0.299502
-0.303579
-0.307736
-0.311982
-0.316323
-0.320768
-0.325323
-0.329996
-0.334795
-0.339728
-0.344803
-0.350027
-0.355409
-0.360955
-0.366676
-0.372578
-0.378669
-0.384958
-0.391454
-0.398163
-0.405096
-0.412258
-0.419660
-0.427310
-0.435214
-0.443383
-0.451823
-0.460544
-0.469553
-0.478859
-0.488469
-0.498392
-0.508635
-0.519206
-0.530114
-0.541366
-0.552969
-0.564931
-0.577260
-0.589962
-0.603046
-0.616517
-0.630383
-0.644651
-0.659328
-0.674419
-0.689932
-0.705872
-0.722246
-0.739060
-0.756319
-0.774030
-0.792197
-0.810826
-0.829923
-0.849491
-0.869538
-0.890066
-0.911081
-0.932588
-0.156834
-0.157529
-0.159283
-0.161828
-0.164956
-0.168507
-0.172359
-0.176422
-0.180627
-0.184921
-0.189266
-0.193633
-0.197999
-0.202349
-0.206670
-0.210956
-0.215200
-0.219399
-0.223552
-0.227659
-0.231721
-0.235739
-0.239718
-0.243660
-0.247568
-0.251449
-0.255305
-0.259143
-0.262967
-0.266783
-0.270596
-0.274414
-0.278241
-0.282085
-0.285950
-0.289845
-0.293775
-0.297747
-0.301769
-0.305846
-0.309987
-0.314197
-0.318485
-0.322857
-0.327322
-0.331886
-0.336557
-0.341343
-0.346251
-0.351290
-0.356466
-0.361789
-0.367265
-0.372904
-0.378713
-0.384701
-0.390875
-0.397244
-0.403817
-0.410601
-0.417606
-0.424839
-0.432310
-0.440026
-0.447996
-0.456229
-0.464733
-0.473516
-0.482588
-0.491956
-0.501629
-0.511615
-0.521923
-0.532560
-0.543535
-0.554856
-0.566531
-0.578567
-0.590973
-0.603757
-0.616925
-0.630486
-0.644446
-0.658812
-0.673593
-0.688794
-0.704423
-0.720486
-0.736989
-0.753940
-0.771343
-0.789205
-0.807532
-0.826330
-0.845604
-0.865359
-0.885601
-0.906334
-0.927564
-0.949296
-0.160715
-0.161443
-0.163278
-0.165939
-0.169208
-0.172917
-0.176942
-0.181185
-0.185577
-0.190064
-0.194604
-0.199167
-0.203732
-0.208281
-0.212802
-0.217286
-0.221729
-0.226125
-0.230475
-0.234777
-0.239032
-0.243243
-0.247411
-0.251540
-0.255634
-0.259697
-0.263734
-0.267749
-0.271747
-0.275735
-0.279718
-0.283701
-0.287690
-0.291692
-0.295713
-0.299759
-0.303837
-0.307953
-0.312114
-0.316328
-0.320600
-0.324938
-0.329349
-0.333841
-0.338420
-0.343094
-0.347871
-0.352758
-0.357763
-0.362894
-0.368159
-0.373565
-0.379121
-0.384834
-0.390714
-0.396768
-0.403004
-0.409432
-0.416059
-0.422894
-0.429946
-0.437224
-0.444735
-0.452489
-0.460494
-0.468760
-0.477294
-0.486106
-0.495205
-0.504598
-0.514295
-0.524305
-0.534636
-0.545296
-0.556295
-0.567640
-0.579340
-0.591403
-0.603838
-0.616652
-0.629854
-0.643451
-0.657450
-0.671861
-0.686689
-0.701942
-0.717628
-0.733754
-0.750325
-0.767350
-0.784833
-0.802783
-0.821205
-0.840104
-0.859487
-0.879360
-0.899728
-0.920596
-0.941970
-0.963854
-0.164657
-0.165418
-0.167337
-0.170118
-0.173532
-0.177406
-0.181607
-0.186036
-0.190620
-0.195303
-0.200043
-0.204809
-0.209577
-0.214329
-0.219054
-0.223742
-0.228387
-0.232985
-0.237535
-0.242035
-0.246487
-0.250892
-0.255253
-0.259572
-0.263854
-0.268101
-0.272320
-0.276514
-0.280688
-0.284848
-0.289000
-0.293148
-0.297299
-0.301458
-0.305632
-0.309828
-0.314051
-0.318307
-0.322605
-0.326949
-0.331348
-0.335807
-0.340335
-0.344938
-0.349624
-0.354399
-0.359272
-0.364249
-0.369340
-0.374550
-0.379889
-0.385364
-0.390983
-0.396754
-0.402686
-0.408788
-0.415066
-0.421531
-0.428190
-0.435052
-0.442126
-0.449420
-0.456945
-0.464707
-0.472717
-0.480983
-0.489515
-0.498321
-0.507410
-0.516791
-0.526474
-0.536467
-0.546779
-0.557420
-0.568398
-0.579721
-0.591399
-0.603440
-0.615854
-0.628647
-0.641829
-0.655408
-0.669392
-0.683789
-0.698607
-0.713854
-0.729536
-0.745662
-0.762239
-0.779274
-0.796773
-0.814744
-0.833193
-0.852126
-0.871549
-0.891469
-0.911892
-0.932822
-0.954266
-0.976229
-0.168658
-0.169454
-0.171460
-0.174365
-0.177930
-0.181972
-0.186354
-0.190975
-0.195756
-0.200641
-0.205586
-0.210558
-0.215534
-0.220495
-0.225428
-0.230323
-0.235175
-0.239978
-0.244732
-0.249435
-0.254087
-0.258690
-0.263246
-0.267758
-0.272229
-0.276664
-0.281066
-0.285440
-0.289792
-0.294125
-0.298445
-0.302759
-0.307070
-0.311387
-0.315713
-0.320056
-0.324421
-0.328815
-0.333244
-0.337716
-0.342236
-0.346811
-0.351449
-0.356157
-0.360941
-0.365808
-0.370767
-0.375825
-0.380988
-0.386266
-0.391665
-0.397195
-0.402861
-0.408674
-0.414641
-0.420770
-0.427071
-0.433551
-0.440219
-0.447084
-0.454155
-0.461440
-0.468949
-0.476691
-0.484675
-0.492910
-0.501405
-0.510170
-0.519213
-0.528545
-0.538174
-0.548109
-0.558361
-0.568938
-0.579849
-0.591104
-0.602712
-0.614682
-0.627023
-0.639743
-0.652852
-0.666358
-0.680270
-0.694596
-0.709344
-0.724523
-0.740140
-0.756204
-0.772722
-0.789702
-0.807150
-0.825074
-0.843481
-0.862378
-0.881771
-0.901666
-0.922070
-0.942988
-0.964427
-0.986392
-0.172717
-0.173550
-0.175645
-0.178679
-0.182399
-0.186615
-0.191185
-0.196001
-0.200985
-0.206077
-0.211231
-0.216415
-0.221604
-0.226777
-0.231923
-0.237031
-0.242093
-0.247106
-0.252068
-0.256976
-0.261832
-0.266636
-0.271391
-0.276099
-0.280763
-0.285387
-0.289975
-0.294531
-0.299061
-0.303568
-0.308058
-0.312537
-0.317010
-0.321482
-0.325959
-0.330447
-0.334953
-0.339481
-0.344040
-0.348634
-0.353271
-0.357957
-0.362699
-0.367504
-0.372378
-0.377330
-0.382366
-0.387493
-0.392719
-0.398052
-0.403499
-0.409068
-0.414767
-0.420605
-0.426589
-0.432728
-0.439031
-0.445505
-0.452160
-0.459004
-0.466046
-0.473296
-0.480763
-0.488455
-0.496382
-0.504553
-0.512978
-0.521667
-0.530628
-0.539871
-0.549407
-0.559244
-0.569392
-0.579861
-0.590660
-0.601799
-0.613288
-0.625136
-0.637352
-0.649946
-0.662927
-0.676304
-0.690085
-0.704281
-0.718899
-0.733949
-0.749438
-0.765376
-0.781769
-0.798626
-0.815955
-0.833764
-0.852058
-0.870847
-0.890136
-0.909933
-0.930243
-0.951074
-0.972431
-0.994321
-0.176833
-0.177703
-0.179893
-0.183059
-0.186940
-0.191335
-0.196097
-0.201115
-0.206306
-0.211610
-0.216980
-0.222380
-0.227786
-0.233178
-0.238541
-0.243865
-0.249143
-0.254370
-0.259544
-0.264662
-0.269725
-0.274734
-0.279691
-0.284597
-0.289457
-0.294272
-0.299048
-0.303789
-0.308498
-0.313181
-0.317842
-0.322487
-0.327120
-0.331748
-0.336375
-0.341008
-0.345651
-0.350312
-0.354997
-0.359710
-0.364460
-0.369251
-0.374092
-0.378988
-0.383946
-0.388973
-0.394077
-0.399264
-0.404542
-0.409918
-0.415400
-0.420996
-0.426713
-0.432559
-0.438544
-0.444674
-0.450959
-0.457407
-0.464026
-0.470826
-0.477816
-0.485004
-0.492400
-0.500013
-0.507853
-0.515928
-0.524250
-0.532827
-0.541669
-0.550786
-0.560188
-0.569885
-0.579886
-0.590203
-0.600844
-0.611819
-0.623140
-0.634814
-0.646854
-0.659267
-0.672064
-0.685254
-0.698847
-0.712852
-0.727279
-0.742136
-0.757433
-0.773177
-0.789379
-0.806046
-0.823186
-0.840807
-0.858918
-0.877525
-0.896636
-0.916259
-0.936400
-0.957065
-0.978262
-0.999997
-0.181004
-0.181914
-0.184201
-0.187505
-0.191551
-0.196131
-0.201091
-0.206316
-0.211720
-0.217241
-0.222831
-0.228454
-0.234082
-0.239696
-0.245282
-0.250827
-0.256325
-0.261770
-0.267160
-0.272492
-0.277767
-0.282984
-0.288146
-0.293255
-0.298312
-0.303323
-0.308290
-0.313216
-0.318107
-0.322967
-0.327800
-0.332611
-0.337406
-0.342189
-0.346966
-0.351742
-0.356523
-0.361314
-0.366122
-0.370951
-0.375810
-0.380702
-0.385636
-0.390617
-0.395652
-0.400748
-0.405911
-0.411149
-0.416468
-0.421877
-0.427382
-0.432990
-0.438711
-0.444551
-0.450519
-0.456623
-0.462872
-0.469273
-0.475835
-0.482568
-0.489480
-0.496581
-0.503879
-0.511384
-0.519106
-0.527055
-0.535239
-0.543670
-0.552356
-0.561308
-0.570537
-0.580052
-0.589863
-0.599982
-0.610418
-0.621182
-0.632283
-0.643733
-0.655542
-0.667719
-0.680276
-0.693221
-0.706566
-0.720319
-0.734491
-0.749092
-0.764130
-0.779615
-0.795557
-0.811963
-0.828843
-0.846205
-0.864058
-0.882409
-0.901267
-0.920639
-0.940531
-0.960953
-0.981909
-1.003408
-0.185229
-0.186180
-0.188568
-0.192016
-0.196233
-0.201003
-0.206166
-0.211603
-0.217227
-0.222971
-0.228786
-0.234636
-0.240492
-0.246334
-0.252146
-0.257917
-0.263640
-0.269308
-0.274918
-0.280468
-0.285958
-0.291388
-0.296759
-0.302073
-0.307333
-0.312541
-0.317701
-0.322816
-0.327891
-0.332929
-0.337936
-0.342915
-0.347872
-0.352811
-0.357737
-0.362656
-0.367572
-0.372492
-0.377421
-0.382364
-0.387328
-0.392318
-0.397340
-0.402401
-0.407507
-0.412664
-0.417879
-0.423159
-0.428510
-0.433941
-0.439457
-0.445067
-0.450777
-0.456596
-0.462532
-0.468592
-0.474786
-0.481120
-0.487605
-0.494248
-0.501059
-0.508047
-0.515220
-0.522590
-0.530164
-0.537953
-0.545968
-0.554217
-0.562711
-0.571460
-0.580475
-0.589767
-0.599345
-0.609221
-0.619405
-0.629907
-0.640740
-0.651913
-0.663437
-0.675323
-0.687581
-0.700223
-0.713258
-0.726698
-0.740551
-0.754830
-0.769543
-0.784700
-0.800311
-0.816386
-0.832933
-0.849962
-0.867482
-0.885501
-0.904028
-0.923070
-0.942635
-0.962731
-0.983366
-1.004545
-0.189506
-0.190501
-0.192994
-0.196590
-0.200984
-0.205950
-0.211323
-0.216978
-0.222826
-0.228798
-0.234844
-0.240926
-0.247015
-0.253090
-0.259134
-0.265137
-0.271088
-0.276984
-0.282819
-0.288592
-0.294301
-0.299947
-0.305531
-0.311054
-0.316519
-0.321928
-0.327284
-0.332591
-0.337852
-0.343072
-0.348253
-0.353402
-0.358522
-0.363617
-0.368693
-0.373755
-0.378807
-0.383854
-0.388903
-0.393957
-0.399023
-0.404107
-0.409214
-0.414350
-0.419521
-0.424733
-0.429993
-0.435307
-0.440682
-0.446124
-0.451641
-0.457239
-0.462927
-0.468711
-0.474599
-0.480600
-0.486720
-0.492969
-0.499356
-0.505888
-0.512574
-0.519424
-0.526447
-0.533652
-0.541050
-0.548649
-0.556460
-0.564493
-0.572759
-0.581267
-0.590029
-0.599055
-0.608357
-0.617944
-0.627829
-0.638022
-0.648534
-0.659378
-0.670563
-0.682101
-0.694004
-0.706282
-0.718946
-0.732008
-0.745479
-0.759368
-0.773687
-0.788447
-0.803657
-0.819327
-0.835468
-0.852089
-0.869199
-0.886808
-0.904924
-0.923557
-0.942713
-0.962402
-0.982631
-1.003408
-0.193834
-0.194874
-0.197477
-0.201227
-0.205804
-0.210972
-0.216560
-0.222439
-0.228517
-0.234723
-0.241006
-0.247325
-0.253652
-0.259965
-0.266247
-0.272485
-0.278671
-0.284799
-0.290864
-0.296863
-0.302797
-0.308663
-0.314464
-0.320200
-0.325874
-0.331487
-0.337043
-0.342544
-0.347994
-0.353397
-0.358756
-0.364076
-0.369360
-0.374614
-0.379840
-0.385045
-0.390232
-0.395406
-0.400573
-0.405737
-0.410904
-0.416079
-0.421267
-0.426474
-0.431705
-0.436967
-0.442265
-0.447606
-0.452996
-0.458441
-0.463948
-0.469525
-0.475177
-0.480913
-0.486740
-0.492665
-0.498696
-0.504841
-0.511110
-0.517509
-0.524049
-0.530738
-0.537584
-0.544599
-0.551790
-0.559169
-0.566745
-0.574528
-0.582529
-0.590759
-0.599228
-0.607948
-0.616929
-0.626183
-0.635721
-0.645556
-0.655697
-0.666158
-0.676949
-0.688082
-0.699570
-0.711424
-0.723655
-0.736276
-0.749297
-0.762730
-0.776587
-0.790878
-0.805614
-0.820806
-0.836465
-0.852601
-0.869223
-0.886342
-0.903968
-0.922108
-0.940773
-0.959971
-0.979709
-0.999997
-0.198211
-0.199298
-0.202016
-0.205925
-0.210691
-0.216068
-0.221877
-0.227987
-0.234300
-0.240746
-0.247270
-0.253833
-0.260404
-0.266960
-0.273484
-0.279963
-0.286389
-0.292753
-0.299053
-0.305284
-0.311446
-0.317538
-0.323560
-0.329513
-0.335399
-0.341220
-0.346979
-0.352678
-0.358320
-0.363909
-0.369449
-0.374942
-0.380393
-0.385805
-0.391183
-0.396532
-0.401854
-0.407156
-0.412441
-0.417713
-0.422979
-0.428242
-0.433509
-0.438783
-0.444071
-0.449377
-0.454709
-0.460070
-0.465468
-0.470908
-0.476397
-0.481941
-0.487547
-0.493222
-0.498974
-0.504809
-0.510735
-0.516760
-0.522891
-0.529139
-0.535510
-0.542014
-0.548660
-0.555457
-0.562415
-0.569543
-0.576852
-0.584353
-0.592054
-0.599968
-0.608106
-0.616478
-0.625096
-0.633972
-0.643117
-0.652543
-0.662262
-0.672287
-0.682629
-0.693301
-0.704315
-0.715683
-0.727418
-0.739532
-0.752037
-0.764945
-0.778268
-0.792019
-0.806207
-0.820846
-0.835946
-0.851518
-0.867573
-0.884122
-0.901174
-0.918739
-0.936827
-0.955448
-0.974610
-0.994321
-0.202634
-0.203770
-0.206608
-0.210683
-0.215645
-0.221237
-0.227274
-0.233620
-0.240175
-0.246866
-0.253638
-0.260450
-0.267270
-0.274075
-0.280846
-0.287572
-0.294242
-0.300849
-0.307388
-0.313855
-0.320250
-0.326572
-0.332819
-0.338994
-0.345097
-0.351130
-0.357095
-0.362996
-0.368834
-0.374612
-0.380334
-0.386003
-0.391623
-0.397197
-0.402728
-0.408222
-0.413681
-0.419110
-0.424513
-0.429894
-0.435257
-0.440608
-0.445951
-0.451290
-0.456631
-0.461978
-0.467337
-0.472714
-0.478113
-0.483541
-0.489003
-0.494506
-0.500056
-0.505660
-0.511324
-0.517055
-0.522861
-0.528749
-0.534727
-0.540803
-0.546986
-0.553283
-0.559705
-0.566259
-0.572957
-0.579806
-0.586818
-0.594003
-0.601370
-0.608933
-0.616700
-0.624684
-0.632896
-0.641349
-0.650054
-0.659023
-0.668269
-0.677804
-0.687642
-0.697795
-0.708275
-0.719097
-0.730272
-0.741813
-0.753734
-0.766047
-0.778766
-0.791902
-0.805468
-0.819476
-0.833939
-0.848868
-0.864274
-0.880169
-0.896564
-0.913469
-0.930895
-0.948851
-0.967347
-0.986392
-0.207102
-0.208290
-0.211254
-0.215501
-0.220665
-0.226479
-0.232750
-0.239338
-0.246141
-0.253084
-0.260109
-0.267176
-0.274250
-0.281309
-0.288334
-0.295311
-0.302231
-0.309085
-0.315868
-0.322578
-0.329211
-0.335766
-0.342244
-0.348645
-0.354969
-0.361218
-0.367395
-0.373500
-0.379537
-0.385508
-0.391417
-0.397265
-0.403056
-0.408794
-0.414481
-0.420122
-0.425719
-0.431276
-0.436797
-0.442287
-0.447748
-0.453186
-0.458604
-0.464006
-0.469397
-0.474782
-0.480166
-0.485553
-0.490949
-0.496358
-0.501787
-0.507240
-0.512725
-0.518247
-0.523812
-0.529427
-0.535100
-0.540836
-0.546644
-0.552532
-0.558506
-0.564577
-0.570752
-0.577040
-0.583451
-0.589994
-0.596679
-0.603516
-0.610517
-0.617692
-0.625052
-0.632608
-0.640373
-0.648358
-0.656576
-0.665040
-0.673762
-0.682756
-0.692034
-0.701609
-0.711496
-0.721708
-0.732259
-0.743161
-0.754430
-0.766078
-0.778119
-0.790566
-0.803433
-0.816732
-0.830478
-0.844682
-0.859356
-0.874513
-0.890165
-0.906323
-0.922998
-0.940200
-0.957941
-0.976229
-0.211612
-0.212855
-0.215950
-0.220377
-0.225751
-0.231793
-0.238304
-0.245141
-0.252198
-0.259398
-0.266683
-0.274010
-0.281345
-0.288663
-0.295947
-0.303181
-0.310356
-0.317463
-0.324496
-0.331452
-0.338328
-0.345123
-0.351836
-0.358467
-0.365017
-0.371487
-0.377879
-0.384194
-0.390434
-0.396602
-0.402700
-0.408731
-0.414697
-0.420602
-0.426447
-0.432237
-0.437974
-0.443662
-0.449303
-0.454902
-0.460462
-0.465986
-0.471479
-0.476943
-0.482384
-0.487804
-0.493209
-0.498604
-0.503991
-0.509377
-0.514766
-0.520164
-0.525576
-0.531007
-0.536464
-0.541952
-0.547479
-0.553050
-0.558673
-0.564356
-0.570105
-0.575929
-0.581836
-0.587836
-0.593936
-0.600146
-0.606476
-0.612937
-0.619538
-0.626291
-0.633207
-0.640297
-0.647573
-0.655048
-0.662734
-0.670645
-0.678792
-0.687190
-0.695853
-0.704794
-0.714028
-0.723568
-0.733429
-0.743626
-0.754172
-0.765083
-0.776372
-0.788055
-0.800145
-0.812656
-0.825603
-0.838999
-0.852857
-0.867190
-0.882011
-0.897332
-0.913166
-0.929524
-0.946416
-0.963855
-0.216161
-0.217463
-0.220695
-0.225309
-0.230900
-0.237178
-0.243937
-0.251029
-0.258346
-0.265810
-0.273360
-0.280952
-0.288554
-0.296138
-0.303686
-0.311183
-0.318618
-0.325983
-0.333271
-0.340479
-0.347604
-0.354643
-0.361596
-0.368463
-0.375244
-0.381940
-0.388551
-0.395080
-0.401528
-0.407897
-0.414189
-0.420406
-0.426551
-0.432625
-0.438632
-0.444575
-0.450454
-0.456275
-0.462039
-0.467749
-0.473408
-0.479020
-0.484587
-0.490114
-0.495603
-0.501058
-0.506483
-0.511882
-0.517259
-0.522617
-0.527963
-0.533299
-0.538631
-0.543965
-0.549304
-0.554656
-0.560027
-0.565421
-0.570846
-0.576309
-0.581817
-0.587377
-0.592997
-0.598686
-0.604453
-0.610306
-0.616255
-0.622310
-0.628481
-0.634779
-0.641216
-0.647802
-0.654550
-0.661472
-0.668582
-0.675891
-0.683414
-0.691165
-0.699158
-0.707406
-0.715926
-0.724732
-0.733838
-0.743261
-0.753015
-0.763116
-0.773579
-0.784420
-0.795654
-0.807296
-0.819361
-0.831863
-0.844818
-0.858238
-0.872139
-0.886533
-0.901434
-0.916853
-0.932804
-0.949297
-0.220747
-0.222111
-0.225488
-0.230297
-0.236112
-0.242633
-0.249646
-0.257000
-0.264584
-0.272317
-0.280139
-0.288003
-0.295877
-0.303732
-0.311550
-0.319316
-0.327017
-0.334645
-0.342195
-0.349660
-0.357039
-0.364328
-0.371527
-0.378634
-0.385651
-0.392577
-0.399414
-0.406162
-0.412822
-0.419396
-0.425887
-0.432295
-0.438622
-0.444871
-0.451043
-0.457141
-0.463167
-0.469123
-0.475012
-0.480835
-0.486597
-0.492298
-0.497942
-0.503532
-0.509070
-0.514559
-0.520004
-0.525406
-0.530770
-0.536099
-0.541396
-0.546667
-0.551915
-0.557145
-0.562361
-0.567569
-0.572774
-0.577981
-0.583196
-0.588427
-0.593678
-0.598959
-0.604275
-0.609635
-0.615047
-0.620520
-0.626063
-0.631685
-0.637397
-0.643209
-0.649133
-0.655179
-0.661361
-0.667689
-0.674178
-0.680840
-0.687690
-0.694742
-0.702010
-0.709509
-0.717255
-0.725263
-0.733549
-0.742130
-0.751021
-0.760238
-0.769800
-0.779720
-0.790017
-0.800707
-0.811804
-0.823327
-0.835289
-0.847707
-0.860595
-0.873969
-0.887841
-0.902227
-0.917138
-0.932588
-0.225367
-0.226796
-0.230326
-0.235338
-0.241386
-0.248157
-0.255432
-0.263054
-0.270911
-0.278920
-0.287020
-0.295162
-0.303314
-0.311447
-0.319541
-0.327580
-0.335553
-0.343451
-0.351267
-0.358995
-0.366633
-0.374178
-0.381628
-0.388982
-0.396240
-0.403402
-0.410469
-0.417440
-0.424318
-0.431103
-0.437797
-0.444400
-0.450915
-0.457342
-0.463684
-0.469943
-0.476119
-0.482214
-0.488231
-0.494172
-0.500038
-0.505831
-0.511554
-0.517209
-0.522797
-0.528323
-0.533787
-0.539193
-0.544543
-0.549841
-0.555090
-0.560292
-0.565453
-0.570574
-0.575662
-0.580719
-0.585751
-0.590763
-0.595759
-0.600746
-0.605730
-0.610716
-0.615713
-0.620727
-0.625765
-0.630837
-0.635951
-0.641116
-0.646342
-0.651639
-0.657018
-0.662490
-0.668067
-0.673763
-0.679589
-0.685559
-0.691688
-0.697989
-0.704478
-0.711171
-0.718084
-0.725231
-0.732632
-0.740301
-0.748258
-0.756518
-0.765100
-0.774020
-0.783298
-0.792950
-0.802994
-0.813447
-0.824326
-0.835648
-0.847430
-0.859686
-0.872434
-0.885687
-0.899460
-0.913767
-0.230016
-0.231516
-0.235207
-0.240432
-0.246721
-0.253750
-0.261293
-0.269191
-0.277328
-0.285619
-0.294002
-0.302429
-0.310864
-0.319281
-0.327656
-0.335976
-0.344227
-0.352400
-0.360488
-0.368485
-0.376388
-0.384194
-0.391901
-0.399507
-0.407012
-0.414416
-0.421718
-0.428920
-0.436020
-0.443021
-0.449924
-0.456728
-0.463435
-0.470046
-0.476563
-0.482986
-0.489316
-0.495556
-0.501706
-0.507767
-0.513742
-0.519631
-0.525436
-0.531159
-0.536801
-0.542363
-0.547849
-0.553260
-0.558598
-0.563865
-0.569064
-0.574198
-0.579269
-0.584281
-0.589236
-0.594138
-0.598992
-0.603802
-0.608572
-0.613307
-0.618012
-0.622693
-0.627357
-0.632010
-0.636658
-0.641311
-0.645975
-0.650660
-0.655375
-0.660129
-0.664934
-0.669800
-0.674739
-0.679763
-0.684886
-0.690120
-0.695481
-0.700983
-0.706641
-0.712471
-0.718490
-0.724716
-0.731164
-0.737854
-0.744803
-0.752031
-0.759555
-0.767394
-0.775569
-0.784097
-0.792998
-0.802290
-0.811992
-0.822123
-0.832700
-0.843741
-0.855263
-0.867283
-0.879815
-0.892876
-0.234692
-0.236269
-0.240130
-0.245576
-0.252115
-0.259410
-0.267230
-0.275410
-0.283833
-0.292413
-0.301086
-0.309803
-0.318529
-0.327234
-0.335898
-0.344503
-0.353038
-0.361492
-0.369858
-0.378131
-0.386305
-0.394378
-0.402347
-0.410211
-0.417969
-0.425621
-0.433165
-0.440601
-0.447931
-0.455154
-0.462270
-0.469281
-0.476186
-0.482987
-0.489684
-0.496277
-0.502768
-0.509156
-0.515444
-0.521632
-0.527719
-0.533709
-0.539600
-0.545395
-0.551094
-0.556698
-0.562209
-0.567627
-0.572955
-0.578193
-0.583344
-0.588409
-0.593391
-0.598291
-0.603113
-0.607859
-0.612532
-0.617135
-0.621673
-0.626149
-0.630568
-0.634935
-0.639255
-0.643534
-0.647779
-0.651996
-0.656193
-0.660378
-0.664559
-0.668746
-0.672950
-0.677180
-0.681447
-0.685765
-0.690146
-0.694604
-0.699152
-0.703805
-0.708580
-0.713493
-0.718561
-0.723802
-0.729233
-0.734874
-0.740743
-0.746862
-0.753249
-0.759924
-0.766910
-0.774225
-0.781892
-0.789929
-0.798358
-0.807199
-0.816472
-0.826195
-0.836388
-0.847068
-0.858254
-0.869962
-0.239391
-0.241049
-0.245091
-0.250770
-0.257568
-0.265138
-0.273240
-0.281709
-0.290425
-0.299301
-0.308270
-0.317284
-0.326306
-0.335307
-0.344264
-0.353162
-0.361987
-0.370728
-0.379379
-0.387932
-0.396383
-0.404729
-0.412968
-0.421096
-0.429113
-0.437018
-0.444810
-0.452488
-0.460053
-0.467504
-0.474841
-0.482064
-0.489174
-0.496170
-0.503053
-0.509822
-0.516479
-0.523023
-0.529454
-0.535773
-0.541980
-0.548075
-0.554058
-0.559930
-0.565691
-0.571341
-0.576881
-0.582312
-0.587633
-0.592846
-0.597951
-0.602951
-0.607845
-0.612636
-0.617324
-0.621913
-0.626404
-0.630799
-0.635102
-0.639315
-0.643443
-0.647489
-0.651457
-0.655354
-0.659183
-0.662952
-0.666666
-0.670334
-0.673963
-0.677561
-0.681139
-0.684706
-0.688273
-0.691852
-0.695455
-0.699095
-0.702788
-0.706547
-0.710390
-0.714332
-0.718390
-0.722585
-0.726933
-0.731456
-0.736173
-0.741105
-0.746275
-0.751703
-0.757411
-0.763423
-0.769761
-0.776447
-0.783503
-0.790952
-0.798815
-0.807115
-0.815871
-0.825104
-0.834833
-0.845078
-0.244108
-0.245856
-0.250090
-0.256011
-0.263078
-0.270930
-0.279324
-0.288090
-0.297105
-0.306282
-0.315554
-0.324871
-0.334195
-0.343498
-0.352756
-0.361952
-0.371073
-0.380108
-0.389049
-0.397889
-0.406624
-0.415250
-0.423763
-0.432162
-0.440445
-0.448609
-0.456656
-0.464582
-0.472388
-0.480074
-0.487638
-0.495081
-0.502401
-0.509600
-0.516675
-0.523628
-0.530458
-0.537163
-0.543745
-0.550202
-0.556535
-0.562742
-0.568823
-0.574779
-0.580608
-0.586310
-0.591885
-0.597332
-0.602653
-0.607845
-0.612910
-0.617848
-0.622659
-0.627343
-0.631901
-0.636335
-0.640645
-0.644832
-0.648900
-0.652849
-0.656683
-0.660405
-0.664017
-0.667524
-0.670930
-0.674240
-0.677461
-0.680598
-0.683658
-0.686649
-0.689580
-0.692460
-0.695299
-0.698109
-0.700901
-0.703689
-0.706486
-0.709307
-0.712169
-0.715088
-0.718082
-0.721170
-0.724371
-0.727707
-0.731198
-0.734867
-0.738737
-0.742831
-0.747174
-0.751789
-0.756701
-0.761934
-0.767514
-0.773465
-0.779811
-0.786576
-0.793783
-0.801455
-0.809613
-0.818279
-0.248838
-0.250683
-0.255123
-0.261299
-0.268645
-0.276788
-0.285480
-0.294549
-0.303871
-0.313357
-0.322938
-0.332564
-0.342197
-0.351807
-0.361372
-0.370873
-0.380296
-0.389631
-0.398868
-0.408002
-0.417027
-0.425939
-0.434734
-0.443410
-0.451965
-0.460397
-0.468704
-0.476885
-0.484940
-0.492867
-0.500665
-0.508334
-0.515873
-0.523281
-0.530557
-0.537700
-0.544710
-0.551585
-0.558324
-0.564927
-0.571393
-0.577720
-0.583907
-0.589953
-0.595858
-0.601619
-0.607236
-0.612708
-0.618034
-0.623213
-0.628244
-0.633126
-0.637859
-0.642443
-0.646876
-0.651159
-0.655292
-0.659275
-0.663110
-0.666797
-0.670337
-0.673733
-0.676987
-0.680102
-0.683080
-0.685926
-0.688644
-0.691240
-0.693719
-0.696089
-0.698356
-0.700529
-0.702618
-0.704632
-0.706584
-0.708485
-0.710350
-0.712192
-0.714028
-0.715874
-0.717749
-0.719672
-0.721663
-0.723743
-0.725935
-0.728263
-0.730751
-0.733425
-0.736309
-0.739431
-0.742817
-0.746494
-0.750490
-0.754832
-0.759547
-0.764662
-0.770202
-0.776194
-0.782661
-0.789627
-0.253576
-0.255529
-0.260188
-0.266632
-0.274266
-0.282710
-0.291708
-0.301088
-0.310723
-0.320523
-0.330420
-0.340362
-0.350310
-0.360235
-0.370112
-0.379924
-0.389656
-0.399297
-0.408838
-0.418272
-0.427593
-0.436798
-0.445881
-0.454841
-0.463675
-0.472380
-0.480956
-0.489399
-0.497710
-0.505886
-0.513926
-0.521829
-0.529593
-0.537218
-0.544702
-0.552044
-0.559242
-0.566294
-0.573200
-0.579957
-0.586564
-0.593019
-0.599321
-0.605467
-0.611455
-0.617285
-0.622953
-0.628458
-0.633798
-0.638972
-0.643977
-0.648812
-0.653475
-0.657965
-0.662280
-0.666420
-0.670382
-0.674167
-0.677774
-0.681203
-0.684454
-0.687528
-0.690425
-0.693147
-0.695697
-0.698076
-0.700288
-0.702337
-0.704227
-0.705964
-0.707554
-0.709005
-0.710324
-0.711522
-0.712608
-0.713594
-0.714492
-0.715318
-0.716086
-0.716813
-0.717517
-0.718218
-0.718936
-0.719694
-0.720515
-0.721424
-0.722446
-0.723609
-0.724941
-0.726471
-0.728227
-0.730240
-0.732540
-0.735157
-0.738122
-0.741464
-0.745214
-0.749399
-0.754047
-0.759185
-0.258315
-0.260388
-0.265283
-0.272008
-0.279942
-0.288694
-0.298007
-0.307704
-0.317660
-0.327781
-0.338000
-0.348264
-0.358534
-0.368779
-0.378976
-0.389105
-0.399152
-0.409106
-0.418957
-0.428697
-0.438322
-0.447826
-0.457205
-0.466456
-0.475576
-0.484562
-0.493413
-0.502126
-0.510700
-0.519133
-0.527422
-0.535567
-0.543566
-0.551416
-0.559117
-0.566666
-0.574060
-0.581299
-0.588380
-0.595301
-0.602058
-0.608651
-0.615077
-0.621332
-0.627415
-0.633322
-0.639051
-0.644600
-0.649964
-0.655143
-0.660133
-0.664930
-0.669534
-0.673940
-0.678147
-0.682153
-0.685954
-0.689549
-0.692937
-0.696116
-0.699085
-0.701842
-0.704388
-0.706723
-0.708846
-0.710760
-0.712466
-0.713966
-0.715264
-0.716363
-0.717268
-0.717985
-0.718521
-0.718885
-0.719084
-0.719130
-0.719034
-0.718810
-0.718473
-0.718037
-0.717523
-0.716948
-0.716334
-0.715703
-0.715081
-0.714492
-0.713965
-0.713528
-0.713211
-0.713045
-0.713064
-0.713299
-0.713785
-0.714555
-0.715643
-0.717084
-0.718910
-0.721155
-0.723849
-0.727024
-0.263049
-0.265257
-0.270405
-0.277426
-0.285670
-0.294740
-0.304375
-0.314397
-0.324680
-0.335130
-0.345677
-0.356270
-0.366868
-0.377440
-0.387962
-0.398415
-0.408784
-0.419057
-0.429224
-0.439279
-0.449214
-0.459024
-0.468706
-0.478255
-0.487668
-0.496943
-0.506077
-0.515067
-0.523912
-0.532610
-0.541157
-0.549553
-0.557794
-0.565879
-0.573805
-0.581570
-0.589171
-0.596606
-0.603872
-0.610966
-0.617885
-0.624626
-0.631186
-0.637562
-0.643749
-0.649746
-0.655548
-0.661151
-0.666553
-0.671748
-0.676734
-0.681507
-0.686063
-0.690398
-0.694509
-0.698393
-0.702045
-0.705463
-0.708643
-0.711582
-0.714279
-0.716731
-0.718935
-0.720890
-0.722595
-0.724050
-0.725255
-0.726210
-0.726916
-0.727377
-0.727594
-0.727573
-0.727317
-0.726835
-0.726133
-0.725220
-0.724106
-0.722804
-0.721328
-0.719692
-0.717914
-0.716013
-0.714011
-0.711928
-0.709792
-0.707629
-0.705467
-0.703338
-0.701273
-0.699307
-0.697476
-0.695814
-0.694361
-0.693154
-0.692232
-0.691633
-0.691395
-0.691555
-0.692151
-0.693216
-0.267769
-0.270131
-0.275554
-0.282884
-0.291450
-0.300847
-0.310812
-0.321167
-0.331783
-0.342567
-0.353450
-0.364378
-0.375311
-0.386216
-0.397071
-0.407854
-0.418551
-0.429150
-0.439641
-0.450016
-0.460268
-0.470392
-0.480383
-0.490238
-0.499952
-0.509523
-0.518948
-0.528224
-0.537348
-0.546319
-0.555133
-0.563788
-0.572281
-0.580609
-0.588770
-0.596761
-0.604579
-0.612220
-0.619682
-0.626960
-0.634052
-0.640953
-0.647659
-0.654167
-0.660473
-0.666571
-0.672459
-0.678130
-0.683582
-0.688808
-0.693805
-0.698567
-0.703090
-0.707369
-0.711399
-0.715175
-0.718693
-0.721948
-0.724935
-0.727650
-0.730090
-0.732249
-0.734125
-0.735714
-0.737013
-0.738020
-0.738734
-0.739152
-0.739274
-0.739101
-0.738634
-0.737875
-0.736826
-0.735493
-0.733880
-0.731995
-0.729847
-0.727446
-0.724804
-0.721935
-0.718855
-0.715583
-0.712138
-0.708545
-0.704827
-0.701013
-0.697133
-0.693219
-0.689305
-0.685430
-0.681630
-0.677948
-0.674424
-0.671101
-0.668024
-0.665236
-0.662781
-0.660701
-0.659040
-0.657838
-0.272467
-0.275006
-0.280725
-0.288382
-0.297281
-0.307014
-0.317317
-0.328011
-0.338968
-0.350094
-0.361318
-0.372588
-0.383862
-0.395107
-0.406300
-0.417421
-0.428453
-0.439385
-0.450206
-0.460908
-0.471484
-0.481929
-0.492237
-0.502405
-0.512428
-0.522303
-0.532027
-0.541597
-0.551009
-0.560262
-0.569351
-0.578275
-0.587029
-0.595611
-0.604017
-0.612245
-0.620290
-0.628149
-0.635817
-0.643292
-0.650568
-0.657641
-0.664507
-0.671161
-0.677597
-0.683812
-0.689799
-0.695554
-0.701071
-0.706343
-0.711367
-0.716135
-0.720642
-0.724881
-0.728847
-0.732534
-0.735936
-0.739045
-0.741858
-0.744367
-0.746567
-0.748453
-0.750018
-0.751258
-0.752168
-0.752744
-0.752982
-0.752878
-0.752430
-0.751636
-0.750493
-0.749004
-0.747167
-0.744984
-0.742460
-0.739599
-0.736407
-0.732892
-0.729065
-0.724937
-0.720523
-0.715840
-0.710907
-0.705746
-0.700382
-0.694844
-0.689162
-0.683370
-0.677505
-0.671607
-0.665717
-0.659881
-0.654146
-0.648559
-0.643171
-0.638032
-0.633192
-0.628703
-0.624613
-0.620969
-0.277133
-0.279875
-0.285918
-0.293918
-0.303162
-0.313239
-0.323888
-0.334929
-0.346234
-0.357708
-0.369281
-0.380898
-0.392519
-0.404112
-0.415650
-0.427114
-0.438488
-0.449759
-0.460918
-0.471954
-0.482862
-0.493635
-0.504268
-0.514756
-0.525096
-0.535283
-0.545315
-0.555187
-0.564896
-0.574440
-0.583814
-0.593016
-0.602041
-0.610887
-0.619550
-0.628025
-0.636308
-0.644396
-0.652284
-0.659967
-0.667441
-0.674700
-0.681739
-0.688553
-0.695135
-0.701481
-0.707585
-0.713439
-0.719037
-0.724374
-0.729442
-0.734234
-0.738744
-0.742963
-0.746886
-0.750504
-0.753809
-0.756796
-0.759455
-0.761780
-0.763763
-0.765397
-0.766675
-0.767588
-0.768132
-0.768298
-0.768082
-0.767477
-0.766478
-0.765080
-0.763280
-0.761075
-0.758463
-0.755443
-0.752014
-0.748180
-0.743944
-0.739310
-0.734287
-0.728883
-0.723111
-0.716985
-0.710523
-0.703746
-0.696678
-0.689346
-0.681782
-0.674020
-0.666099
-0.658062
-0.649954
-0.641825
-0.633728
-0.625716
-0.617846
-0.610178
-0.602771
-0.595682
-0.588971
-0.582694
-0.281754
-0.284736
-0.291131
-0.299492
-0.309092
-0.319523
-0.330525
-0.341920
-0.353579
-0.365408
-0.377336
-0.389308
-0.401283
-0.413229
-0.425118
-0.436933
-0.448656
-0.460274
-0.471776
-0.483154
-0.494401
-0.505509
-0.516474
-0.527292
-0.537956
-0.548464
-0.558811
-0.568994
-0.579010
-0.588854
-0.598523
-0.608013
-0.617320
-0.626440
-0.635370
-0.644104
-0.652638
-0.660968
-0.669088
-0.676993
-0.684678
-0.692137
-0.699364
-0.706353
-0.713098
-0.719592
-0.725828
-0.731800
-0.737499
-0.742919
-0.748051
-0.752888
-0.757421
-0.761643
-0.765544
-0.769116
-0.772350
-0.775238
-0.777769
-0.779936
-0.781728
-0.783137
-0.784154
-0.784769
-0.784973
-0.784758
-0.784115
-0.783036
-0.781513
-0.779538
-0.777106
-0.774209
-0.770844
-0.767005
-0.762689
-0.757896
-0.752625
-0.746877
-0.740658
-0.733972
-0.726828
-0.719239
-0.711218
-0.702784
-0.693960
-0.684771
-0.675248
-0.665427
-0.655346
-0.645052
-0.634592
-0.624022
-0.613400
-0.602787
-0.592250
-0.581856
-0.571674
-0.561775
-0.552227
-0.543099
-0.286315
-0.289582
-0.296362
-0.305102
-0.315070
-0.325864
-0.337227
-0.348983
-0.361003
-0.373193
-0.385483
-0.397816
-0.410152
-0.422457
-0.434705
-0.446877
-0.458955
-0.470926
-0.482780
-0.494506
-0.506099
-0.517551
-0.528856
-0.540010
-0.551008
-0.561844
-0.572517
-0.583020
-0.593351
-0.603505
-0.613478
-0.623267
-0.632867
-0.642273
-0.651481
-0.660486
-0.669283
-0.677868
-0.686233
-0.694374
-0.702285
-0.709959
-0.717391
-0.724572
-0.731496
-0.738156
-0.744544
-0.750652
-0.756472
-0.761995
-0.767214
-0.772118
-0.776698
-0.780946
-0.784851
-0.788404
-0.791593
-0.794409
-0.796842
-0.798880
-0.800512
-0.801727
-0.802515
-0.802863
-0.802762
-0.802199
-0.801163
-0.799645
-0.797632
-0.795114
-0.792083
-0.788528
-0.784440
-0.779812
-0.774638
-0.768910
-0.762626
-0.755782
-0.748379
-0.740417
-0.731902
-0.722840
-0.713242
-0.703123
-0.692502
-0.681401
-0.669851
-0.657885
-0.645543
-0.632871
-0.619922
-0.606754
-0.593433
-0.580028
-0.566614
-0.553272
-0.540084
-0.527132
-0.514501
-0.502273
-0.290799
-0.294410
-0.301611
-0.310749
-0.321096
-0.332261
-0.343992
-0.356116
-0.368504
-0.381063
-0.393720
-0.406421
-0.419123
-0.431795
-0.444408
-0.456943
-0.469384
-0.481715
-0.493927
-0.506010
-0.517957
-0.529759
-0.541413
-0.552911
-0.564250
-0.575425
-0.586430
-0.597263
-0.607919
-0.618393
-0.628682
-0.638780
-0.648683
-0.658386
-0.667885
-0.677174
-0.686247
-0.695100
-0.703725
-0.712117
-0.720269
-0.728175
-0.735826
-0.743217
-0.750339
-0.757183
-0.763743
-0.770008
-0.775970
-0.781620
-0.786948
-0.791944
-0.796597
-0.800898
-0.804834
-0.808396
-0.811570
-0.814346
-0.816712
-0.818654
-0.820160
-0.821218
-0.821813
-0.821934
-0.821565
-0.820694
-0.819307
-0.817390
-0.814930
-0.811912
-0.808324
-0.804153
-0.799386
-0.794011
-0.788017
-0.781393
-0.774131
-0.766223
-0.757663
-0.748447
-0.738575
-0.728048
-0.716871
-0.705053
-0.692608
-0.679556
-0.665920
-0.651733
-0.637033
-0.621866
-0.606286
-0.590356
-0.574147
-0.557739
-0.541217
-0.524676
-0.508213
-0.491929
-0.475928
-0.460310
-0.295186
-0.299216
-0.306879
-0.316431
-0.327169
-0.338713
-0.350820
-0.363319
-0.376081
-0.389014
-0.402046
-0.415121
-0.428197
-0.441241
-0.454226
-0.467132
-0.479941
-0.492640
-0.505218
-0.517664
-0.529972
-0.542133
-0.554142
-0.565994
-0.577682
-0.589203
-0.600552
-0.611724
-0.622714
-0.633519
-0.644132
-0.654551
-0.664769
-0.674782
-0.684583
-0.694169
-0.703532
-0.712667
-0.721566
-0.730225
-0.738634
-0.746788
-0.754678
-0.762296
-0.769635
-0.776684
-0.783436
-0.789881
-0.796008
-0.801809
-0.807271
-0.812385
-0.817139
-0.821521
-0.825519
-0.829120
-0.832313
-0.835083
-0.837417
-0.839301
-0.840720
-0.841659
-0.842104
-0.842039
-0.841448
-0.840316
-0.838625
-0.836359
-0.833501
-0.830034
-0.825943
-0.821208
-0.815815
-0.809746
-0.802986
-0.795518
-0.787329
-0.778404
-0.768732
-0.758303
-0.747109
-0.735143
-0.722404
-0.708894
-0.694619
-0.679592
-0.663830
-0.647360
-0.630216
-0.612442
-0.594091
-0.575229
-0.555931
-0.536287
-0.516395
-0.496366
-0.476316
-0.456371
-0.436657
-0.417304
-0.299450
-0.303997
-0.312164
-0.322150
-0.333288
-0.345219
-0.357710
-0.370589
-0.383733
-0.397047
-0.410459
-0.423915
-0.437371
-0.450794
-0.464158
-0.477441
-0.490626
-0.503699
-0.516649
-0.529467
-0.542143
-0.554671
-0.567044
-0.579257
-0.591304
-0.603180
-0.614881
-0.626401
-0.637736
-0.648881
-0.659831
-0.670581
-0.681126
-0.691460
-0.701578
-0.711473
-0.721140
-0.730571
-0.739761
-0.748701
-0.757385
-0.765804
-0.773951
-0.781816
-0.789392
-0.796667
-0.803634
-0.810281
-0.816598
-0.822574
-0.828198
-0.833458
-0.838342
-0.842836
-0.846928
-0.850604
-0.853850
-0.856651
-0.858992
-0.860858
-0.862232
-0.863098
-0.863439
-0.863237
-0.862474
-0.861132
-0.859191
-0.856633
-0.853436
-0.849581
-0.845048
-0.839814
-0.833860
-0.827164
-0.819704
-0.811460
-0.802411
-0.792537
-0.781818
-0.770237
-0.757777
-0.744423
-0.730166
-0.714996
-0.698911
-0.681911
-0.664007
-0.645215
-0.625560
-0.605081
-0.583826
-0.561859
-0.539261
-0.516126
-0.492567
-0.468713
-0.444707
-0.420704
-0.396864
-0.373353
-0.303559
-0.308751
-0.317470
-0.327906
-0.339453
-0.351779
-0.364659
-0.377927
-0.391458
-0.405159
-0.418959
-0.432801
-0.446644
-0.460453
-0.474201
-0.487868
-0.501436
-0.514891
-0.528221
-0.541416
-0.554469
-0.567371
-0.580116
-0.592698
-0.605113
-0.617353
-0.629415
-0.641294
-0.652984
-0.664480
-0.675777
-0.686870
-0.697754
-0.708422
-0.718868
-0.729087
-0.739072
-0.748815
-0.758310
-0.767549
-0.776525
-0.785228
-0.793650
-0.801783
-0.809616
-0.817140
-0.824344
-0.831218
-0.837751
-0.843930
-0.849743
-0.855179
-0.860223
-0.864863
-0.869083
-0.872869
-0.876206
-0.879078
-0.881469
-0.883361
-0.884736
-0.885577
-0.885865
-0.885579
-0.884701
-0.883207
-0.881078
-0.878291
-0.874822
-0.870648
-0.865745
-0.860088
-0.853651
-0.846407
-0.838331
-0.829395
-0.819572
-0.808834
-0.797155
-0.784507
-0.770865
-0.756204
-0.740501
-0.723736
-0.705894
-0.686961
-0.666933
-0.645813
-0.623611
-0.600354
-0.576080
-0.550846
-0.524729
-0.497829
-0.470268
-0.442198
-0.413790
-0.385240
-0.356756
-0.328556
-0.307474
-0.313481
-0.322799
-0.333699
-0.345663
-0.358391
-0.371667
-0.385329
-0.399255
-0.413350
-0.427543
-0.441779
-0.456014
-0.470215
-0.484355
-0.498412
-0.512370
-0.526213
-0.539930
-0.553511
-0.566947
-0.580231
-0.593357
-0.606317
-0.619107
-0.631721
-0.644154
-0.656401
-0.668455
-0.680313
-0.691969
-0.703417
-0.714651
-0.725666
-0.736455
-0.747011
-0.757329
-0.767399
-0.777216
-0.786771
-0.796056
-0.805061
-0.813779
-0.822200
-0.830312
-0.838107
-0.845574
-0.852700
-0.859474
-0.865884
-0.871917
-0.877560
-0.882798
-0.887617
-0.892002
-0.895937
-0.899406
-0.902391
-0.904876
-0.906841
-0.908268
-0.909136
-0.909426
-0.909115
-0.908181
-0.906601
-0.904351
-0.901406
-0.897740
-0.893325
-0.888135
-0.882140
-0.875309
-0.867613
-0.859018
-0.849492
-0.839000
-0.827507
-0.814978
-0.801377
-0.786666
-0.770810
-0.753772
-0.735518
-0.716014
-0.695232
-0.673147
-0.649741
-0.625006
-0.598943
-0.571574
-0.542935
-0.513092
-0.482139
-0.450205
-0.417457
-0.384103
-0.350390
-0.316595
-0.283014
-0.311145
-0.318191
-0.328155
-0.339530
-0.351918
-0.365054
-0.378733
-0.392796
-0.407121
-0.421616
-0.436209
-0.450844
-0.465479
-0.480079
-0.494617
-0.509071
-0.523425
-0.537663
-0.551774
-0.565748
-0.579576
-0.593250
-0.606764
-0.620111
-0.633286
-0.646282
-0.659096
-0.671720
-0.684150
-0.696381
-0.708406
-0.720220
-0.731818
-0.743192
-0.754337
-0.765246
-0.775910
-0.786324
-0.796479
-0.806367
-0.815979
-0.825307
-0.834340
-0.843070
-0.851485
-0.859575
-0.867328
-0.874733
-0.881776
-0.888447
-0.894730
-0.900612
-0.906078
-0.911113
-0.915700
-0.919824
-0.923467
-0.926611
-0.929238
-0.931326
-0.932857
-0.933809
-0.934159
-0.933885
-0.932962
-0.931365
-0.929068
-0.926043
-0.922262
-0.917694
-0.912308
-0.906072
-0.898950
-0.890908
-0.881908
-0.871911
-0.860875
-0.848759
-0.835517
-0.821104
-0.805471
-0.788570
-0.770349
-0.750757
-0.729743
-0.707255
-0.683244
-0.657665
-0.630478
-0.601655
-0.571181
-0.539059
-0.505324
-0.470045
-0.433339
-0.395379
-0.356407
-0.316733
-0.276733
-0.236831
-0.314507
-0.322895
-0.333544
-0.345401
-0.358218
-0.371767
-0.385855
-0.400325
-0.415056
-0.429958
-0.444956
-0.459997
-0.475037
-0.490042
-0.504984
-0.519843
-0.534599
-0.549240
-0.563752
-0.578127
-0.592354
-0.606426
-0.620336
-0.634078
-0.647646
-0.661034
-0.674237
-0.687249
-0.700065
-0.712679
-0.725086
-0.737279
-0.749252
-0.760999
-0.772514
-0.783788
-0.794816
-0.805589
-0.816099
-0.826338
-0.836296
-0.845965
-0.855335
-0.864396
-0.873136
-0.881544
-0.889610
-0.897320
-0.904663
-0.911623
-0.918188
-0.924343
-0.930072
-0.935361
-0.940191
-0.944546
-0.948408
-0.951757
-0.954575
-0.956839
-0.958530
-0.959624
-0.960098
-0.959927
-0.959085
-0.957546
-0.955280
-0.952260
-0.948452
-0.943825
-0.938345
-0.931974
-0.924676
-0.916409
-0.907132
-0.896799
-0.885365
-0.872778
-0.858986
-0.843932
-0.827559
-0.809803
-0.790599
-0.769876
-0.747563
-0.723583
-0.697859
-0.670311
-0.640860
-0.609431
-0.575957
-0.540386
-0.502690
-0.462880
-0.421021
-0.377259
-0.331843
-0.285150
-0.237694
-0.190112
-0.317479
-0.327612
-0.338972
-0.351312
-0.364562
-0.378530
-0.393031
-0.407914
-0.423058
-0.438372
-0.453782
-0.469235
-0.484687
-0.500103
-0.515456
-0.530725
-0.545891
-0.560941
-0.575862
-0.590643
-0.605277
-0.619755
-0.634070
-0.648215
-0.662185
-0.675974
-0.689577
-0.702987
-0.716199
-0.729207
-0.742006
-0.754590
-0.766951
-0.779085
-0.790983
-0.802638
-0.814044
-0.825192
-0.836075
-0.846682
-0.857006
-0.867036
-0.876764
-0.886177
-0.895266
-0.904018
-0.912423
-0.920466
-0.928136
-0.935417
-0.942297
-0.948759
-0.954789
-0.960369
-0.965483
-0.970112
-0.974239
-0.977842
-0.980902
-0.983398
-0.985307
-0.986605
-0.987267
-0.987269
-0.986583
-0.985180
-0.983030
-0.980103
-0.976365
-0.971780
-0.966313
-0.959924
-0.952572
-0.944214
-0.934801
-0.924286
-0.912615
-0.899732
-0.885577
-0.870085
-0.853187
-0.834807
-0.814867
-0.793278
-0.769946
-0.744772
-0.717644
-0.688446
-0.657053
-0.623330
-0.587142
-0.548349
-0.506825
-0.462462
-0.415203
-0.365077
-0.312254
-0.257120
-0.200353
-0.142963
-0.319954
-0.332376
-0.344447
-0.357265
-0.370948
-0.385340
-0.400261
-0.415563
-0.431125
-0.446857
-0.462685
-0.478556
-0.494425
-0.510259
-0.526029
-0.541715
-0.557298
-0.572763
-0.588099
-0.603296
-0.618344
-0.633235
-0.647962
-0.662520
-0.676901
-0.691100
-0.705111
-0.718929
-0.732548
-0.745962
-0.759165
-0.772151
-0.784913
-0.797446
-0.809741
-0.821793
-0.833592
-0.845132
-0.856404
-0.867398
-0.878106
-0.888518
-0.898624
-0.908413
-0.917875
-0.926996
-0.935766
-0.944170
-0.952197
-0.959831
-0.967059
-0.973864
-0.980231
-0.986143
-0.991582
-0.996530
-1.000968
-1.004876
-1.008232
-1.011015
-1.013202
-1.014767
-1.015687
-1.015934
-1.015480
-1.014295
-1.012349
-1.009609
-1.006040
-1.001606
-0.996267
-0.989983
-0.982710
-0.974401
-0.965007
-0.954474
-0.942746
-0.929761
-0.915452
-0.899749
-0.882573
-0.863839
-0.843456
-0.821321
-0.797322
-0.771334
-0.743220
-0.712825
-0.679976
-0.644477
-0.606111
-0.564632
-0.519768
-0.471229
-0.418715
-0.361965
-0.300831
-0.235440
-0.166463
-0.095489
-0.321791
-0.337239
-0.349977
-0.363260
-0.377378
-0.392196
-0.407543
-0.423268
-0.439255
-0.455411
-0.471663
-0.487958
-0.504251
-0.520508
-0.536702
-0.552810
-0.568816
-0.584705
-0.600463
-0.616081
-0.631551
-0.646863
-0.662011
-0.676989
-0.691790
-0.706408
-0.720838
-0.735073
-0.749109
-0.762939
-0.776558
-0.789958
-0.803134
-0.816080
-0.828787
-0.841249
-0.853457
-0.865405
-0.877083
-0.888483
-0.899595
-0.910409
-0.920915
-0.931103
-0.940960
-0.950476
-0.959637
-0.968432
-0.976846
-0.984865
-0.992474
-0.999657
-1.006400
-1.012683
-1.018490
-1.023803
-1.028600
-1.032863
-1.036570
-1.039697
-1.042223
-1.044122
-1.045368
-1.045934
-1.045792
-1.044911
-1.043259
-1.040803
-1.037507
-1.033334
-1.028243
-1.022193
-1.015138
-1.007029
-0.997815
-0.987441
-0.975846
-0.962966
-0.948730
-0.933064
-0.915883
-0.897097
-0.876604
-0.854292
-0.830036
-0.803697
-0.775114
-0.744105
-0.710460
-0.673934
-0.634236
-0.591018
-0.543858
-0.492238
-0.435515
-0.372895
-0.303436
-0.226153
-0.140481
-0.047799
-0.322804
-0.342282
-0.355570
-0.369297
-0.383848
-0.399097
-0.414874
-0.431030
-0.447446
-0.464031
-0.480714
-0.497438
-0.514161
-0.530848
-0.547471
-0.564009
-0.580444
-0.596762
-0.612950
-0.628997
-0.644895
-0.660637
-0.676213
-0.691619
-0.706848
-0.721895
-0.736752
-0.751416
-0.765879
-0.780136
-0.794181
-0.808008
-0.821611
-0.834982
-0.848115
-0.861002
-0.873636
-0.886008
-0.898110
-0.909933
-0.921467
-0.932704
-0.943632
-0.954240
-0.964519
-0.974454
-0.984035
-0.993247
-1.002079
-1.010514
-1.018539
-1.026137
-1.033292
-1.039988
-1.046206
-1.051928
-1.057134
-1.061804
-1.065915
-1.069447
-1.072374
-1.074672
-1.076315
-1.077276
-1.077525
-1.077034
-1.075768
-1.073695
-1.070778
-1.066980
-1.062261
-1.056576
-1.049882
-1.042128
-1.033262
-1.023228
-1.011965
-0.999407
-0.985484
-0.970117
-0.953221
-0.934703
-0.914459
-0.892373
-0.868315
-0.842140
-0.813680
-0.782743
-0.749103
-0.712495
-0.672598
-0.629018
-0.581257
-0.528662
-0.470342
-0.405002
-0.330620
-0.243747
-0.137933
-0.000001
