-0.020171
-0.020135
-0.020044
-0.019902
-0.019705
-0.019449
-0.019128
-0.018734
-0.018261
-0.017704
-0.017055
-0.016310
-0.015462
-0.014507
-0.013440
-0.012255
-0.010948
-0.009514
-0.007947
-0.006244
-0.004400
-0.002409
-0.000266
0.002032
0.004491
0.007115
0.009910
0.012881
0.016033
0.019370
0.022897
0.026621
0.030545
0.034676
0.039017
0.043575
0.048354
0.053359
0.058597
0.064071
0.069788
0.075752
0.081968
0.088443
0.095179
0.102184
0.109462
0.117017
0.124856
0.132983
0.141403
0.150121
0.159141
0.168469
0.178110
0.188068
0.198349
0.208955
0.219893
0.231168
0.242782
0.254741
0.267050
0.279713
0.292734
0.306117
0.319866
0.333987
0.348482
0.363357
0.378615
0.394259
0.410295
0.426726
0.443555
0.460788
0.478426
0.496475
0.514938
0.533818
0.553119
0.572846
0.593000
0.613587
0.634609
0.656070
0.677973
0.700322
0.723121
0.746373
0.770080
0.794248
0.818878
0.843975
0.869542
0.895582
0.922099
0.949097
0.976578
1.004545
-0.020191
-0.020156
-0.020066
-0.019924
-0.019727
-0.019472
-0.019151
-0.018758
-0.018286
-0.017729
-0.017082
-0.016337
-0.015491
-0.014537
-0.013471
-0.012287
-0.010981
-0.009548
-0.007984
-0.006282
-0.004439
-0.002450
-0.000310
0.001986
0.004442
0.007064
0.009857
0.012825
0.015974
0.019307
0.022832
0.026552
0.030472
0.034598
0.038936
0.043489
0.048263
0.053264
0.058496
0.063965
0.069676
0.075634
0.081844
0.088312
0.095042
0.102040
0.109310
0.116858
0.124688
0.132807
0.141218
0.149926
0.158937
0.168256
0.177886
0.187834
0.198103
0.208699
0.219625
0.230887
0.242489
0.254436
0.266731
0.279380
0.292387
0.305755
0.319490
0.333595
0.348075
0.362933
0.378174
0.393801
0.409820
0.426232
0.443043
0.460256
0.477876
0.495904
0.514347
0.533206
0.552486
0.572190
0.592322
0.612886
0.633885
0.655322
0.677201
0.699525
0.722298
0.745524
0.769205
0.793345
0.817948
0.843017
0.868556
0.894567
0.921054
0.948021
0.975471
1.003408
-0.020254
-0.020219
-0.020129
-0.019988
-0.019794
-0.019540
-0.019221
-0.018830
-0.018360
-0.017806
-0.017161
-0.016419
-0.015576
-0.014625
-0.013563
-0.012383
-0.011081
-0.009653
-0.008093
-0.006396
-0.004559
-0.002575
-0.000441
0.001848
0.004298
0.006912
0.009697
0.012657
0.015796
0.019120
0.022635
0.026344
0.030253
0.034367
0.038692
0.043232
0.047992
0.052978
0.058195
0.063648
0.069341
0.075281
0.081473
0.087921
0.094630
0.101606
0.108854
0.116378
0.124185
0.132278
0.140662
0.149344
0.158326
0.167615
0.177215
0.187131
0.197368
0.207929
0.218821
0.230046
0.241611
0.253519
0.265775
0.278382
0.291347
0.304672
0.318361
0.332420
0.346852
0.361662
0.376853
0.392429
0.408394
0.424753
0.441508
0.458664
0.476225
0.494194
0.512575
0.531371
0.550587
0.570226
0.590291
0.610786
0.631714
0.653079
0.674885
0.697135
0.719832
0.742980
0.766581
0.790641
0.815161
0.840146
0.865598
0.891522
0.917920
0.944797
0.972154
0.999997
-0.020359
-0.020324
-0.020235
-0.020096
-0.019904
-0.019653
-0.019337
-0.018949
-0.018484
-0.017933
-0.017293
-0.016556
-0.015718
-0.014773
-0.013716
-0.012543
-0.011248
-0.009826
-0.008274
-0.006586
-0.004757
-0.002784
-0.000660
0.001619
0.004057
0.006659
0.009430
0.012376
0.015500
0.018809
0.022306
0.025998
0.029888
0.033982
0.038286
0.042804
0.047541
0.052502
0.057693
0.063118
0.068784
0.074694
0.080854
0.087269
0.093944
0.100884
0.108095
0.115581
0.123346
0.131397
0.139738
0.148374
0.157309
0.166549
0.176098
0.185962
0.196143
0.206649
0.217482
0.228647
0.240149
0.251993
0.264182
0.276722
0.289616
0.302868
0.316483
0.330465
0.344818
0.359547
0.374654
0.390144
0.406022
0.422290
0.438953
0.456014
0.473477
0.491347
0.509626
0.528318
0.547427
0.566956
0.586910
0.607290
0.628102
0.649348
0.671032
0.693157
0.715727
0.738745
0.762215
0.786140
0.810523
0.835367
0.860677
0.886455
0.912705
0.939431
0.966635
0.994321
-0.020505
-0.020471
-0.020384
-0.020248
-0.020058
-0.019811
-0.019500
-0.019117
-0.018657
-0.018112
-0.017478
-0.016748
-0.015917
-0.014980
-0.013931
-0.012766
-0.011481
-0.010070
-0.008528
-0.006852
-0.005036
-0.003075
-0.000966
0.001298
0.003719
0.006304
0.009057
0.011983
0.015087
0.018373
0.021847
0.025514
0.029378
0.033444
0.037718
0.042205
0.046909
0.051836
0.056991
0.062378
0.068004
0.073872
0.079989
0.086358
0.092985
0.099876
0.107034
0.114465
0.122175
0.130167
0.138446
0.147019
0.155888
0.165059
0.174538
0.184327
0.194433
0.204859
0.215611
0.226692
0.238107
0.249861
0.261958
0.274402
0.287197
0.300348
0.313859
0.327734
0.341977
0.356591
0.371582
0.386953
0.402707
0.418850
0.435383
0.452312
0.469640
0.487370
0.505506
0.524053
0.543012
0.562389
0.582186
0.602407
0.623056
0.644136
0.665649
0.687601
0.709994
0.732831
0.756116
0.779852
0.804043
0.828692
0.853802
0.879377
0.905421
0.931935
0.958924
0.986392
-0.020693
-0.020660
-0.020575
-0.020442
-0.020257
-0.020015
-0.019709
-0.019333
-0.018879
-0.018342
-0.017716
-0.016994
-0.016173
-0.015245
-0.014207
-0.013054
-0.011781
-0.010383
-0.008855
-0.007194
-0.005394
-0.003450
-0.001359
0.000885
0.003286
0.005848
0.008578
0.011478
0.014555
0.017813
0.021257
0.024892
0.028722
0.032753
0.036989
0.041436
0.046098
0.050981
0.056090
0.061429
0.067003
0.072818
0.078878
0.085189
0.091755
0.098581
0.105673
0.113035
0.120672
0.128588
0.136790
0.145280
0.154065
0.163149
0.172536
0.182231
0.192239
0.202564
0.213212
0.224185
0.235489
0.247127
0.259105
0.271427
0.284096
0.297117
0.310495
0.324232
0.338333
0.352803
0.367644
0.382861
0.398458
0.414439
0.430807
0.447566
0.464720
0.482272
0.500225
0.518585
0.537353
0.556534
0.576132
0.596148
0.616588
0.637454
0.658750
0.680478
0.702644
0.725249
0.748298
0.771793
0.795738
0.820136
0.844991
0.870305
0.896083
0.922327
0.949041
0.976229
-0.020923
-0.020891
-0.020810
-0.020680
-0.020501
-0.020265
-0.019966
-0.019597
-0.019152
-0.018624
-0.018007
-0.017296
-0.016486
-0.015570
-0.014546
-0.013406
-0.012148
-0.010766
-0.009255
-0.007612
-0.005831
-0.003909
-0.001840
0.000380
0.002756
0.005291
0.007992
0.010862
0.013906
0.017130
0.020537
0.024132
0.027922
0.031909
0.036099
0.040498
0.045109
0.049939
0.054991
0.060270
0.065783
0.071532
0.077524
0.083764
0.090255
0.097004
0.104014
0.111291
0.118840
0.126665
0.134770
0.143162
0.151844
0.160821
0.170097
0.179677
0.189567
0.199769
0.210289
0.221131
0.232299
0.243797
0.255631
0.267804
0.280319
0.293182
0.306397
0.319967
0.333896
0.348188
0.362848
0.377879
0.393284
0.409068
0.425234
0.441786
0.458728
0.476063
0.493795
0.511927
0.530462
0.549405
0.568759
0.588526
0.608712
0.629318
0.650348
0.671806
0.693695
0.716018
0.738778
0.761979
0.785625
0.809717
0.834261
0.859258
0.884713
0.910629
0.937008
0.963854
-0.021196
-0.021165
-0.021087
-0.020962
-0.020789
-0.020560
-0.020269
-0.019909
-0.019474
-0.018957
-0.018352
-0.017653
-0.016856
-0.015955
-0.014946
-0.013823
-0.012582
-0.011218
-0.009728
-0.008106
-0.006348
-0.004451
-0.002408
-0.000216
0.002130
0.004633
0.007300
0.010134
0.013140
0.016323
0.019687
0.023237
0.026977
0.030914
0.035050
0.039392
0.043943
0.048709
0.053695
0.058905
0.064344
0.070017
0.075929
0.082084
0.088488
0.095145
0.102060
0.109238
0.116682
0.124399
0.132393
0.140667
0.149228
0.158079
0.167225
0.176671
0.186420
0.196478
0.206848
0.217536
0.228544
0.239878
0.251542
0.263539
0.275874
0.288551
0.301575
0.314947
0.328674
0.342758
0.357204
0.372015
0.387195
0.402748
0.418677
0.434986
0.451678
0.468758
0.486228
0.504093
0.522354
0.541017
0.560084
0.579559
0.599445
0.619745
0.640463
0.661602
0.683166
0.705156
0.727578
0.750434
0.773727
0.797461
0.821638
0.846262
0.871337
0.896866
0.922851
0.949296
-0.021511
-0.021482
-0.021407
-0.021288
-0.021121
-0.020901
-0.020620
-0.020270
-0.019846
-0.019342
-0.018750
-0.018066
-0.017284
-0.016400
-0.015408
-0.014304
-0.013083
-0.011741
-0.010274
-0.008677
-0.006945
-0.005076
-0.003063
-0.000904
0.001408
0.003875
0.006503
0.009295
0.012257
0.015393
0.018707
0.022205
0.025890
0.029768
0.033842
0.038118
0.042601
0.047295
0.052204
0.057334
0.062689
0.068275
0.074094
0.080154
0.086457
0.093009
0.099814
0.106877
0.114203
0.121796
0.129660
0.137801
0.146223
0.154930
0.163927
0.173217
0.182806
0.192698
0.202897
0.213407
0.224232
0.235377
0.246846
0.258642
0.270770
0.283234
0.296037
0.309184
0.322679
0.336524
0.350725
0.365284
0.380205
0.395492
0.411149
0.427179
0.443586
0.460372
0.477543
0.495100
0.513047
0.531389
0.550127
0.569266
0.588808
0.608758
0.629118
0.649891
0.671081
0.692690
0.714723
0.737183
0.760071
0.783393
0.807150
0.831347
0.855985
0.881070
0.906603
0.932588
-0.021869
-0.021841
-0.021770
-0.021658
-0.021499
-0.021288
-0.021018
-0.020680
-0.020269
-0.019779
-0.019202
-0.018534
-0.017770
-0.016904
-0.015932
-0.014849
-0.013651
-0.012334
-0.010893
-0.009324
-0.007622
-0.005784
-0.003806
-0.001683
0.000590
0.003016
0.005600
0.008345
0.011258
0.014341
0.017599
0.021038
0.024660
0.028472
0.032477
0.036679
0.041084
0.045696
0.050520
0.055560
0.060821
0.066307
0.072023
0.077974
0.084164
0.090597
0.097279
0.104213
0.111405
0.118859
0.126578
0.134569
0.142834
0.151378
0.160207
0.169323
0.178731
0.188436
0.198442
0.208752
0.219372
0.230304
0.241553
0.253123
0.265018
0.277241
0.289797
0.302690
0.315923
0.329499
0.343423
0.357699
0.372329
0.387317
0.402668
0.418383
0.434468
0.450925
0.467757
0.484968
0.502562
0.520541
0.538910
0.557670
0.576826
0.596380
0.616336
0.636697
0.657467
0.678647
0.700242
0.722255
0.744688
0.767546
0.790830
0.814544
0.838692
0.863276
0.888300
0.913767
-0.022269
-0.022243
-0.022177
-0.022072
-0.021922
-0.021722
-0.021463
-0.021139
-0.020743
-0.020268
-0.019708
-0.019059
-0.018314
-0.017469
-0.016519
-0.015460
-0.014287
-0.012997
-0.011585
-0.010047
-0.008379
-0.006576
-0.004636
-0.002553
-0.000323
0.002057
0.004591
0.007285
0.010143
0.013167
0.016364
0.019736
0.023289
0.027028
0.030955
0.035076
0.039395
0.043916
0.048645
0.053585
0.058741
0.064117
0.069718
0.075549
0.081613
0.087915
0.094460
0.101251
0.108294
0.115593
0.123152
0.130975
0.139067
0.147431
0.156073
0.164995
0.174204
0.183701
0.193492
0.203581
0.213972
0.224668
0.235673
0.246992
0.258628
0.270585
0.282867
0.295478
0.308420
0.321698
0.335316
0.349276
0.363583
0.378240
0.393250
0.408617
0.424345
0.440435
0.456893
0.473721
0.490922
0.508499
0.526457
0.544797
0.563524
0.582640
0.602148
0.622052
0.642354
0.663059
0.684168
0.705685
0.727613
0.749955
0.772714
0.795894
0.819497
0.843526
0.867984
0.892876
-0.022712
-0.022689
-0.022628
-0.022531
-0.022391
-0.022202
-0.021957
-0.021648
-0.021267
-0.020810
-0.020269
-0.019639
-0.018916
-0.018094
-0.017168
-0.016136
-0.014991
-0.013731
-0.012351
-0.010847
-0.009215
-0.007452
-0.005553
-0.003515
-0.001332
0.000997
0.003478
0.006115
0.008912
0.011872
0.015001
0.018301
0.021778
0.025436
0.029278
0.033310
0.037534
0.041956
0.046581
0.051411
0.056452
0.061708
0.067183
0.072881
0.078808
0.084966
0.091360
0.097996
0.104876
0.112005
0.119387
0.127027
0.134928
0.143095
0.151532
0.160243
0.169231
0.178502
0.188058
0.197904
0.208044
0.218481
0.229219
0.240263
0.251615
0.263280
0.275261
0.287562
0.300186
0.313138
0.326419
0.340034
0.353987
0.368280
0.382918
0.397903
0.413238
0.428927
0.444974
0.461381
0.478151
0.495289
0.512796
0.530676
0.548932
0.567567
0.586584
0.605987
0.625777
0.645959
0.666536
0.687509
0.708883
0.730661
0.752844
0.775437
0.798442
0.821863
0.845702
0.869962
-0.023199
-0.023178
-0.023123
-0.023034
-0.022905
-0.022730
-0.022499
-0.022206
-0.021843
-0.021405
-0.020884
-0.020277
-0.019577
-0.018780
-0.017881
-0.016877
-0.015763
-0.014536
-0.013191
-0.011724
-0.010132
-0.008411
-0.006558
-0.004567
-0.002437
-0.000162
0.002261
0.004836
0.007567
0.010457
0.013512
0.016734
0.020128
0.023698
0.027448
0.031382
0.035505
0.039819
0.044330
0.049041
0.053958
0.059083
0.064421
0.069976
0.075753
0.081755
0.087986
0.094451
0.101155
0.108099
0.115290
0.122731
0.130426
0.138379
0.146593
0.155074
0.163824
0.172848
0.182149
0.191732
0.201599
0.211755
0.222204
0.232949
0.243993
0.255341
0.266996
0.278961
0.291239
0.303835
0.316752
0.329993
0.343561
0.357460
0.371692
0.386262
0.401172
0.416426
0.432026
0.447977
0.464280
0.480939
0.497957
0.515337
0.533082
0.551195
0.569680
0.588538
0.607773
0.627388
0.647386
0.667769
0.688542
0.709706
0.731264
0.753220
0.775576
0.798336
0.821502
0.845077
-0.023730
-0.023711
-0.023662
-0.023583
-0.023466
-0.023304
-0.023090
-0.022814
-0.022471
-0.022053
-0.021555
-0.020971
-0.020297
-0.019527
-0.018657
-0.017684
-0.016604
-0.015411
-0.014104
-0.012678
-0.011129
-0.009454
-0.007649
-0.005711
-0.003636
-0.001421
0.000940
0.003448
0.006108
0.008923
0.011898
0.015036
0.018341
0.021816
0.025467
0.029296
0.033308
0.037506
0.041895
0.046479
0.051260
0.056245
0.061435
0.066837
0.072452
0.078286
0.084342
0.090625
0.097137
0.103884
0.110869
0.118095
0.125568
0.133290
0.141266
0.149498
0.157992
0.166751
0.175777
0.185076
0.194651
0.204505
0.214642
0.225065
0.235778
0.246784
0.258087
0.269691
0.281598
0.293812
0.306336
0.319173
0.332327
0.345801
0.359598
0.373721
0.388174
0.402958
0.418079
0.433537
0.449337
0.465481
0.481973
0.498815
0.516010
0.533562
0.551472
0.569744
0.588381
0.607386
0.626761
0.646509
0.666634
0.687138
0.708023
0.729293
0.750951
0.772999
0.795441
0.818279
-0.024304
-0.024288
-0.024246
-0.024177
-0.024073
-0.023927
-0.023729
-0.023473
-0.023150
-0.022755
-0.022281
-0.021723
-0.021076
-0.020336
-0.019498
-0.018558
-0.017513
-0.016359
-0.015092
-0.013709
-0.012206
-0.010581
-0.008828
-0.006946
-0.004931
-0.002778
-0.000486
0.001951
0.004535
0.007270
0.010159
0.013207
0.016416
0.019791
0.023336
0.027053
0.030947
0.035021
0.039279
0.043726
0.048364
0.053198
0.058231
0.063468
0.068911
0.074565
0.080434
0.086521
0.092830
0.099365
0.106130
0.113128
0.120363
0.127839
0.135559
0.143527
0.151746
0.160221
0.168955
0.177951
0.187212
0.196743
0.206547
0.216626
0.226985
0.237627
0.248555
0.259772
0.271282
0.283087
0.295192
0.307598
0.320310
0.333330
0.346661
0.360307
0.374270
0.388554
0.403161
0.418094
0.433356
0.448951
0.464880
0.481147
0.497754
0.514705
0.532002
0.549648
0.567646
0.585998
0.604707
0.623777
0.643209
0.663007
0.683173
0.703711
0.724622
0.745910
0.767577
0.789626
-0.024923
-0.024909
-0.024875
-0.024817
-0.024727
-0.024597
-0.024418
-0.024183
-0.023882
-0.023511
-0.023063
-0.022533
-0.021915
-0.021206
-0.020402
-0.019498
-0.018491
-0.017378
-0.016154
-0.014817
-0.013364
-0.011791
-0.010095
-0.008272
-0.006320
-0.004235
-0.002014
0.000346
0.002850
0.005499
0.008298
0.011249
0.014357
0.017625
0.021056
0.024655
0.028423
0.032365
0.036485
0.040787
0.045272
0.049946
0.054812
0.059874
0.065135
0.070598
0.076268
0.082147
0.088241
0.094551
0.101082
0.107837
0.114820
0.122034
0.129483
0.137170
0.145099
0.153273
0.161695
0.170369
0.179298
0.188486
0.197936
0.207651
0.217634
0.227888
0.238418
0.249225
0.260313
0.271685
0.283344
0.295293
0.307535
0.320073
0.332910
0.346049
0.359493
0.373244
0.387306
0.401681
0.416373
0.431383
0.446715
0.462371
0.478354
0.494667
0.511313
0.528294
0.545613
0.563272
0.581275
0.599623
0.618320
0.637369
0.656771
0.676530
0.696648
0.717128
0.737973
0.759185
-0.025586
-0.025576
-0.025550
-0.025503
-0.025429
-0.025316
-0.025157
-0.024944
-0.024667
-0.024322
-0.023902
-0.023401
-0.022815
-0.022139
-0.021371
-0.020505
-0.019539
-0.018468
-0.017291
-0.016003
-0.014602
-0.013085
-0.011448
-0.009689
-0.007804
-0.005790
-0.003645
-0.001365
0.001052
0.003611
0.006314
0.009164
0.012165
0.015320
0.018631
0.022104
0.025740
0.029543
0.033517
0.037664
0.041989
0.046494
0.051184
0.056061
0.061128
0.066390
0.071850
0.077511
0.083376
0.089449
0.095733
0.102232
0.108949
0.115887
0.123049
0.130440
0.138061
0.145918
0.154011
0.162346
0.170925
0.179750
0.188827
0.198156
0.207743
0.217588
0.227697
0.238071
0.248714
0.259628
0.270816
0.282283
0.294029
0.306058
0.318373
0.330977
0.343873
0.357062
0.370549
0.384335
0.398423
0.412817
0.427518
0.442529
0.457853
0.473493
0.489451
0.505729
0.522331
0.539259
0.556515
0.574102
0.592023
0.610280
0.628875
0.647812
0.667093
0.686720
0.706696
0.727024
-0.026294
-0.026287
-0.026270
-0.026236
-0.026178
-0.026084
-0.025947
-0.025757
-0.025506
-0.025188
-0.024797
-0.024328
-0.023775
-0.023136
-0.022405
-0.021580
-0.020656
-0.019632
-0.018503
-0.017267
-0.015922
-0.014463
-0.012889
-0.011196
-0.009382
-0.007444
-0.005379
-0.003184
-0.000856
0.001607
0.004209
0.006953
0.009841
0.012876
0.016063
0.019403
0.022899
0.026556
0.030376
0.034362
0.038518
0.042846
0.047350
0.052033
0.056898
0.061948
0.067187
0.072618
0.078244
0.084067
0.090093
0.096322
0.102759
0.109407
0.116269
0.123349
0.130648
0.138170
0.145919
0.153897
0.162107
0.170553
0.179237
0.188162
0.197331
0.206748
0.216414
0.226334
0.236509
0.246942
0.257637
0.268596
0.279821
0.291316
0.303083
0.315125
0.327444
0.340043
0.352925
0.366093
0.379548
0.393293
0.407331
0.421665
0.436297
0.451229
0.466465
0.482005
0.497854
0.514013
0.530485
0.547272
0.564377
0.581802
0.599550
0.617623
0.636023
0.654754
0.673817
0.693216
-0.027048
-0.027045
-0.027036
-0.027016
-0.026975
-0.026902
-0.026787
-0.026622
-0.026398
-0.026110
-0.025750
-0.025314
-0.024797
-0.024195
-0.023505
-0.022722
-0.021844
-0.020868
-0.019791
-0.018609
-0.017322
-0.015925
-0.014417
-0.012794
-0.011055
-0.009195
-0.007214
-0.005108
-0.002875
-0.000512
0.001985
0.004616
0.007386
0.010297
0.013352
0.016554
0.019905
0.023409
0.027068
0.030885
0.034864
0.039006
0.043316
0.047796
0.052449
0.057279
0.062287
0.067477
0.072852
0.078416
0.084170
0.090118
0.096263
0.102608
0.109156
0.115909
0.122871
0.130045
0.137433
0.145038
0.152863
0.160911
0.169185
0.177688
0.186421
0.195389
0.204594
0.214038
0.223724
0.233654
0.243833
0.254261
0.264942
0.275878
0.287071
0.298525
0.310242
0.322224
0.334474
0.346994
0.359787
0.372855
0.386200
0.399826
0.413733
0.427926
0.442405
0.457174
0.472235
0.487590
0.503241
0.519192
0.535443
0.551998
0.568860
0.586029
0.603509
0.621302
0.639411
0.657838
-0.027848
-0.027848
-0.027849
-0.027844
-0.027821
-0.027769
-0.027678
-0.027540
-0.027345
-0.027088
-0.026761
-0.026360
-0.025881
-0.025319
-0.024671
-0.023933
-0.023103
-0.022177
-0.021154
-0.020030
-0.018804
-0.017472
-0.016032
-0.014483
-0.012821
-0.011045
-0.009151
-0.007138
-0.005003
-0.002744
-0.000359
0.002156
0.004803
0.007584
0.010502
0.013559
0.016759
0.020103
0.023594
0.027236
0.031030
0.034980
0.039088
0.043356
0.047789
0.052388
0.057156
0.062096
0.067210
0.072502
0.077975
0.083630
0.089471
0.095500
0.101721
0.108135
0.114746
0.121557
0.128569
0.135786
0.143211
0.150845
0.158692
0.166754
0.175035
0.183535
0.192258
0.201207
0.210384
0.219792
0.229432
0.239308
0.249422
0.259776
0.270373
0.281215
0.292305
0.303644
0.315236
0.327082
0.339185
0.351547
0.364171
0.377059
0.390212
0.403634
0.417326
0.431291
0.445532
0.460049
0.474846
0.489925
0.505288
0.520937
0.536875
0.553103
0.569624
0.586441
0.603555
0.620969
-0.028693
-0.028698
-0.028710
-0.028719
-0.028716
-0.028687
-0.028622
-0.028511
-0.028347
-0.028122
-0.027831
-0.027467
-0.027027
-0.026507
-0.025903
-0.025213
-0.024433
-0.023560
-0.022593
-0.021530
-0.020367
-0.019103
-0.017735
-0.016262
-0.014682
-0.012991
-0.011189
-0.009273
-0.007241
-0.005090
-0.002819
-0.000425
0.002093
0.004739
0.007515
0.010423
0.013464
0.016643
0.019960
0.023419
0.027022
0.030772
0.034670
0.038720
0.042923
0.047283
0.051802
0.056482
0.061327
0.066337
0.071517
0.076869
0.082394
0.088096
0.093978
0.100041
0.106288
0.112722
0.119345
0.126159
0.133168
0.140374
0.147778
0.155384
0.163194
0.171210
0.179434
0.187870
0.196519
0.205384
0.214466
0.223770
0.233295
0.243046
0.253024
0.263231
0.273670
0.284343
0.295252
0.306399
0.317787
0.329417
0.341292
0.353414
0.365785
0.378408
0.391283
0.404415
0.417804
0.431452
0.445363
0.459538
0.473978
0.488687
0.503667
0.518918
0.534445
0.550248
0.566330
0.582694
-0.029586
-0.029595
-0.029617
-0.029643
-0.029660
-0.029655
-0.029617
-0.029537
-0.029405
-0.029214
-0.028959
-0.028635
-0.028236
-0.027760
-0.027203
-0.026562
-0.025834
-0.025017
-0.024110
-0.023108
-0.022012
-0.020818
-0.019526
-0.018132
-0.016636
-0.015035
-0.013328
-0.011512
-0.009586
-0.007548
-0.005396
-0.003128
-0.000741
0.001765
0.004393
0.007146
0.010024
0.013032
0.016169
0.019439
0.022845
0.026387
0.030069
0.033892
0.037859
0.041972
0.046233
0.050645
0.055210
0.059930
0.064808
0.069845
0.075045
0.080409
0.085940
0.091640
0.097511
0.103556
0.109777
0.116176
0.122755
0.129517
0.136464
0.143598
0.150922
0.158437
0.166147
0.174052
0.182156
0.190459
0.198966
0.207677
0.216595
0.225722
0.235060
0.244612
0.254378
0.264362
0.274565
0.284990
0.295638
0.306512
0.317613
0.328944
0.340507
0.352303
0.364335
0.376604
0.389113
0.401863
0.414858
0.428097
0.441585
0.455322
0.469310
0.483553
0.498051
0.512806
0.527821
0.543098
-0.030526
-0.030539
-0.030573
-0.030616
-0.030655
-0.030675
-0.030666
-0.030617
-0.030518
-0.030364
-0.030148
-0.029865
-0.029510
-0.029079
-0.028571
-0.027981
-0.027308
-0.026549
-0.025703
-0.024767
-0.023739
-0.022619
-0.021404
-0.020093
-0.018684
-0.017176
-0.015566
-0.013854
-0.012038
-0.010116
-0.008087
-0.005949
-0.003699
-0.001337
0.001139
0.003732
0.006442
0.009273
0.012225
0.015301
0.018502
0.021831
0.025289
0.028879
0.032602
0.036461
0.040457
0.044593
0.048870
0.053291
0.057858
0.062572
0.067436
0.072452
0.077622
0.082948
0.088432
0.094076
0.099883
0.105854
0.111991
0.118296
0.124773
0.131421
0.138245
0.145245
0.152423
0.159782
0.167324
0.175050
0.182963
0.191065
0.199357
0.207842
0.216521
0.225397
0.234471
0.243745
0.253222
0.262902
0.272789
0.282883
0.293187
0.303703
0.314433
0.325377
0.336539
0.347921
0.359523
0.371348
0.383398
0.395675
0.408180
0.420916
0.433883
0.447085
0.460523
0.474199
0.488115
0.502273
-0.031513
-0.031531
-0.031578
-0.031639
-0.031700
-0.031748
-0.031768
-0.031752
-0.031689
-0.031573
-0.031397
-0.031157
-0.030847
-0.030465
-0.030007
-0.029472
-0.028855
-0.028157
-0.027374
-0.026505
-0.025549
-0.024505
-0.023370
-0.022144
-0.020825
-0.019413
-0.017905
-0.016300
-0.014597
-0.012795
-0.010892
-0.008887
-0.006779
-0.004565
-0.002245
0.000183
0.002721
0.005369
0.008131
0.011007
0.013999
0.017109
0.020338
0.023688
0.027161
0.030759
0.034482
0.038334
0.042316
0.046430
0.050677
0.055060
0.059579
0.064238
0.069038
0.073980
0.079067
0.084300
0.089681
0.095213
0.100896
0.106733
0.112726
0.118877
0.125186
0.131657
0.138291
0.145089
0.152054
0.159188
0.166492
0.173968
0.181617
0.189443
0.197446
0.205628
0.213991
0.222536
0.231266
0.240183
0.249287
0.258581
0.268067
0.277746
0.287620
0.297691
0.307960
0.318429
0.329100
0.339975
0.351055
0.362343
0.373839
0.385546
0.397465
0.409599
0.421948
0.434515
0.447302
0.460310
-0.032549
-0.032572
-0.032631
-0.032712
-0.032797
-0.032873
-0.032925
-0.032943
-0.032918
-0.032841
-0.032708
-0.032512
-0.032250
-0.031918
-0.031513
-0.031033
-0.030476
-0.029840
-0.029123
-0.028324
-0.027442
-0.026476
-0.025424
-0.024286
-0.023060
-0.021746
-0.020342
-0.018848
-0.017262
-0.015583
-0.013810
-0.011942
-0.009978
-0.007917
-0.005757
-0.003497
-0.001137
0.001326
0.003892
0.006563
0.009341
0.012226
0.015220
0.018325
0.021542
0.024872
0.028317
0.031879
0.035559
0.039358
0.043278
0.047321
0.051489
0.055782
0.060202
0.064752
0.069432
0.074245
0.079191
0.084273
0.089492
0.094850
0.100348
0.105989
0.111773
0.117702
0.123778
0.130003
0.136378
0.142905
0.149585
0.156421
0.163413
0.170563
0.177874
0.185346
0.192981
0.200781
0.208747
0.216881
0.225185
0.233660
0.242308
0.251130
0.260128
0.269304
0.278659
0.288194
0.297912
0.307814
0.317901
0.328176
0.338639
0.349293
0.360138
0.371178
0.382412
0.393843
0.405473
0.417303
-0.033633
-0.033662
-0.033735
-0.033835
-0.033946
-0.034051
-0.034136
-0.034190
-0.034204
-0.034170
-0.034080
-0.033931
-0.033719
-0.033439
-0.033089
-0.032667
-0.032171
-0.031599
-0.030950
-0.030224
-0.029418
-0.028533
-0.027567
-0.026519
-0.025389
-0.024176
-0.022879
-0.021498
-0.020031
-0.018478
-0.016838
-0.015111
-0.013295
-0.011389
-0.009394
-0.007307
-0.005127
-0.002855
-0.000488
0.001974
0.004532
0.007188
0.009943
0.012797
0.015752
0.018810
0.021970
0.025236
0.028607
0.032085
0.035672
0.039369
0.043177
0.047097
0.051131
0.055280
0.059545
0.063928
0.068431
0.073054
0.077800
0.082668
0.087662
0.092782
0.098030
0.103407
0.108914
0.114554
0.120327
0.126235
0.132279
0.138461
0.144782
0.151244
0.157847
0.164595
0.171487
0.178526
0.185713
0.193049
0.200535
0.208174
0.215966
0.223914
0.232018
0.240280
0.248701
0.257283
0.266028
0.274936
0.284010
0.293250
0.302659
0.312237
0.321986
0.331908
0.342004
0.352276
0.362725
0.373352
-0.034767
-0.034801
-0.034888
-0.035010
-0.035147
-0.035283
-0.035403
-0.035495
-0.035550
-0.035559
-0.035516
-0.035415
-0.035254
-0.035028
-0.034735
-0.034373
-0.033940
-0.033436
-0.032857
-0.032205
-0.031478
-0.030676
-0.029798
-0.028843
-0.027811
-0.026702
-0.025514
-0.024249
-0.022904
-0.021480
-0.019977
-0.018393
-0.016728
-0.014982
-0.013153
-0.011242
-0.009248
-0.007169
-0.005006
-0.002757
-0.000422
0.002001
0.004511
0.007110
0.009799
0.012579
0.015450
0.018414
0.021471
0.024623
0.027871
0.031215
0.034657
0.038197
0.041838
0.045579
0.049423
0.053369
0.057420
0.061577
0.065840
0.070212
0.074692
0.079283
0.083985
0.088800
0.093728
0.098772
0.103933
0.109211
0.114607
0.120124
0.125763
0.131524
0.137408
0.143418
0.149555
0.155819
0.162212
0.168735
0.175390
0.182178
0.189100
0.196157
0.203351
0.210682
0.218154
0.225765
0.233519
0.241416
0.249457
0.257644
0.265979
0.274462
0.283095
0.291879
0.300815
0.309906
0.319152
0.328555
-0.035950
-0.035990
-0.036092
-0.036236
-0.036401
-0.036570
-0.036726
-0.036858
-0.036955
-0.037009
-0.037014
-0.036965
-0.036857
-0.036687
-0.036453
-0.036153
-0.035786
-0.035350
-0.034844
-0.034269
-0.033623
-0.032906
-0.032118
-0.031258
-0.030326
-0.029323
-0.028248
-0.027101
-0.025881
-0.024589
-0.023224
-0.021786
-0.020275
-0.018691
-0.017033
-0.015301
-0.013494
-0.011613
-0.009656
-0.007624
-0.005516
-0.003331
-0.001068
0.001272
0.003690
0.006188
0.008765
0.011423
0.014162
0.016982
0.019885
0.022872
0.025942
0.029098
0.032339
0.035667
0.039082
0.042586
0.046179
0.049862
0.053637
0.057503
0.061463
0.065516
0.069665
0.073909
0.078251
0.082690
0.087229
0.091868
0.096608
0.101450
0.106395
0.111445
0.116600
0.121861
0.127230
0.132708
0.138296
0.143994
0.149805
0.155728
0.161766
0.167920
0.174189
0.180577
0.187083
0.193709
0.200457
0.207326
0.214320
0.221438
0.228681
0.236052
0.243551
0.251180
0.258939
0.266830
0.274855
0.283013
-0.037184
-0.037230
-0.037348
-0.037515
-0.037709
-0.037911
-0.038106
-0.038279
-0.038421
-0.038522
-0.038577
-0.038580
-0.038528
-0.038416
-0.038243
-0.038008
-0.037708
-0.037343
-0.036912
-0.036415
-0.035852
-0.035222
-0.034526
-0.033764
-0.032935
-0.032041
-0.031080
-0.030053
-0.028960
-0.027802
-0.026579
-0.025290
-0.023935
-0.022516
-0.021031
-0.019480
-0.017864
-0.016183
-0.014436
-0.012624
-0.010745
-0.008800
-0.006789
-0.004712
-0.002567
-0.000355
0.001925
0.004272
0.006688
0.009174
0.011728
0.014352
0.017047
0.019813
0.022650
0.025560
0.028542
0.031597
0.034727
0.037931
0.041210
0.044566
0.047998
0.051508
0.055097
0.058764
0.062511
0.066339
0.070249
0.074241
0.078316
0.082475
0.086719
0.091048
0.095465
0.099969
0.104561
0.109243
0.114015
0.118879
0.123834
0.128883
0.134026
0.139264
0.144598
0.150029
0.155558
0.161187
0.166915
0.172744
0.178676
0.184711
0.190850
0.197094
0.203445
0.209903
0.216469
0.223145
0.229932
0.236831
-0.038468
-0.038521
-0.038655
-0.038847
-0.039072
-0.039309
-0.039543
-0.039760
-0.039948
-0.040098
-0.040205
-0.040263
-0.040268
-0.040216
-0.040107
-0.039937
-0.039707
-0.039415
-0.039061
-0.038645
-0.038167
-0.037627
-0.037025
-0.036362
-0.035638
-0.034854
-0.034009
-0.033105
-0.032142
-0.031120
-0.030040
-0.028902
-0.027706
-0.026453
-0.025144
-0.023777
-0.022355
-0.020876
-0.019341
-0.017751
-0.016105
-0.014403
-0.012646
-0.010834
-0.008966
-0.007042
-0.005063
-0.003029
-0.000938
0.001208
0.003411
0.005670
0.007985
0.010357
0.012787
0.015274
0.017819
0.020422
0.023083
0.025804
0.028584
0.031424
0.034325
0.037286
0.040309
0.043394
0.046541
0.049752
0.053026
0.056365
0.059769
0.063238
0.066774
0.070377
0.074048
0.077787
0.081595
0.085473
0.089422
0.093442
0.097534
0.101699
0.105938
0.110252
0.114641
0.119106
0.123649
0.128269
0.132968
0.137747
0.142606
0.147546
0.152569
0.157675
0.162866
0.168141
0.173502
0.178951
0.184487
0.190112
-0.039804
-0.039864
-0.040016
-0.040232
-0.040489
-0.040764
-0.041039
-0.041301
-0.041537
-0.041739
-0.041899
-0.042014
-0.042078
-0.042089
-0.042044
-0.041943
-0.041784
-0.041567
-0.041292
-0.040958
-0.040567
-0.040119
-0.039613
-0.039052
-0.038435
-0.037763
-0.037037
-0.036257
-0.035425
-0.034542
-0.033607
-0.032621
-0.031586
-0.030502
-0.029370
-0.028190
-0.026962
-0.025688
-0.024367
-0.023001
-0.021590
-0.020133
-0.018632
-0.017087
-0.015498
-0.013866
-0.012190
-0.010470
-0.008708
-0.006903
-0.005055
-0.003164
-0.001230
0.000746
0.002765
0.004826
0.006931
0.009078
0.011269
0.013503
0.015780
0.018101
0.020466
0.022875
0.025329
0.027827
0.030371
0.032960
0.035595
0.038276
0.041004
0.043780
0.046602
0.049473
0.052393
0.055361
0.058380
0.061448
0.064568
0.067738
0.070961
0.074236
0.077565
0.080947
0.084384
0.087876
0.091424
0.095029
0.098691
0.102410
0.106189
0.110027
0.113925
0.117884
0.121905
0.125988
0.130134
0.134345
0.138621
0.142962
-0.041192
-0.041259
-0.041429
-0.041672
-0.041962
-0.042275
-0.042594
-0.042902
-0.043189
-0.043444
-0.043660
-0.043833
-0.043959
-0.044034
-0.044056
-0.044025
-0.043940
-0.043800
-0.043605
-0.043357
-0.043054
-0.042699
-0.042292
-0.041834
-0.041325
-0.040768
-0.040162
-0.039509
-0.038810
-0.038066
-0.037278
-0.036447
-0.035575
-0.034661
-0.033707
-0.032715
-0.031684
-0.030616
-0.029511
-0.028371
-0.027195
-0.025985
-0.024742
-0.023466
-0.022158
-0.020817
-0.019446
-0.018043
-0.016611
-0.015148
-0.013656
-0.012135
-0.010586
-0.009007
-0.007401
-0.005766
-0.004104
-0.002414
-0.000696
0.001049
0.002821
0.004621
0.006448
0.008303
0.010185
0.012094
0.014032
0.015996
0.017989
0.020010
0.022059
0.024137
0.026244
0.028380
0.030545
0.032739
0.034964
0.037220
0.039506
0.041823
0.044172
0.046553
0.048967
0.051413
0.053893
0.056407
0.058956
0.061540
0.064159
0.066814
0.069506
0.072236
0.075003
0.077809
0.080654
0.083539
0.086464
0.089430
0.092438
0.095488
-0.042633
-0.042707
-0.042895
-0.043167
-0.043491
-0.043845
-0.044209
-0.044566
-0.044904
-0.045214
-0.045489
-0.045723
-0.045911
-0.046053
-0.046144
-0.046185
-0.046176
-0.046115
-0.046003
-0.045841
-0.045629
-0.045369
-0.045062
-0.044708
-0.044310
-0.043868
-0.043384
-0.042859
-0.042295
-0.041692
-0.041053
-0.040378
-0.039669
-0.038927
-0.038154
-0.037350
-0.036517
-0.035656
-0.034768
-0.033854
-0.032916
-0.031954
-0.030970
-0.029963
-0.028936
-0.027889
-0.026823
-0.025738
-0.024636
-0.023518
-0.022383
-0.021232
-0.020067
-0.018887
-0.017694
-0.016487
-0.015268
-0.014036
-0.012792
-0.011537
-0.010270
-0.008992
-0.007704
-0.006405
-0.005095
-0.003776
-0.002446
-0.001106
0.000243
0.001603
0.002972
0.004351
0.005740
0.007139
0.008548
0.009968
0.011397
0.012838
0.014289
0.015751
0.017224
0.018709
0.020205
0.021714
0.023235
0.024768
0.026315
0.027875
0.029449
0.031037
0.032640
0.034257
0.035891
0.037540
0.039206
0.040888
0.042589
0.044307
0.046043
0.047799
-0.044126
-0.044208
-0.044416
-0.044717
-0.045078
-0.045474
-0.045884
-0.046292
-0.046684
-0.047052
-0.047386
-0.047683
-0.047937
-0.048146
-0.048309
-0.048425
-0.048492
-0.048512
-0.048485
-0.048411
-0.048292
-0.048129
-0.047923
-0.047676
-0.047390
-0.047065
-0.046704
-0.046309
-0.045880
-0.045420
-0.044930
-0.044412
-0.043868
-0.043299
-0.042707
-0.042092
-0.041458
-0.040805
-0.040135
-0.039449
-0.038748
-0.038034
-0.037309
-0.036573
-0.035827
-0.035074
-0.034313
-0.033547
-0.032775
-0.032000
-0.031222
-0.030442
-0.029661
-0.028880
-0.028099
-0.027320
-0.026543
-0.025769
-0.024999
-0.024233
-0.023471
-0.022715
-0.021965
-0.021221
-0.020483
-0.019753
-0.019031
-0.018316
-0.017609
-0.016911
-0.016221
-0.015540
-0.014868
-0.014205
-0.013552
-0.012907
-0.012272
-0.011647
-0.011030
-0.010423
-0.009826
-0.009237
-0.008658
-0.008087
-0.007526
-0.006973
-0.006428
-0.005892
-0.005363
-0.004843
-0.004330
-0.003824
-0.003325
-0.002833
-0.002347
-0.001867
-0.001392
-0.000923
-0.000459
0.000000
-0.045674
-0.045763
-0.045992
-0.046323
-0.046722
-0.047162
-0.047620
-0.048081
-0.048530
-0.048956
-0.049353
-0.049714
-0.050036
-0.050316
-0.050552
-0.050743
-0.050890
-0.050993
-0.051052
-0.051068
-0.051043
-0.050979
-0.050876
-0.050738
-0.050564
-0.050359
-0.050122
-0.049857
-0.049565
-0.049249
-0.048910
-0.048550
-0.048171
-0.047775
-0.047364
-0.046941
-0.046505
-0.046061
-0.045608
-0.045149
-0.044687
-0.044221
-0.043754
-0.043288
-0.042824
-0.042363
-0.041908
-0.041458
-0.041017
-0.040584
-0.040162
-0.039752
-0.039354
-0.038970
-0.038601
-0.038248
-0.037913
-0.037595
-0.037297
-0.037018
-0.036760
-0.036524
-0.036310
-0.036119
-0.035952
-0.035809
-0.035692
-0.035599
-0.035533
-0.035494
-0.035482
-0.035497
-0.035540
-0.035611
-0.035710
-0.035839
-0.035996
-0.036183
-0.036399
-0.036645
-0.036920
-0.037225
-0.037560
-0.037925
-0.038321
-0.038746
-0.039201
-0.039686
-0.040200
-0.040745
-0.041319
-0.041923
-0.042556
-0.043219
-0.043910
-0.044631
-0.045380
-0.046158
-0.046964
-0.047798
-0.047275
-0.047373
-0.047624
-0.047986
-0.048424
-0.048910
-0.049419
-0.049934
-0.050441
-0.050929
-0.051390
-0.051818
-0.052210
-0.052562
-0.052873
-0.053143
-0.053371
-0.053558
-0.053705
-0.053814
-0.053885
-0.053920
-0.053922
-0.053893
-0.053834
-0.053749
-0.053638
-0.053504
-0.053350
-0.053178
-0.052990
-0.052789
-0.052576
-0.052354
-0.052125
-0.051892
-0.051656
-0.051419
-0.051184
-0.050953
-0.050727
-0.050509
-0.050300
-0.050103
-0.049919
-0.049751
-0.049599
-0.049465
-0.049352
-0.049261
-0.049193
-0.049150
-0.049133
-0.049144
-0.049185
-0.049256
-0.049359
-0.049495
-0.049666
-0.049872
-0.050115
-0.050395
-0.050715
-0.051074
-0.051473
-0.051915
-0.052398
-0.052925
-0.053496
-0.054112
-0.054773
-0.055480
-0.056233
-0.057034
-0.057883
-0.058780
-0.059725
-0.060720
-0.061764
-0.062858
-0.064002
-0.065196
-0.066441
-0.067737
-0.069084
-0.070482
-0.071932
-0.073433
-0.074986
-0.076591
-0.078248
-0.079956
-0.081716
-0.083528
-0.085392
-0.087308
-0.089275
-0.091294
-0.093365
-0.095488
-0.048931
-0.049038
-0.049311
-0.049706
-0.050186
-0.050719
-0.051281
-0.051853
-0.052420
-0.052972
-0.053499
-0.053996
-0.054460
-0.054886
-0.055275
-0.055625
-0.055936
-0.056209
-0.056446
-0.056648
-0.056817
-0.056954
-0.057062
-0.057143
-0.057201
-0.057236
-0.057251
-0.057250
-0.057235
-0.057208
-0.057172
-0.057129
-0.057083
-0.057035
-0.056988
-0.056944
-0.056907
-0.056878
-0.056860
-0.056855
-0.056865
-0.056893
-0.056942
-0.057012
-0.057107
-0.057228
-0.057378
-0.057558
-0.057771
-0.058019
-0.058302
-0.058624
-0.058986
-0.059389
-0.059835
-0.060327
-0.060865
-0.061451
-0.062087
-0.062774
-0.063513
-0.064306
-0.065154
-0.066058
-0.067020
-0.068040
-0.069120
-0.070261
-0.071463
-0.072729
-0.074057
-0.075451
-0.076909
-0.078434
-0.080025
-0.081684
-0.083412
-0.085208
-0.087073
-0.089008
-0.091014
-0.093090
-0.095238
-0.097458
-0.099750
-0.102114
-0.104551
-0.107062
-0.109645
-0.112302
-0.115033
-0.117838
-0.120718
-0.123671
-0.126699
-0.129802
-0.132980
-0.136232
-0.139559
-0.142961
-0.050643
-0.050759
-0.051056
-0.051485
-0.052007
-0.052589
-0.053206
-0.053837
-0.054467
-0.055084
-0.055680
-0.056249
-0.056786
-0.057289
-0.057757
-0.058189
-0.058585
-0.058947
-0.059275
-0.059573
-0.059840
-0.060080
-0.060296
-0.060489
-0.060663
-0.060820
-0.060964
-0.061096
-0.061219
-0.061338
-0.061454
-0.061570
-0.061690
-0.061815
-0.061950
-0.062096
-0.062256
-0.062434
-0.062632
-0.062852
-0.063097
-0.063370
-0.063673
-0.064009
-0.064381
-0.064789
-0.065238
-0.065730
-0.066265
-0.066848
-0.067480
-0.068163
-0.068899
-0.069690
-0.070538
-0.071446
-0.072414
-0.073446
-0.074542
-0.075704
-0.076934
-0.078234
-0.079604
-0.081048
-0.082565
-0.084158
-0.085828
-0.087575
-0.089402
-0.091310
-0.093299
-0.095371
-0.097527
-0.099767
-0.102094
-0.104507
-0.107007
-0.109596
-0.112274
-0.115042
-0.117900
-0.120850
-0.123892
-0.127026
-0.130253
-0.133573
-0.136988
-0.140497
-0.144101
-0.147800
-0.151595
-0.155486
-0.159474
-0.163558
-0.167740
-0.172018
-0.176395
-0.180869
-0.185441
-0.190111
-0.052411
-0.052536
-0.052857
-0.053322
-0.053889
-0.054522
-0.055196
-0.055888
-0.056583
-0.057268
-0.057935
-0.058577
-0.059190
-0.059772
-0.060321
-0.060837
-0.061321
-0.061772
-0.062194
-0.062588
-0.062956
-0.063301
-0.063625
-0.063931
-0.064223
-0.064503
-0.064774
-0.065040
-0.065303
-0.065567
-0.065836
-0.066111
-0.066396
-0.066695
-0.067010
-0.067345
-0.067702
-0.068085
-0.068497
-0.068941
-0.069419
-0.069934
-0.070490
-0.071089
-0.071734
-0.072427
-0.073172
-0.073971
-0.074826
-0.075740
-0.076715
-0.077755
-0.078860
-0.080034
-0.081279
-0.082597
-0.083991
-0.085461
-0.087011
-0.088642
-0.090356
-0.092156
-0.094042
-0.096017
-0.098083
-0.100240
-0.102491
-0.104837
-0.107280
-0.109821
-0.112462
-0.115203
-0.118047
-0.120994
-0.124045
-0.127201
-0.130465
-0.133836
-0.137316
-0.140905
-0.144605
-0.148417
-0.152340
-0.156377
-0.160527
-0.164792
-0.169171
-0.173667
-0.178278
-0.183007
-0.187853
-0.192817
-0.197899
-0.203101
-0.208421
-0.213862
-0.219423
-0.225104
-0.230906
-0.236830
-0.054234
-0.054370
-0.054716
-0.055219
-0.055831
-0.056518
-0.057251
-0.058006
-0.058768
-0.059524
-0.060264
-0.060981
-0.061673
-0.062336
-0.062968
-0.063571
-0.064143
-0.064687
-0.065203
-0.065695
-0.066165
-0.066616
-0.067050
-0.067471
-0.067881
-0.068285
-0.068685
-0.069084
-0.069487
-0.069897
-0.070317
-0.070751
-0.071201
-0.071672
-0.072167
-0.072690
-0.073242
-0.073829
-0.074454
-0.075118
-0.075827
-0.076582
-0.077388
-0.078246
-0.079161
-0.080136
-0.081172
-0.082274
-0.083444
-0.084684
-0.085998
-0.087389
-0.088859
-0.090410
-0.092045
-0.093767
-0.095578
-0.097480
-0.099477
-0.101569
-0.103759
-0.106050
-0.108444
-0.110942
-0.113546
-0.116259
-0.119082
-0.122017
-0.125065
-0.128229
-0.131511
-0.134910
-0.138430
-0.142071
-0.145836
-0.149724
-0.153738
-0.157879
-0.162148
-0.166546
-0.171074
-0.175733
-0.180525
-0.185450
-0.190509
-0.195703
-0.201033
-0.206499
-0.212103
-0.217846
-0.223727
-0.229748
-0.235909
-0.242211
-0.248654
-0.255239
-0.261967
-0.268839
-0.275854
-0.283013
-0.056115
-0.056262
-0.056634
-0.057175
-0.057836
-0.058578
-0.059372
-0.060193
-0.061024
-0.061852
-0.062668
-0.063464
-0.064236
-0.064982
-0.065700
-0.066390
-0.067053
-0.067691
-0.068304
-0.068896
-0.069470
-0.070027
-0.070572
-0.071108
-0.071638
-0.072166
-0.072695
-0.073229
-0.073772
-0.074327
-0.074898
-0.075490
-0.076105
-0.076747
-0.077421
-0.078129
-0.078875
-0.079664
-0.080498
-0.081382
-0.082318
-0.083310
-0.084362
-0.085476
-0.086658
-0.087908
-0.089232
-0.090632
-0.092111
-0.093673
-0.095320
-0.097055
-0.098882
-0.100803
-0.102822
-0.104940
-0.107161
-0.109487
-0.111922
-0.114466
-0.117124
-0.119897
-0.122787
-0.125798
-0.128931
-0.132188
-0.135571
-0.139083
-0.142726
-0.146501
-0.150410
-0.154455
-0.158638
-0.162961
-0.167425
-0.172031
-0.176781
-0.181677
-0.186720
-0.191911
-0.197252
-0.202743
-0.208387
-0.214184
-0.220135
-0.226241
-0.232504
-0.238924
-0.245503
-0.252241
-0.259139
-0.266197
-0.273418
-0.280801
-0.288347
-0.296058
-0.303933
-0.311974
-0.320181
-0.328554
-0.058054
-0.058211
-0.058611
-0.059192
-0.059903
-0.060703
-0.061560
-0.062449
-0.063352
-0.064255
-0.065149
-0.066025
-0.066880
-0.067711
-0.068517
-0.069297
-0.070053
-0.070786
-0.071498
-0.072191
-0.072869
-0.073535
-0.074192
-0.074844
-0.075494
-0.076147
-0.076805
-0.077474
-0.078156
-0.078857
-0.079579
-0.080328
-0.081106
-0.081919
-0.082769
-0.083661
-0.084600
-0.085588
-0.086629
-0.087728
-0.088888
-0.090114
-0.091408
-0.092774
-0.094217
-0.095740
-0.097345
-0.099038
-0.100820
-0.102696
-0.104670
-0.106743
-0.108920
-0.111204
-0.113597
-0.116103
-0.118725
-0.121466
-0.124329
-0.127316
-0.130430
-0.133674
-0.137051
-0.140562
-0.144212
-0.148001
-0.151932
-0.156009
-0.160232
-0.164604
-0.169127
-0.173803
-0.178635
-0.183623
-0.188771
-0.194078
-0.199549
-0.205183
-0.210983
-0.216950
-0.223086
-0.229391
-0.235869
-0.242519
-0.249343
-0.256342
-0.263518
-0.270872
-0.278405
-0.286117
-0.294011
-0.302086
-0.310345
-0.318787
-0.327414
-0.336227
-0.345226
-0.354413
-0.363787
-0.373351
-0.060050
-0.060218
-0.060647
-0.061270
-0.062033
-0.062893
-0.063816
-0.064775
-0.065753
-0.066733
-0.067707
-0.068666
-0.069606
-0.070525
-0.071420
-0.072293
-0.073143
-0.073973
-0.074785
-0.075582
-0.076366
-0.077142
-0.077912
-0.078680
-0.079451
-0.080229
-0.081017
-0.081820
-0.082642
-0.083487
-0.084360
-0.085265
-0.086205
-0.087186
-0.088212
-0.089286
-0.090414
-0.091598
-0.092844
-0.094155
-0.095536
-0.096991
-0.098523
-0.100136
-0.101836
-0.103624
-0.105506
-0.107484
-0.109564
-0.111748
-0.114040
-0.116443
-0.118962
-0.121599
-0.124358
-0.127243
-0.130256
-0.133402
-0.136682
-0.140100
-0.143659
-0.147362
-0.151213
-0.155213
-0.159365
-0.163673
-0.168139
-0.172764
-0.177553
-0.182507
-0.187628
-0.192920
-0.198383
-0.204020
-0.209834
-0.215826
-0.221998
-0.228352
-0.234889
-0.241613
-0.248524
-0.255623
-0.262914
-0.270396
-0.278072
-0.285942
-0.294010
-0.302274
-0.310738
-0.319402
-0.328267
-0.337335
-0.346607
-0.356084
-0.365766
-0.375655
-0.385753
-0.396059
-0.406576
-0.417303
-0.062105
-0.062285
-0.062744
-0.063410
-0.064227
-0.065149
-0.066140
-0.067172
-0.068226
-0.069287
-0.070344
-0.071388
-0.072416
-0.073424
-0.074412
-0.075379
-0.076326
-0.077255
-0.078168
-0.079069
-0.079961
-0.080847
-0.081731
-0.082617
-0.083510
-0.084413
-0.085331
-0.086269
-0.087230
-0.088219
-0.089241
-0.090301
-0.091402
-0.092550
-0.093749
-0.095003
-0.096317
-0.097695
-0.099141
-0.100661
-0.102259
-0.103938
-0.105703
-0.107558
-0.109508
-0.111557
-0.113708
-0.115966
-0.118335
-0.120819
-0.123422
-0.126147
-0.128998
-0.131979
-0.135095
-0.138347
-0.141741
-0.145279
-0.148965
-0.152802
-0.156794
-0.160943
-0.165254
-0.169728
-0.174369
-0.179180
-0.184164
-0.189323
-0.194661
-0.200180
-0.205882
-0.211770
-0.217847
-0.224115
-0.230575
-0.237231
-0.244085
-0.251138
-0.258393
-0.265851
-0.273515
-0.281387
-0.289467
-0.297758
-0.306262
-0.314980
-0.323913
-0.333064
-0.342434
-0.352023
-0.361834
-0.371868
-0.382126
-0.392609
-0.403319
-0.414257
-0.425424
-0.436820
-0.448449
-0.460309
-0.064218
-0.064411
-0.064901
-0.065613
-0.066486
-0.067472
-0.068533
-0.069641
-0.070775
-0.071918
-0.073060
-0.074192
-0.075310
-0.076410
-0.077492
-0.078555
-0.079601
-0.080631
-0.081648
-0.082655
-0.083655
-0.084653
-0.085652
-0.086657
-0.087672
-0.088700
-0.089748
-0.090820
-0.091920
-0.093053
-0.094223
-0.095436
-0.096697
-0.098010
-0.099379
-0.100810
-0.102307
-0.103876
-0.105520
-0.107244
-0.109054
-0.110952
-0.112945
-0.115037
-0.117231
-0.119533
-0.121947
-0.124477
-0.127128
-0.129903
-0.132808
-0.135845
-0.139019
-0.142335
-0.145795
-0.149404
-0.153167
-0.157085
-0.161164
-0.165407
-0.169817
-0.174398
-0.179154
-0.184087
-0.189201
-0.194499
-0.199984
-0.205660
-0.211529
-0.217594
-0.223858
-0.230324
-0.236994
-0.243871
-0.250958
-0.258257
-0.265770
-0.273500
-0.281448
-0.289618
-0.298011
-0.306630
-0.315475
-0.324550
-0.333856
-0.343394
-0.353167
-0.363177
-0.373424
-0.383911
-0.394639
-0.405609
-0.416824
-0.428284
-0.439990
-0.451945
-0.464149
-0.476605
-0.489312
-0.502272
-0.066391
-0.066596
-0.067119
-0.067878
-0.068809
-0.069862
-0.070996
-0.072183
-0.073398
-0.074627
-0.075856
-0.077079
-0.078289
-0.079484
-0.080663
-0.081824
-0.082970
-0.084103
-0.085225
-0.086340
-0.087451
-0.088561
-0.089676
-0.090800
-0.091937
-0.093092
-0.094270
-0.095475
-0.096713
-0.097989
-0.099306
-0.100672
-0.102090
-0.103565
-0.105103
-0.106708
-0.108386
-0.110141
-0.111978
-0.113902
-0.115919
-0.118032
-0.120247
-0.122569
-0.125001
-0.127550
-0.130219
-0.133013
-0.135937
-0.138994
-0.142191
-0.145530
-0.149017
-0.152655
-0.156449
-0.160403
-0.164521
-0.168807
-0.173265
-0.177899
-0.182713
-0.187710
-0.192895
-0.198270
-0.203840
-0.209607
-0.215575
-0.221748
-0.228129
-0.234721
-0.241526
-0.248548
-0.255790
-0.263255
-0.270945
-0.278863
-0.287012
-0.295394
-0.304012
-0.312868
-0.321964
-0.331303
-0.340886
-0.350717
-0.360797
-0.371127
-0.381711
-0.392549
-0.403644
-0.414997
-0.426611
-0.438486
-0.450624
-0.463028
-0.475698
-0.488636
-0.501844
-0.515322
-0.529073
-0.543098
-0.068624
-0.068842
-0.069398
-0.070206
-0.071198
-0.072320
-0.073530
-0.074797
-0.076098
-0.077414
-0.078735
-0.080050
-0.081356
-0.082648
-0.083925
-0.085187
-0.086436
-0.087673
-0.088902
-0.090126
-0.091348
-0.092573
-0.093805
-0.095048
-0.096308
-0.097589
-0.098897
-0.100236
-0.101611
-0.103028
-0.104492
-0.106008
-0.107581
-0.109217
-0.110920
-0.112697
-0.114551
-0.116489
-0.118515
-0.120635
-0.122853
-0.125176
-0.127607
-0.130152
-0.132815
-0.135603
-0.138519
-0.141568
-0.144756
-0.148086
-0.151565
-0.155195
-0.158983
-0.162932
-0.167047
-0.171333
-0.175793
-0.180432
-0.185255
-0.190265
-0.195466
-0.200863
-0.206460
-0.212259
-0.218266
-0.224484
-0.230916
-0.237566
-0.244437
-0.251534
-0.258858
-0.266414
-0.274205
-0.282233
-0.290502
-0.299015
-0.307774
-0.316782
-0.326042
-0.335556
-0.345327
-0.355358
-0.365651
-0.376207
-0.387030
-0.398122
-0.409484
-0.421119
-0.433029
-0.445216
-0.457681
-0.470427
-0.483455
-0.496766
-0.510364
-0.524249
-0.538422
-0.552887
-0.567643
-0.582693
-0.070916
-0.071149
-0.071740
-0.072599
-0.073653
-0.074847
-0.076136
-0.077487
-0.078875
-0.080282
-0.081696
-0.083107
-0.084510
-0.085901
-0.087279
-0.088645
-0.089998
-0.091342
-0.092680
-0.094014
-0.095349
-0.096689
-0.098038
-0.099402
-0.100786
-0.102193
-0.103630
-0.105102
-0.106614
-0.108172
-0.109780
-0.111445
-0.113172
-0.114965
-0.116832
-0.118776
-0.120804
-0.122920
-0.125131
-0.127441
-0.129856
-0.132381
-0.135022
-0.137783
-0.140670
-0.143689
-0.146843
-0.150139
-0.153581
-0.157174
-0.160924
-0.164834
-0.168911
-0.173159
-0.177582
-0.182185
-0.186973
-0.191950
-0.197121
-0.202491
-0.208063
-0.213842
-0.219832
-0.226037
-0.232461
-0.239109
-0.245984
-0.253089
-0.260430
-0.268008
-0.275828
-0.283894
-0.292208
-0.300775
-0.309596
-0.318676
-0.328018
-0.337624
-0.347497
-0.357641
-0.368057
-0.378749
-0.389719
-0.400970
-0.412504
-0.424324
-0.436432
-0.448829
-0.461519
-0.474503
-0.487784
-0.501363
-0.515243
-0.529425
-0.543911
-0.558704
-0.573804
-0.589214
-0.604935
-0.620968
-0.073269
-0.073516
-0.074143
-0.075055
-0.076175
-0.077443
-0.078813
-0.080251
-0.081729
-0.083230
-0.084740
-0.086250
-0.087753
-0.089246
-0.090728
-0.092198
-0.093659
-0.095111
-0.096559
-0.098005
-0.099455
-0.100911
-0.102379
-0.103864
-0.105371
-0.106905
-0.108472
-0.110076
-0.111725
-0.113422
-0.115173
-0.116985
-0.118863
-0.120812
-0.122838
-0.124946
-0.127143
-0.129434
-0.131824
-0.134320
-0.136926
-0.139648
-0.142491
-0.145462
-0.148564
-0.151805
-0.155189
-0.158722
-0.162408
-0.166253
-0.170262
-0.174441
-0.178794
-0.183327
-0.188044
-0.192950
-0.198051
-0.203351
-0.208854
-0.214566
-0.220490
-0.226633
-0.232997
-0.239587
-0.246409
-0.253465
-0.260760
-0.268298
-0.276084
-0.284120
-0.292411
-0.300961
-0.309772
-0.318850
-0.328196
-0.337815
-0.347710
-0.357884
-0.368340
-0.379082
-0.390112
-0.401432
-0.413047
-0.424958
-0.437169
-0.449681
-0.462498
-0.475621
-0.489054
-0.502798
-0.516856
-0.531230
-0.545922
-0.560934
-0.576268
-0.591926
-0.607910
-0.624222
-0.640864
-0.657837
-0.075683
-0.075945
-0.076610
-0.077577
-0.078765
-0.080110
-0.081564
-0.083091
-0.084663
-0.086261
-0.087870
-0.089480
-0.091086
-0.092684
-0.094272
-0.095850
-0.097419
-0.098982
-0.100542
-0.102102
-0.103667
-0.105241
-0.106829
-0.108435
-0.110066
-0.111727
-0.113423
-0.115160
-0.116943
-0.118778
-0.120671
-0.122628
-0.124655
-0.126756
-0.128939
-0.131209
-0.133571
-0.136032
-0.138597
-0.141272
-0.144062
-0.146974
-0.150014
-0.153186
-0.156496
-0.159951
-0.163555
-0.167314
-0.171234
-0.175320
-0.179577
-0.184011
-0.188628
-0.193431
-0.198428
-0.203622
-0.209019
-0.214624
-0.220442
-0.226478
-0.232737
-0.239223
-0.245941
-0.252896
-0.260092
-0.267534
-0.275226
-0.283173
-0.291379
-0.299847
-0.308583
-0.317589
-0.326870
-0.336430
-0.346272
-0.356400
-0.366818
-0.377528
-0.388535
-0.399841
-0.411451
-0.423366
-0.435589
-0.448125
-0.460975
-0.474143
-0.487631
-0.501442
-0.515578
-0.530042
-0.544836
-0.559963
-0.575424
-0.591223
-0.607361
-0.623841
-0.640664
-0.657833
-0.675349
-0.693215
-0.078158
-0.078435
-0.079140
-0.080164
-0.081422
-0.082847
-0.084388
-0.086008
-0.087676
-0.089374
-0.091085
-0.092799
-0.094511
-0.096216
-0.097913
-0.099600
-0.101281
-0.102956
-0.104630
-0.106306
-0.107987
-0.109680
-0.111388
-0.113117
-0.114873
-0.116660
-0.118485
-0.120354
-0.122271
-0.124243
-0.126277
-0.128377
-0.130549
-0.132801
-0.135137
-0.137564
-0.140087
-0.142713
-0.145448
-0.148297
-0.151266
-0.154362
-0.157589
-0.160955
-0.164465
-0.168124
-0.171938
-0.175914
-0.180056
-0.184371
-0.188864
-0.193540
-0.198406
-0.203467
-0.208727
-0.214193
-0.219870
-0.225764
-0.231878
-0.238219
-0.244792
-0.251601
-0.258651
-0.265949
-0.273497
-0.281301
-0.289366
-0.297696
-0.306296
-0.315170
-0.324322
-0.333756
-0.343478
-0.353490
-0.363797
-0.374402
-0.385310
-0.396524
-0.408047
-0.419883
-0.432037
-0.444509
-0.457305
-0.470428
-0.483879
-0.497663
-0.511782
-0.526239
-0.541037
-0.556178
-0.571666
-0.587502
-0.603689
-0.620229
-0.637126
-0.654380
-0.671995
-0.689972
-0.708314
-0.727023
-0.080694
-0.080988
-0.081733
-0.082816
-0.084147
-0.085655
-0.087287
-0.089002
-0.090770
-0.092570
-0.094386
-0.096208
-0.098029
-0.099843
-0.101651
-0.103451
-0.105245
-0.107035
-0.108825
-0.110617
-0.112418
-0.114230
-0.116060
-0.117912
-0.119793
-0.121707
-0.123661
-0.125660
-0.127711
-0.129819
-0.131990
-0.134231
-0.136548
-0.138947
-0.141433
-0.144013
-0.146693
-0.149480
-0.152379
-0.155396
-0.158537
-0.161809
-0.165218
-0.168769
-0.172469
-0.176323
-0.180338
-0.184519
-0.188873
-0.193404
-0.198120
-0.203025
-0.208126
-0.213429
-0.218938
-0.224659
-0.230598
-0.236761
-0.243153
-0.249780
-0.256646
-0.263757
-0.271118
-0.278734
-0.286610
-0.294752
-0.303164
-0.311851
-0.320818
-0.330068
-0.339608
-0.349441
-0.359572
-0.370005
-0.380744
-0.391794
-0.403158
-0.414840
-0.426844
-0.439174
-0.451834
-0.464827
-0.478156
-0.491825
-0.505837
-0.520196
-0.534904
-0.549964
-0.565380
-0.581154
-0.597290
-0.613789
-0.630654
-0.647889
-0.665495
-0.683476
-0.701832
-0.720568
-0.739685
-0.759184
-0.083291
-0.083602
-0.084390
-0.085535
-0.086942
-0.088535
-0.090260
-0.092074
-0.093945
-0.095851
-0.097776
-0.099708
-0.101640
-0.103567
-0.105489
-0.107403
-0.109313
-0.111220
-0.113127
-0.115039
-0.116959
-0.118893
-0.120845
-0.122821
-0.124827
-0.126868
-0.128950
-0.131080
-0.133263
-0.135506
-0.137814
-0.140194
-0.142653
-0.145195
-0.147828
-0.150558
-0.153391
-0.156333
-0.159390
-0.162570
-0.165877
-0.169318
-0.172900
-0.176628
-0.180509
-0.184549
-0.188754
-0.193130
-0.197683
-0.202419
-0.207344
-0.212464
-0.217785
-0.223314
-0.229055
-0.235014
-0.241198
-0.247612
-0.254262
-0.261153
-0.268291
-0.275682
-0.283330
-0.291241
-0.299421
-0.307875
-0.316607
-0.325623
-0.334928
-0.344527
-0.354424
-0.364625
-0.375133
-0.385954
-0.397092
-0.408551
-0.420335
-0.432449
-0.444897
-0.457683
-0.470810
-0.484283
-0.498104
-0.512278
-0.526809
-0.541699
-0.556952
-0.572571
-0.588559
-0.604920
-0.621656
-0.638770
-0.656265
-0.674144
-0.692410
-0.711065
-0.730111
-0.749552
-0.769389
-0.789626
-0.085950
-0.086279
-0.087111
-0.088320
-0.089805
-0.091488
-0.093309
-0.095225
-0.097203
-0.099218
-0.101254
-0.103299
-0.105345
-0.107389
-0.109426
-0.111459
-0.113487
-0.115513
-0.117540
-0.119572
-0.121613
-0.123669
-0.125745
-0.127846
-0.129977
-0.132146
-0.134357
-0.136617
-0.138931
-0.141307
-0.143751
-0.146268
-0.148865
-0.151548
-0.154325
-0.157200
-0.160181
-0.163274
-0.166485
-0.169820
-0.173286
-0.176890
-0.180637
-0.184534
-0.188587
-0.192802
-0.197186
-0.201746
-0.206486
-0.211413
-0.216534
-0.221855
-0.227382
-0.233120
-0.239076
-0.245256
-0.251666
-0.258312
-0.265199
-0.272334
-0.279722
-0.287369
-0.295281
-0.303462
-0.311920
-0.320658
-0.329684
-0.339000
-0.348614
-0.358531
-0.368754
-0.379290
-0.390142
-0.401317
-0.412818
-0.424650
-0.436818
-0.449327
-0.462179
-0.475381
-0.488935
-0.502845
-0.517117
-0.531753
-0.546758
-0.562134
-0.577886
-0.594016
-0.610529
-0.627428
-0.644715
-0.662394
-0.680468
-0.698940
-0.717812
-0.737088
-0.756769
-0.776860
-0.797362
-0.818278
-0.088671
-0.089018
-0.089896
-0.091172
-0.092738
-0.094513
-0.096435
-0.098456
-0.100543
-0.102671
-0.104822
-0.106983
-0.109147
-0.111309
-0.113466
-0.115619
-0.117767
-0.119914
-0.122063
-0.124218
-0.126382
-0.128562
-0.130763
-0.132989
-0.135247
-0.137542
-0.139882
-0.142271
-0.144717
-0.147224
-0.149801
-0.152453
-0.155187
-0.158008
-0.160925
-0.163942
-0.167066
-0.170305
-0.173663
-0.177149
-0.180767
-0.184525
-0.188430
-0.192487
-0.196702
-0.201083
-0.205636
-0.210367
-0.215282
-0.220388
-0.225691
-0.231198
-0.236914
-0.242846
-0.249000
-0.255383
-0.262000
-0.268857
-0.275961
-0.283318
-0.290933
-0.298813
-0.306963
-0.315390
-0.324098
-0.333094
-0.342384
-0.351972
-0.361864
-0.372066
-0.382583
-0.393421
-0.404583
-0.416076
-0.427904
-0.440072
-0.452586
-0.465449
-0.478666
-0.492241
-0.506180
-0.520486
-0.535164
-0.550217
-0.565649
-0.581465
-0.597668
-0.614261
-0.631249
-0.648635
-0.666422
-0.684614
-0.703213
-0.722223
-0.741647
-0.761488
-0.781749
-0.802432
-0.823540
-0.845077
-0.091453
-0.091820
-0.092746
-0.094090
-0.095741
-0.097612
-0.099636
-0.101767
-0.103967
-0.106211
-0.108480
-0.110761
-0.113046
-0.115329
-0.117609
-0.119884
-0.122156
-0.124426
-0.126699
-0.128978
-0.131268
-0.133573
-0.135899
-0.138251
-0.140636
-0.143059
-0.145527
-0.148046
-0.150621
-0.153260
-0.155968
-0.158753
-0.161621
-0.164578
-0.167630
-0.170785
-0.174049
-0.177428
-0.180929
-0.184558
-0.188322
-0.192227
-0.196281
-0.200489
-0.204858
-0.209394
-0.214105
-0.218996
-0.224073
-0.229345
-0.234816
-0.240493
-0.246383
-0.252492
-0.258827
-0.265393
-0.272197
-0.279246
-0.286546
-0.294102
-0.301921
-0.310010
-0.318373
-0.327018
-0.335951
-0.345176
-0.354700
-0.364529
-0.374668
-0.385124
-0.395901
-0.407005
-0.418442
-0.430217
-0.442334
-0.454800
-0.467619
-0.480795
-0.494335
-0.508243
-0.522522
-0.537179
-0.552216
-0.567639
-0.583452
-0.599659
-0.616263
-0.633269
-0.650681
-0.668501
-0.686735
-0.705385
-0.724454
-0.743947
-0.763866
-0.784214
-0.804995
-0.826211
-0.847866
-0.869962
-0.094297
-0.094683
-0.095660
-0.097076
-0.098815
-0.100784
-0.102916
-0.105159
-0.107476
-0.109839
-0.112230
-0.114634
-0.117043
-0.119451
-0.121856
-0.124256
-0.126654
-0.129051
-0.131450
-0.133855
-0.136271
-0.138703
-0.141156
-0.143636
-0.146148
-0.148699
-0.151295
-0.153943
-0.156647
-0.159416
-0.162255
-0.165170
-0.168170
-0.171259
-0.174444
-0.177733
-0.181132
-0.184646
-0.188284
-0.192050
-0.195953
-0.199999
-0.204193
-0.208543
-0.213056
-0.217737
-0.222594
-0.227633
-0.232861
-0.238284
-0.243909
-0.249742
-0.255789
-0.262059
-0.268556
-0.275287
-0.282259
-0.289479
-0.296952
-0.304685
-0.312684
-0.320957
-0.329508
-0.338344
-0.347472
-0.356898
-0.366627
-0.376665
-0.387019
-0.397695
-0.408698
-0.420033
-0.431708
-0.443726
-0.456094
-0.468817
-0.481901
-0.495350
-0.509169
-0.523364
-0.537939
-0.552900
-0.568250
-0.583995
-0.600139
-0.616686
-0.633641
-0.651007
-0.668789
-0.686990
-0.705615
-0.724667
-0.744150
-0.764067
-0.784422
-0.805218
-0.826458
-0.848145
-0.870284
-0.892875
-0.097203
-0.097610
-0.098638
-0.100129
-0.101959
-0.104031
-0.106273
-0.108633
-0.111070
-0.113557
-0.116072
-0.118603
-0.121139
-0.123675
-0.126208
-0.128737
-0.131263
-0.133789
-0.136316
-0.138850
-0.141394
-0.143955
-0.146536
-0.149144
-0.151785
-0.154464
-0.157189
-0.159964
-0.162797
-0.165695
-0.168662
-0.171707
-0.174836
-0.178054
-0.181370
-0.184788
-0.188317
-0.191962
-0.195731
-0.199629
-0.203664
-0.207842
-0.212169
-0.216653
-0.221300
-0.226116
-0.231108
-0.236284
-0.241649
-0.247210
-0.252974
-0.258947
-0.265136
-0.271548
-0.278190
-0.285067
-0.292187
-0.299555
-0.307180
-0.315067
-0.323222
-0.331653
-0.340366
-0.349366
-0.358661
-0.368257
-0.378160
-0.388376
-0.398912
-0.409773
-0.420966
-0.432497
-0.444371
-0.456595
-0.469174
-0.482113
-0.495419
-0.509096
-0.523151
-0.537588
-0.552413
-0.567630
-0.583244
-0.599261
-0.615685
-0.632521
-0.649773
-0.667445
-0.685542
-0.704069
-0.723028
-0.742424
-0.762261
-0.782543
-0.803273
-0.824455
-0.846092
-0.868187
-0.890744
-0.913766
-0.100170
-0.100599
-0.101681
-0.103250
-0.105174
-0.107351
-0.109708
-0.112188
-0.114750
-0.117363
-0.120008
-0.122669
-0.125336
-0.128003
-0.130667
-0.133328
-0.135985
-0.138642
-0.141300
-0.143964
-0.146639
-0.149329
-0.152041
-0.154778
-0.157548
-0.160356
-0.163209
-0.166113
-0.169074
-0.172099
-0.175195
-0.178367
-0.181622
-0.184967
-0.188409
-0.191954
-0.195609
-0.199380
-0.203274
-0.207298
-0.211458
-0.215760
-0.220213
-0.224821
-0.229593
-0.234533
-0.239650
-0.244950
-0.250439
-0.256125
-0.262014
-0.268112
-0.274426
-0.280964
-0.287731
-0.294735
-0.301982
-0.309479
-0.317233
-0.325250
-0.333537
-0.342100
-0.350947
-0.360084
-0.369517
-0.379253
-0.389298
-0.399660
-0.410343
-0.421355
-0.432703
-0.444391
-0.456427
-0.468816
-0.481564
-0.494678
-0.508163
-0.522025
-0.536269
-0.550901
-0.565927
-0.581352
-0.597180
-0.613418
-0.630070
-0.647141
-0.664635
-0.682559
-0.700915
-0.719708
-0.738943
-0.758624
-0.778755
-0.799339
-0.820382
-0.841886
-0.863855
-0.886292
-0.909202
-0.932588
-0.103199
-0.103650
-0.104789
-0.106438
-0.108459
-0.110747
-0.113223
-0.115826
-0.118516
-0.121261
-0.124038
-0.126832
-0.129633
-0.132435
-0.135234
-0.138029
-0.140821
-0.143611
-0.146403
-0.149200
-0.152007
-0.154830
-0.157672
-0.160540
-0.163440
-0.166378
-0.169359
-0.172392
-0.175480
-0.178632
-0.181854
-0.185151
-0.188532
-0.192001
-0.195566
-0.199234
-0.203011
-0.206903
-0.210917
-0.215060
-0.219339
-0.223759
-0.228328
-0.233053
-0.237939
-0.242994
-0.248225
-0.253637
-0.259238
-0.265035
-0.271033
-0.277241
-0.283664
-0.290310
-0.297185
-0.304297
-0.311651
-0.319254
-0.327114
-0.335238
-0.343631
-0.352301
-0.361255
-0.370500
-0.380041
-0.389887
-0.400043
-0.410516
-0.421313
-0.432440
-0.443905
-0.455713
-0.467871
-0.480385
-0.493261
-0.506506
-0.520126
-0.534126
-0.548514
-0.563293
-0.578471
-0.594053
-0.610044
-0.626450
-0.643276
-0.660527
-0.678209
-0.696325
-0.714882
-0.733883
-0.753333
-0.773238
-0.793600
-0.814424
-0.835714
-0.857475
-0.879710
-0.902423
-0.925617
-0.949296
-0.106288
-0.106763
-0.107960
-0.109694
-0.111817
-0.114218
-0.116816
-0.119548
-0.122370
-0.125249
-0.128163
-0.131094
-0.134034
-0.136974
-0.139911
-0.142843
-0.145772
-0.148699
-0.151627
-0.154559
-0.157501
-0.160457
-0.163432
-0.166432
-0.169463
-0.172531
-0.175642
-0.178802
-0.182018
-0.185296
-0.188643
-0.192065
-0.195568
-0.199159
-0.202845
-0.206631
-0.210526
-0.214535
-0.218664
-0.222921
-0.227311
-0.231842
-0.236520
-0.241352
-0.246345
-0.251504
-0.256837
-0.262350
-0.268050
-0.273944
-0.280039
-0.286340
-0.292856
-0.299593
-0.306557
-0.313756
-0.321197
-0.328885
-0.336829
-0.345035
-0.353510
-0.362261
-0.371295
-0.380618
-0.390238
-0.400162
-0.410396
-0.420947
-0.431823
-0.443030
-0.454574
-0.466463
-0.478702
-0.491300
-0.504261
-0.517594
-0.531303
-0.545396
-0.559878
-0.574756
-0.590036
-0.605724
-0.621825
-0.638345
-0.655290
-0.672665
-0.690476
-0.708727
-0.727425
-0.746573
-0.766177
-0.786241
-0.806771
-0.827769
-0.849242
-0.871193
-0.893625
-0.916544
-0.939952
-0.963854
-0.109439
-0.109938
-0.111196
-0.113017
-0.115245
-0.117765
-0.120489
-0.123353
-0.126311
-0.129329
-0.132383
-0.135456
-0.138537
-0.141619
-0.144697
-0.147771
-0.150840
-0.153906
-0.156973
-0.160043
-0.163121
-0.166213
-0.169322
-0.172456
-0.175619
-0.178818
-0.182059
-0.185348
-0.188691
-0.192095
-0.195566
-0.199110
-0.202734
-0.206445
-0.210248
-0.214150
-0.218159
-0.222280
-0.226519
-0.230884
-0.235380
-0.240015
-0.244794
-0.249725
-0.254814
-0.260068
-0.265492
-0.271095
-0.276882
-0.282860
-0.289036
-0.295416
-0.302009
-0.308819
-0.315854
-0.323122
-0.330628
-0.338380
-0.346385
-0.354649
-0.363181
-0.371986
-0.381071
-0.390445
-0.400114
-0.410084
-0.420364
-0.430960
-0.441878
-0.453127
-0.464713
-0.476643
-0.488924
-0.501563
-0.514567
-0.527941
-0.541694
-0.555832
-0.570361
-0.585287
-0.600617
-0.616358
-0.632515
-0.649094
-0.666102
-0.683543
-0.701424
-0.719751
-0.738528
-0.757761
-0.777455
-0.797615
-0.818246
-0.839353
-0.860940
-0.883011
-0.905572
-0.928626
-0.952177
-0.976229
-0.112649
-0.113174
-0.114496
-0.116407
-0.118745
-0.121387
-0.124242
-0.127243
-0.130341
-0.133502
-0.136701
-0.139919
-0.143145
-0.146372
-0.149595
-0.152813
-0.156026
-0.159234
-0.162442
-0.165653
-0.168870
-0.172100
-0.175346
-0.178614
-0.181911
-0.185242
-0.188614
-0.192031
-0.195501
-0.199030
-0.202625
-0.206290
-0.210034
-0.213862
-0.217780
-0.221795
-0.225914
-0.230142
-0.234487
-0.238954
-0.243551
-0.248282
-0.253156
-0.258178
-0.263354
-0.268692
-0.274198
-0.279879
-0.285740
-0.291789
-0.298032
-0.304477
-0.311129
-0.317996
-0.325084
-0.332401
-0.339953
-0.347747
-0.355790
-0.364089
-0.372651
-0.381484
-0.390595
-0.399990
-0.409676
-0.419662
-0.429954
-0.440560
-0.451486
-0.462740
-0.474330
-0.486261
-0.498542
-0.511180
-0.524181
-0.537553
-0.551302
-0.565436
-0.579962
-0.594885
-0.610214
-0.625954
-0.642112
-0.658694
-0.675706
-0.693155
-0.711047
-0.729387
-0.748181
-0.767435
-0.787155
-0.807345
-0.828010
-0.849156
-0.870788
-0.892910
-0.915528
-0.938644
-0.962264
-0.986392
-0.115919
-0.116471
-0.117860
-0.119865
-0.122316
-0.125084
-0.128074
-0.131217
-0.134460
-0.137768
-0.141115
-0.144483
-0.147858
-0.151234
-0.154606
-0.157972
-0.161331
-0.164685
-0.168037
-0.171391
-0.174750
-0.178119
-0.181504
-0.184909
-0.188341
-0.191806
-0.195308
-0.198855
-0.202452
-0.206106
-0.209823
-0.213609
-0.217471
-0.221414
-0.225445
-0.229570
-0.233796
-0.238128
-0.242574
-0.247138
-0.251828
-0.256651
-0.261611
-0.266716
-0.271972
-0.277385
-0.282962
-0.288709
-0.294633
-0.300740
-0.307037
-0.313531
-0.320227
-0.327134
-0.334257
-0.341604
-0.349181
-0.356995
-0.365054
-0.373364
-0.381933
-0.390768
-0.399875
-0.409262
-0.418937
-0.428906
-0.439178
-0.449759
-0.460656
-0.471878
-0.483432
-0.495325
-0.507564
-0.520157
-0.533111
-0.546434
-0.560133
-0.574214
-0.588686
-0.603555
-0.618829
-0.634513
-0.650616
-0.667143
-0.684102
-0.701498
-0.719339
-0.737630
-0.756378
-0.775588
-0.795266
-0.815418
-0.836050
-0.857166
-0.878772
-0.900873
-0.923473
-0.946579
-0.970193
-0.994321
-0.119249
-0.119829
-0.121287
-0.123390
-0.125959
-0.128858
-0.131988
-0.135275
-0.138668
-0.142128
-0.145628
-0.149149
-0.152678
-0.156207
-0.159731
-0.163247
-0.166757
-0.170260
-0.173759
-0.177259
-0.180762
-0.184274
-0.187799
-0.191343
-0.194912
-0.198510
-0.202145
-0.205822
-0.209547
-0.213326
-0.217165
-0.221071
-0.225049
-0.229106
-0.233248
-0.237480
-0.241809
-0.246242
-0.250784
-0.255441
-0.260220
-0.265126
-0.270166
-0.275347
-0.280674
-0.286153
-0.291791
-0.297594
-0.303569
-0.309722
-0.316059
-0.322587
-0.329313
-0.336243
-0.343383
-0.350742
-0.358324
-0.366138
-0.374190
-0.382488
-0.391038
-0.399848
-0.408925
-0.418275
-0.427908
-0.437829
-0.448047
-0.458569
-0.469402
-0.480554
-0.492033
-0.503847
-0.516002
-0.528507
-0.541369
-0.554596
-0.568196
-0.582175
-0.596542
-0.611304
-0.626468
-0.642042
-0.658032
-0.674446
-0.691291
-0.708574
-0.726301
-0.744479
-0.763115
-0.782215
-0.801784
-0.821830
-0.842357
-0.863372
-0.884880
-0.906886
-0.929396
-0.952415
-0.975947
-0.999997
-0.122637
-0.123246
-0.124776
-0.126982
-0.129673
-0.132708
-0.135982
-0.139420
-0.142966
-0.146582
-0.150239
-0.153917
-0.157604
-0.161290
-0.164970
-0.168641
-0.172304
-0.175960
-0.179610
-0.183258
-0.186908
-0.190564
-0.194233
-0.197917
-0.201624
-0.205359
-0.209127
-0.212935
-0.216788
-0.220693
-0.224654
-0.228679
-0.232773
-0.236942
-0.241192
-0.245529
-0.249960
-0.254489
-0.259123
-0.263869
-0.268731
-0.273716
-0.278830
-0.284079
-0.289468
-0.295005
-0.300695
-0.306544
-0.312559
-0.318745
-0.325109
-0.331658
-0.338398
-0.345335
-0.352475
-0.359827
-0.367395
-0.375188
-0.383212
-0.391474
-0.399981
-0.408740
-0.417759
-0.427045
-0.436605
-0.446447
-0.456578
-0.467006
-0.477739
-0.488784
-0.500149
-0.511842
-0.523872
-0.536245
-0.548969
-0.562053
-0.575505
-0.589332
-0.603542
-0.618144
-0.633144
-0.648550
-0.664370
-0.680612
-0.697282
-0.714389
-0.731939
-0.749939
-0.768396
-0.787318
-0.806710
-0.826578
-0.846930
-0.867771
-0.889107
-0.910944
-0.933288
-0.956142
-0.979514
-1.003408
-0.126082
-0.126722
-0.128328
-0.130640
-0.133458
-0.136633
-0.140057
-0.143649
-0.147354
-0.151131
-0.154950
-0.158790
-0.162638
-0.166485
-0.170325
-0.174155
-0.177975
-0.181786
-0.185590
-0.189390
-0.193189
-0.196994
-0.200807
-0.204635
-0.208482
-0.212355
-0.216258
-0.220198
-0.224179
-0.228209
-0.232293
-0.236437
-0.240646
-0.244926
-0.249283
-0.253723
-0.258252
-0.262875
-0.267598
-0.272428
-0.277369
-0.282427
-0.287608
-0.292919
-0.298364
-0.303950
-0.309683
-0.315568
-0.321612
-0.327820
-0.334199
-0.340755
-0.347494
-0.354422
-0.361547
-0.368873
-0.376409
-0.384161
-0.392135
-0.400338
-0.408778
-0.417462
-0.426396
-0.435588
-0.445046
-0.454777
-0.464789
-0.475089
-0.485685
-0.496585
-0.507798
-0.519330
-0.531191
-0.543388
-0.555929
-0.568824
-0.582078
-0.595702
-0.609704
-0.624090
-0.638870
-0.654052
-0.669643
-0.685652
-0.702086
-0.718954
-0.736261
-0.754018
-0.772229
-0.790903
-0.810047
-0.829668
-0.849771
-0.870364
-0.891454
-0.913045
-0.935144
-0.957757
-0.980889
-1.004545
-0.129584
-0.130257
-0.131942
-0.134365
-0.137314
-0.140635
-0.144212
-0.147965
-0.151833
-0.155775
-0.159760
-0.163767
-0.167781
-0.171792
-0.175796
-0.179789
-0.183770
-0.187740
-0.191701
-0.195656
-0.199609
-0.203563
-0.207525
-0.211497
-0.215487
-0.219499
-0.223539
-0.227612
-0.231724
-0.235880
-0.240086
-0.244349
-0.248672
-0.253063
-0.257526
-0.262067
-0.266692
-0.271406
-0.276215
-0.281125
-0.286140
-0.291267
-0.296510
-0.301876
-0.307370
-0.312998
-0.318765
-0.324677
-0.330739
-0.336959
-0.343340
-0.349891
-0.356615
-0.363520
-0.370612
-0.377897
-0.385382
-0.393072
-0.400976
-0.409098
-0.417448
-0.426030
-0.434854
-0.443925
-0.453252
-0.462841
-0.472701
-0.482839
-0.493263
-0.503981
-0.515002
-0.526333
-0.537983
-0.549960
-0.562272
-0.574928
-0.587937
-0.601307
-0.615046
-0.629164
-0.643668
-0.658567
-0.673870
-0.689585
-0.705720
-0.722284
-0.739284
-0.756728
-0.774625
-0.792982
-0.811807
-0.831106
-0.850887
-0.871157
-0.891923
-0.913191
-0.934967
-0.957258
-0.980070
-1.003408
-0.133142
-0.133849
-0.135616
-0.138155
-0.141241
-0.144712
-0.148449
-0.152367
-0.156403
-0.160515
-0.164670
-0.168848
-0.173032
-0.177214
-0.181385
-0.185545
-0.189691
-0.193823
-0.197945
-0.202058
-0.206167
-0.210275
-0.214387
-0.218507
-0.222642
-0.226795
-0.230973
-0.235181
-0.239424
-0.243708
-0.248037
-0.252418
-0.256856
-0.261357
-0.265925
-0.270566
-0.275286
-0.280089
-0.284981
-0.289967
-0.295053
-0.300243
-0.305544
-0.310960
-0.316496
-0.322158
-0.327951
-0.333882
-0.339954
-0.346174
-0.352547
-0.359079
-0.365776
-0.372643
-0.379688
-0.386914
-0.394330
-0.401941
-0.409753
-0.417774
-0.426010
-0.434468
-0.443155
-0.452078
-0.461244
-0.470662
-0.480338
-0.490280
-0.500497
-0.510997
-0.521787
-0.532876
-0.544273
-0.555986
-0.568023
-0.580394
-0.593107
-0.606172
-0.619596
-0.633390
-0.647561
-0.662120
-0.677074
-0.692433
-0.708205
-0.724400
-0.741025
-0.758090
-0.775602
-0.793571
-0.812003
-0.830907
-0.850290
-0.870161
-0.890525
-0.911391
-0.932764
-0.954652
-0.977061
-0.999997
-0.136754
-0.137497
-0.139351
-0.142010
-0.145239
-0.148866
-0.152767
-0.156854
-0.161064
-0.165351
-0.169682
-0.174035
-0.178394
-0.182749
-0.187093
-0.191423
-0.195738
-0.200037
-0.204323
-0.208598
-0.212866
-0.217130
-0.221396
-0.225667
-0.229948
-0.234246
-0.238564
-0.242908
-0.247284
-0.251696
-0.256149
-0.260650
-0.265203
-0.269813
-0.274485
-0.279226
-0.284038
-0.288928
-0.293901
-0.298962
-0.304115
-0.309365
-0.314718
-0.320178
-0.325751
-0.331441
-0.337254
-0.343194
-0.349267
-0.355478
-0.361833
-0.368335
-0.374992
-0.381809
-0.388791
-0.395944
-0.403274
-0.410787
-0.418489
-0.426387
-0.434488
-0.442797
-0.451323
-0.460071
-0.469050
-0.478266
-0.487727
-0.497441
-0.507416
-0.517660
-0.528182
-0.538989
-0.550091
-0.561496
-0.573213
-0.585251
-0.597619
-0.610326
-0.623383
-0.636797
-0.650579
-0.664737
-0.679282
-0.694223
-0.709568
-0.725328
-0.741511
-0.758126
-0.775183
-0.792690
-0.810656
-0.829090
-0.847999
-0.867391
-0.887275
-0.907658
-0.928547
-0.949949
-0.971872
-0.994321
-0.140420
-0.141200
-0.143145
-0.145930
-0.149306
-0.153094
-0.157166
-0.161428
-0.165816
-0.170283
-0.174794
-0.179328
-0.183866
-0.188399
-0.192920
-0.197425
-0.201912
-0.206382
-0.210836
-0.215276
-0.219707
-0.224131
-0.228553
-0.232977
-0.237409
-0.241853
-0.246314
-0.250796
-0.255306
-0.259848
-0.264427
-0.269048
-0.273716
-0.278436
-0.283213
-0.288051
-0.292956
-0.297932
-0.302984
-0.308116
-0.313333
-0.318640
-0.324042
-0.329543
-0.335147
-0.340859
-0.346685
-0.352628
-0.358694
-0.364887
-0.371213
-0.377676
-0.384281
-0.391034
-0.397940
-0.405004
-0.412233
-0.419631
-0.427205
-0.434961
-0.442905
-0.451044
-0.459384
-0.467932
-0.476696
-0.485682
-0.494898
-0.504352
-0.514051
-0.524004
-0.534219
-0.544705
-0.555471
-0.566524
-0.577875
-0.589533
-0.601507
-0.613806
-0.626441
-0.639421
-0.652755
-0.666455
-0.680529
-0.694988
-0.709841
-0.725099
-0.740771
-0.756867
-0.773396
-0.790368
-0.807793
-0.825679
-0.844035
-0.862870
-0.882193
-0.902011
-0.922332
-0.943165
-0.964516
-0.986392
-0.144137
-0.144957
-0.146998
-0.149914
-0.153443
-0.157399
-0.161646
-0.166089
-0.170660
-0.175312
-0.180009
-0.184727
-0.189449
-0.194165
-0.198867
-0.203551
-0.208215
-0.212859
-0.217485
-0.222095
-0.226692
-0.231279
-0.235861
-0.240442
-0.245026
-0.249619
-0.254225
-0.258848
-0.263494
-0.268168
-0.272873
-0.277616
-0.282400
-0.287231
-0.292112
-0.297049
-0.302045
-0.307106
-0.312235
-0.317438
-0.322717
-0.328078
-0.333525
-0.339062
-0.344693
-0.350423
-0.356256
-0.362196
-0.368247
-0.374415
-0.380703
-0.387116
-0.393659
-0.400337
-0.407155
-0.414117
-0.421229
-0.428497
-0.435925
-0.443520
-0.451288
-0.459235
-0.467367
-0.475691
-0.484214
-0.492942
-0.501883
-0.511045
-0.520436
-0.530063
-0.539936
-0.550061
-0.560450
-0.571109
-0.582049
-0.593280
-0.604810
-0.616650
-0.628810
-0.641300
-0.654130
-0.667311
-0.680853
-0.694766
-0.709062
-0.723750
-0.738841
-0.754346
-0.770274
-0.786637
-0.803444
-0.820704
-0.838428
-0.856625
-0.875304
-0.894474
-0.914143
-0.934320
-0.955013
-0.976229
-0.147905
-0.148767
-0.150908
-0.153961
-0.157650
-0.161778
-0.166206
-0.170836
-0.175596
-0.180437
-0.185325
-0.190233
-0.195144
-0.200047
-0.204935
-0.209802
-0.214647
-0.219470
-0.224272
-0.229055
-0.233822
-0.238576
-0.243321
-0.248061
-0.252802
-0.257546
-0.262300
-0.267066
-0.271851
-0.276658
-0.281492
-0.286358
-0.291260
-0.296202
-0.301188
-0.306224
-0.311312
-0.316457
-0.321663
-0.326935
-0.332275
-0.337688
-0.343177
-0.348748
-0.354402
-0.360145
-0.365980
-0.371911
-0.377942
-0.384077
-0.390319
-0.396675
-0.403146
-0.409738
-0.416456
-0.423304
-0.430286
-0.437408
-0.444675
-0.452092
-0.459665
-0.467400
-0.475303
-0.483379
-0.491636
-0.500080
-0.508719
-0.517560
-0.526610
-0.535878
-0.545371
-0.555099
-0.565070
-0.575294
-0.585779
-0.596536
-0.607574
-0.618904
-0.630536
-0.642480
-0.654748
-0.667350
-0.680298
-0.693601
-0.707273
-0.721323
-0.735763
-0.750605
-0.765858
-0.781535
-0.797646
-0.814201
-0.831212
-0.848688
-0.866640
-0.885076
-0.904007
-0.923442
-0.943388
-0.963855
-0.151721
-0.152627
-0.154874
-0.158070
-0.161925
-0.166233
-0.170848
-0.175669
-0.180623
-0.185660
-0.190743
-0.195846
-0.200951
-0.206046
-0.211124
-0.216179
-0.221210
-0.226216
-0.231198
-0.236158
-0.241098
-0.246023
-0.250935
-0.255838
-0.260738
-0.265637
-0.270541
-0.275454
-0.280380
-0.285323
-0.290288
-0.295279
-0.300299
-0.305354
-0.310447
-0.315582
-0.320762
-0.325992
-0.331275
-0.336615
-0.342014
-0.347478
-0.353008
-0.358610
-0.364285
-0.370037
-0.375870
-0.381788
-0.387793
-0.393889
-0.400080
-0.406369
-0.412761
-0.419259
-0.425866
-0.432588
-0.439428
-0.446391
-0.453482
-0.460706
-0.468067
-0.475571
-0.483224
-0.491031
-0.498999
-0.507134
-0.515444
-0.523934
-0.532613
-0.541489
-0.550569
-0.559863
-0.569378
-0.579125
-0.589112
-0.599350
-0.609848
-0.620617
-0.631668
-0.643012
-0.654660
-0.666624
-0.678915
-0.691544
-0.704524
-0.717868
-0.731585
-0.745690
-0.760193
-0.775107
-0.790443
-0.806213
-0.822428
-0.839099
-0.856238
-0.873854
-0.891958
-0.910561
-0.929670
-0.949297
-0.155583
-0.156537
-0.158896
-0.162242
-0.166269
-0.170761
-0.175570
-0.180588
-0.185743
-0.190980
-0.196264
-0.201566
-0.206870
-0.212162
-0.217435
-0.222683
-0.227904
-0.233097
-0.238263
-0.243404
-0.248522
-0.253621
-0.258704
-0.263774
-0.268837
-0.273894
-0.278952
-0.284014
-0.289084
-0.294165
-0.299263
-0.304381
-0.309523
-0.314693
-0.319894
-0.325129
-0.330403
-0.335718
-0.341078
-0.346486
-0.351945
-0.357458
-0.363028
-0.368659
-0.374353
-0.380112
-0.385941
-0.391841
-0.397816
-0.403869
-0.410002
-0.416220
-0.422524
-0.428919
-0.435408
-0.441994
-0.448681
-0.455474
-0.462376
-0.469391
-0.476524
-0.483781
-0.491165
-0.498684
-0.506341
-0.514144
-0.522099
-0.530213
-0.538492
-0.546945
-0.555579
-0.564403
-0.573425
-0.582654
-0.592101
-0.601775
-0.611686
-0.621845
-0.632264
-0.642952
-0.653923
-0.665189
-0.676760
-0.688651
-0.700873
-0.713439
-0.726362
-0.739655
-0.753332
-0.767403
-0.781884
-0.796785
-0.812120
-0.827901
-0.844140
-0.860847
-0.878035
-0.895714
-0.913895
-0.932588
-0.159489
-0.160495
-0.162971
-0.166474
-0.170680
-0.175364
-0.180372
-0.185594
-0.190953
-0.196397
-0.201886
-0.207394
-0.212902
-0.218396
-0.223868
-0.229313
-0.234729
-0.240114
-0.245469
-0.250795
-0.256096
-0.261373
-0.266630
-0.271871
-0.277100
-0.282320
-0.287535
-0.292749
-0.297965
-0.303189
-0.308423
-0.313671
-0.318936
-0.324222
-0.329533
-0.334871
-0.340239
-0.345641
-0.351079
-0.356556
-0.362075
-0.367638
-0.373248
-0.378907
-0.384618
-0.390383
-0.396205
-0.402086
-0.408028
-0.414033
-0.420105
-0.426245
-0.432457
-0.438743
-0.445105
-0.451547
-0.458073
-0.464684
-0.471385
-0.478180
-0.485072
-0.492065
-0.499165
-0.506376
-0.513704
-0.521153
-0.528730
-0.536442
-0.544294
-0.552295
-0.560451
-0.568772
-0.577265
-0.585939
-0.594805
-0.603872
-0.613150
-0.622650
-0.632384
-0.642364
-0.652601
-0.663108
-0.673898
-0.684985
-0.696380
-0.708099
-0.720155
-0.732562
-0.745333
-0.758483
-0.772026
-0.785975
-0.800344
-0.815146
-0.830395
-0.846102
-0.862282
-0.878945
-0.896103
-0.913767
-0.163438
-0.164497
-0.167098
-0.170766
-0.175158
-0.180041
-0.185254
-0.190685
-0.196256
-0.201911
-0.207612
-0.213330
-0.219046
-0.224747
-0.230424
-0.236071
-0.241686
-0.247268
-0.252816
-0.258332
-0.263819
-0.269279
-0.274715
-0.280131
-0.285530
-0.290915
-0.296291
-0.301661
-0.307028
-0.312396
-0.317769
-0.323150
-0.328542
-0.333948
-0.339370
-0.344813
-0.350278
-0.355768
-0.361286
-0.366834
-0.372413
-0.378027
-0.383677
-0.389365
-0.395093
-0.400863
-0.406677
-0.412537
-0.418444
-0.424400
-0.430406
-0.436466
-0.442581
-0.448752
-0.454983
-0.461274
-0.467630
-0.474052
-0.480542
-0.487106
-0.493744
-0.500462
-0.507263
-0.514150
-0.521130
-0.528206
-0.535385
-0.542671
-0.550072
-0.557593
-0.565243
-0.573029
-0.580959
-0.589042
-0.597287
-0.605705
-0.614305
-0.623099
-0.632099
-0.641316
-0.650763
-0.660453
-0.670400
-0.680616
-0.691118
-0.701919
-0.713033
-0.724477
-0.736264
-0.748411
-0.760932
-0.773842
-0.787157
-0.800890
-0.815058
-0.829673
-0.844749
-0.860300
-0.876338
-0.892876
-0.167425
-0.168543
-0.171277
-0.175116
-0.179702
-0.184791
-0.190216
-0.195862
-0.201650
-0.207523
-0.213440
-0.219374
-0.225304
-0.231217
-0.237103
-0.242957
-0.248776
-0.254559
-0.260305
-0.266016
-0.271694
-0.277341
-0.282960
-0.288554
-0.294127
-0.299682
-0.305223
-0.310752
-0.316274
-0.321791
-0.327306
-0.332823
-0.338345
-0.343873
-0.349411
-0.354961
-0.360526
-0.366107
-0.371706
-0.377326
-0.382969
-0.388635
-0.394326
-0.400044
-0.405790
-0.411566
-0.417372
-0.423210
-0.429081
-0.434986
-0.440926
-0.446903
-0.452918
-0.458972
-0.465066
-0.471202
-0.477382
-0.483608
-0.489881
-0.496204
-0.502579
-0.509010
-0.515499
-0.522050
-0.528666
-0.535353
-0.542114
-0.548954
-0.555881
-0.562898
-0.570014
-0.577236
-0.584571
-0.592028
-0.599616
-0.607345
-0.615225
-0.623267
-0.631483
-0.639885
-0.648487
-0.657301
-0.666343
-0.675625
-0.685164
-0.694975
-0.705074
-0.715477
-0.726200
-0.737260
-0.748673
-0.760457
-0.772627
-0.785199
-0.798191
-0.811616
-0.825492
-0.839832
-0.854651
-0.869962
-0.171448
-0.172630
-0.175505
-0.179525
-0.184313
-0.189614
-0.195257
-0.201125
-0.207135
-0.213231
-0.219371
-0.225525
-0.231674
-0.237804
-0.243905
-0.249972
-0.256000
-0.261988
-0.267937
-0.273847
-0.279720
-0.285559
-0.291365
-0.297143
-0.302895
-0.308624
-0.314333
-0.320026
-0.325706
-0.331376
-0.337037
-0.342694
-0.348349
-0.354003
-0.359660
-0.365321
-0.370988
-0.376663
-0.382347
-0.388043
-0.393750
-0.399471
-0.405205
-0.410955
-0.416721
-0.422504
-0.428303
-0.434121
-0.439956
-0.445811
-0.451684
-0.457578
-0.463491
-0.469425
-0.475381
-0.481358
-0.487359
-0.493384
-0.499434
-0.505510
-0.511615
-0.517750
-0.523917
-0.530120
-0.536361
-0.542643
-0.548970
-0.555348
-0.561780
-0.568272
-0.574830
-0.581460
-0.588171
-0.594970
-0.601866
-0.608869
-0.615987
-0.623234
-0.630619
-0.638157
-0.645859
-0.653740
-0.661814
-0.670098
-0.678606
-0.687356
-0.696364
-0.705647
-0.715224
-0.725112
-0.735330
-0.745896
-0.756828
-0.768144
-0.779862
-0.791999
-0.804573
-0.817601
-0.831097
-0.845078
-0.175504
-0.176756
-0.179780
-0.183990
-0.188987
-0.194508
-0.200377
-0.206472
-0.212712
-0.219036
-0.225403
-0.231784
-0.238158
-0.244510
-0.250831
-0.257114
-0.263357
-0.269556
-0.275712
-0.281826
-0.287900
-0.293934
-0.299933
-0.305898
-0.311833
-0.317741
-0.323624
-0.329485
-0.335327
-0.341153
-0.346965
-0.352766
-0.358558
-0.364342
-0.370122
-0.375897
-0.381671
-0.387443
-0.393216
-0.398990
-0.404766
-0.410544
-0.416325
-0.422110
-0.427898
-0.433690
-0.439486
-0.445284
-0.451087
-0.456892
-0.462700
-0.468510
-0.474323
-0.480138
-0.485954
-0.491772
-0.497592
-0.503413
-0.509236
-0.515062
-0.520891
-0.526724
-0.532563
-0.538409
-0.544264
-0.550130
-0.556012
-0.561910
-0.567831
-0.573779
-0.579758
-0.585774
-0.591835
-0.597947
-0.604119
-0.610360
-0.616680
-0.623088
-0.629598
-0.636222
-0.642972
-0.649863
-0.656911
-0.664131
-0.671541
-0.679157
-0.686997
-0.695082
-0.703429
-0.712059
-0.720991
-0.730246
-0.739843
-0.749804
-0.760147
-0.770894
-0.782061
-0.793670
-0.805736
-0.818279
-0.179589
-0.180917
-0.184101
-0.188511
-0.193727
-0.199475
-0.205575
-0.211905
-0.218379
-0.224938
-0.231538
-0.238151
-0.244755
-0.251335
-0.257880
-0.264386
-0.270847
-0.277262
-0.283631
-0.289954
-0.296232
-0.302468
-0.308664
-0.314822
-0.320945
-0.327035
-0.333096
-0.339130
-0.345139
-0.351126
-0.357093
-0.363043
-0.368976
-0.374895
-0.380801
-0.386696
-0.392580
-0.398454
-0.404319
-0.410176
-0.416024
-0.421864
-0.427696
-0.433519
-0.439334
-0.445139
-0.450933
-0.456717
-0.462489
-0.468248
-0.473993
-0.479723
-0.485437
-0.491134
-0.496813
-0.502472
-0.508111
-0.513729
-0.519325
-0.524898
-0.530449
-0.535977
-0.541483
-0.546966
-0.552429
-0.557871
-0.563296
-0.568705
-0.574102
-0.579489
-0.584871
-0.590253
-0.595641
-0.601041
-0.606461
-0.611909
-0.617394
-0.622926
-0.628518
-0.634181
-0.639929
-0.645776
-0.651738
-0.657832
-0.664074
-0.670484
-0.677082
-0.683886
-0.690919
-0.698201
-0.705754
-0.713602
-0.721766
-0.730268
-0.739132
-0.748379
-0.758031
-0.768110
-0.778635
-0.789627
-0.183699
-0.185111
-0.188467
-0.193087
-0.198529
-0.204512
-0.210851
-0.217421
-0.224136
-0.230935
-0.237775
-0.244625
-0.251464
-0.258277
-0.265053
-0.271786
-0.278472
-0.285108
-0.291694
-0.298231
-0.304719
-0.311161
-0.317559
-0.323914
-0.330230
-0.336508
-0.342752
-0.348963
-0.355144
-0.361297
-0.367424
-0.373527
-0.379607
-0.385665
-0.391703
-0.397721
-0.403720
-0.409701
-0.415664
-0.421608
-0.427534
-0.433440
-0.439328
-0.445194
-0.451040
-0.456862
-0.462661
-0.468434
-0.474180
-0.479897
-0.485583
-0.491237
-0.496857
-0.502439
-0.507983
-0.513487
-0.518948
-0.524365
-0.529735
-0.535057
-0.540331
-0.545553
-0.550724
-0.555843
-0.560910
-0.565924
-0.570886
-0.575797
-0.580660
-0.585475
-0.590247
-0.594979
-0.599675
-0.604341
-0.608984
-0.613611
-0.618230
-0.622852
-0.627486
-0.632145
-0.636843
-0.641593
-0.646412
-0.651317
-0.656326
-0.661458
-0.666735
-0.672178
-0.677809
-0.683652
-0.689731
-0.696071
-0.702697
-0.709635
-0.716908
-0.724544
-0.732565
-0.740998
-0.749863
-0.759185
-0.187830
-0.189334
-0.192875
-0.197716
-0.203394
-0.209620
-0.216205
-0.223022
-0.229984
-0.237029
-0.244114
-0.251207
-0.258287
-0.265337
-0.272349
-0.279315
-0.286230
-0.293092
-0.299901
-0.306657
-0.313361
-0.320014
-0.326618
-0.333176
-0.339689
-0.346161
-0.352592
-0.358986
-0.365344
-0.371669
-0.377960
-0.384222
-0.390453
-0.396656
-0.402830
-0.408978
-0.415098
-0.421191
-0.427256
-0.433294
-0.439302
-0.445281
-0.451229
-0.457145
-0.463027
-0.468873
-0.474681
-0.480450
-0.486176
-0.491857
-0.497491
-0.503074
-0.508604
-0.514079
-0.519494
-0.524847
-0.530135
-0.535355
-0.540504
-0.545579
-0.550578
-0.555498
-0.560336
-0.565092
-0.569762
-0.574347
-0.578844
-0.583254
-0.587577
-0.591814
-0.595966
-0.600036
-0.604027
-0.607942
-0.611788
-0.615571
-0.619297
-0.622976
-0.626618
-0.630234
-0.633836
-0.637441
-0.641062
-0.644718
-0.648427
-0.652210
-0.656089
-0.660087
-0.664228
-0.668538
-0.673044
-0.677773
-0.682753
-0.688013
-0.693580
-0.699485
-0.705754
-0.712416
-0.719497
-0.727024
-0.191975
-0.193584
-0.197323
-0.202397
-0.208321
-0.214798
-0.221635
-0.228706
-0.235920
-0.243218
-0.250553
-0.257895
-0.265221
-0.272516
-0.279768
-0.286972
-0.294122
-0.301216
-0.308253
-0.315233
-0.322157
-0.329026
-0.335843
-0.342608
-0.349325
-0.355995
-0.362619
-0.369201
-0.375741
-0.382242
-0.388705
-0.395130
-0.401518
-0.407871
-0.414189
-0.420471
-0.426718
-0.432928
-0.439103
-0.445239
-0.451337
-0.457395
-0.463411
-0.469382
-0.475308
-0.481184
-0.487009
-0.492780
-0.498493
-0.504146
-0.509734
-0.515255
-0.520704
-0.526077
-0.531371
-0.536581
-0.541703
-0.546734
-0.551669
-0.556503
-0.561234
-0.565857
-0.570369
-0.574766
-0.579045
-0.583203
-0.587238
-0.591147
-0.594930
-0.598586
-0.602114
-0.605515
-0.608791
-0.611944
-0.614978
-0.617898
-0.620710
-0.623420
-0.626039
-0.628576
-0.631044
-0.633456
-0.635828
-0.638177
-0.640523
-0.642887
-0.645291
-0.647761
-0.650322
-0.653002
-0.655832
-0.658841
-0.662061
-0.665524
-0.669262
-0.673309
-0.677696
-0.682455
-0.687619
-0.693216
-0.196129
-0.197857
-0.201811
-0.207130
-0.213309
-0.220044
-0.227141
-0.234472
-0.241946
-0.249501
-0.257093
-0.264689
-0.272267
-0.279811
-0.287310
-0.294757
-0.302148
-0.309478
-0.316749
-0.323958
-0.331108
-0.338199
-0.345233
-0.352212
-0.359137
-0.366010
-0.372834
-0.379609
-0.386337
-0.393020
-0.399659
-0.406253
-0.412805
-0.419314
-0.425781
-0.432204
-0.438584
-0.444919
-0.451209
-0.457452
-0.463646
-0.469790
-0.475880
-0.481915
-0.487892
-0.493807
-0.499657
-0.505439
-0.511148
-0.516781
-0.522333
-0.527800
-0.533176
-0.538458
-0.543640
-0.548717
-0.553684
-0.558536
-0.563266
-0.567870
-0.572343
-0.576679
-0.580873
-0.584920
-0.588815
-0.592554
-0.596133
-0.599547
-0.602795
-0.605872
-0.608777
-0.611509
-0.614067
-0.616452
-0.618666
-0.620711
-0.622592
-0.624315
-0.625886
-0.627315
-0.628612
-0.629791
-0.630867
-0.631855
-0.632776
-0.633652
-0.634505
-0.635362
-0.636252
-0.637204
-0.638251
-0.639426
-0.640765
-0.642305
-0.644082
-0.646134
-0.648499
-0.651214
-0.654315
-0.657838
-0.200285
-0.202148
-0.206336
-0.211914
-0.218358
-0.225359
-0.232723
-0.240320
-0.248060
-0.255879
-0.263733
-0.271589
-0.279425
-0.287224
-0.294975
-0.302671
-0.310306
-0.317879
-0.325388
-0.332833
-0.340214
-0.347532
-0.354789
-0.361986
-0.369126
-0.376208
-0.383236
-0.390211
-0.397133
-0.404004
-0.410824
-0.417595
-0.424316
-0.430988
-0.437610
-0.444181
-0.450701
-0.457168
-0.463581
-0.469938
-0.476236
-0.482473
-0.488647
-0.494754
-0.500791
-0.506753
-0.512638
-0.518440
-0.524155
-0.529779
-0.535305
-0.540729
-0.546045
-0.551247
-0.556329
-0.561285
-0.566109
-0.570793
-0.575332
-0.579719
-0.583947
-0.588008
-0.591897
-0.595607
-0.599132
-0.602464
-0.605598
-0.608529
-0.611250
-0.613758
-0.616047
-0.618115
-0.619959
-0.621578
-0.622969
-0.624135
-0.625077
-0.625798
-0.626304
-0.626602
-0.626701
-0.626612
-0.626348
-0.625927
-0.625366
-0.624687
-0.623915
-0.623077
-0.622202
-0.621324
-0.620477
-0.619699
-0.619030
-0.618511
-0.618185
-0.618095
-0.618286
-0.618800
-0.619680
-0.620969
-0.204434
-0.206455
-0.210896
-0.216747
-0.223466
-0.230742
-0.238380
-0.246250
-0.254262
-0.262351
-0.270473
-0.278594
-0.286693
-0.294752
-0.302761
-0.310711
-0.318598
-0.326419
-0.334172
-0.341857
-0.349475
-0.357026
-0.364511
-0.371933
-0.379292
-0.386590
-0.393828
-0.401007
-0.408129
-0.415194
-0.422204
-0.429157
-0.436054
-0.442895
-0.449680
-0.456406
-0.463073
-0.469680
-0.476223
-0.482702
-0.489113
-0.495453
-0.501719
-0.507907
-0.514013
-0.520034
-0.525963
-0.531797
-0.537529
-0.543155
-0.548668
-0.554061
-0.559330
-0.564466
-0.569462
-0.574312
-0.579007
-0.583540
-0.587904
-0.592089
-0.596088
-0.599892
-0.603493
-0.606883
-0.610054
-0.612996
-0.615703
-0.618166
-0.620377
-0.622330
-0.624018
-0.625435
-0.626575
-0.627435
-0.628011
-0.628300
-0.628303
-0.628019
-0.627451
-0.626603
-0.625483
-0.624098
-0.622461
-0.620587
-0.618493
-0.616199
-0.613730
-0.611114
-0.608382
-0.605569
-0.602713
-0.599856
-0.597042
-0.594318
-0.591734
-0.589341
-0.587189
-0.585330
-0.583815
-0.582694
-0.208569
-0.210773
-0.215490
-0.221628
-0.228632
-0.236191
-0.244111
-0.252260
-0.260550
-0.268915
-0.277311
-0.285704
-0.294072
-0.302397
-0.310668
-0.318879
-0.327022
-0.335096
-0.343099
-0.351030
-0.358890
-0.366679
-0.374399
-0.382051
-0.389635
-0.397154
-0.404608
-0.411999
-0.419327
-0.426593
-0.433798
-0.440940
-0.448021
-0.455038
-0.461992
-0.468881
-0.475704
-0.482457
-0.489140
-0.495750
-0.502282
-0.508734
-0.515102
-0.521382
-0.527569
-0.533658
-0.539644
-0.545521
-0.551284
-0.556925
-0.562438
-0.567816
-0.573051
-0.578137
-0.583064
-0.587824
-0.592408
-0.596808
-0.601015
-0.605018
-0.608808
-0.612375
-0.615710
-0.618801
-0.621640
-0.624215
-0.626516
-0.628533
-0.630256
-0.631677
-0.632784
-0.633570
-0.634026
-0.634145
-0.633920
-0.633345
-0.632418
-0.631134
-0.629492
-0.627495
-0.625145
-0.622448
-0.619413
-0.616051
-0.612379
-0.608415
-0.604183
-0.599710
-0.595028
-0.590175
-0.585191
-0.580121
-0.575017
-0.569930
-0.564919
-0.560042
-0.555360
-0.550935
-0.546828
-0.543099
-0.212676
-0.215099
-0.220118
-0.226558
-0.233857
-0.241707
-0.249915
-0.258351
-0.266924
-0.275571
-0.284247
-0.292917
-0.301559
-0.310156
-0.318696
-0.327172
-0.335578
-0.343911
-0.352169
-0.360352
-0.368459
-0.376493
-0.384453
-0.392340
-0.400156
-0.407902
-0.415579
-0.423187
-0.430728
-0.438202
-0.445608
-0.452946
-0.460217
-0.467418
-0.474550
-0.481610
-0.488596
-0.495505
-0.502337
-0.509086
-0.515749
-0.522324
-0.528804
-0.535187
-0.541466
-0.547636
-0.553691
-0.559625
-0.565431
-0.571102
-0.576631
-0.582009
-0.587229
-0.592281
-0.597156
-0.601846
-0.606340
-0.610627
-0.614698
-0.618542
-0.622147
-0.625502
-0.628595
-0.631414
-0.633947
-0.636181
-0.638105
-0.639705
-0.640970
-0.641886
-0.642441
-0.642624
-0.642424
-0.641828
-0.640828
-0.639413
-0.637575
-0.635308
-0.632607
-0.629468
-0.625891
-0.621876
-0.617429
-0.612557
-0.607274
-0.601594
-0.595539
-0.589136
-0.582416
-0.575417
-0.568181
-0.560760
-0.553207
-0.545585
-0.537958
-0.530397
-0.522973
-0.515762
-0.508838
-0.502273
-0.216743
-0.219428
-0.224778
-0.231535
-0.239140
-0.247289
-0.255791
-0.264520
-0.273384
-0.282319
-0.291280
-0.300233
-0.309155
-0.318030
-0.326844
-0.335591
-0.344264
-0.352861
-0.361380
-0.369821
-0.378182
-0.386465
-0.394671
-0.402800
-0.410854
-0.418833
-0.426739
-0.434572
-0.442331
-0.450019
-0.457634
-0.465176
-0.472644
-0.480038
-0.487355
-0.494593
-0.501752
-0.508827
-0.515815
-0.522714
-0.529519
-0.536227
-0.542831
-0.549328
-0.555712
-0.561976
-0.568114
-0.574119
-0.579984
-0.585701
-0.591262
-0.596657
-0.601879
-0.606917
-0.611762
-0.616402
-0.620828
-0.625026
-0.628987
-0.632697
-0.636143
-0.639313
-0.642194
-0.644771
-0.647030
-0.648957
-0.650537
-0.651755
-0.652596
-0.653045
-0.653085
-0.652703
-0.651883
-0.650610
-0.648870
-0.646649
-0.643936
-0.640717
-0.636982
-0.632724
-0.627936
-0.622614
-0.616757
-0.610368
-0.603453
-0.596026
-0.588101
-0.579703
-0.570862
-0.561613
-0.552003
-0.542083
-0.531915
-0.521566
-0.511114
-0.500640
-0.490231
-0.479979
-0.469975
-0.460310
-0.220755
-0.223758
-0.229469
-0.236560
-0.244480
-0.252935
-0.261740
-0.270767
-0.279927
-0.289157
-0.298409
-0.307651
-0.316859
-0.326016
-0.335110
-0.344133
-0.353080
-0.361948
-0.370733
-0.379437
-0.388058
-0.396596
-0.405054
-0.413431
-0.421729
-0.429948
-0.438088
-0.446152
-0.454138
-0.462046
-0.469877
-0.477630
-0.485304
-0.492897
-0.500408
-0.507834
-0.515174
-0.522423
-0.529579
-0.536638
-0.543596
-0.550448
-0.557188
-0.563812
-0.570313
-0.576685
-0.582920
-0.589012
-0.594952
-0.600732
-0.606342
-0.611775
-0.617019
-0.622065
-0.626900
-0.631515
-0.635896
-0.640032
-0.643909
-0.647514
-0.650832
-0.653850
-0.656551
-0.658921
-0.660943
-0.662601
-0.663877
-0.664754
-0.665214
-0.665239
-0.664810
-0.663909
-0.662517
-0.660615
-0.658184
-0.655206
-0.651662
-0.647537
-0.642813
-0.637475
-0.631512
-0.624911
-0.617665
-0.609770
-0.601225
-0.592035
-0.582210
-0.571768
-0.560734
-0.549141
-0.537033
-0.524464
-0.511501
-0.498218
-0.484703
-0.471054
-0.457376
-0.443782
-0.430386
-0.417304
-0.224691
-0.228085
-0.234193
-0.241632
-0.249876
-0.258645
-0.267759
-0.277091
-0.286554
-0.296084
-0.305633
-0.315169
-0.324669
-0.334114
-0.343494
-0.352799
-0.362025
-0.371168
-0.380226
-0.389198
-0.398085
-0.406885
-0.415600
-0.424232
-0.432779
-0.441244
-0.449626
-0.457927
-0.466146
-0.474283
-0.482338
-0.490309
-0.498196
-0.505997
-0.513711
-0.521334
-0.528864
-0.536297
-0.543631
-0.550861
-0.557982
-0.564990
-0.571879
-0.578643
-0.585275
-0.591769
-0.598117
-0.604312
-0.610344
-0.616205
-0.621885
-0.627375
-0.632663
-0.637738
-0.642589
-0.647203
-0.651567
-0.655668
-0.659492
-0.663024
-0.666247
-0.669147
-0.671707
-0.673909
-0.675735
-0.677166
-0.678184
-0.678767
-0.678897
-0.678550
-0.677707
-0.676343
-0.674437
-0.671965
-0.668904
-0.665231
-0.660921
-0.655951
-0.650299
-0.643942
-0.636859
-0.629032
-0.620443
-0.611079
-0.600929
-0.589987
-0.578256
-0.565742
-0.552462
-0.538443
-0.523725
-0.508358
-0.492411
-0.475966
-0.459122
-0.441993
-0.424708
-0.407408
-0.390239
-0.373353
-0.228527
-0.232409
-0.238949
-0.246751
-0.255328
-0.264418
-0.273847
-0.283492
-0.293263
-0.303098
-0.312951
-0.322787
-0.332584
-0.342323
-0.351994
-0.361587
-0.371098
-0.380522
-0.389858
-0.399105
-0.408262
-0.417330
-0.426309
-0.435201
-0.444005
-0.452722
-0.461353
-0.469898
-0.478356
-0.486729
-0.495015
-0.503213
-0.511321
-0.519339
-0.527263
-0.535092
-0.542822
-0.550450
-0.557972
-0.565384
-0.572681
-0.579857
-0.586907
-0.593825
-0.600603
-0.607235
-0.613712
-0.620026
-0.626169
-0.632130
-0.637900
-0.643468
-0.648822
-0.653952
-0.658843
-0.663484
-0.667860
-0.671957
-0.675760
-0.679253
-0.682418
-0.685239
-0.687698
-0.689775
-0.691451
-0.692704
-0.693515
-0.693859
-0.693714
-0.693057
-0.691860
-0.690100
-0.687749
-0.684780
-0.681164
-0.676872
-0.671875
-0.666142
-0.659644
-0.652350
-0.644230
-0.635255
-0.625397
-0.614631
-0.602933
-0.590286
-0.576675
-0.562096
-0.546549
-0.530051
-0.512627
-0.494323
-0.475203
-0.455350
-0.434875
-0.413909
-0.392611
-0.371156
-0.349738
-0.328556
-0.232234
-0.236730
-0.243740
-0.251917
-0.260836
-0.270254
-0.280005
-0.289967
-0.300053
-0.310200
-0.320361
-0.330503
-0.340603
-0.350642
-0.360609
-0.370496
-0.380297
-0.390008
-0.399627
-0.409155
-0.418589
-0.427930
-0.437179
-0.446337
-0.455404
-0.464380
-0.473266
-0.482062
-0.490768
-0.499383
-0.507908
-0.516340
-0.524678
-0.532921
-0.541065
-0.549110
-0.557050
-0.564883
-0.572604
-0.580209
-0.587693
-0.595051
-0.602276
-0.609361
-0.616300
-0.623086
-0.629708
-0.636160
-0.642432
-0.648514
-0.654394
-0.660063
-0.665508
-0.670717
-0.675677
-0.680373
-0.684792
-0.688918
-0.692734
-0.696224
-0.699371
-0.702155
-0.704556
-0.706556
-0.708131
-0.709261
-0.709920
-0.710085
-0.709730
-0.708828
-0.707351
-0.705270
-0.702554
-0.699171
-0.695088
-0.690271
-0.684683
-0.678289
-0.671049
-0.662924
-0.653876
-0.643863
-0.632845
-0.620783
-0.607638
-0.593374
-0.577959
-0.561368
-0.543581
-0.524592
-0.504409
-0.483056
-0.460584
-0.437072
-0.412630
-0.387409
-0.361597
-0.335419
-0.309133
-0.283014
-0.235774
-0.241051
-0.248568
-0.257131
-0.266398
-0.276151
-0.286230
-0.296516
-0.306923
-0.317387
-0.327863
-0.338316
-0.348724
-0.359068
-0.369338
-0.379523
-0.389620
-0.399624
-0.409533
-0.419346
-0.429063
-0.438684
-0.448209
-0.457639
-0.466975
-0.476217
-0.485364
-0.494419
-0.503379
-0.512245
-0.521016
-0.529690
-0.538266
-0.546743
-0.555117
-0.563386
-0.571546
-0.579595
-0.587526
-0.595337
-0.603021
-0.610572
-0.617986
-0.625254
-0.632369
-0.639324
-0.646110
-0.652718
-0.659139
-0.665361
-0.671375
-0.677169
-0.682729
-0.688044
-0.693100
-0.697883
-0.702376
-0.706564
-0.710431
-0.713958
-0.717127
-0.719918
-0.722310
-0.724283
-0.725812
-0.726874
-0.727444
-0.727495
-0.726999
-0.725928
-0.724249
-0.721932
-0.718940
-0.715240
-0.710792
-0.705558
-0.699494
-0.692559
-0.684705
-0.675885
-0.666047
-0.655141
-0.643112
-0.629904
-0.615461
-0.599726
-0.582644
-0.564162
-0.544231
-0.522814
-0.499883
-0.475429
-0.449472
-0.422064
-0.393302
-0.363339
-0.332395
-0.300754
-0.268767
-0.236831
-0.239098
-0.245380
-0.253437
-0.262394
-0.272015
-0.282109
-0.292522
-0.303138
-0.313871
-0.324659
-0.335454
-0.346225
-0.356946
-0.367602
-0.378179
-0.388669
-0.399067
-0.409369
-0.419573
-0.429678
-0.439684
-0.449590
-0.459397
-0.469106
-0.478717
-0.488231
-0.497647
-0.506966
-0.516188
-0.525312
-0.534337
-0.543262
-0.552085
-0.560804
-0.569417
-0.577920
-0.586311
-0.594585
-0.602739
-0.610766
-0.618662
-0.626422
-0.634038
-0.641503
-0.648811
-0.655953
-0.662920
-0.669703
-0.676292
-0.682677
-0.688847
-0.694789
-0.700491
-0.705940
-0.711121
-0.716021
-0.720622
-0.724909
-0.728864
-0.732469
-0.735704
-0.738548
-0.740981
-0.742980
-0.744520
-0.745576
-0.746122
-0.746130
-0.745569
-0.744408
-0.742615
-0.740154
-0.736987
-0.733076
-0.728378
-0.722849
-0.716442
-0.709106
-0.700789
-0.691434
-0.680979
-0.669361
-0.656512
-0.642360
-0.626828
-0.609836
-0.591301
-0.571137
-0.549259
-0.525582
-0.500029
-0.472534
-0.443056
-0.411588
-0.378174
-0.342937
-0.306100
-0.268008
-0.229145
-0.190112
-0.242145
-0.249731
-0.258351
-0.267706
-0.277686
-0.288126
-0.298880
-0.309831
-0.320897
-0.332013
-0.343134
-0.354227
-0.365268
-0.376240
-0.387130
-0.397930
-0.408635
-0.419241
-0.429746
-0.440148
-0.450448
-0.460646
-0.470741
-0.480735
-0.490628
-0.500420
-0.510112
-0.519703
-0.529194
-0.538583
-0.547870
-0.557053
-0.566132
-0.575102
-0.583963
-0.592711
-0.601343
-0.609854
-0.618240
-0.626497
-0.634618
-0.642599
-0.650431
-0.658110
-0.665625
-0.672971
-0.680137
-0.687114
-0.693893
-0.700462
-0.706811
-0.712927
-0.718797
-0.724408
-0.729745
-0.734794
-0.739538
-0.743960
-0.748043
-0.751767
-0.755113
-0.758060
-0.760586
-0.762666
-0.764277
-0.765391
-0.765982
-0.766021
-0.765474
-0.764311
-0.762496
-0.759991
-0.756756
-0.752751
-0.747929
-0.742242
-0.735638
-0.728062
-0.719454
-0.709750
-0.698880
-0.686769
-0.673337
-0.658494
-0.642146
-0.624188
-0.604507
-0.582983
-0.559483
-0.533869
-0.505994
-0.475711
-0.442876
-0.407367
-0.369108
-0.328101
-0.284486
-0.238612
-0.191117
-0.142963
-0.244835
-0.254129
-0.263315
-0.273067
-0.283410
-0.294202
-0.305301
-0.316595
-0.327998
-0.339449
-0.350901
-0.362322
-0.373688
-0.384981
-0.396190
-0.407306
-0.418323
-0.429238
-0.440049
-0.450755
-0.461355
-0.471850
-0.482239
-0.492525
-0.502705
-0.512783
-0.522757
-0.532627
-0.542393
-0.552056
-0.561613
-0.571063
-0.580405
-0.589636
-0.598754
-0.607756
-0.616639
-0.625398
-0.634029
-0.642527
-0.650886
-0.659101
-0.667165
-0.675071
-0.682811
-0.690378
-0.697761
-0.704953
-0.711941
-0.718717
-0.725268
-0.731583
-0.737648
-0.743449
-0.748973
-0.754204
-0.759126
-0.763721
-0.767972
-0.771859
-0.775363
-0.778462
-0.781133
-0.783353
-0.785096
-0.786335
-0.787043
-0.787189
-0.786741
-0.785665
-0.783924
-0.781481
-0.778294
-0.774318
-0.769507
-0.763808
-0.757168
-0.749526
-0.740818
-0.730975
-0.719920
-0.707568
-0.693830
-0.678602
-0.661774
-0.643220
-0.622802
-0.600363
-0.575726
-0.548695
-0.519044
-0.486522
-0.450847
-0.411714
-0.368809
-0.321845
-0.270642
-0.215286
-0.156394
-0.095489
-0.247062
-0.258610
-0.268336
-0.278478
-0.289187
-0.300335
-0.311785
-0.323426
-0.335173
-0.346964
-0.358753
-0.370508
-0.382204
-0.393824
-0.405357
-0.416793
-0.428128
-0.439358
-0.450481
-0.461495
-0.472402
-0.483199
-0.493889
-0.504472
-0.514947
-0.525316
-0.535579
-0.545735
-0.555785
-0.565727
-0.575562
-0.585287
-0.594901
-0.604402
-0.613787
-0.623053
-0.632197
-0.641215
-0.650102
-0.658853
-0.667463
-0.675927
-0.684236
-0.692386
-0.700367
-0.708171
-0.715791
-0.723215
-0.730435
-0.737440
-0.744217
-0.750756
-0.757042
-0.763064
-0.768805
-0.774251
-0.779386
-0.784192
-0.788652
-0.792746
-0.796454
-0.799755
-0.802626
-0.805044
-0.806982
-0.808414
-0.809312
-0.809644
-0.809380
-0.808483
-0.806919
-0.804647
-0.801625
-0.797808
-0.793148
-0.787593
-0.781085
-0.773564
-0.764961
-0.755205
-0.744215
-0.731902
-0.718168
-0.702904
-0.685987
-0.667279
-0.646622
-0.623835
-0.598710
-0.571001
-0.540416
-0.506608
-0.469149
-0.427516
-0.381056
-0.328960
-0.270261
-0.203935
-0.129354
-0.047799
-0.248687
-0.263233
-0.273417
-0.283939
-0.295014
-0.306524
-0.318331
-0.330325
-0.342421
-0.354557
-0.366689
-0.378782
-0.390814
-0.402766
-0.414628
-0.426391
-0.438049
-0.449599
-0.461039
-0.472368
-0.483586
-0.494693
-0.505689
-0.516574
-0.527351
-0.538018
-0.548576
-0.559025
-0.569365
-0.579595
-0.589715
-0.599724
-0.609618
-0.619397
-0.629058
-0.638598
-0.648014
-0.657301
-0.666456
-0.675473
-0.684347
-0.693072
-0.701642
-0.710049
-0.718287
-0.726347
-0.734221
-0.741898
-0.749370
-0.756625
-0.763653
-0.770441
-0.776976
-0.783246
-0.789236
-0.794930
-0.800313
-0.805369
-0.810078
-0.814422
-0.818382
-0.821936
-0.825061
-0.827735
-0.829931
-0.831624
-0.832785
-0.833384
-0.833390
-0.832767
-0.831479
-0.829489
-0.826753
-0.823227
-0.818863
-0.813609
-0.807408
-0.800198
-0.791914
-0.782480
-0.771818
-0.759837
-0.746439
-0.731513
-0.714933
-0.696559
-0.676228
-0.653753
-0.628913
-0.601448
-0.571042
-0.537307
-0.499749
-0.457721
-0.410337
-0.356305
-0.293603
-0.218775
-0.125337
-0.000001
