0.234897
0.088287
0.038147
0.025373
0.019269
0.015447
0.012778
0.010787
0.009236
0.007989
0.006964
0.006106
0.005379
0.004756
0.004218
0.003750
0.003340
0.002980
0.002663
0.002383
0.002134
0.001914
0.001717
0.001542
0.001386
0.001246
0.001122
0.001010
0.000910
0.000821
0.000741
0.000670
0.000606
0.000549
0.000497
0.000452
0.000411
0.000375
0.000342
0.000313
0.000287
0.000265
0.000244
0.000226
0.000210
0.000197
0.000184
0.000173
0.000163
0.000155
0.000147
0.000141
0.000135
0.000130
0.000125
0.000121
0.000117
0.000114
0.000111
0.000108
0.000105
0.000103
0.000100
0.000099
0.000096
0.000095
0.000093
0.000091
0.000089
0.000088
0.000086
0.000085
0.000083
0.000082
0.000080
0.000079
0.000078
0.000077
0.000075
0.000074
0.000072
0.000072
0.000070
0.000069
0.000068
0.000067
0.000065
0.000065
0.000063
0.000063
0.000061
0.000060
0.000059
0.000058
0.000057
0.000057
0.000055
0.000055
0.000053
0.000053
0.000052
0.000051
0.000050
0.000049
0.000048
0.000048
0.000047
0.000046
0.000045
0.000045
0.000044
0.000043
0.000042
0.000042
0.000041
0.000040
0.000039
0.000039
0.000038
0.000038
0.000037
0.000036
0.000036
