0.237711
0.090654
0.042517
0.030246
0.024609
0.020969
0.018529
0.016603
0.015146
0.013888
0.012875
0.011958
0.011195
0.010484
0.009880
0.009309
0.008818
0.008349
0.007943
0.007553
0.007214
0.006886
0.006600
0.006323
0.006081
0.005846
0.005640
0.005439
0.005264
0.005092
0.004942
0.004794
0.004665
0.004538
0.004426
0.004316
0.004219
0.004123
0.004039
0.003955
0.003881
0.003807
0.003741
0.003675
0.003617
0.003559
0.003506
0.003454
0.003406
0.003359
0.003315
0.003272
0.003233
0.003193
0.003157
0.003120
0.003086
0.003053
0.003021
0.002989
0.002959
0.002930
0.002902
0.002874
0.002847
0.002821
0.002796
0.002771
0.002746
0.002723
0.002699
0.002677
0.002654
0.002633
0.002611
0.002590
0.002569
0.002549
0.002529
0.002510
0.002490
0.002471
0.002452
0.002434
0.002415
0.002398
0.002379
0.002363
0.002345
0.002328
0.002311
0.002295
0.002278
0.002262
0.002246
0.002230
0.002214
0.002199
0.002183
0.002169
0.002153
0.002139
0.002123
0.002109
0.002094
0.002081
0.002066
0.002053
0.002038
0.002025
0.002011
0.001998
0.001984
0.001971
0.001958
0.001945
0.001932
0.001920
0.001906
0.001894
0.001881
0.001870
0.001857
0.001845
0.001833
0.001821
0.001809
0.001798
0.001785
0.001774
0.001762
0.001751
0.001740
0.001729
0.001717
0.001707
0.001695
0.001685
0.001673
0.001663
0.001652
0.001642
0.001631
0.001621
0.001610
0.001601
0.001590
0.001580
0.001570
0.001560
0.001550
0.001540
0.001530
0.001521
0.001511
0.001502
0.001492
0.001483
0.001473
0.001464
0.001454
0.001446
0.001436
0.001428
0.001418
0.001410
0.001400
0.001392
0.001383
0.001375
0.001365
0.001357
0.001348
0.001340
0.001332
0.001324
0.001315
0.001307
0.001298
0.001291
0.001282
0.001275
0.001266
0.001259
0.001250
0.001243
0.001235
0.001228
0.001220
0.001212
0.001204
0.001197
0.001189
0.001182
0.001175
0.001168
0.001160
0.001153
0.001146
0.001139
0.001131
0.001125
0.001117
0.001111
0.001103
0.001097
0.001090
0.001083
0.001076
0.001070
0.001063
0.001057
0.001050
0.001043
0.001037
0.001030
0.001024
0.001018
0.001011
0.001005
0.000999
0.000993
0.000986
0.000980
0.000974
0.000968
0.000962
0.000956
0.000950
0.000944
0.000938
0.000933
0.000927
0.000921
0.000915
0.000910
0.000904
0.000898
0.000893
0.000887
0.000882
0.000876
0.000871
0.000866
0.000860
0.000855
0.000849
0.000844
0.000839
0.000834
0.000828
0.000823
0.000818
0.000813
0.000808
0.000803
0.000798
0.000793
0.000788
0.000784
0.000778
0.000774
0.000769
0.000764
0.000759
0.000755
0.000750
0.000745
0.000741
0.000736
0.000731
0.000727
0.000722
0.000718
0.000713
0.000709
0.000705
0.000701
0.000696
0.000692
0.000687
0.000683
0.000679
0.000675
0.000670
0.000667
0.000662
0.000658
0.000654
0.000650
0.000646
0.000642
0.000638
0.000634
0.000630
0.000626
0.000622
0.000619
0.000615
0.000611
0.000607
0.000603
0.000600
0.000596
0.000592
0.000589
0.000585
0.000581
0.000578
0.000574
0.000570
0.000567
0.000563
0.000560
0.000556
0.000553
0.000550
0.000546
0.000543
0.000540
0.000536
0.000533
0.000529
0.000526
0.000523
0.000520
0.000516
0.000513
0.000510
0.000507
0.000504
0.000501
0.000498
0.000495
0.000491
0.000489
0.000485
0.000482
0.000479
0.000477
0.000473
0.000471
0.000468
0.000465
0.000462
0.000459
0.000456
0.000453
0.000450
0.000448
0.000445
0.000442
0.000439
0.000437
0.000434
0.000431
0.000429
0.000426
0.000423
0.000421
0.000418
0.000416
0.000413
0.000410
0.000408
0.000405
0.000403
0.000400
0.000398
0.000395
0.000393
0.000391
0.000388
0.000386
0.000383
0.000381
0.000379
0.000376
0.000374
0.000372
0.000369
0.000367
0.000365
0.000363
0.000360
0.000358
0.000356
0.000354
0.000351
0.000349
0.000347
0.000345
0.000343
0.000341
0.000338
0.000336
0.000334
0.000332
0.000330
0.000328
0.000326
0.000324
0.000322
0.000320
0.000318
0.000316
0.000314
0.000312
0.000310
0.000308
0.000306
0.000305
0.000303
0.000301
0.000299
0.000297
0.000295
0.000293
0.000292
0.000290
0.000288
0.000286
0.000284
0.000283
0.000281
0.000279
0.000277
0.000276
0.000274
0.000272
0.000271
0.000269
0.000267
0.000266
0.000264
0.000262
0.000261
0.000259
0.000257
0.000256
0.000254
0.000253
0.000251
0.000250
0.000248
0.000247
0.000245
0.000244
0.000242
0.000241
0.000239
0.000238
0.000236
0.000235
0.000233
0.000232
0.000230
0.000229
0.000227
0.000226
0.000225
0.000223
0.000222
0.000221
0.000219
0.000218
0.000216
0.000215
0.000214
0.000212
0.000211
0.000210
0.000208
0.000207
0.000206
0.000205
0.000203
0.000202
0.000201
0.000200
0.000198
0.000197
0.000196
0.000195
0.000193
0.000192
0.000191
0.000190
0.000189
0.000188
0.000186
0.000185
0.000184
0.000183
0.000182
0.000181
0.000180
0.000179
0.000177
0.000176
0.000175
0.000174
0.000173
0.000172
0.000171
0.000170
0.000169
0.000168
0.000167
0.000166
0.000165
0.000164
0.000163
0.000162
0.000161
0.000160
0.000159
0.000158
0.000157
0.000156
0.000155
0.000154
0.000153
0.000152
0.000151
0.000150
0.000149
0.000148
0.000147
0.000146
0.000145
0.000145
0.000144
0.000143
0.000142
0.000141
0.000140
0.000139
0.000138
0.000138
0.000137
0.000136
0.000135
0.000134
0.000133
0.000132
0.000132
0.000131
0.000130
0.000129
0.000128
0.000128
0.000127
0.000126
0.000125
0.000125
0.000124
0.000123
0.000122
0.000121
0.000121
0.000120
0.000119
0.000118
0.000118
0.000117
0.000116
0.000116
0.000115
0.000114
0.000113
0.000113
0.000112
0.000111
0.000111
0.000110
0.000109
0.000109
0.000108
0.000107
0.000107
0.000106
0.000105
0.000105
0.000104
0.000103
0.000103
0.000102
0.000101
0.000101
0.000100
0.000100
0.000099
0.000098
0.000098
0.000097
0.000096
0.000096
0.000095
0.000095
0.000094
0.000094
0.000093
0.000092
0.000092
0.000091
0.000091
0.000090
0.000090
0.000089
0.000088
0.000088
0.000087
0.000087
0.000086
0.000086
0.000085
0.000085
0.000084
0.000084
0.000083
0.000083
0.000082
0.000082
0.000081
0.000081
0.000080
0.000080
0.000079
0.000079
0.000078
0.000078
0.000077
0.000077
0.000076
0.000076
0.000075
0.000075
0.000074
0.000074
0.000073
0.000073
0.000072
0.000072
0.000072
0.000071
0.000071
0.000070
0.000070
0.000069
0.000069
0.000069
0.000068
0.000068
0.000067
0.000067
0.000066
0.000066
0.000066
0.000065
0.000065
0.000064
0.000064
0.000064
0.000063
0.000063
0.000062
0.000062
0.000062
0.000061
0.000061
0.000061
0.000060
0.000060
0.000059
0.000059
0.000059
0.000058
0.000058
0.000058
0.000057
0.000057
0.000057
0.000056
0.000056
0.000056
0.000055
0.000055
0.000054
0.000054
0.000054
0.000053
0.000053
0.000053
0.000052
0.000052
0.000052
0.000052
0.000051
0.000051
0.000051
0.000050
0.000050
0.000050
0.000049
0.000049
0.000049
0.000048
0.000048
0.000048
0.000048
0.000047
