-0.936596
-0.828283
-0.684719
-0.520411
-0.335923
-0.127900
0.108650
0.379587
0.691197
1.050000
-0.939984
-0.834361
-0.694671
-0.536035
-0.359895
-0.163925
0.055885
0.304403
0.587006
0.909327
-0.950011
-0.852223
-0.723623
-0.580727
-0.427459
-0.264206
-0.089779
0.097981
0.301844
0.525000
-0.966170
-0.880921
-0.769048
-0.648678
-0.526860
-0.407737
-0.294059
-0.187640
-0.089496
0.000000
-0.987726
-0.919027
-0.827584
-0.732229
-0.642707
-0.566687
-0.511082
-0.482129
-0.485266
-0.525000
-1.013639
-0.964964
-0.895872
-0.824356
-0.761005
-0.715409
-0.697437
-0.717283
-0.784903
-0.909326
-1.042715
-1.017129
-0.971415
-0.920853
-0.874220
-0.839757
-0.827251
-0.848711
-0.918106
-1.050000
-1.073517
-1.074095
-1.052824
-1.021506
-0.984462
-0.944441
-0.905504
-0.875692
-0.869548
-0.909327
-1.104474
-1.134500
-1.139545
-1.129237
-1.102971
-1.055253
-0.977565
-0.860975
-0.703107
-0.525001
-1.133763
-1.197046
-1.230844
-1.247112
-1.243560
-1.210500
-1.128483
-0.960245
-0.632689
-0.000001
