-0.981748
-0.868910
-0.750483
-0.656112
-0.597331
-0.581237
-0.613424
-0.698991
-0.842871
-1.050000
-0.985288
-0.872850
-0.752135
-0.652172
-0.584005
-0.554086
-0.567366
-0.628207
-0.740807
-0.909327
-0.995845
-0.885089
-0.758325
-0.643143
-0.549145
-0.481221
-0.442509
-0.435472
-0.462273
-0.525000
-1.013354
-0.906667
-0.772569
-0.636667
-0.506914
-0.386180
-0.275367
-0.174428
-0.082875
-0.000000
-1.037531
-0.939108
-0.799789
-0.643544
-0.477015
-0.301556
-0.116161
0.081374
0.293983
0.525000
-1.067907
-0.983928
-0.845329
-0.675231
-0.480116
-0.260918
-0.016021
0.257746
0.564559
0.909326
-1.103566
-1.042370
-0.913754
-0.741526
-0.533232
-0.291012
-0.014364
0.298861
0.652131
1.050000
-1.143157
-1.114963
-1.008056
-0.848715
-0.646648
-0.406390
-0.130310
0.180625
0.526646
0.909327
-1.184630
-1.201449
-1.129041
-0.998912
-0.822956
-0.608377
-0.360960
-0.086149
0.210774
0.525001
-1.225279
-1.300653
-1.275279
-1.190228
-1.058571
-0.888706
-0.688295
-0.465766
-0.231614
0.000001
