-0.002707
-0.009888
-0.030197
-0.069704
-0.134544
-0.230815
-0.364540
-0.541700
-0.768221
-1.050000
-0.002527
-0.008714
-0.026284
-0.060468
-0.116601
-0.199951
-0.315744
-0.469152
-0.665312
-0.909327
-0.002012
-0.005532
-0.015589
-0.035249
-0.067580
-0.115637
-0.182431
-0.270950
-0.384158
-0.525000
-0.001345
-0.001196
-0.001008
-0.000813
-0.000636
-0.000475
-0.000333
-0.000208
-0.000098
-0.000000
-0.000707
0.003083
0.013531
0.033573
0.066270
0.114653
0.181740
0.270517
0.383954
0.525000
-0.000330
0.006131
0.024077
0.058660
0.115167
0.198867
0.314975
0.468668
0.665083
0.909326
-0.000341
0.007062
0.027756
0.067664
0.132906
0.229555
0.363638
0.541126
0.767949
1.050000
-0.000807
0.005569
0.023505
0.058106
0.114661
0.198433
0.314636
0.468439
0.664969
0.909327
-0.001649
0.001968
0.012388
0.032460
0.065238
0.113757
0.181025
0.270023
0.383705
0.525001
-0.002709
-0.002861
-0.002712
-0.002499
-0.002227
-0.001895
-0.001506
-0.001058
-0.000553
0.000001
