-0.293516
-0.264977
-0.244086
-0.243924
-0.272142
-0.335109
-0.438685
-0.588600
-0.790492
-1.050000
-0.294487
-0.265329
-0.241812
-0.236211
-0.255515
-0.305282
-0.390648
-0.516533
-0.687813
-0.909327
-0.297376
-0.266782
-0.236076
-0.215685
-0.210537
-0.224203
-0.259692
-0.319843
-0.407377
-0.525000
-0.302328
-0.270244
-0.230015
-0.189397
-0.150731
-0.114795
-0.081843
-0.051834
-0.024627
-0.000000
-0.309372
-0.277075
-0.227869
-0.167141
-0.094628
-0.008537
0.093610
0.214581
0.357354
0.525000
-0.318570
-0.288567
-0.234059
-0.158848
-0.061077
0.062825
0.217076
0.406303
0.635366
0.909326
-0.329722
-0.305778
-0.251952
-0.172221
-0.064396
0.075375
0.251649
0.469324
0.733617
1.050000
-0.342503
-0.329102
-0.283182
-0.210800
-0.111008
0.018946
0.182338
0.382695
0.623704
0.909327
-0.356212
-0.358328
-0.327154
-0.273331
-0.198154
-0.101044
0.019021
0.162980
0.331504
0.525001
-0.369939
-0.392579
-0.381319
-0.354189
-0.315197
-0.266103
-0.208161
-0.142732
-0.071961
0.000001
