-0.171928
-0.158308
-0.154702
-0.171166
-0.214762
-0.291670
-0.407854
-0.569117
-0.781250
-1.050000
-0.172410
-0.158053
-0.151714
-0.162808
-0.197541
-0.261383
-0.359461
-0.496829
-0.678460
-0.909327
-0.173967
-0.157573
-0.143904
-0.140246
-0.150800
-0.178851
-0.227441
-0.299439
-0.397693
-0.525000
-0.176653
-0.157858
-0.134251
-0.110498
-0.087895
-0.066928
-0.047701
-0.030210
-0.014350
-0.000000
-0.180674
-0.160133
-0.126962
-0.083114
-0.027205
0.043142
0.130605
0.238081
0.368532
0.525000
-0.186064
-0.165746
-0.126218
-0.067826
0.012789
0.119899
0.258190
0.432510
0.647861
0.909326
-0.192860
-0.175619
-0.135256
-0.071923
0.018193
0.139965
0.298577
0.499423
0.748009
1.050000
-0.200807
-0.190196
-0.155407
-0.098530
-0.016715
0.093916
0.237553
0.418441
0.640896
0.909327
-0.209539
-0.209176
-0.185901
-0.145800
-0.088302
-0.011612
0.086264
0.207250
0.353023
0.525001
-0.218370
-0.231760
-0.223953
-0.207561
-0.184763
-0.156375
-0.122879
-0.084801
-0.043074
0.000001
