-0.019720
-0.010012
0.013392
0.056025
0.123864
0.222856
0.359004
0.538265
0.766615
1.050000
-0.020116
-0.011418
0.009153
0.046449
0.105559
0.191676
0.309942
0.465539
0.663614
0.909327
-0.021177
-0.015354
-0.002448
0.020185
0.055498
0.106399
0.175854
0.266795
0.382192
0.525000
-0.022781
-0.020850
-0.018519
-0.015917
-0.013169
-0.010339
-0.007542
-0.004844
-0.002319
0.000000
-0.024625
-0.026695
-0.035008
-0.052579
-0.082439
-0.127704
-0.191471
-0.276879
-0.387029
-0.525000
-0.026499
-0.031568
-0.047924
-0.080468
-0.134395
-0.214910
-0.327307
-0.476916
-0.669129
-0.909326
-0.028158
-0.034543
-0.054257
-0.092789
-0.155953
-0.249634
-0.379739
-0.552316
-0.773590
-1.050000
-0.029538
-0.035171
-0.052868
-0.086980
-0.142420
-0.224029
-0.336579
-0.484833
-0.673818
-0.909327
-0.030630
-0.033692
-0.044663
-0.065388
-0.098571
-0.146810
-0.212361
-0.296892
-0.401079
-0.525001
-0.031586
-0.030851
-0.032375
-0.034466
-0.037092
-0.040231
-0.043838
-0.047655
-0.048387
-0.000001
