-1.414526
-1.251145
-1.042100
-0.813152
-0.567966
-0.304118
-0.016733
0.300267
0.653536
1.050000
-1.419593
-1.259693
-1.054912
-0.831635
-0.594521
-0.342279
-0.071105
0.224034
0.548838
0.909327
-1.434606
-1.284984
-1.092529
-0.885055
-0.670017
-0.449156
-0.221743
0.014354
0.262102
0.525000
-1.458914
-1.326103
-1.152691
-0.968067
-0.783278
-0.604323
-0.434861
-0.277082
-0.132055
0.000000
-1.491517
-1.381661
-1.232461
-1.073810
-0.919950
-0.781042
-0.665546
-0.580633
-0.532233
-0.525000
-1.530993
-1.450093
-1.329043
-1.196422
-1.067664
-0.955476
-0.872049
-0.829332
-0.838508
-0.909326
-1.575600
-1.529734
-1.440562
-1.333219
-1.221262
-1.116367
-1.031354
-0.981024
-0.981771
-1.050000
-1.623180
-1.618952
-1.566195
-1.485792
-1.386129
-1.272946
-1.153426
-1.039264
-0.949121
-0.909327
-1.671219
-1.715983
-1.705667
-1.658864
-1.577656
-1.457862
-1.292530
-1.075648
-0.810099
-0.525001
-1.716707
-1.818862
-1.857904
-1.856670
-1.814008
-1.718910
-1.549433
-1.265779
-0.794839
-0.000001
