-0.819825
-0.793672
-0.749380
-0.695254
-0.634348
-0.567960
-0.496612
-0.420409
-0.339210
-0.252707
-0.160483
-0.062035
0.043193
0.155809
0.276447
0.405771
0.544459
0.693205
0.852711
1.023684
-0.820722
-0.794749
-0.750737
-0.696961
-0.636470
-0.570583
-0.499838
-0.424365
-0.344045
-0.258597
-0.167625
-0.070657
0.032846
0.143462
0.261807
0.388517
0.524252
0.669683
0.825490
0.992360
-0.823407
-0.797962
-0.754795
-0.702053
-0.642799
-0.578389
-0.509423
-0.436097
-0.358362
-0.276009
-0.188718
-0.096084
0.002353
0.107107
0.218719
0.337764
0.464833
0.600532
0.745481
0.900303
-0.827843
-0.803281
-0.761501
-0.710458
-0.653213
-0.591195
-0.525092
-0.455209
-0.381607
-0.304195
-0.222768
-0.137042
-0.046669
0.048746
0.149638
0.256469
0.369726
0.489912
0.617544
0.753149
-0.833981
-0.810643
-0.770780
-0.722051
-0.667525
-0.608707
-0.546411
-0.481071
-0.412902
-0.341961
-0.268203
-0.191497
-0.111652
-0.028423
0.058472
0.149353
0.244562
0.344466
0.449448
0.559902
-0.841740
-0.819973
-0.782522
-0.736676
-0.685484
-0.630548
-0.572812
-0.512872
-0.451108
-0.387764
-0.322975
-0.256803
-0.189238
-0.120226
-0.049661
0.022598
0.096723
0.172913
0.251390
0.332390
-0.851029
-0.831166
-0.796601
-0.754138
-0.706802
-0.656276
-0.603646
-0.549668
-0.494911
-0.439811
-0.384712
-0.329879
-0.275519
-0.221782
-0.168770
-0.116543
-0.065123
-0.014499
0.035366
0.084535
-0.861726
-0.844113
-0.812866
-0.774231
-0.731161
-0.685420
-0.638214
-0.590464
-0.542915
-0.496205
-0.450883
-0.407438
-0.366299
-0.327841
-0.292389
-0.260222
-0.231572
-0.206634
-0.185565
-0.168493
-0.873697
-0.858675
-0.831161
-0.796728
-0.758242
-0.717506
-0.675836
-0.634283
-0.593758
-0.555078
-0.518999
-0.486221
-0.457402
-0.433146
-0.414012
-0.400507
-0.393088
-0.392164
-0.398097
-0.411209
-0.886779
-0.874715
-0.851315
-0.821412
-0.787732
-0.752098
-0.715883
-0.680244
-0.646211
-0.614755
-0.586804
-0.563257
-0.544984
-0.532818
-0.527550
-0.529925
-0.540630
-0.560298
-0.589501
-0.628759
-0.900795
-0.892074
-0.873161
-0.848063
-0.819350
-0.788809
-0.757837
-0.727628
-0.699289
-0.673885
-0.652474
-0.636112
-0.625853
-0.622741
-0.627796
-0.641996
-0.666271
-0.701484
-0.748430
-0.807830
-0.915535
-0.910597
-0.896526
-0.876485
-0.852850
-0.827341
-0.801312
-0.775942
-0.752332
-0.731578
-0.714792
-0.703127
-0.697769
-0.699937
-0.710857
-0.731744
-0.763774
-0.808064
-0.865647
-0.937462
-0.930771
-0.930115
-0.921248
-0.906491
-0.888031
-0.867475
-0.846085
-0.824942
-0.805072
-0.787498
-0.773300
-0.763629
-0.759724
-0.762911
-0.774585
-0.796181
-0.829139
-0.874856
-0.934650
-1.009722
-0.946236
-0.950469
-0.947165
-0.937919
-0.924736
-0.909089
-0.892088
-0.874660
-0.857654
-0.841928
-0.828400
-0.818098
-0.812186
-0.811987
-0.818978
-0.834777
-0.861092
-0.899662
-0.952173
-1.020188
-0.961634
-0.971496
-0.974129
-0.970618
-0.962845
-0.952129
-0.939402
-0.925367
-0.910626
-0.895758
-0.881392
-0.868266
-0.857290
-0.849598
-0.846589
-0.849947
-0.861623
-0.883760
-0.918581
-0.968218
-0.976615
-0.993057
-1.001993
-1.004450
-1.002258
-0.996600
-0.988204
-0.977526
-0.964859
-0.950420
-0.934415
-0.917117
-0.898944
-0.880560
-0.862978
-0.847676
-0.836669
-0.832524
-0.838244
-0.856995
-0.990782
-1.015025
-1.030625
-1.039279
-1.042888
-1.042519
-1.038719
-1.031691
-1.021414
-1.007698
-0.990247
-0.968710
-0.942766
-0.912230
-0.877227
-0.838424
-0.797331
-0.756602
-0.720226
-0.693323
-1.003651
-1.037325
-1.059893
-1.074965
-1.084628
-1.089885
-1.091136
-1.088388
-1.081342
-1.069449
-1.051917
-1.027732
-0.995673
-0.954359
-0.902370
-0.838506
-0.762297
-0.674894
-0.580390
-0.487221
-1.014650
-1.059937
-1.089671
-1.111350
-1.127342
-1.138631
-1.145544
-1.147970
-1.145452
-1.137206
-1.122108
-1.098642
-1.064822
-1.018065
-0.955045
-0.871555
-0.762545
-0.622831
-0.449784
-0.251301
-1.023064
-1.082959
-1.119827
-1.148257
-1.170843
-1.188599
-1.201855
-1.210501
-1.214070
-1.211760
-1.202404
-1.184399
-1.155568
-1.112915
-1.052186
-0.966999
-0.847077
-0.674447
-0.415047
-0.000001
