0.161917
0.060936
0.027307
0.018741
0.014701
0.012233
0.010535
0.009280
0.008309
0.007531
0.006892
0.006355
0.005897
0.005501
0.005154
0.004847
0.004573
0.004327
0.004104
0.003902
0.003717
0.003547
0.003390
0.003245
0.003110
0.002984
0.002866
0.002756
0.002653
0.002555
0.002463
0.002376
0.002294
0.002216
0.002142
0.002071
0.002004
0.001940
0.001878
0.001820
0.001764
0.001710
0.001659
0.001610
0.001562
0.001517
0.001473
0.001431
0.001390
0.001351
0.001313
0.001277
0.001242
0.001208
0.001175
0.001143
0.001113
0.001083
0.001054
0.001027
0.001000
0.000974
0.000948
0.000924
0.000900
0.000877
0.000855
0.000833
0.000812
0.000791
0.000772
0.000752
0.000734
0.000715
0.000698
0.000680
0.000664
0.000647
0.000632
0.000616
0.000601
0.000587
0.000572
0.000558
0.000545
0.000532
0.000519
0.000507
0.000495
0.000483
0.000471
0.000460
0.000449
0.000439
0.000428
0.000418
0.000408
0.000399
0.000389
0.000380
0.000371
0.000363
0.000354
0.000346
0.000338
0.000330
0.000323
0.000315
0.000308
0.000301
0.000294
0.000287
0.000281
0.000274
0.000268
0.000262
0.000256
0.000250
0.000244
0.000239
0.000233
0.000228
0.000223
0.000218
0.000213
0.000208
0.000204
0.000199
0.000195
0.000190
0.000186
0.000182
0.000178
0.000174
0.000170
0.000166
0.000163
0.000159
0.000156
0.000152
0.000149
0.000146
0.000142
0.000139
0.000136
0.000133
0.000131
0.000128
0.000125
0.000122
0.000120
0.000117
0.000115
0.000112
0.000110
0.000108
0.000105
0.000103
0.000101
0.000099
0.000097
0.000095
0.000093
0.000091
0.000089
0.000087
0.000086
0.000084
0.000082
0.000081
0.000079
0.000077
0.000076
0.000075
0.000073
0.000072
0.000070
0.000069
0.000068
0.000066
0.000065
0.000064
0.000063
0.000062
0.000061
0.000059
0.000058
0.000057
0.000056
0.000055
0.000054
0.000053
0.000053
0.000052
0.000051
0.000050
0.000049
0.000048
0.000048
0.000047
