-0.007270
-0.005286
-0.000859
0.006375
0.016996
0.031649
0.050980
0.075647
0.106302
0.143601
0.188192
0.240726
0.301847
0.372196
0.452413
0.543133
0.644990
0.758614
0.884636
1.023684
-0.007379
-0.005451
-0.001140
0.005886
0.016204
0.030426
0.049187
0.073119
0.102858
0.139035
0.182284
0.233230
0.292500
0.360715
0.438495
0.526456
0.625211
0.735373
0.857553
0.992360
-0.007714
-0.005930
-0.001978
0.004451
0.013865
0.026829
0.043910
0.065687
0.092730
0.125615
0.164913
0.211195
0.265025
0.326970
0.397588
0.477440
0.567083
0.667072
0.777961
0.900303
-0.008255
-0.006715
-0.003327
0.002138
0.010114
0.021061
0.035460
0.053787
0.076523
0.104145
0.137132
0.175957
0.221094
0.273015
0.332188
0.399080
0.474158
0.557886
0.650729
0.753149
-0.009000
-0.007769
-0.005133
-0.000927
0.005152
0.013454
0.024325
0.038124
0.055202
0.075914
0.100612
0.129649
0.163373
0.202134
0.246280
0.296158
0.352114
0.414493
0.483641
0.559902
-0.009921
-0.009065
-0.007307
-0.004595
-0.000746
0.004433
0.011153
0.019617
0.030036
0.042613
0.057557
0.075072
0.095364
0.118639
0.145101
0.174954
0.208405
0.245658
0.286917
0.332390
-0.011006
-0.010550
-0.009761
-0.008673
-0.007266
-0.005488
-0.003299
-0.000646
0.002515
0.006232
0.010551
0.015522
0.021189
0.027603
0.034810
0.042862
0.051808
0.061701
0.072592
0.084535
-0.012223
-0.012185
-0.012382
-0.012967
-0.014054
-0.015761
-0.018199
-0.021487
-0.025736
-0.031064
-0.037584
-0.045414
-0.054665
-0.065451
-0.077882
-0.092069
-0.108119
-0.126137
-0.146227
-0.168493
-0.013557
-0.013912
-0.015069
-0.017263
-0.020759
-0.025817
-0.032708
-0.041699
-0.053061
-0.067065
-0.083980
-0.104076
-0.127623
-0.154887
-0.186133
-0.221624
-0.261621
-0.306381
-0.356159
-0.411209
-0.014973
-0.015689
-0.017711
-0.021368
-0.027035
-0.035116
-0.046010
-0.060128
-0.077874
-0.099657
-0.125884
-0.156964
-0.193304
-0.235310
-0.283385
-0.337931
-0.399348
-0.468030
-0.544371
-0.628759
-0.016458
-0.017463
-0.020217
-0.025093
-0.032576
-0.043166
-0.057382
-0.075739
-0.098755
-0.126949
-0.160840
-0.200948
-0.247793
-0.301895
-0.363774
-0.433947
-0.512929
-0.601231
-0.699364
-0.807830
-0.017984
-0.019200
-0.022500
-0.028293
-0.037121
-0.049567
-0.066222
-0.087681
-0.114539
-0.147391
-0.186834
-0.233467
-0.287887
-0.350696
-0.422497
-0.503895
-0.595491
-0.697886
-0.811679
-0.937462
-0.019541
-0.020861
-0.024501
-0.030849
-0.040483
-0.054019
-0.072094
-0.095337
-0.124385
-0.159870
-0.202426
-0.252688
-0.311295
-0.378888
-0.456116
-0.543632
-0.642093
-0.752158
-0.874484
-1.009722
-0.021111
-0.022427
-0.026174
-0.032694
-0.042547
-0.056354
-0.074746
-0.098361
-0.127826
-0.163775
-0.206831
-0.257626
-0.316789
-0.384959
-0.462783
-0.550922
-0.650047
-0.760842
-0.883993
-1.020188
-0.022692
-0.023875
-0.027504
-0.033803
-0.043285
-0.056530
-0.074135
-0.096694
-0.124798
-0.159030
-0.199972
-0.248197
-0.304285
-0.368815
-0.442383
-0.525604
-0.619118
-0.723594
-0.839726
-0.968218
-0.024279
-0.025204
-0.028494
-0.034202
-0.042749
-0.054645
-0.070411
-0.090569
-0.115630
-0.146101
-0.182472
-0.225230
-0.274848
-0.331803
-0.396574
-0.469664
-0.551615
-0.643028
-0.744577
-0.856995
-0.025881
-0.026408
-0.029176
-0.033962
-0.041076
-0.050921
-0.063919
-0.080485
-0.101028
-0.125943
-0.155609
-0.190388
-0.230623
-0.276633
-0.328725
-0.387201
-0.452394
-0.524722
-0.604763
-0.693323
-0.027508
-0.027496
-0.029595
-0.033195
-0.038467
-0.045693
-0.055168
-0.067182
-0.082016
-0.099941
-0.121208
-0.146045
-0.174649
-0.207173
-0.243712
-0.284287
-0.328853
-0.377345
-0.429880
-0.487221
-0.029182
-0.028469
-0.029821
-0.032045
-0.035185
-0.039385
-0.044800
-0.051580
-0.059870
-0.069803
-0.081504
-0.095074
-0.110589
-0.128075
-0.147472
-0.168572
-0.190880
-0.213377
-0.234209
-0.251301
-0.030929
-0.029333
-0.029931
-0.030682
-0.031531
-0.032485
-0.033551
-0.034734
-0.036034
-0.037452
-0.038984
-0.040625
-0.042367
-0.044195
-0.046085
-0.047991
-0.049781
-0.050790
-0.046300
-0.000001
