-0.135363
-0.132453
-0.129011
-0.127252
-0.128492
-0.133745
-0.143831
-0.159517
-0.181491
-0.210439
-0.247005
-0.291842
-0.345576
-0.408845
-0.482272
-0.566486
-0.662109
-0.769767
-0.890084
-1.023684
-0.135554
-0.132596
-0.129050
-0.127076
-0.128008
-0.132808
-0.142309
-0.157229
-0.178265
-0.206059
-0.241259
-0.284478
-0.336340
-0.397450
-0.468423
-0.549858
-0.642366
-0.746548
-0.863012
-0.992360
-0.136108
-0.133050
-0.129164
-0.126597
-0.126591
-0.130089
-0.137840
-0.150534
-0.168789
-0.193214
-0.224377
-0.262857
-0.309203
-0.363978
-0.427727
-0.501003
-0.584350
-0.678318
-0.783453
-0.900303
-0.137053
-0.133813
-0.129416
-0.125879
-0.124398
-0.125797
-0.130767
-0.139885
-0.153705
-0.172725
-0.197445
-0.228333
-0.265866
-0.310501
-0.362703
-0.422925
-0.491626
-0.569260
-0.656283
-0.753149
-0.138375
-0.134935
-0.129855
-0.125074
-0.121642
-0.120301
-0.121602
-0.126035
-0.134012
-0.145937
-0.162175
-0.183092
-0.209032
-0.240345
-0.277366
-0.320437
-0.369891
-0.426064
-0.489290
-0.559902
-0.140105
-0.136433
-0.130592
-0.124343
-0.118638
-0.114058
-0.111051
-0.109946
-0.111044
-0.114592
-0.120836
-0.129987
-0.142266
-0.157868
-0.177001
-0.199856
-0.226631
-0.257516
-0.292706
-0.332390
-0.142235
-0.138370
-0.131716
-0.123910
-0.115726
-0.107637
-0.099918
-0.092780
-0.086356
-0.080766
-0.076087
-0.072399
-0.069756
-0.068216
-0.067823
-0.068624
-0.070656
-0.073961
-0.078575
-0.084535
-0.144791
-0.140773
-0.133363
-0.123987
-0.113308
-0.101628
-0.089107
-0.075783
-0.061665
-0.046704
-0.030844
-0.013998
0.003919
0.023013
0.043387
0.065155
0.088430
0.113332
0.139979
0.168493
-0.147760
-0.143708
-0.135636
-0.124823
-0.111768
-0.096669
-0.079522
-0.060255
-0.038713
-0.014725
0.011923
0.041447
0.074088
0.110089
0.149706
0.193195
0.240822
0.292853
0.349559
0.411209
-0.151158
-0.147198
-0.138665
-0.126630
-0.111506
-0.093348
-0.072062
-0.047430
-0.019196
0.012954
0.049340
0.090321
0.136251
0.187511
0.244478
0.307546
0.377106
0.453560
0.537309
0.628759
-0.154954
-0.151297
-0.142540
-0.129626
-0.112857
-0.092225
-0.067518
-0.038444
-0.004632
0.034313
0.078828
0.129355
0.186365
0.250327
0.321731
0.401067
0.488838
0.585547
0.691707
0.807830
-0.159142
-0.156014
-0.147361
-0.133971
-0.116128
-0.093745
-0.066573
-0.034234
0.003691
0.047682
0.098226
0.155846
0.221069
0.294444
0.376521
0.467867
0.569051
0.680655
0.803261
0.937462
-0.163667
-0.161382
-0.153177
-0.139806
-0.121528
-0.098267
-0.069725
-0.035516
0.004829
0.051805
0.105943
0.167786
0.237901
0.316856
0.405241
0.503647
0.612682
0.732958
0.865095
1.009722
-0.168485
-0.167389
-0.160039
-0.147195
-0.129204
-0.105991
-0.077294
-0.042714
-0.001803
0.045938
0.101025
0.164001
0.235412
0.315828
0.405817
0.505967
0.616869
0.739129
0.873361
1.020188
-0.173502
-0.174043
-0.167943
-0.156174
-0.139186
-0.116996
-0.089369
-0.055968
-0.016373
0.029862
0.083219
0.144185
0.213268
0.290976
0.377833
0.474366
0.581115
0.698630
0.827473
0.968218
-0.178624
-0.181315
-0.176879
-0.166696
-0.151431
-0.131190
-0.105840
-0.075104
-0.038649
0.003907
0.052961
0.108928
0.172226
0.243282
0.322522
0.410383
0.507304
0.613734
0.730138
0.856995
-0.183699
-0.189202
-0.186791
-0.178680
-0.165781
-0.148358
-0.126375
-0.099670
-0.068000
-0.031093
0.011352
0.059639
0.114082
0.174988
0.242666
0.317419
0.399550
0.489363
0.587176
0.693323
-0.188561
-0.197683
-0.197616
-0.191977
-0.182014
-0.168141
-0.150467
-0.128943
-0.103456
-0.073846
-0.039939
-0.001545
0.041519
0.089435
0.142370
0.200480
0.263898
0.332747
0.407144
0.487221
-0.192967
-0.206782
-0.209251
-0.206406
-0.199817
-0.190081
-0.177441
-0.161996
-0.143756
-0.122699
-0.098771
-0.071918
-0.042079
-0.009203
0.026746
0.065777
0.107860
0.152911
0.200784
0.251301
-0.196635
-0.216543
-0.221590
-0.221737
-0.218833
-0.213626
-0.206515
-0.197733
-0.187434
-0.175723
-0.162682
-0.148378
-0.132870
-0.116221
-0.098501
-0.079798
-0.060241
-0.040051
-0.019655
0.000001
