-1.235196
-1.195665
-1.129602
-1.050251
-0.962684
-0.869227
-0.770975
-0.668381
-0.561510
-0.450184
-0.334052
-0.212651
-0.085430
0.048221
0.188957
0.337468
0.494463
0.660671
0.836830
1.023684
-1.236503
-1.197204
-1.131491
-1.052538
-0.965421
-0.872476
-0.774825
-0.672943
-0.566923
-0.456611
-0.341687
-0.221713
-0.096164
0.035544
0.174044
0.319999
0.474097
0.637045
0.809558
0.992360
-1.240406
-1.201810
-1.137137
-1.059377
-0.973593
-0.882169
-0.786288
-0.686501
-0.582978
-0.475646
-0.364264
-0.248473
-0.127825
-0.001809
0.130132
0.268594
0.414196
0.567579
0.729394
0.900303
-1.246865
-1.209440
-1.146495
-1.070697
-0.987096
-0.898137
-0.805112
-0.708684
-0.609151
-0.506567
-0.400822
-0.291680
-0.178822
-0.061857
0.059655
0.186195
0.318274
0.456425
0.601196
0.753149
-1.255806
-1.220029
-1.159483
-1.086389
-1.005756
-0.920120
-0.830896
-0.738906
-0.644609
-0.548232
-0.449832
-0.349349
-0.246628
-0.141443
-0.033510
0.077497
0.191942
0.310214
0.432725
0.559902
-1.267132
-1.233480
-1.175997
-1.106303
-1.029355
-0.947773
-0.863127
-0.776411
-0.688281
-0.599162
-0.509320
-0.418900
-0.327951
-0.236445
-0.144294
-0.051356
0.042551
0.137644
0.234169
0.332390
-1.280708
-1.249680
-1.195903
-1.130269
-1.057634
-0.980712
-0.901218
-0.820340
-0.738937
-0.657661
-0.577005
-0.497346
-0.418965
-0.342064
-0.266774
-0.193169
-0.121272
-0.051064
0.017511
0.084535
-1.296380
-1.268486
-1.219056
-1.158090
-1.090320
-1.018522
-0.944557
-0.869792
-0.795297
-0.721948
-0.650481
-0.581518
-0.515592
-0.453151
-0.394572
-0.340164
-0.290178
-0.244810
-0.204211
-0.168493
-1.313952
-1.289742
-1.245287
-1.189568
-1.127136
-1.060808
-0.992558
-0.923914
-0.856134
-0.790312
-0.727414
-0.668316
-0.613802
-0.564586
-0.521300
-0.484509
-0.454704
-0.432316
-0.417712
-0.411209
-1.333202
-1.313266
-1.274426
-1.224499
-1.167825
-1.107212
-1.044711
-0.981966
-0.920390
-0.861257
-0.805746
-0.754961
-0.709943
-0.671663
-0.641025
-0.618857
-0.605910
-0.602857
-0.610298
-0.628759
-1.353867
-1.338868
-1.306287
-1.262691
-1.212155
-1.157445
-1.100625
-1.043401
-0.987280
-0.933664
-0.883894
-0.839273
-0.801066
-0.770498
-0.748740
-0.736898
-0.735995
-0.746969
-0.770664
-0.807830
-1.375649
-1.366337
-1.340690
-1.303955
-1.259939
-1.211298
-1.160061
-1.107914
-1.056381
-1.006913
-0.960943
-0.919905
-0.885246
-0.858409
-0.840826
-0.833883
-0.838902
-0.857112
-0.889633
-0.937462
-1.398197
-1.395461
-1.377443
-1.348124
-1.311023
-1.268662
-1.222951
-1.175482
-1.127697
-1.080999
-1.036804
-0.996584
-0.961879
-0.934297
-0.915492
-0.907136
-0.910871
-0.928270
-0.960786
-1.009722
-1.421113
-1.426013
-1.416365
-1.395032
-1.365298
-1.329506
-1.289394
-1.246367
-1.201690
-1.156587
-1.112330
-1.070285
-1.031959
-0.999005
-0.973228
-0.956552
-0.950973
-0.958481
-0.980977
-1.020188
-1.443928
-1.457780
-1.457265
-1.444524
-1.422674
-1.393873
-1.359629
-1.321097
-1.279251
-1.235019
-1.189363
-1.143368
-1.098301
-1.055670
-1.017262
-0.985157
-0.961689
-0.949370
-0.950744
-0.968218
-1.466101
-1.490552
-1.499962
-1.496438
-1.483070
-1.461834
-1.433990
-1.400382
-1.361625
-1.318226
-1.270687
-1.219587
-1.165693
-1.110050
-1.054109
-0.999818
-0.949700
-0.906839
-0.874735
-0.856995
-1.486978
-1.524159
-1.544262
-1.550596
-1.546383
-1.533456
-1.512825
-1.485017
-1.450250
-1.408546
-1.359815
-1.303943
-1.240880
-1.170786
-1.094205
-1.012325
-0.927271
-0.842405
-0.762469
-0.693323
-1.505790
-1.558483
-1.589979
-1.606790
-1.612467
-1.608737
-1.596409
-1.575723
-1.546534
-1.508390
-1.460591
-1.402222
-1.332198
-1.249341
-1.152537
-1.041036
-0.915010
-0.776479
-0.630645
-0.487221
-1.521583
-1.593514
-1.636907
-1.664772
-1.681096
-1.687565
-1.684844
-1.672982
-1.651569
-1.619808
-1.576513
-1.520095
-1.448488
-1.359066
-1.248521
-1.112799
-0.947233
-0.747408
-0.512069
-0.251301
-1.533190
-1.629402
-1.684823
-1.724231
-1.751953
-1.769660
-1.777973
-1.776868
-1.765845
-1.743969
-1.709876
-1.661696
-1.596929
-1.512205
-1.402842
-1.261997
-1.078948
-0.835463
-0.497916
-0.000001
