-0.242325
-0.235740
-0.226378
-0.217836
-0.211988
-0.210116
-0.213189
-0.222049
-0.237432
-0.260044
-0.290540
-0.329572
-0.377765
-0.435748
-0.504135
-0.583547
-0.674592
-0.777889
-0.894048
-1.023684
-0.242629
-0.236009
-0.226557
-0.217810
-0.211657
-0.209333
-0.211815
-0.219904
-0.234339
-0.255787
-0.284904
-0.322307
-0.368614
-0.424426
-0.490346
-0.566966
-0.654885
-0.754693
-0.866987
-0.992360
-0.243523
-0.236841
-0.227092
-0.217777
-0.210700
-0.207073
-0.207795
-0.213637
-0.225264
-0.243310
-0.268357
-0.300982
-0.341736
-0.391173
-0.449831
-0.518252
-0.596973
-0.686531
-0.787462
-0.900303
-0.245030
-0.238237
-0.228043
-0.217809
-0.209278
-0.203552
-0.201473
-0.203707
-0.210855
-0.223444
-0.241987
-0.266959
-0.298834
-0.338066
-0.385111
-0.440414
-0.504426
-0.577588
-0.660348
-0.753149
-0.247135
-0.240239
-0.229467
-0.218057
-0.207609
-0.199145
-0.193374
-0.190875
-0.192119
-0.197540
-0.207519
-0.222431
-0.242621
-0.268437
-0.300209
-0.338269
-0.382943
-0.434558
-0.493436
-0.559902
-0.249863
-0.242868
-0.231471
-0.218689
-0.206016
-0.194321
-0.184212
-0.176120
-0.170406
-0.167355
-0.167233
-0.170265
-0.176673
-0.186657
-0.200417
-0.218140
-0.240016
-0.266227
-0.296958
-0.332390
-0.253199
-0.246182
-0.234152
-0.219936
-0.204851
-0.189659
-0.174809
-0.160619
-0.147289
-0.134983
-0.123807
-0.113857
-0.105195
-0.097883
-0.091962
-0.087478
-0.084462
-0.082947
-0.082962
-0.084535
-0.257158
-0.250207
-0.237643
-0.222018
-0.204527
-0.185771
-0.166089
-0.145640
-0.124508
-0.102695
-0.080181
-0.056901
-0.032784
-0.007731
0.018358
0.045598
0.074106
0.104007
0.135426
0.168493
-0.261718
-0.255002
-0.242055
-0.225193
-0.205445
-0.183310
-0.158981
-0.132510
-0.103833
-0.072837
-0.039353
-0.003194
0.035862
0.078044
0.123602
0.172788
0.225871
0.283118
0.344805
0.411209
-0.266876
-0.260589
-0.247520
-0.229686
-0.208019
-0.182891
-0.154410
-0.122497
-0.086996
-0.047666
-0.004235
0.043613
0.096209
0.153912
0.217088
0.286122
0.361403
0.443332
0.532314
0.628759
-0.272587
-0.267014
-0.254131
-0.235725
-0.212608
-0.185099
-0.153201
-0.116775
-0.075560
-0.029243
0.022549
0.080210
0.144175
0.214885
0.292812
0.378431
0.472238
0.574731
0.686424
0.807830
-0.278818
-0.274281
-0.261994
-0.243483
-0.219539
-0.190411
-0.156077
-0.116325
-0.070858
-0.019294
0.038783
0.103837
0.176346
0.256822
0.345788
0.443791
0.551384
0.669138
0.797635
0.937462
-0.285485
-0.282413
-0.271160
-0.253114
-0.229044
-0.199216
-0.163577
-0.121915
-0.073898
-0.019138
0.042811
0.112419
0.190193
0.276656
0.372358
0.477859
0.593743
0.720606
0.859058
1.009722
-0.292511
-0.291390
-0.281684
-0.264698
-0.241293
-0.211755
-0.176070
-0.134029
-0.085332
-0.029596
0.033594
0.104697
0.184189
0.272577
0.370378
0.478136
0.596410
0.725777
0.866833
1.020188
-0.299755
-0.301213
-0.293565
-0.278282
-0.256345
-0.228140
-0.193696
-0.152873
-0.105406
-0.050979
0.010781
0.080264
0.157893
0.244100
0.339342
0.444087
0.558828
0.684072
0.820352
0.968218
-0.307069
-0.311844
-0.306798
-0.293833
-0.274179
-0.248323
-0.216403
-0.178346
-0.133982
-0.083062
-0.025312
0.039579
0.111928
0.192075
0.280360
0.377144
0.482796
0.597708
0.722293
0.856995
-0.314232
-0.323277
-0.321327
-0.311282
-0.294661
-0.272127
-0.243916
-0.210076
-0.170527
-0.125138
-0.073729
-0.016111
0.047923
0.118574
0.196052
0.280560
0.372310
0.471521
0.578434
0.693323
-0.320990
-0.335491
-0.337092
-0.330485
-0.317590
-0.299228
-0.275787
-0.247423
-0.214187
-0.176052
-0.132969
-0.084862
-0.031660
0.026708
0.090293
0.159133
0.233240
0.312618
0.397268
0.487221
-0.326993
-0.348521
-0.353991
-0.351268
-0.342665
-0.329202
-0.311396
-0.289545
-0.263814
-0.234309
-0.201091
-0.164210
-0.123713
-0.079657
-0.032126
0.018760
0.072824
0.129820
0.189429
0.251301
-0.331818
-0.362442
-0.371914
-0.373396
-0.369542
-0.361522
-0.350009
-0.335423
-0.318062
-0.298144
-0.275850
-0.251331
-0.224739
-0.196223
-0.165956
-0.134144
-0.101067
-0.067133
-0.033025
0.000001
