-0.830850
-0.804004
-0.762049
-0.716169
-0.671306
-0.630225
-0.594694
-0.565990
-0.545097
-0.532842
-0.529935
-0.537034
-0.554744
-0.583655
-0.624331
-0.677334
-0.743217
-0.822534
-0.915838
-1.023684
-0.831770
-0.804966
-0.762992
-0.716963
-0.671816
-0.630285
-0.594140
-0.564630
-0.542738
-0.529263
-0.524912
-0.530314
-0.546068
-0.572736
-0.610872
-0.661014
-0.723701
-0.799464
-0.888838
-0.992360
-0.834518
-0.807867
-0.765829
-0.719386
-0.673393
-0.630557
-0.592593
-0.560726
-0.535882
-0.518829
-0.510215
-0.510633
-0.520621
-0.540698
-0.571357
-0.613088
-0.666369
-0.731681
-0.809499
-0.900303
-0.839095
-0.812708
-0.770617
-0.723527
-0.676210
-0.631284
-0.590421
-0.554769
-0.525201
-0.502403
-0.486962
-0.479383
-0.480133
-0.489642
-0.508324
-0.536579
-0.574801
-0.623378
-0.682698
-0.753149
-0.845473
-0.819520
-0.777423
-0.729553
-0.680522
-0.632878
-0.588199
-0.547568
-0.511761
-0.481388
-0.456929
-0.438801
-0.427360
-0.422937
-0.425830
-0.436331
-0.454716
-0.481260
-0.516232
-0.559902
-0.853638
-0.828317
-0.786360
-0.737663
-0.686688
-0.635867
-0.586703
-0.540177
-0.496983
-0.457619
-0.422469
-0.391828
-0.365941
-0.345009
-0.329212
-0.318704
-0.313633
-0.314135
-0.320345
-0.332390
-0.863539
-0.839132
-0.797538
-0.748115
-0.695121
-0.640898
-0.586845
-0.533865
-0.482545
-0.433289
-0.386362
-0.341949
-0.300167
-0.261091
-0.224762
-0.191201
-0.160408
-0.132378
-0.107094
-0.084535
-0.875131
-0.851979
-0.811097
-0.761177
-0.706297
-0.648678
-0.589652
-0.530026
-0.470310
-0.410801
-0.351671
-0.292984
-0.234745
-0.176899
-0.119360
-0.062007
-0.004705
0.052701
0.110376
0.168493
-0.888328
-0.866882
-0.827164
-0.777150
-0.720700
-0.659964
-0.596190
-0.530131
-0.462213
-0.392665
-0.321561
-0.248881
-0.174517
-0.098312
-0.020057
0.060488
0.143593
0.229543
0.318644
0.411209
-0.903035
-0.883836
-0.845880
-0.796314
-0.738834
-0.675502
-0.607535
-0.535629
-0.460175
-0.381338
-0.299140
-0.213484
-0.124194
-0.031021
0.066331
0.168205
0.274973
0.387039
0.504821
0.628759
-0.919104
-0.902841
-0.867355
-0.818956
-0.761164
-0.696018
-0.624700
-0.547905
-0.465995
-0.379126
-0.287283
-0.190344
-0.088086
0.019783
0.133621
0.253832
0.380865
0.515198
0.657343
0.807830
-0.936367
-0.923859
-0.891698
-0.845312
-0.788128
-0.722159
-0.648613
-0.568191
-0.481284
-0.388052
-0.288506
-0.182521
-0.069885
0.049704
0.176610
0.311262
0.454136
0.605752
0.766665
0.937462
-0.954584
-0.946855
-0.918974
-0.875599
-0.820086
-0.754493
-0.680058
-0.597543
-0.507379
-0.409793
-0.304838
-0.192456
-0.072476
0.055349
0.191350
0.335918
0.489510
0.652632
0.825838
1.009722
-0.973474
-0.971752
-0.949240
-0.909964
-0.857335
-0.793461
-0.719668
-0.636778
-0.545320
-0.445597
-0.337769
-0.221868
-0.097833
0.034492
0.175332
0.324993
0.483844
0.652322
0.830921
1.020188
-0.992658
-0.998483
-0.982496
-0.948511
-0.900066
-0.839389
-0.767882
-0.686480
-0.595803
-0.496285
-0.388204
-0.271737
-0.146964
-0.013889
0.127565
0.277542
0.436266
0.604029
0.781201
0.968218
-1.011689
-1.026955
-1.018731
-0.991263
-0.948386
-0.892447
-0.824965
-0.746968
-0.659208
-0.562238
-0.456496
-0.342316
-0.219966
-0.089640
0.048521
0.194449
0.348140
0.509673
0.679207
0.856995
-1.029978
-1.057107
-1.057877
-1.038188
-1.002283
-0.952678
-0.890980
-0.818333
-0.735593
-0.643455
-0.542499
-0.433240
-0.316136
-0.191612
-0.060049
0.078204
0.222853
0.373667
0.530502
0.693323
-1.046813
-1.088894
-1.099849
-1.089161
-1.061652
-1.019968
-0.965822
-0.900430
-0.824757
-0.739601
-0.645683
-0.543665
-0.434196
-0.317910
-0.195453
-0.067471
0.065385
0.202486
0.343254
0.487221
-1.061270
-1.122377
-1.144503
-1.143997
-1.126263
-1.094080
-1.049205
-0.992929
-0.926267
-0.850105
-0.765246
-0.672469
-0.572550
-0.466295
-0.354553
-0.238247
-0.118379
0.003952
0.127569
0.251301
-1.072199
-1.157741
-1.191665
-1.202410
-1.195793
-1.174625
-1.140700
-1.095314
-1.039520
-0.974219
-0.900255
-0.818440
-0.729606
-0.634618
-0.534418
-0.430051
-0.322727
-0.213905
-0.105459
0.000001
