-0.002036
-0.003567
-0.007293
-0.013725
-0.023512
-0.037331
-0.055855
-0.079760
-0.109712
-0.146375
-0.190405
-0.242453
-0.303163
-0.373173
-0.453116
-0.543620
-0.645309
-0.758804
-0.884723
-1.023684
-0.002005
-0.003487
-0.007099
-0.013330
-0.022817
-0.036210
-0.054166
-0.077336
-0.106370
-0.141909
-0.184590
-0.235044
-0.293894
-0.361761
-0.439256
-0.526990
-0.625566
-0.735587
-0.857652
-0.992360
-0.001912
-0.003255
-0.006525
-0.012173
-0.020772
-0.032916
-0.049199
-0.070214
-0.096548
-0.128785
-0.167501
-0.213269
-0.266656
-0.328222
-0.398525
-0.478116
-0.567544
-0.667356
-0.778094
-0.900303
-0.001766
-0.002883
-0.005610
-0.010323
-0.017505
-0.027652
-0.041262
-0.058830
-0.080849
-0.107806
-0.140185
-0.178463
-0.223115
-0.274611
-0.333415
-0.399991
-0.474796
-0.558287
-0.650920
-0.753149
-0.001576
-0.002399
-0.004411
-0.007898
-0.013217
-0.020742
-0.030840
-0.043883
-0.060235
-0.080259
-0.104314
-0.132756
-0.165938
-0.204208
-0.247913
-0.297395
-0.352997
-0.415056
-0.483912
-0.559902
-0.001358
-0.001833
-0.003005
-0.005046
-0.008175
-0.012611
-0.018576
-0.026290
-0.035970
-0.047830
-0.062086
-0.078948
-0.098625
-0.121325
-0.147252
-0.176610
-0.209602
-0.246429
-0.287291
-0.332390
-0.001126
-0.001225
-0.001480
-0.001948
-0.002688
-0.003760
-0.005222
-0.007130
-0.009541
-0.012509
-0.016088
-0.020334
-0.025298
-0.031034
-0.037593
-0.045027
-0.053387
-0.062725
-0.073091
-0.084535
-0.000900
-0.000613
0.000065
0.001205
0.002902
0.005264
0.008400
0.012420
0.017431
0.023542
0.030862
0.039497
0.049553
0.061136
0.074350
0.089299
0.106085
0.124811
0.145580
0.168493
-0.000697
-0.000043
0.001532
0.004212
0.008248
0.013905
0.021453
0.031158
0.043289
0.058111
0.075887
0.096879
0.121345
0.149543
0.181725
0.218145
0.259055
0.304702
0.355337
0.411209
-0.000537
0.000447
0.002824
0.006886
0.013018
0.021629
0.033131
0.047934
0.066448
0.089078
0.116228
0.148297
0.185681
0.228772
0.277958
0.333625
0.396158
0.465938
0.543345
0.628759
-0.000431
0.000819
0.003857
0.009055
0.016913
0.027956
0.042714
0.061714
0.085483
0.114543
0.149411
0.190600
0.238619
0.293971
0.357156
0.428669
0.509004
0.598650
0.698096
0.807830
-0.000395
0.001046
0.004560
0.010580
0.019687
0.032492
0.049608
0.071649
0.099225
0.132941
0.173399
0.221194
0.276915
0.341147
0.414470
0.497458
0.590683
0.694715
0.810119
0.937462
-0.000435
0.001104
0.004882
0.011360
0.021165
0.034952
0.053384
0.077122
0.106823
0.143140
0.186718
0.238200
0.298220
0.367408
0.446387
0.535778
0.636195
0.748251
0.872557
1.009722
-0.000557
0.000984
0.004795
0.011339
0.021245
0.035177
0.053803
0.077792
0.107807
0.144507
0.188546
0.240571
0.301224
0.371140
0.450951
0.541281
0.642752
0.755982
0.881589
1.020188
-0.000759
0.000682
0.004296
0.010509
0.019915
0.033144
0.050830
0.073607
0.102105
0.136950
0.178761
0.228154
0.285736
0.352110
0.427876
0.513625
0.609948
0.717431
0.836660
0.968218
-0.001035
0.000209
0.003406
0.008911
0.017246
0.028968
0.044637
0.064815
0.090059
0.120923
0.157955
0.201700
0.252695
0.311474
0.378567
0.454497
0.539787
0.634955
0.740519
0.856995
-0.001373
-0.000419
0.002170
0.006634
0.013392
0.022894
0.035592
0.051942
0.072393
0.097394
0.127389
0.162817
0.204113
0.251710
0.306034
0.367510
0.436558
0.513598
0.599047
0.693323
-0.001759
-0.001172
0.000651
0.003806
0.008578
0.015282
0.024239
0.035765
0.050179
0.067794
0.088923
0.113874
0.142953
0.176464
0.214705
0.257975
0.306569
0.360780
0.420900
0.487221
-0.002174
-0.002020
-0.001066
0.000589
0.003087
0.006588
0.011259
0.017262
0.024761
0.033919
0.044896
0.057851
0.072942
0.090326
0.110156
0.132585
0.157766
0.185847
0.216977
0.251301
-0.002593
-0.002925
-0.002887
-0.002830
-0.002756
-0.002668
-0.002565
-0.002448
-0.002316
-0.002171
-0.002011
-0.001838
-0.001650
-0.001449
-0.001234
-0.001006
-0.000765
-0.000510
-0.000242
0.000001
