-0.968969
-0.961389
-0.945445
-0.924100
-0.898892
-0.870718
-0.840155
-0.807589
-0.773294
-0.737464
-0.700237
-0.661711
-0.621954
-0.581007
-0.538892
-0.495615
-0.451169
-0.405533
-0.358680
-0.310572
-0.261166
-0.210412
-0.158255
-0.104634
-0.049487
0.007254
0.065659
0.125800
0.187751
0.251589
0.317393
0.385242
0.455218
0.527401
0.601874
0.678722
0.758027
0.839875
0.924350
1.011538
-0.969303
-0.961737
-0.945819
-0.924509
-0.899340
-0.871210
-0.840692
-0.808175
-0.773932
-0.738156
-0.700989
-0.662527
-0.622839
-0.581968
-0.539935
-0.496748
-0.452399
-0.406870
-0.360133
-0.312153
-0.262885
-0.212280
-0.160285
-0.106840
-0.051883
0.004654
0.062838
0.122743
0.184441
0.248009
0.313525
0.381067
0.450716
0.522553
0.596660
0.673120
0.752016
0.833432
0.917453
1.004163
-0.970303
-0.962778
-0.946942
-0.925736
-0.900686
-0.872684
-0.842303
-0.809931
-0.775842
-0.740232
-0.703242
-0.664972
-0.625491
-0.584844
-0.543057
-0.500137
-0.456080
-0.410870
-0.364480
-0.316878
-0.268022
-0.217865
-0.166355
-0.113434
-0.059043
-0.003117
0.054411
0.113611
0.174555
0.237317
0.301973
0.368599
0.437275
0.508079
0.581092
0.656395
0.734069
0.814197
0.896861
0.982145
-0.971968
-0.964510
-0.948810
-0.927779
-0.902925
-0.875136
-0.844983
-0.812853
-0.779020
-0.743684
-0.706987
-0.669034
-0.629895
-0.589621
-0.548238
-0.505760
-0.462184
-0.417500
-0.371683
-0.324705
-0.276528
-0.227108
-0.176397
-0.124341
-0.070884
-0.015964
0.040482
0.098521
0.158222
0.219655
0.282893
0.348009
0.415080
0.484181
0.555390
0.628785
0.704444
0.782447
0.862874
0.945805
-0.974293
-0.966929
-0.951420
-0.930632
-0.906054
-0.878562
-0.848726
-0.816932
-0.783456
-0.748500
-0.712210
-0.674695
-0.636030
-0.596270
-0.555446
-0.513577
-0.470666
-0.426705
-0.381678
-0.335560
-0.288317
-0.239913
-0.190302
-0.139437
-0.087265
-0.033731
0.021226
0.077666
0.135654
0.195257
0.256542
0.319579
0.384439
0.451194
0.519918
0.590683
0.663566
0.738642
0.815985
0.895673
-0.977272
-0.970031
-0.954767
-0.934291
-0.910065
-0.882955
-0.853523
-0.822158
-0.789136
-0.754663
-0.718890
-0.681930
-0.643865
-0.604755
-0.564637
-0.523536
-0.481461
-0.438413
-0.394379
-0.349342
-0.303276
-0.256148
-0.207920
-0.158552
-0.107997
-0.056204
-0.003120
0.051310
0.107145
0.164446
0.223275
0.283696
0.345775
0.409579
0.475176
0.542633
0.612022
0.683412
0.756875
0.832480
-0.980899
-0.973806
-0.958842
-0.938747
-0.914950
-0.888304
-0.859364
-0.828517
-0.796044
-0.762153
-0.727002
-0.690709
-0.653362
-0.615028
-0.575753
-0.535568
-0.494491
-0.452528
-0.409677
-0.365926
-0.321257
-0.275646
-0.229063
-0.181473
-0.132838
-0.083113
-0.032255
0.019787
0.073064
0.127629
0.183539
0.240851
0.299624
0.359918
0.421796
0.485319
0.550551
0.617557
0.686400
0.757148
-0.985162
-0.978246
-0.963636
-0.943991
-0.920701
-0.894599
-0.866234
-0.835994
-0.804160
-0.770947
-0.736516
-0.700993
-0.664476
-0.627036
-0.588730
-0.549596
-0.509662
-0.468942
-0.427443
-0.385162
-0.342090
-0.298212
-0.253506
-0.207946
-0.161502
-0.114140
-0.065821
-0.016506
0.033849
0.085290
0.137866
0.191625
0.246620
0.302904
0.360530
0.419554
0.480034
0.542025
0.605585
0.670774
-0.990053
-0.983341
-0.969141
-0.950014
-0.927304
-0.901826
-0.874120
-0.844570
-0.813463
-0.781015
-0.747397
-0.712742
-0.677154
-0.640716
-0.603491
-0.565530
-0.526867
-0.487528
-0.447530
-0.406880
-0.365578
-0.323619
-0.280992
-0.237681
-0.193664
-0.148917
-0.103412
-0.057117
-0.009997
0.037983
0.086864
0.136686
0.187493
0.239329
0.292240
0.346274
0.401480
0.457905
0.515602
0.574620
-0.995558
-0.989079
-0.975343
-0.956802
-0.934748
-0.909971
-0.883002
-0.854225
-0.823925
-0.792328
-0.759609
-0.725909
-0.691342
-0.655999
-0.619955
-0.583270
-0.545989
-0.508149
-0.469777
-0.430892
-0.391505
-0.351621
-0.311241
-0.270358
-0.228962
-0.187040
-0.144573
-0.101541
-0.057918
-0.013678
0.031209
0.076774
0.123051
0.170076
0.217885
0.266517
0.316012
0.366411
0.417754
0.470086
-1.001663
-0.995445
-0.982229
-0.964342
-0.943018
-0.919018
-0.892864
-0.864936
-0.835522
-0.804853
-0.773110
-0.740444
-0.706977
-0.672812
-0.638033
-0.602710
-0.566902
-0.530656
-0.494011
-0.456997
-0.419638
-0.381950
-0.343946
-0.305631
-0.267007
-0.228071
-0.188817
-0.149234
-0.109309
-0.069026
-0.028366
0.012693
0.054174
0.096103
0.138506
0.181412
0.224853
0.268859
0.313462
0.358697
-1.008352
-1.002425
-0.989785
-0.972620
-0.952098
-0.928950
-0.903685
-0.876680
-0.848225
-0.818554
-0.787858
-0.756295
-0.723998
-0.691078
-0.657631
-0.623740
-0.589474
-0.554893
-0.520048
-0.484982
-0.449731
-0.414324
-0.378786
-0.343136
-0.307386
-0.271547
-0.235624
-0.199619
-0.163531
-0.127354
-0.091081
-0.054702
-0.018204
0.018428
0.055210
0.092161
0.129301
0.166651
0.204236
0.242077
-1.015608
-1.010001
-0.997994
-0.981618
-0.961971
-0.939748
-0.915445
-0.889432
-0.862003
-0.833397
-0.803810
-0.773410
-0.742338
-0.710718
-0.678656
-0.646246
-0.613570
-0.580701
-0.547702
-0.514629
-0.481532
-0.448453
-0.415430
-0.382494
-0.349672
-0.316987
-0.284458
-0.252097
-0.219918
-0.187926
-0.156127
-0.124521
-0.093109
-0.061885
-0.030846
0.000018
0.030715
0.061257
0.091657
0.121928
-1.023410
-1.018155
-1.006838
-0.991321
-0.972619
-0.951393
-0.928120
-0.903166
-0.876827
-0.849344
-0.820921
-0.791733
-0.761932
-0.731652
-0.701011
-0.670113
-0.639054
-0.607919
-0.576784
-0.545719
-0.514786
-0.484043
-0.453540
-0.423323
-0.393431
-0.363902
-0.334768
-0.306055
-0.277788
-0.249988
-0.222670
-0.195850
-0.169538
-0.143743
-0.118470
-0.093723
-0.069504
-0.045812
-0.022645
0.000000
-1.031737
-1.026866
-1.016299
-1.001709
-0.984024
-0.963864
-0.941688
-0.917857
-0.892666
-0.866359
-0.839147
-0.811212
-0.782717
-0.753804
-0.724602
-0.695229
-0.665792
-0.636388
-0.607107
-0.578032
-0.549241
-0.520802
-0.492782
-0.465239
-0.438230
-0.411803
-0.386005
-0.360878
-0.336458
-0.312780
-0.289874
-0.267767
-0.246482
-0.226041
-0.206460
-0.187755
-0.169940
-0.153024
-0.137018
-0.121927
-1.040565
-1.036112
-1.026356
-1.012762
-0.996165
-0.977140
-0.956127
-0.933479
-0.909489
-0.884405
-0.858444
-0.831796
-0.804629
-0.777098
-0.749341
-0.721487
-0.693655
-0.665956
-0.638491
-0.611359
-0.584649
-0.558445
-0.532828
-0.507870
-0.483642
-0.460208
-0.437628
-0.415959
-0.395251
-0.375553
-0.356908
-0.339357
-0.322936
-0.307678
-0.293615
-0.280773
-0.269177
-0.258849
-0.249810
-0.242077
-1.049870
-1.045870
-1.036987
-1.024461
-1.009023
-0.991200
-0.971413
-0.950005
-0.927267
-0.903449
-0.878773
-0.853434
-0.827610
-0.801462
-0.775141
-0.748784
-0.722522
-0.696478
-0.670768
-0.645500
-0.620779
-0.596704
-0.573368
-0.550859
-0.529262
-0.508656
-0.489116
-0.470712
-0.453511
-0.437575
-0.422962
-0.409725
-0.397915
-0.387579
-0.378759
-0.371495
-0.365824
-0.361780
-0.359395
-0.358696
-1.059623
-1.056115
-1.048171
-1.036784
-1.022575
-1.006023
-0.987523
-0.967410
-0.945971
-0.923458
-0.900095
-0.876083
-0.851606
-0.826834
-0.801925
-0.777028
-0.752283
-0.727825
-0.703780
-0.680272
-0.657417
-0.635327
-0.614111
-0.593871
-0.574706
-0.556710
-0.539974
-0.524582
-0.510615
-0.498151
-0.487262
-0.478016
-0.470477
-0.464705
-0.460757
-0.458684
-0.458536
-0.460359
-0.464196
-0.470085
-1.069793
-1.066819
-1.059883
-1.049709
-1.036802
-1.021586
-1.004435
-0.985669
-0.965574
-0.944400
-0.922373
-0.899700
-0.876568
-0.853155
-0.829626
-0.806137
-0.782841
-0.759879
-0.737392
-0.715512
-0.694370
-0.674092
-0.654797
-0.636605
-0.619627
-0.603973
-0.589749
-0.577053
-0.565984
-0.556632
-0.549085
-0.543425
-0.539732
-0.538078
-0.538534
-0.541165
-0.546033
-0.553196
-0.562707
-0.574619
-1.080349
-1.077954
-1.072098
-1.063214
-1.051680
-1.037868
-1.022124
-1.004758
-0.986049
-0.966247
-0.945577
-0.924249
-0.902455
-0.880376
-0.858185
-0.836044
-0.814113
-0.792544
-0.771486
-0.751083
-0.731477
-0.712804
-0.695201
-0.678796
-0.663719
-0.650093
-0.638037
-0.627667
-0.619095
-0.612428
-0.607769
-0.605215
-0.604860
-0.606791
-0.611094
-0.617845
-0.627121
-0.638991
-0.653521
-0.670774
-1.091254
-1.089489
-1.084790
-1.077273
-1.067187
-1.054846
-1.040570
-1.024655
-1.007374
-0.988973
-0.969679
-0.949701
-0.929233
-0.908459
-0.887557
-0.866695
-0.846037
-0.825744
-0.805972
-0.786875
-0.768605
-0.751310
-0.735137
-0.720229
-0.706727
-0.694770
-0.684493
-0.676025
-0.669495
-0.665024
-0.662732
-0.662730
-0.665129
-0.670031
-0.677534
-0.687732
-0.700711
-0.716555
-0.735343
-0.757147
-1.102470
-1.101392
-1.097933
-1.091865
-1.083302
-1.072499
-1.059750
-1.045337
-1.029525
-1.012557
-0.994656
-0.976030
-0.956875
-0.937375
-0.917710
-0.898051
-0.878568
-0.859426
-0.840787
-0.822812
-0.805662
-0.789495
-0.774468
-0.760737
-0.748455
-0.737773
-0.728842
-0.721806
-0.716809
-0.713988
-0.713479
-0.715411
-0.719908
-0.727088
-0.737066
-0.749948
-0.765838
-0.784830
-0.807015
-0.832480
-1.113956
-1.113629
-1.111499
-1.106965
-1.100000
-1.090805
-1.079643
-1.066784
-1.052484
-1.036979
-1.020489
-1.003219
-0.985364
-0.967106
-0.948626
-0.930095
-0.911685
-0.893564
-0.875898
-0.858854
-0.842597
-0.827295
-0.813113
-0.800216
-0.788770
-0.778940
-0.770887
-0.764773
-0.760755
-0.758988
-0.759624
-0.762807
-0.768679
-0.777376
-0.789026
-0.803754
-0.821675
-0.842900
-0.867534
-0.895673
-1.125664
-1.126164
-1.125459
-1.122547
-1.117261
-1.109742
-1.100229
-1.088977
-1.076231
-1.062222
-1.047164
-1.031257
-1.014691
-0.997647
-0.980301
-0.962825
-0.945388
-0.928159
-0.911305
-0.894997
-0.879403
-0.864694
-0.851045
-0.838627
-0.827617
-0.818190
-0.810521
-0.804785
-0.801155
-0.799801
-0.800893
-0.804592
-0.811057
-0.820443
-0.832895
-0.848554
-0.867552
-0.890016
-0.916063
-0.945805
-1.137544
-1.138960
-1.139784
-1.138588
-1.135060
-1.129288
-1.121487
-1.111896
-1.100752
-1.088275
-1.074672
-1.060138
-1.044856
-1.029001
-1.012746
-0.996257
-0.979700
-0.963240
-0.947044
-0.931280
-0.916119
-0.901734
-0.888302
-0.876003
-0.865018
-0.855532
-0.847733
-0.841807
-0.837943
-0.836327
-0.837144
-0.840576
-0.846801
-0.855990
-0.868309
-0.883919
-0.902968
-0.925601
-0.951952
-0.982145
-1.149541
-1.151977
-1.154447
-1.155063
-1.153376
-1.149424
-1.143399
-1.135526
-1.126031
-1.115125
-1.103007
-1.089862
-1.075866
-1.061187
-1.045988
-1.030428
-1.014668
-0.998866
-0.983183
-0.967784
-0.952837
-0.938514
-0.924991
-0.912452
-0.901081
-0.891072
-0.882620
-0.875922
-0.871182
-0.868600
-0.868381
-0.870723
-0.875825
-0.883881
-0.895078
-0.909595
-0.927605
-0.949270
-0.974742
-1.004163
-1.161591
-1.165174
-1.169417
-1.171948
-1.172185
-1.170127
-1.165944
-1.159849
-1.152055
-1.142766
-1.132168
-1.120437
-1.107738
-1.094230
-1.080065
-1.065392
-1.050361
-1.035121
-1.019826
-1.004631
-0.989698
-0.975192
-0.961287
-0.948164
-0.936009
-0.925018
-0.915392
-0.907339
-0.901070
-0.896805
-0.894761
-0.895161
-0.898222
-0.904163
-0.913194
-0.925521
-0.941338
-0.960833
-0.984179
-1.011538
-1.173624
-1.178511
-1.184667
-1.189218
-1.191466
-1.191376
-1.189103
-1.184848
-1.178813
-1.171190
-1.162155
-1.151872
-1.140494
-1.128166
-1.115028
-1.101217
-1.086869
-1.072121
-1.057112
-1.041985
-1.026892
-1.011987
-0.997436
-0.983413
-0.970099
-0.957690
-0.946386
-0.936402
-0.927958
-0.921286
-0.916620
-0.914201
-0.914273
-0.917078
-0.922856
-0.931839
-0.944253
-0.960314
-0.980221
-1.004163
-1.185560
-1.191943
-1.200169
-1.206850
-1.211196
-1.213151
-1.212858
-1.210508
-1.206293
-1.200394
-1.192973
-1.184182
-1.174160
-1.163039
-1.150941
-1.137989
-1.124303
-1.110001
-1.095208
-1.080050
-1.064660
-1.049179
-1.033758
-1.018557
-1.003750
-0.989520
-0.976068
-0.963605
-0.952359
-0.942567
-0.934481
-0.928360
-0.924472
-0.923087
-0.924479
-0.928915
-0.936656
-0.947954
-0.963043
-0.982145
-1.197309
-1.205430
-1.215897
-1.224822
-1.231353
-1.235429
-1.237187
-1.236811
-1.234483
-1.230371
-1.224625
-1.217383
-1.208769
-1.198897
-1.187874
-1.175804
-1.162787
-1.148923
-1.134313
-1.119065
-1.103289
-1.087104
-1.070642
-1.054042
-1.037459
-1.021064
-1.005043
-0.989602
-0.974963
-0.961370
-0.949082
-0.938378
-0.929548
-0.922895
-0.918728
-0.917358
-0.919091
-0.924226
-0.933043
-0.945805
-1.208762
-1.218930
-1.231829
-1.243112
-1.251916
-1.258189
-1.262071
-1.263741
-1.263371
-1.261117
-1.257117
-1.251492
-1.244352
-1.235792
-1.225903
-1.214765
-1.202459
-1.189060
-1.174647
-1.159300
-1.143104
-1.126150
-1.108541
-1.090391
-1.071827
-1.052996
-1.034061
-1.015211
-0.996655
-0.978630
-0.961400
-0.945254
-0.930503
-0.917484
-0.906546
-0.898053
-0.892368
-0.889850
-0.890844
-0.895673
-1.219796
-1.232405
-1.247943
-1.261700
-1.272861
-1.281408
-1.287489
-1.291280
-1.292944
-1.292626
-1.290451
-1.286526
-1.280943
-1.273780
-1.265106
-1.254982
-1.243464
-1.230602
-1.216447
-1.201050
-1.184464
-1.166748
-1.147969
-1.128206
-1.107550
-1.086110
-1.064017
-1.041427
-1.018524
-0.995524
-0.972680
-0.950281
-0.928654
-0.908164
-0.889207
-0.872204
-0.857594
-0.845819
-0.837312
-0.832480
-1.230261
-1.245825
-1.264224
-1.280567
-1.294168
-1.305063
-1.313417
-1.319405
-1.323185
-1.324888
-1.324629
-1.322498
-1.318571
-1.312909
-1.305560
-1.296563
-1.285948
-1.273740
-1.259958
-1.244622
-1.227750
-1.209361
-1.189483
-1.168149
-1.145405
-1.121310
-1.095948
-1.069425
-1.041879
-1.013488
-0.984471
-0.955099
-0.925698
-0.896648
-0.868389
-0.841411
-0.816243
-0.793441
-0.773563
-0.757148
-1.239975
-1.259167
-1.280662
-1.299697
-1.315814
-1.329129
-1.339832
-1.348097
-1.354076
-1.357892
-1.359647
-1.359418
-1.357264
-1.353228
-1.347338
-1.339612
-1.330054
-1.318662
-1.305425
-1.290328
-1.273351
-1.254472
-1.233671
-1.210930
-1.186239
-1.159597
-1.131021
-1.100551
-1.068256
-1.034243
-0.998671
-0.961757
-0.923794
-0.885154
-0.846300
-0.807788
-0.770258
-0.734417
-0.701010
-0.670775
-1.248718
-1.272428
-1.297253
-1.319072
-1.337775
-1.353581
-1.366706
-1.377328
-1.385595
-1.391622
-1.395498
-1.397289
-1.397038
-1.394772
-1.390501
-1.384221
-1.375912
-1.365546
-1.353082
-1.338469
-1.321650
-1.302560
-1.281127
-1.257277
-1.230937
-1.202036
-1.170509
-1.136307
-1.099403
-1.059801
-1.017556
-0.972782
-0.925682
-0.876563
-0.825865
-0.774179
-0.722256
-0.671000
-0.621431
-0.574620
-1.256212
-1.285627
-1.314001
-1.338680
-1.360030
-1.378392
-1.394010
-1.407071
-1.417717
-1.426056
-1.432168
-1.436106
-1.437903
-1.437569
-1.435098
-1.430467
-1.423635
-1.414548
-1.403137
-1.389321
-1.373004
-1.354078
-1.332422
-1.307906
-1.280387
-1.249717
-1.215740
-1.178300
-1.137249
-1.092451
-1.043802
-0.991248
-0.934813
-0.874639
-0.811033
-0.744522
-0.675910
-0.606314
-0.537159
-0.470086
-1.262109
-1.298823
-1.330918
-1.358503
-1.382552
-1.403530
-1.421714
-1.437294
-1.450411
-1.461167
-1.469634
-1.475857
-1.479856
-1.481631
-1.481161
-1.478406
-1.473308
-1.465793
-1.455767
-1.443120
-1.427724
-1.409431
-1.388077
-1.363477
-1.335424
-1.303690
-1.268028
-1.228168
-1.183820
-1.134680
-1.080437
-1.020789
-0.955472
-0.884299
-0.807236
-0.724502
-0.636721
-0.545086
-0.451523
-0.358697
-1.265963
-1.312134
-1.348022
-1.378529
-1.405315
-1.428965
-1.449782
-1.467961
-1.483642
-1.496922
-1.507867
-1.516516
-1.522881
-1.526952
-1.528698
-1.528067
-1.524988
-1.519369
-1.511099
-1.500045
-1.486053
-1.468946
-1.448522
-1.424550
-1.396771
-1.364891
-1.328575
-1.287450
-1.241089
-1.189013
-1.130681
-1.065490
-0.992778
-0.911840
-0.821985
-0.722646
-0.613609
-0.495440
-0.370155
-0.242078
-1.267197
-1.325762
-1.365335
-1.398739
-1.428289
-1.454661
-1.478176
-1.499032
-1.517368
-1.533279
-1.546827
-1.558046
-1.566945
-1.573507
-1.577696
-1.579450
-1.578691
-1.575317
-1.569204
-1.560206
-1.548152
-1.532846
-1.514060
-1.491536
-1.464977
-1.434043
-1.398341
-1.357420
-1.310751
-1.257717
-1.197584
-1.129471
-1.052310
-0.964790
-0.865290
-0.751826
-0.622074
-0.473701
-0.305621
-0.121928
-1.265053
-1.340041
-1.382875
-1.419111
-1.451443
-1.480582
-1.506855
-1.530463
-1.551542
-1.570189
-1.586464
-1.600399
-1.612001
-1.621252
-1.628113
-1.632521
-1.634393
-1.633624
-1.630087
-1.623631
-1.614079
-1.601227
-1.584841
-1.564652
-1.540348
-1.511574
-1.477917
-1.438895
-1.393943
-1.342389
-1.283420
-1.216034
-1.138966
-1.050564
-0.948567
-0.829695
-0.688823
-0.517212
-0.298573
-0.000001
