-0.113180
-0.112713
-0.111852
-0.110917
-0.110128
-0.109673
-0.109702
-0.110358
-0.111765
-0.114042
-0.117294
-0.121627
-0.127133
-0.133908
-0.142038
-0.151610
-0.162706
-0.175408
-0.189794
-0.205942
-0.223927
-0.243826
-0.265712
-0.289659
-0.315740
-0.344028
-0.374593
-0.407508
-0.442844
-0.480672
-0.521063
-0.564087
-0.609816
-0.658318
-0.709666
-0.763929
-0.821177
-0.881481
-0.944911
-1.011538
-0.113297
-0.112826
-0.111962
-0.111015
-0.110215
-0.109738
-0.109744
-0.110367
-0.111737
-0.113966
-0.117166
-0.121435
-0.126872
-0.133565
-0.141606
-0.151076
-0.162062
-0.174640
-0.188892
-0.204893
-0.222719
-0.242444
-0.264144
-0.287890
-0.313755
-0.341810
-0.372128
-0.404779
-0.439835
-0.477364
-0.517438
-0.560127
-0.605501
-0.653630
-0.704583
-0.758431
-0.815243
-0.875089
-0.938039
-1.004163
-0.113643
-0.113169
-0.112287
-0.111315
-0.110472
-0.109940
-0.109868
-0.110399
-0.111652
-0.113746
-0.116783
-0.120868
-0.126091
-0.132545
-0.140315
-0.149487
-0.160139
-0.172352
-0.186201
-0.201764
-0.219113
-0.238323
-0.259464
-0.282609
-0.307828
-0.335193
-0.364771
-0.396634
-0.430850
-0.467489
-0.506617
-0.548306
-0.592622
-0.639634
-0.689410
-0.742019
-0.797529
-0.856008
-0.917524
-0.982145
-0.114223
-0.113737
-0.112833
-0.111814
-0.110905
-0.110276
-0.110083
-0.110456
-0.111521
-0.113387
-0.116161
-0.119937
-0.124811
-0.130868
-0.138195
-0.146869
-0.156973
-0.168581
-0.181768
-0.196606
-0.213169
-0.231524
-0.251745
-0.273898
-0.298052
-0.324274
-0.352633
-0.383195
-0.416026
-0.451192
-0.488761
-0.528797
-0.571367
-0.616535
-0.664369
-0.714933
-0.768293
-0.824515
-0.883664
-0.945805
-0.115032
-0.114537
-0.113596
-0.112519
-0.111514
-0.110757
-0.110391
-0.110552
-0.111354
-0.112909
-0.115315
-0.118670
-0.123059
-0.128570
-0.135282
-0.143274
-0.152619
-0.163392
-0.175663
-0.189503
-0.204979
-0.222158
-0.241107
-0.261891
-0.284574
-0.309222
-0.335896
-0.364662
-0.395581
-0.428718
-0.464133
-0.501889
-0.542049
-0.584674
-0.629827
-0.677570
-0.727964
-0.781071
-0.836953
-0.895673
-0.116075
-0.115563
-0.114583
-0.113428
-0.112308
-0.111386
-0.110809
-0.110697
-0.111171
-0.112331
-0.114278
-0.117097
-0.120878
-0.125698
-0.131637
-0.138764
-0.147155
-0.156874
-0.167992
-0.180570
-0.194676
-0.210370
-0.227716
-0.246772
-0.267602
-0.290262
-0.314813
-0.341314
-0.369823
-0.400398
-0.433098
-0.467979
-0.505101
-0.544519
-0.586292
-0.630476
-0.677130
-0.726310
-0.778075
-0.832480
-0.117349
-0.116823
-0.115792
-0.114550
-0.113290
-0.112177
-0.111343
-0.110913
-0.110992
-0.111685
-0.113080
-0.115265
-0.118317
-0.122315
-0.127328
-0.133427
-0.140676
-0.149140
-0.158879
-0.169956
-0.182426
-0.196349
-0.211780
-0.228777
-0.247393
-0.267683
-0.289701
-0.313501
-0.339134
-0.366655
-0.396116
-0.427569
-0.461065
-0.496659
-0.534400
-0.574342
-0.616536
-0.661033
-0.707887
-0.757148
-0.118858
-0.118312
-0.117230
-0.115885
-0.114472
-0.113137
-0.112014
-0.111215
-0.110847
-0.111001
-0.111766
-0.113220
-0.115439
-0.118491
-0.122445
-0.127361
-0.133302
-0.140323
-0.148482
-0.157831
-0.168425
-0.180314
-0.193551
-0.208182
-0.224259
-0.241829
-0.260940
-0.281639
-0.303974
-0.327990
-0.353735
-0.381253
-0.410593
-0.441798
-0.474915
-0.509990
-0.547068
-0.586194
-0.627414
-0.670774
-0.120597
-0.120036
-0.118895
-0.117445
-0.115858
-0.114283
-0.112837
-0.111632
-0.110763
-0.110320
-0.110382
-0.111024
-0.112312
-0.114313
-0.117084
-0.120683
-0.125163
-0.130577
-0.136972
-0.144399
-0.152900
-0.162524
-0.173311
-0.185308
-0.198554
-0.213093
-0.228964
-0.246209
-0.264867
-0.284979
-0.306583
-0.329719
-0.354426
-0.380744
-0.408709
-0.438362
-0.469741
-0.502885
-0.537831
-0.574620
-0.122573
-0.121991
-0.120795
-0.119229
-0.117463
-0.115625
-0.113834
-0.112186
-0.110777
-0.109683
-0.108983
-0.108739
-0.109017
-0.109870
-0.111356
-0.113519
-0.116411
-0.120073
-0.124550
-0.129880
-0.136104
-0.143259
-0.151382
-0.160509
-0.170675
-0.181913
-0.194259
-0.207743
-0.222400
-0.238262
-0.255361
-0.273728
-0.293395
-0.314393
-0.336755
-0.360509
-0.385689
-0.412324
-0.440446
-0.470086
-0.124779
-0.124185
-0.122929
-0.121250
-0.119292
-0.117183
-0.115023
-0.112910
-0.110923
-0.109140
-0.107624
-0.106439
-0.105636
-0.105268
-0.105378
-0.106012
-0.107205
-0.108999
-0.111425
-0.114519
-0.118310
-0.122831
-0.128109
-0.134174
-0.141050
-0.148767
-0.157349
-0.166822
-0.177209
-0.188537
-0.200829
-0.214109
-0.228399
-0.243725
-0.260108
-0.277572
-0.296140
-0.315835
-0.336680
-0.358697
-0.127221
-0.126611
-0.125306
-0.123510
-0.121363
-0.118970
-0.116432
-0.113831
-0.111245
-0.108737
-0.106372
-0.104197
-0.102264
-0.100612
-0.099282
-0.098307
-0.097721
-0.097551
-0.097828
-0.098573
-0.099813
-0.101569
-0.103862
-0.106713
-0.110140
-0.114162
-0.118797
-0.124062
-0.129973
-0.136546
-0.143799
-0.151744
-0.160399
-0.169778
-0.179896
-0.190767
-0.202407
-0.214828
-0.228047
-0.242077
-0.129894
-0.129278
-0.127924
-0.126021
-0.123681
-0.121007
-0.118081
-0.114985
-0.111780
-0.108532
-0.105287
-0.102095
-0.098992
-0.096017
-0.093198
-0.090564
-0.088137
-0.085942
-0.083995
-0.082316
-0.080918
-0.079819
-0.079028
-0.078561
-0.078425
-0.078633
-0.079192
-0.080113
-0.081402
-0.083069
-0.085119
-0.087561
-0.090400
-0.093644
-0.097297
-0.101368
-0.105860
-0.110780
-0.116134
-0.121928
-0.132801
-0.132180
-0.130791
-0.128785
-0.126264
-0.123309
-0.120000
-0.116401
-0.112576
-0.108573
-0.104440
-0.100212
-0.095924
-0.091600
-0.087267
-0.082942
-0.078644
-0.074383
-0.070175
-0.066025
-0.061944
-0.057937
-0.054008
-0.050162
-0.046401
-0.042726
-0.039140
-0.035641
-0.032230
-0.028905
-0.025666
-0.022511
-0.019438
-0.016444
-0.013528
-0.010686
-0.007915
-0.005213
-0.002575
-0.000000
-0.135936
-0.135323
-0.133906
-0.131815
-0.129120
-0.125897
-0.122208
-0.118118
-0.113672
-0.108921
-0.103897
-0.098635
-0.093156
-0.087483
-0.081629
-0.075609
-0.069429
-0.063098
-0.056616
-0.049988
-0.043212
-0.036286
-0.029207
-0.021971
-0.014571
-0.007003
0.000744
0.008675
0.016801
0.025129
0.033671
0.042436
0.051435
0.060679
0.070179
0.079947
0.089993
0.100331
0.110972
0.121927
-0.139303
-0.138701
-0.137278
-0.135113
-0.132265
-0.128786
-0.124738
-0.120165
-0.115118
-0.109628
-0.103731
-0.097445
-0.090793
-0.083783
-0.076427
-0.068727
-0.060687
-0.052303
-0.043574
-0.034490
-0.025046
-0.015230
-0.005034
0.005558
0.016558
0.027981
0.039841
0.052157
0.064943
0.078220
0.092003
0.106313
0.121167
0.136587
0.152590
0.169197
0.186429
0.204306
0.222848
0.242077
-0.142894
-0.142319
-0.140903
-0.138691
-0.135707
-0.131999
-0.127608
-0.122581
-0.116952
-0.110753
-0.104006
-0.096730
-0.088932
-0.080623
-0.071800
-0.062463
-0.052606
-0.042220
-0.031293
-0.019814
-0.007764
0.004871
0.018111
0.031977
0.046489
0.061670
0.077543
0.094133
0.111464
0.129562
0.148453
0.168163
0.188721
0.210153
0.232488
0.255753
0.279978
0.305191
0.331420
0.358696
-0.146711
-0.146170
-0.144788
-0.142550
-0.139462
-0.135549
-0.130849
-0.125395
-0.119221
-0.112347
-0.104793
-0.096567
-0.087675
-0.078116
-0.067886
-0.056975
-0.045372
-0.033059
-0.020021
-0.006235
0.008319
0.023668
0.039835
0.056848
0.074737
0.093530
0.113258
0.133953
0.155647
0.178374
0.202167
0.227060
0.253088
0.280287
0.308692
0.338340
0.369266
0.401508
0.435102
0.470085
-0.150744
-0.150258
-0.148932
-0.146701
-0.143537
-0.139456
-0.134480
-0.128643
-0.121964
-0.114465
-0.106153
-0.097038
-0.087114
-0.076378
-0.064817
-0.052418
-0.039161
-0.025026
-0.009987
0.005981
0.022908
0.040824
0.059761
0.079753
0.100836
0.123045
0.146418
0.170994
0.196811
0.223909
0.252330
0.282115
0.313306
0.345944
0.380074
0.415739
0.452981
0.491846
0.532377
0.574619
-0.154994
-0.154575
-0.153339
-0.151145
-0.147945
-0.143732
-0.138528
-0.132351
-0.125223
-0.117153
-0.108152
-0.098215
-0.087341
-0.075513
-0.062720
-0.048938
-0.034145
-0.018314
-0.001415
0.016585
0.035718
0.056023
0.077536
0.100298
0.124349
0.149732
0.176490
0.204668
0.234310
0.265464
0.298177
0.332495
0.368468
0.406145
0.445574
0.486806
0.529891
0.574880
0.621824
0.670774
-0.159449
-0.159123
-0.158004
-0.155891
-0.152693
-0.148397
-0.143010
-0.136551
-0.129031
-0.120462
-0.110843
-0.100172
-0.088437
-0.075623
-0.061709
-0.046671
-0.030479
-0.013104
0.005491
0.025341
0.046487
0.068969
0.092830
0.118115
0.144870
0.173141
0.202979
0.234432
0.267553
0.302390
0.338999
0.377431
0.417742
0.459984
0.504215
0.550488
0.598862
0.649391
0.702134
0.757147
-0.164106
-0.163891
-0.162933
-0.160937
-0.157791
-0.153459
-0.147948
-0.141265
-0.133425
-0.124430
-0.114282
-0.102969
-0.090482
-0.076797
-0.061894
-0.045740
-0.028308
-0.009559
0.010544
0.032042
0.054977
0.079396
0.105345
0.132874
0.162030
0.192869
0.225440
0.259799
0.296001
0.334103
0.374160
0.416231
0.460375
0.506651
0.555118
0.605839
0.658874
0.714284
0.772132
0.832480
-0.168952
-0.168879
-0.168119
-0.166292
-0.163244
-0.158934
-0.153355
-0.146520
-0.138432
-0.129099
-0.118513
-0.106667
-0.093542
-0.079119
-0.063367
-0.046260
-0.027758
-0.007827
0.013577
0.036496
0.060977
0.087067
0.114819
0.144281
0.175509
0.208556
0.243480
0.280337
0.319186
0.360087
0.403100
0.448287
0.495710
0.545433
0.597518
0.652031
0.709037
0.768602
0.830792
0.895673
-0.173980
-0.174076
-0.173564
-0.171952
-0.169060
-0.164826
-0.159250
-0.152331
-0.144082
-0.134499
-0.123581
-0.111313
-0.097680
-0.082656
-0.066215
-0.048322
-0.028942
-0.008033
0.014446
0.038543
0.064304
0.091780
0.121023
0.152087
0.185026
0.219900
0.256764
0.295680
0.336708
0.379910
0.425348
0.473088
0.523194
0.575732
0.630767
0.688369
0.748605
0.811543
0.877253
0.945805
-0.179172
-0.179479
-0.179261
-0.177922
-0.175239
-0.171150
-0.165640
-0.158720
-0.150391
-0.140660
-0.129516
-0.116951
-0.102943
-0.087472
-0.070505
-0.052011
-0.031950
-0.010284
0.013034
0.038048
0.064809
0.093366
0.123774
0.156086
0.190359
0.226652
0.265023
0.305533
0.348245
0.393220
0.440525
0.490223
0.542382
0.597068
0.654351
0.714298
0.776980
0.842468
0.910832
0.982145
-0.184519
-0.185074
-0.185211
-0.184198
-0.181788
-0.177904
-0.172539
-0.165695
-0.157382
-0.147601
-0.136349
-0.123612
-0.109375
-0.093611
-0.076294
-0.057388
-0.036857
-0.014660
0.009246
0.034908
0.062375
0.091697
0.122928
0.156122
0.191335
0.228625
0.268051
0.309674
0.353555
0.399759
0.448348
0.499389
0.552947
0.609092
0.667891
0.729414
0.793730
0.860913
0.931033
1.004163
-0.189997
-0.190855
-0.191403
-0.190782
-0.188705
-0.185098
-0.179948
-0.173268
-0.165063
-0.155342
-0.144098
-0.131324
-0.117001
-0.101109
-0.083619
-0.064500
-0.043714
-0.021223
0.003016
0.029048
0.056921
0.086683
0.118388
0.152088
0.187837
0.225693
0.265713
0.307955
0.352483
0.399355
0.448637
0.500391
0.554684
0.611582
0.671153
0.733465
0.798589
0.866594
0.937553
1.011538
-0.195590
-0.196808
-0.197838
-0.197668
-0.195992
-0.192728
-0.187876
-0.181442
-0.173445
-0.163889
-0.152777
-0.140098
-0.125843
-0.109987
-0.092508
-0.073374
-0.052554
-0.030007
-0.005695
0.020426
0.048400
0.078276
0.110100
0.143927
0.179806
0.217793
0.257941
0.300309
0.344954
0.391935
0.441313
0.493150
0.547508
0.604452
0.664048
0.726361
0.791460
0.859413
0.930291
1.004163
-0.201269
-0.202924
-0.204505
-0.204855
-0.203643
-0.200798
-0.196317
-0.190222
-0.182527
-0.173249
-0.162388
-0.149945
-0.135905
-0.120254
-0.102968
-0.084023
-0.063385
-0.041023
-0.016897
0.009030
0.036803
0.066463
0.098058
0.131633
0.167238
0.204924
0.244741
0.286743
0.330984
0.377518
0.426404
0.477698
0.531461
0.587752
0.646633
0.708167
0.772420
0.839456
0.909341
0.982145
-0.207008
-0.209186
-0.211402
-0.212337
-0.211659
-0.209300
-0.205273
-0.199600
-0.192309
-0.183416
-0.172933
-0.160857
-0.147185
-0.131904
-0.114995
-0.096436
-0.076201
-0.054258
-0.030576
-0.005118
0.022153
0.051277
0.082295
0.115250
0.150186
0.187148
0.226184
0.267341
0.310667
0.356215
0.404035
0.454179
0.506703
0.561661
0.619110
0.679108
0.741715
0.806992
0.875001
0.945805
-0.212768
-0.215587
-0.218518
-0.220111
-0.220030
-0.218232
-0.214733
-0.209573
-0.202781
-0.194384
-0.184396
-0.172825
-0.159668
-0.144920
-0.128566
-0.110590
-0.090968
-0.069677
-0.046688
-0.021970
0.004510
0.032785
0.062893
0.094870
0.128755
0.164587
0.202408
0.242259
0.284184
0.328226
0.374431
0.422845
0.473515
0.526490
0.581821
0.639559
0.699758
0.762472
0.827758
0.895673
-0.218513
-0.222108
-0.225852
-0.228167
-0.228754
-0.227583
-0.224693
-0.220128
-0.213932
-0.206136
-0.196763
-0.185824
-0.173328
-0.159270
-0.143646
-0.126440
-0.107639
-0.087221
-0.065165
-0.041445
-0.016036
0.011094
0.039972
0.070630
0.103101
0.137418
0.173614
0.211726
0.251788
0.293837
0.337911
0.384049
0.432289
0.482673
0.535243
0.590044
0.647119
0.706518
0.768288
0.832480
-0.224186
-0.228743
-0.233393
-0.236504
-0.237819
-0.237346
-0.235136
-0.231253
-0.225743
-0.218652
-0.210005
-0.199828
-0.188128
-0.174914
-0.160182
-0.143929
-0.126142
-0.106810
-0.085915
-0.063439
-0.039361
-0.013659
0.013690
0.042711
0.073430
0.105871
0.140063
0.176031
0.213805
0.253411
0.294879
0.338239
0.383521
0.430756
0.479978
0.531220
0.584520
0.639914
0.697442
0.757148
-0.229730
-0.235478
-0.241141
-0.245109
-0.247218
-0.247506
-0.246052
-0.242926
-0.238194
-0.231903
-0.224094
-0.214794
-0.204025
-0.191796
-0.178115
-0.162982
-0.146394
-0.128344
-0.108824
-0.087818
-0.065317
-0.041301
-0.015758
0.011333
0.039988
0.070226
0.102065
0.135524
0.170623
0.207380
0.245816
0.285949
0.327800
0.371390
0.416740
0.463874
0.512817
0.563595
0.616237
0.670775
-0.235065
-0.242314
-0.249088
-0.253981
-0.256938
-0.258052
-0.257418
-0.255129
-0.251255
-0.245859
-0.238988
-0.230680
-0.220961
-0.209852
-0.197366
-0.183511
-0.168291
-0.151707
-0.133754
-0.114430
-0.093726
-0.071634
-0.048146
-0.023251
0.003061
0.030800
0.059978
0.090603
0.122688
0.156240
0.191270
0.227787
0.265799
0.305316
0.346346
0.388900
0.432990
0.478629
0.525832
0.574620
-0.240101
-0.249250
-0.257238
-0.263106
-0.266969
-0.268964
-0.269219
-0.267833
-0.264898
-0.260482
-0.254645
-0.247430
-0.238875
-0.229007
-0.217849
-0.205415
-0.191717
-0.176762
-0.160555
-0.143097
-0.124390
-0.104432
-0.083222
-0.060757
-0.037034
-0.012050
0.014197
0.041710
0.070488
0.100533
0.131844
0.164419
0.198255
0.233348
0.269693
0.307286
0.346123
0.386201
0.427521
0.470086
-0.244714
-0.256304
-0.265586
-0.272481
-0.277295
-0.280228
-0.281427
-0.281015
-0.279088
-0.275732
-0.271012
-0.264986
-0.257696
-0.249180
-0.239467
-0.228582
-0.216541
-0.203362
-0.189054
-0.173629
-0.157092
-0.139451
-0.120711
-0.100876
-0.079951
-0.057940
-0.034849
-0.010683
0.014550
0.040841
0.068181
0.096557
0.125954
0.156355
0.187741
0.220091
0.253382
0.287592
0.322702
0.358697
-0.248756
-0.263505
-0.274140
-0.282091
-0.287903
-0.291821
-0.294022
-0.294639
-0.293789
-0.291561
-0.288038
-0.283281
-0.277347
-0.270279
-0.262116
-0.252889
-0.242625
-0.231345
-0.219070
-0.205816
-0.191597
-0.176426
-0.160317
-0.143279
-0.125325
-0.106465
-0.086713
-0.066079
-0.044581
-0.022232
0.000947
0.024936
0.049710
0.075239
0.101489
0.128421
0.155992
0.184155
0.212864
0.242078
-0.252026
-0.270919
-0.282898
-0.291932
-0.298774
-0.303725
-0.306974
-0.308677
-0.308957
-0.307923
-0.305660
-0.302247
-0.297744
-0.292208
-0.285682
-0.278207
-0.269817
-0.260542
-0.250408
-0.239440
-0.227658
-0.215083
-0.201732
-0.187624
-0.172776
-0.157205
-0.140930
-0.123969
-0.106342
-0.088072
-0.069182
-0.049701
-0.029662
-0.009101
0.011935
0.033393
0.055205
0.077292
0.099562
0.121928
-0.254273
-0.278644
-0.291866
-0.301985
-0.309895
-0.315913
-0.320257
-0.323089
-0.324553
-0.324762
-0.323820
-0.321809
-0.318803
-0.314863
-0.310046
-0.304398
-0.297961
-0.290773
-0.282867
-0.274272
-0.265019
-0.255132
-0.244637
-0.233556
-0.221913
-0.209730
-0.197030
-0.183836
-0.170172
-0.156064
-0.141540
-0.126631
-0.111370
-0.095797
-0.079962
-0.063921
-0.047756
-0.031575
-0.015554
0.000001
