-0.582073
-0.577576
-0.568373
-0.556522
-0.543196
-0.529141
-0.514884
-0.500813
-0.487238
-0.474403
-0.462520
-0.451760
-0.442281
-0.434215
-0.427689
-0.422810
-0.419683
-0.418402
-0.419058
-0.421735
-0.426515
-0.433475
-0.442692
-0.454239
-0.468187
-0.484605
-0.503565
-0.525133
-0.549377
-0.576364
-0.606159
-0.638829
-0.674440
-0.713057
-0.754745
-0.799569
-0.847596
-0.898889
-0.953515
-1.011538
-0.582310
-0.577817
-0.568615
-0.556764
-0.543429
-0.529363
-0.515084
-0.500987
-0.487374
-0.474496
-0.462557
-0.451736
-0.442183
-0.434035
-0.427414
-0.422431
-0.419187
-0.417779
-0.418294
-0.420819
-0.425433
-0.432214
-0.441237
-0.452576
-0.466300
-0.482481
-0.501186
-0.522483
-0.546439
-0.573120
-0.602592
-0.634920
-0.670170
-0.708406
-0.749693
-0.794097
-0.841680
-0.892509
-0.946649
-1.004163
-0.583028
-0.578539
-0.569343
-0.557486
-0.544133
-0.530026
-0.515689
-0.501507
-0.487789
-0.474776
-0.462678
-0.451667
-0.441897
-0.433501
-0.426600
-0.421304
-0.417715
-0.415924
-0.416021
-0.418089
-0.422208
-0.428453
-0.436898
-0.447615
-0.460674
-0.476141
-0.494087
-0.514574
-0.537670
-0.563439
-0.591945
-0.623251
-0.657423
-0.694522
-0.734613
-0.777758
-0.824021
-0.873464
-0.926151
-0.982145
-0.584221
-0.579743
-0.570554
-0.558693
-0.545307
-0.531138
-0.516701
-0.502385
-0.488488
-0.475257
-0.462893
-0.451572
-0.441441
-0.432636
-0.425273
-0.419462
-0.415299
-0.412878
-0.412284
-0.413598
-0.416898
-0.422258
-0.429748
-0.439439
-0.451397
-0.465689
-0.482378
-0.501529
-0.523205
-0.547467
-0.574378
-0.603998
-0.636389
-0.671612
-0.709727
-0.750795
-0.794876
-0.842031
-0.892320
-0.945805
-0.585893
-0.581427
-0.572254
-0.560384
-0.546957
-0.532702
-0.518132
-0.503627
-0.489488
-0.475953
-0.463226
-0.451475
-0.440850
-0.431478
-0.423478
-0.416952
-0.412000
-0.408707
-0.407159
-0.407433
-0.409603
-0.413739
-0.419912
-0.428185
-0.438624
-0.451291
-0.466247
-0.483552
-0.503267
-0.525449
-0.550158
-0.577450
-0.607384
-0.640016
-0.675404
-0.713605
-0.754675
-0.798672
-0.845652
-0.895673
-0.588039
-0.583594
-0.574440
-0.562566
-0.549088
-0.534729
-0.519991
-0.505254
-0.490807
-0.476894
-0.463706
-0.451416
-0.440164
-0.430079
-0.421273
-0.413849
-0.407898
-0.403507
-0.400753
-0.399713
-0.400456
-0.403049
-0.407557
-0.414042
-0.422562
-0.433179
-0.445947
-0.460924
-0.478164
-0.497722
-0.519651
-0.544006
-0.570839
-0.600203
-0.632151
-0.666735
-0.704008
-0.744021
-0.786828
-0.832480
-0.590661
-0.586240
-0.577118
-0.565239
-0.551708
-0.537227
-0.522296
-0.507280
-0.492474
-0.478106
-0.464374
-0.451438
-0.439442
-0.428505
-0.418739
-0.410240
-0.403098
-0.397392
-0.393200
-0.390590
-0.389629
-0.390378
-0.392899
-0.397246
-0.403478
-0.411645
-0.421801
-0.433997
-0.448283
-0.464708
-0.483321
-0.504170
-0.527303
-0.552766
-0.580609
-0.610877
-0.643619
-0.678879
-0.716707
-0.757148
-0.593755
-0.589369
-0.580284
-0.568412
-0.554824
-0.540213
-0.525061
-0.509735
-0.494515
-0.479633
-0.465274
-0.451602
-0.438748
-0.426835
-0.415965
-0.406233
-0.397721
-0.390507
-0.384659
-0.380246
-0.377325
-0.375956
-0.376192
-0.378085
-0.381684
-0.387038
-0.394193
-0.403195
-0.414088
-0.426915
-0.441718
-0.458541
-0.477425
-0.498412
-0.521541
-0.546856
-0.574395
-0.604201
-0.636314
-0.670774
-0.597321
-0.592975
-0.583946
-0.572087
-0.558448
-0.543696
-0.528310
-0.512640
-0.496968
-0.481513
-0.466462
-0.451967
-0.438162
-0.425159
-0.413059
-0.401949
-0.391909
-0.383009
-0.375316
-0.368887
-0.363780
-0.360045
-0.357730
-0.356882
-0.357544
-0.359758
-0.363565
-0.369002
-0.376109
-0.384921
-0.395476
-0.407809
-0.421955
-0.437948
-0.455823
-0.475615
-0.497356
-0.521082
-0.546825
-0.574620
-0.601354
-0.597062
-0.588101
-0.576274
-0.562588
-0.547699
-0.532064
-0.516032
-0.499870
-0.483800
-0.467996
-0.452611
-0.437768
-0.423580
-0.410137
-0.397527
-0.385819
-0.375082
-0.365373
-0.356748
-0.349254
-0.342938
-0.337841
-0.334003
-0.331462
-0.330252
-0.330406
-0.331958
-0.334938
-0.339375
-0.345300
-0.352740
-0.361723
-0.372278
-0.384429
-0.398206
-0.413633
-0.430738
-0.449547
-0.470086
-0.605854
-0.601624
-0.592755
-0.580976
-0.567260
-0.552235
-0.536350
-0.519938
-0.503267
-0.486543
-0.469943
-0.453608
-0.437662
-0.422206
-0.407332
-0.393116
-0.379626
-0.366922
-0.355058
-0.344080
-0.334033
-0.324954
-0.316881
-0.309844
-0.303876
-0.299003
-0.295253
-0.292650
-0.291218
-0.290980
-0.291956
-0.294168
-0.297637
-0.302381
-0.308421
-0.315774
-0.324460
-0.334497
-0.345903
-0.358697
-0.610814
-0.606663
-0.597907
-0.586202
-0.572472
-0.557326
-0.541193
-0.524400
-0.507201
-0.489804
-0.472372
-0.455047
-0.437943
-0.421160
-0.404780
-0.388878
-0.373512
-0.358740
-0.344607
-0.331155
-0.318420
-0.306436
-0.295230
-0.284830
-0.275256
-0.266533
-0.258677
-0.251706
-0.245637
-0.240485
-0.236263
-0.232984
-0.230660
-0.229304
-0.228926
-0.229537
-0.231148
-0.233768
-0.237408
-0.242077
-0.616231
-0.612173
-0.603561
-0.591956
-0.578242
-0.562991
-0.546624
-0.529452
-0.511726
-0.493640
-0.475360
-0.457015
-0.438720
-0.420565
-0.402631
-0.384981
-0.367675
-0.350759
-0.334275
-0.318258
-0.302739
-0.287742
-0.273291
-0.259404
-0.246097
-0.233383
-0.221276
-0.209783
-0.198915
-0.188678
-0.179077
-0.170118
-0.161805
-0.154141
-0.147130
-0.140773
-0.135073
-0.130031
-0.125649
-0.121928
-0.622097
-0.618155
-0.609716
-0.598250
-0.584578
-0.569254
-0.552671
-0.535137
-0.516887
-0.498118
-0.478982
-0.459609
-0.440103
-0.420554
-0.401033
-0.381604
-0.362315
-0.343210
-0.324324
-0.305686
-0.287320
-0.269245
-0.251477
-0.234028
-0.216905
-0.200118
-0.183669
-0.167561
-0.151795
-0.136370
-0.121283
-0.106533
-0.092114
-0.078023
-0.064253
-0.050798
-0.037653
-0.024810
-0.012261
-0.000000
-0.628408
-0.624599
-0.616375
-0.605085
-0.591500
-0.576132
-0.559366
-0.541492
-0.522742
-0.503301
-0.483321
-0.462922
-0.442208
-0.421260
-0.400148
-0.378925
-0.357641
-0.336329
-0.315021
-0.293740
-0.272503
-0.251323
-0.230211
-0.209170
-0.188203
-0.167310
-0.146488
-0.125731
-0.105034
-0.084387
-0.063781
-0.043205
-0.022647
-0.002094
0.018467
0.039052
0.059675
0.080351
0.101096
0.121927
-0.635152
-0.631505
-0.623536
-0.612473
-0.599016
-0.583652
-0.566739
-0.548562
-0.529341
-0.509258
-0.488455
-0.467055
-0.445150
-0.422821
-0.400130
-0.377131
-0.353862
-0.330357
-0.306638
-0.282726
-0.258631
-0.234361
-0.209919
-0.185304
-0.160511
-0.135534
-0.110363
-0.084986
-0.059389
-0.033556
-0.007470
0.018886
0.045535
0.072495
0.099790
0.127440
0.155470
0.183903
0.212764
0.242077
-0.642323
-0.638863
-0.631200
-0.620415
-0.607144
-0.591831
-0.574823
-0.556386
-0.536739
-0.516053
-0.494471
-0.472104
-0.449047
-0.425373
-0.401143
-0.376402
-0.351189
-0.325530
-0.299446
-0.272948
-0.246045
-0.218737
-0.191024
-0.162897
-0.134347
-0.105360
-0.075922
-0.046012
-0.015611
0.015304
0.046758
0.078776
0.111385
0.144613
0.178491
0.213048
0.248315
0.284324
0.321106
0.358696
-0.649906
-0.646668
-0.639364
-0.628921
-0.615893
-0.600694
-0.583646
-0.565008
-0.544988
-0.523756
-0.501445
-0.478169
-0.454014
-0.429053
-0.403341
-0.376923
-0.349829
-0.322087
-0.293709
-0.264706
-0.235078
-0.204826
-0.173940
-0.142409
-0.110218
-0.077347
-0.043776
-0.009480
0.025568
0.061397
0.098037
0.135521
0.173883
0.213158
0.253382
0.294593
0.336830
0.380130
0.424535
0.470085
-0.657890
-0.654909
-0.648029
-0.637992
-0.625279
-0.610260
-0.593241
-0.574467
-0.554143
-0.532429
-0.509461
-0.485344
-0.460166
-0.433993
-0.406881
-0.378868
-0.349987
-0.320255
-0.289688
-0.258289
-0.226059
-0.192989
-0.159070
-0.124284
-0.088613
-0.052032
-0.014515
0.023967
0.063446
0.103957
0.145536
0.188222
0.232054
0.277075
0.323326
0.370852
0.419698
0.469910
0.521534
0.574619
-0.666256
-0.663577
-0.657186
-0.647636
-0.635311
-0.620550
-0.603634
-0.584804
-0.564251
-0.542139
-0.518595
-0.493726
-0.467612
-0.440324
-0.411910
-0.382412
-0.351854
-0.320258
-0.287631
-0.253979
-0.219295
-0.183573
-0.146795
-0.108944
-0.069996
-0.029924
0.011303
0.053718
0.097358
0.142261
0.188470
0.236028
0.284979
0.335370
0.387251
0.440671
0.495680
0.552332
0.610678
0.670774
-0.674989
-0.672656
-0.666836
-0.657851
-0.646002
-0.631580
-0.614856
-0.596053
-0.575365
-0.552945
-0.528923
-0.503400
-0.476461
-0.448168
-0.418575
-0.387716
-0.355620
-0.322304
-0.287776
-0.252037
-0.215083
-0.176902
-0.137477
-0.096786
-0.054804
-0.011501
0.033156
0.079205
0.126685
0.175639
0.226112
0.278151
0.331806
0.387129
0.444171
0.502989
0.563637
0.626174
0.690657
0.757147
-0.684064
-0.682137
-0.676968
-0.668642
-0.657358
-0.643372
-0.626930
-0.608255
-0.587528
-0.564907
-0.540514
-0.514455
-0.486809
-0.457644
-0.427006
-0.394936
-0.361458
-0.326592
-0.290342
-0.252713
-0.213695
-0.173280
-0.131447
-0.088175
-0.043436
0.002800
0.050569
0.099911
0.150866
0.203480
0.257802
0.313880
0.371768
0.431520
0.493194
0.556847
0.622541
0.690335
0.760293
0.832480
-0.693459
-0.691999
-0.687579
-0.680008
-0.669390
-0.655937
-0.639883
-0.621438
-0.600786
-0.578077
-0.553438
-0.526968
-0.498754
-0.468858
-0.437333
-0.404214
-0.369532
-0.333302
-0.295534
-0.256229
-0.215382
-0.172981
-0.129008
-0.083442
-0.036255
0.012586
0.063114
0.115371
0.169398
0.225243
0.282954
0.342583
0.404185
0.467817
0.533538
0.601409
0.671492
0.743853
0.818557
0.895673
-0.703143
-0.702227
-0.698657
-0.691951
-0.682102
-0.669291
-0.653734
-0.635636
-0.615176
-0.592507
-0.567751
-0.541015
-0.512380
-0.481914
-0.449668
-0.415683
-0.379987
-0.342601
-0.303534
-0.262791
-0.220366
-0.176251
-0.130429
-0.082880
-0.033576
0.017512
0.070419
0.125184
0.181849
0.240461
0.301068
0.363724
0.428482
0.495401
0.564540
0.635963
0.709734
0.785919
0.864586
0.945805
-0.713086
-0.712796
-0.710196
-0.704465
-0.695501
-0.683445
-0.668503
-0.650873
-0.630736
-0.608239
-0.583514
-0.556660
-0.527766
-0.496900
-0.464117
-0.429459
-0.392958
-0.354636
-0.314508
-0.272577
-0.228846
-0.183305
-0.135943
-0.086739
-0.035673
0.017286
0.072169
0.129012
0.187857
0.248748
0.311732
0.376860
0.444186
0.513769
0.585666
0.659942
0.736659
0.815886
0.897691
0.982145
-0.723245
-0.723689
-0.722181
-0.717551
-0.709588
-0.698410
-0.684205
-0.667175
-0.647494
-0.625318
-0.600771
-0.573963
-0.544981
-0.513898
-0.480770
-0.445646
-0.408559
-0.369536
-0.328593
-0.285743
-0.240987
-0.194324
-0.145742
-0.095230
-0.042767
0.011670
0.068111
0.126587
0.187138
0.249801
0.314624
0.381654
0.450942
0.522543
0.596516
0.672921
0.751821
0.833282
0.917373
1.004163
-0.733579
-0.734876
-0.734604
-0.731201
-0.724368
-0.714190
-0.700856
-0.684559
-0.665481
-0.643773
-0.619569
-0.592975
-0.564087
-0.532976
-0.499709
-0.464332
-0.426889
-0.387407
-0.345911
-0.302415
-0.256929
-0.209453
-0.159986
-0.108517
-0.055035
0.000482
0.058054
0.117711
0.179483
0.243407
0.309522
0.377874
0.448507
0.521475
0.596830
0.674631
0.754937
0.837813
0.923324
1.011538
-0.744032
-0.746335
-0.747448
-0.745413
-0.739837
-0.730793
-0.718461
-0.703043
-0.684714
-0.663636
-0.639939
-0.613740
-0.585131
-0.554195
-0.520997
-0.485594
-0.448029
-0.408340
-0.366555
-0.322697
-0.276777
-0.228808
-0.178790
-0.126723
-0.072598
-0.016407
0.041870
0.102252
0.164764
0.229435
0.296299
0.365394
0.436760
0.510442
0.586490
0.664956
0.745896
0.829368
0.915436
1.004163
-0.754545
-0.758032
-0.760705
-0.760178
-0.755995
-0.748217
-0.737031
-0.722634
-0.705214
-0.684927
-0.661914
-0.636289
-0.608157
-0.577598
-0.544688
-0.509485
-0.472043
-0.432402
-0.390600
-0.346661
-0.300612
-0.252465
-0.202234
-0.149923
-0.095536
-0.039066
0.019492
0.080152
0.142928
0.207844
0.274923
0.344194
0.415692
0.489453
0.565519
0.643935
0.724751
0.808020
0.893798
0.982145
-0.765044
-0.769943
-0.774358
-0.775491
-0.772837
-0.766465
-0.756565
-0.743344
-0.726988
-0.707663
-0.685510
-0.660652
-0.633192
-0.603224
-0.570821
-0.536054
-0.498977
-0.459644
-0.418093
-0.374362
-0.328480
-0.280474
-0.230361
-0.178158
-0.123874
-0.067517
-0.009087
0.051416
0.114000
0.178674
0.245454
0.314359
0.385412
0.458641
0.534078
0.611759
0.691726
0.774022
0.858698
0.945805
-0.775444
-0.782034
-0.788399
-0.791341
-0.790358
-0.785529
-0.777064
-0.765170
-0.750044
-0.731852
-0.710744
-0.686842
-0.660261
-0.631092
-0.599423
-0.565325
-0.528863
-0.490092
-0.449065
-0.405823
-0.360407
-0.312849
-0.263180
-0.211423
-0.157600
-0.101728
-0.043821
0.016113
0.078068
0.142044
0.208042
0.276069
0.346137
0.418262
0.492464
0.568768
0.647204
0.727806
0.810615
0.895673
-0.785638
-0.794281
-0.802812
-0.807724
-0.808548
-0.805407
-0.798521
-0.788113
-0.774380
-0.757499
-0.737617
-0.714870
-0.689369
-0.661219
-0.630507
-0.597314
-0.561710
-0.523761
-0.483523
-0.441050
-0.396387
-0.349580
-0.300666
-0.249682
-0.196660
-0.141628
-0.084611
-0.025632
0.035291
0.098143
0.162914
0.229594
0.298183
0.368681
0.441095
0.515436
0.591721
0.669971
0.750213
0.832480
-0.795505
-0.806657
-0.817594
-0.824626
-0.827400
-0.826085
-0.820929
-0.812163
-0.799993
-0.784596
-0.766131
-0.744732
-0.720521
-0.693602
-0.664074
-0.632020
-0.597520
-0.560644
-0.521459
-0.480023
-0.436396
-0.390628
-0.342770
-0.292867
-0.240964
-0.187101
-0.131317
-0.073646
-0.014122
0.047225
0.110369
0.175286
0.241957
0.310368
0.380507
0.452370
0.525956
0.601272
0.678330
0.757148
-0.804887
-0.819147
-0.832736
-0.842043
-0.846899
-0.847553
-0.844273
-0.837308
-0.826867
-0.813135
-0.796272
-0.776421
-0.753704
-0.728235
-0.700113
-0.669432
-0.636275
-0.600722
-0.562843
-0.522710
-0.480386
-0.435935
-0.389415
-0.340883
-0.290395
-0.238004
-0.183761
-0.127716
-0.069916
-0.010409
0.050764
0.113560
0.177943
0.243877
0.311333
0.380286
0.450716
0.522611
0.595963
0.670775
-0.813598
-0.831745
-0.848239
-0.859961
-0.867033
-0.869790
-0.868538
-0.863529
-0.854987
-0.843097
-0.828026
-0.809917
-0.788901
-0.765094
-0.738603
-0.709523
-0.677947
-0.643957
-0.607635
-0.569057
-0.528296
-0.485423
-0.440507
-0.393614
-0.344813
-0.294166
-0.241741
-0.187598
-0.131803
-0.074416
-0.015501
0.044884
0.106680
0.169832
0.234286
0.299995
0.366916
0.435011
0.504253
0.574620
-0.821395
-0.844469
-0.864105
-0.878373
-0.887784
-0.892782
-0.893698
-0.890806
-0.884327
-0.874458
-0.861363
-0.845195
-0.826083
-0.804152
-0.779508
-0.752257
-0.722491
-0.690304
-0.655779
-0.619000
-0.580048
-0.539001
-0.495936
-0.450931
-0.404062
-0.355405
-0.305036
-0.253033
-0.199473
-0.144436
-0.088000
-0.030245
0.028749
0.088903
0.150139
0.212381
0.275558
0.339605
0.404463
0.470086
-0.827983
-0.857363
-0.880348
-0.897265
-0.909133
-0.916499
-0.919732
-0.919108
-0.914861
-0.907185
-0.896255
-0.882218
-0.865215
-0.845367
-0.822789
-0.797586
-0.769859
-0.739702
-0.707207
-0.672461
-0.635553
-0.596565
-0.555584
-0.512693
-0.467979
-0.421525
-0.373421
-0.323754
-0.272617
-0.220101
-0.166304
-0.111323
-0.055261
0.001778
0.059690
0.118367
0.177704
0.237599
0.297958
0.358697
-0.832970
-0.870524
-0.896977
-0.916627
-0.931056
-0.940919
-0.946604
-0.948403
-0.946549
-0.941243
-0.932657
-0.920947
-0.906249
-0.888692
-0.868389
-0.845454
-0.819985
-0.792083
-0.761842
-0.729356
-0.694714
-0.658007
-0.619325
-0.578759
-0.536399
-0.492339
-0.446676
-0.399507
-0.350933
-0.301061
-0.250001
-0.197868
-0.144782
-0.090872
-0.036272
0.018879
0.074435
0.130248
0.186173
0.242078
-0.835862
-0.884115
-0.914012
-0.936439
-0.953528
-0.966005
-0.974283
-0.978652
-0.979354
-0.976586
-0.970526
-0.961328
-0.949133
-0.934067
-0.916250
-0.895792
-0.872799
-0.847369
-0.819601
-0.789590
-0.757430
-0.723212
-0.687033
-0.648984
-0.609162
-0.567665
-0.524595
-0.480054
-0.434152
-0.387003
-0.338726
-0.289449
-0.239306
-0.188444
-0.137021
-0.085208
-0.033194
0.018814
0.070593
0.121928
-0.836002
-0.898414
-0.931461
-0.956681
-0.976515
-0.991726
-1.002726
-1.009813
-1.013224
-1.013164
-1.009804
-1.003305
-0.993802
-0.981428
-0.966299
-0.948528
-0.928219
-0.905474
-0.880391
-0.853066
-0.823593
-0.792067
-0.758582
-0.723234
-0.686119
-0.647339
-0.606994
-0.565193
-0.522045
-0.477668
-0.432184
-0.385725
-0.338432
-0.290458
-0.241971
-0.193162
-0.144249
-0.095497
-0.047249
0.000001
