-0.023653
-0.023778
-0.024137
-0.024792
-0.025823
-0.027336
-0.029429
-0.032212
-0.035786
-0.040256
-0.045719
-0.052276
-0.060017
-0.069039
-0.079428
-0.091274
-0.104661
-0.119675
-0.136395
-0.154903
-0.175277
-0.197593
-0.221927
-0.248352
-0.276941
-0.307766
-0.340896
-0.376399
-0.414344
-0.454798
-0.497827
-0.543495
-0.591867
-0.643008
-0.696981
-0.753850
-0.813677
-0.876525
-0.942458
-1.011538
-0.023740
-0.023860
-0.024218
-0.024863
-0.025886
-0.027381
-0.029455
-0.032209
-0.035750
-0.040178
-0.045594
-0.052092
-0.059769
-0.068714
-0.079018
-0.090767
-0.104048
-0.118942
-0.135532
-0.153896
-0.174112
-0.196257
-0.220405
-0.246630
-0.275003
-0.305596
-0.338477
-0.373715
-0.411377
-0.451530
-0.494239
-0.539569
-0.587583
-0.638346
-0.691921
-0.748370
-0.807756
-0.870142
-0.935590
-1.004163
-0.023994
-0.024114
-0.024457
-0.025084
-0.026071
-0.027521
-0.029529
-0.032204
-0.035642
-0.039949
-0.045218
-0.051547
-0.059025
-0.067746
-0.077794
-0.089258
-0.102218
-0.116758
-0.132955
-0.150889
-0.170636
-0.192270
-0.215864
-0.241490
-0.269219
-0.299119
-0.331258
-0.365703
-0.402521
-0.441775
-0.483530
-0.527849
-0.574795
-0.624430
-0.676815
-0.732012
-0.790083
-0.851088
-0.915088
-0.982145
-0.024423
-0.024533
-0.024861
-0.025450
-0.026386
-0.027754
-0.029660
-0.032198
-0.035472
-0.039575
-0.044605
-0.050651
-0.057805
-0.066153
-0.075781
-0.086770
-0.099203
-0.113156
-0.128707
-0.145932
-0.164903
-0.185693
-0.208373
-0.233011
-0.259675
-0.288431
-0.319346
-0.352483
-0.387905
-0.425676
-0.465857
-0.508507
-0.553689
-0.601462
-0.651884
-0.705015
-0.760914
-0.819639
-0.881250
-0.945805
-0.025020
-0.025125
-0.025425
-0.025969
-0.026827
-0.028091
-0.029850
-0.032205
-0.035247
-0.039073
-0.043769
-0.049428
-0.056133
-0.063969
-0.073014
-0.083351
-0.095053
-0.108198
-0.122857
-0.139103
-0.157004
-0.176630
-0.198047
-0.221321
-0.246516
-0.273694
-0.302919
-0.334251
-0.367749
-0.403472
-0.441480
-0.481829
-0.524577
-0.569780
-0.617493
-0.667773
-0.720676
-0.776256
-0.834570
-0.895673
-0.025794
-0.025885
-0.026157
-0.026639
-0.027405
-0.028532
-0.030112
-0.032232
-0.034986
-0.038458
-0.042738
-0.047906
-0.054046
-0.061233
-0.069547
-0.079058
-0.089842
-0.101966
-0.115500
-0.130511
-0.147063
-0.165220
-0.185045
-0.206599
-0.229941
-0.255130
-0.282224
-0.311278
-0.342350
-0.375492
-0.410760
-0.448207
-0.487886
-0.529848
-0.574146
-0.620832
-0.669957
-0.721572
-0.775729
-0.832480
-0.026738
-0.026822
-0.027053
-0.027469
-0.028122
-0.029091
-0.030453
-0.032298
-0.034704
-0.037759
-0.041539
-0.046125
-0.051588
-0.058004
-0.065442
-0.073971
-0.083657
-0.094565
-0.106756
-0.120294
-0.135236
-0.151642
-0.169568
-0.189069
-0.210202
-0.233018
-0.257569
-0.283908
-0.312085
-0.342150
-0.374151
-0.408136
-0.444155
-0.482253
-0.522479
-0.564879
-0.609499
-0.656386
-0.705587
-0.757148
-0.027863
-0.027930
-0.028125
-0.028459
-0.028989
-0.029772
-0.030891
-0.032416
-0.034429
-0.037001
-0.040211
-0.044125
-0.048815
-0.054344
-0.060779
-0.068179
-0.076607
-0.086117
-0.096769
-0.108615
-0.121710
-0.136106
-0.151853
-0.169000
-0.187597
-0.207690
-0.229326
-0.252549
-0.277406
-0.303939
-0.332192
-0.362207
-0.394027
-0.427694
-0.463248
-0.500731
-0.540185
-0.581649
-0.625165
-0.670774
-0.029161
-0.029219
-0.029367
-0.029620
-0.030008
-0.030593
-0.031436
-0.032610
-0.034181
-0.036221
-0.038793
-0.041962
-0.045787
-0.050331
-0.055646
-0.061789
-0.068812
-0.076767
-0.085701
-0.095664
-0.106700
-0.118856
-0.132175
-0.146699
-0.162471
-0.179530
-0.197916
-0.217669
-0.238826
-0.261426
-0.285503
-0.311096
-0.338240
-0.366970
-0.397321
-0.429329
-0.463028
-0.498453
-0.535639
-0.574620
-0.030643
-0.030685
-0.030793
-0.030952
-0.031195
-0.031560
-0.032110
-0.032900
-0.033995
-0.035452
-0.037333
-0.039689
-0.042577
-0.046044
-0.050143
-0.054917
-0.060413
-0.066672
-0.073738
-0.081649
-0.090445
-0.100163
-0.110839
-0.122508
-0.135205
-0.148962
-0.163813
-0.179789
-0.196922
-0.215241
-0.234776
-0.255558
-0.277614
-0.300974
-0.325666
-0.351718
-0.379158
-0.408014
-0.438314
-0.470086
-0.032303
-0.032337
-0.032398
-0.032469
-0.032554
-0.032693
-0.032927
-0.033313
-0.033898
-0.034739
-0.035879
-0.037371
-0.039256
-0.041578
-0.044376
-0.047690
-0.051555
-0.056006
-0.061077
-0.066800
-0.073204
-0.080321
-0.088176
-0.096799
-0.106215
-0.116451
-0.127530
-0.139477
-0.152316
-0.166070
-0.180761
-0.196411
-0.213042
-0.230675
-0.249332
-0.269033
-0.289799
-0.311652
-0.334611
-0.358697
-0.034151
-0.034171
-0.034194
-0.034170
-0.034100
-0.034000
-0.033912
-0.033872
-0.033929
-0.034120
-0.034489
-0.035072
-0.035907
-0.037026
-0.038462
-0.040243
-0.042399
-0.044953
-0.047932
-0.051358
-0.055255
-0.059642
-0.064541
-0.069969
-0.075945
-0.082488
-0.089613
-0.097337
-0.105675
-0.114644
-0.124257
-0.134529
-0.145474
-0.157107
-0.169439
-0.182486
-0.196260
-0.210775
-0.226043
-0.242077
-0.036180
-0.036197
-0.036180
-0.036070
-0.035839
-0.035503
-0.035080
-0.034609
-0.034118
-0.033644
-0.033215
-0.032864
-0.032614
-0.032493
-0.032521
-0.032721
-0.033109
-0.033706
-0.034524
-0.035580
-0.036887
-0.038458
-0.040303
-0.042434
-0.044860
-0.047591
-0.050635
-0.054001
-0.057696
-0.061727
-0.066102
-0.070827
-0.075907
-0.081350
-0.087161
-0.093345
-0.099909
-0.106857
-0.114195
-0.121928
-0.038401
-0.038411
-0.038367
-0.038169
-0.037788
-0.037211
-0.036459
-0.035548
-0.034506
-0.033355
-0.032119
-0.030816
-0.029465
-0.028081
-0.026679
-0.025268
-0.023860
-0.022463
-0.021084
-0.019728
-0.018401
-0.017105
-0.015845
-0.014621
-0.013437
-0.012292
-0.011187
-0.010122
-0.009096
-0.008109
-0.007160
-0.006246
-0.005367
-0.004520
-0.003704
-0.002916
-0.002155
-0.001416
-0.000699
-0.000000
-0.040807
-0.040823
-0.040752
-0.040483
-0.039951
-0.039146
-0.038064
-0.036721
-0.035128
-0.033303
-0.031257
-0.029003
-0.026547
-0.023899
-0.021060
-0.018035
-0.014825
-0.011429
-0.007844
-0.004069
-0.000099
0.004071
0.008445
0.013032
0.017837
0.022867
0.028131
0.033637
0.039394
0.045409
0.051694
0.058256
0.065105
0.072251
0.079704
0.087474
0.095571
0.104005
0.112787
0.121927
-0.043407
-0.043427
-0.043347
-0.043011
-0.042348
-0.041319
-0.039922
-0.038153
-0.036023
-0.033533
-0.030691
-0.027496
-0.023951
-0.020051
-0.015794
-0.011172
-0.006179
-0.000804
0.004961
0.011129
0.017713
0.024725
0.032179
0.040091
0.048474
0.057345
0.066720
0.076614
0.087045
0.098028
0.109582
0.121722
0.134467
0.147833
0.161838
0.176501
0.191838
0.207867
0.224608
0.242077
-0.046194
-0.046233
-0.046150
-0.045768
-0.044981
-0.043751
-0.042051
-0.039879
-0.037226
-0.034095
-0.030478
-0.026371
-0.021762
-0.016645
-0.011004
-0.004826
0.001906
0.009208
0.017101
0.025602
0.034734
0.044517
0.054973
0.066125
0.077996
0.090608
0.103987
0.118155
0.133137
0.148957
0.165640
0.183210
0.201691
0.221109
0.241489
0.262856
0.285235
0.308650
0.333129
0.358696
-0.049176
-0.049235
-0.049171
-0.048754
-0.047870
-0.046451
-0.044475
-0.041919
-0.038777
-0.035032
-0.030677
-0.025694
-0.020069
-0.013782
-0.006814
0.000859
0.009260
0.018415
0.028350
0.039093
0.050672
0.063115
0.076454
0.090716
0.105934
0.122137
0.139357
0.157625
0.176972
0.197429
0.219029
0.241802
0.265781
0.290998
0.317484
0.345271
0.374393
0.404880
0.436767
0.470085
-0.052344
-0.052442
-0.052407
-0.051982
-0.051016
-0.049441
-0.047211
-0.044307
-0.040705
-0.036391
-0.031341
-0.025537
-0.018952
-0.011563
-0.003341
0.005744
0.015723
0.026628
0.038494
0.051355
0.065246
0.080204
0.096265
0.113465
0.131843
0.151436
0.172281
0.194417
0.217881
0.242711
0.268947
0.296625
0.325784
0.356463
0.388701
0.422535
0.458005
0.495149
0.534007
0.574619
-0.055706
-0.055846
-0.055868
-0.055451
-0.054436
-0.052727
-0.050282
-0.047063
-0.043049
-0.038210
-0.032524
-0.025960
-0.018490
-0.010079
-0.000696
0.009699
0.021142
0.033672
0.047330
0.062157
0.078193
0.095484
0.114070
0.133995
0.155302
0.178036
0.202241
0.227959
0.255235
0.284114
0.314639
0.346854
0.380805
0.416534
0.454087
0.493508
0.534843
0.578135
0.623430
0.670774
-0.059250
-0.059455
-0.059549
-0.059175
-0.058132
-0.056328
-0.053700
-0.050214
-0.045833
-0.040531
-0.034272
-0.027026
-0.018753
-0.009419
0.001020
0.012603
0.025376
0.039383
0.054669
0.071282
0.089270
0.108679
0.129559
0.151957
0.175925
0.201509
0.228759
0.257726
0.288457
0.321002
0.355412
0.391734
0.430019
0.470316
0.512674
0.557145
0.603777
0.652621
0.703727
0.757147
-0.062983
-0.063259
-0.063459
-0.063148
-0.062119
-0.060251
-0.057487
-0.053777
-0.049090
-0.043385
-0.036631
-0.028785
-0.019809
-0.009657
0.001712
0.014348
0.028298
0.043613
0.060343
0.078539
0.098254
0.119540
0.142451
0.167040
0.193359
0.221464
0.251407
0.283243
0.317024
0.352806
0.390640
0.430582
0.472686
0.517004
0.563592
0.612503
0.663793
0.717515
0.773726
0.832480
-0.066892
-0.067266
-0.067591
-0.067384
-0.066395
-0.064509
-0.061650
-0.057775
-0.052840
-0.046808
-0.039637
-0.031287
-0.021712
-0.010867
0.001299
0.014836
0.029796
0.046233
0.064201
0.083755
0.104953
0.127849
0.152501
0.178966
0.207301
0.237562
0.269808
0.304095
0.340481
0.379023
0.419778
0.462804
0.508158
0.555897
0.606079
0.658762
0.714004
0.771864
0.832401
0.895673
-0.070978
-0.071463
-0.071953
-0.071876
-0.070973
-0.069106
-0.066207
-0.062220
-0.057106
-0.050821
-0.043325
-0.034571
-0.024515
-0.013104
-0.000289
0.013985
0.029773
0.047131
0.066116
0.086787
0.109201
0.133420
0.159500
0.187504
0.217488
0.249515
0.283643
0.319933
0.358443
0.399234
0.442366
0.487898
0.535890
0.586403
0.639496
0.695231
0.753668
0.814868
0.878893
0.945805
-0.075226
-0.075855
-0.076537
-0.076635
-0.075851
-0.074054
-0.071162
-0.067127
-0.061902
-0.055449
-0.047720
-0.038673
-0.028255
-0.016419
-0.003109
0.011728
0.028151
0.046217
0.065985
0.087514
0.110866
0.136101
0.163280
0.192464
0.223714
0.257091
0.292657
0.330474
0.370601
0.413101
0.458034
0.505463
0.555448
0.608052
0.663336
0.721361
0.782192
0.845891
0.912520
0.982145
-0.079636
-0.080430
-0.081348
-0.081652
-0.081037
-0.079352
-0.076526
-0.072503
-0.067245
-0.060705
-0.052844
-0.043613
-0.032965
-0.020846
-0.007206
0.008015
0.024871
0.043423
0.063729
0.085850
0.109847
0.135781
0.163714
0.193706
0.225820
0.260118
0.296661
0.335511
0.376728
0.420376
0.466515
0.515208
0.566516
0.620501
0.677226
0.736754
0.799148
0.864471
0.932788
1.004163
-0.084187
-0.085188
-0.086377
-0.086936
-0.086525
-0.085007
-0.082299
-0.078358
-0.073138
-0.066604
-0.058709
-0.049412
-0.038663
-0.026413
-0.012606
0.002810
0.019895
0.038704
0.059298
0.081735
0.106078
0.132386
0.160720
0.191140
0.223709
0.258486
0.295534
0.334912
0.376681
0.420903
0.467639
0.516949
0.568895
0.623538
0.680941
0.741165
0.804273
0.870329
0.939396
1.011538
-0.088874
-0.090116
-0.091628
-0.092477
-0.092323
-0.091014
-0.088486
-0.084689
-0.079589
-0.073145
-0.065323
-0.056076
-0.045361
-0.033128
-0.019326
-0.003901
0.013201
0.032037
0.052665
0.075143
0.099528
0.125881
0.154260
0.184725
0.217334
0.252148
0.289224
0.328623
0.370402
0.414622
0.461341
0.510618
0.562513
0.617086
0.674397
0.734507
0.797476
0.863367
0.932241
1.004163
-0.093672
-0.095213
-0.097089
-0.098281
-0.098421
-0.097379
-0.095083
-0.091499
-0.086592
-0.080333
-0.072683
-0.063606
-0.053057
-0.040993
-0.027364
-0.012120
0.004792
0.023425
0.043834
0.066074
0.090202
0.116273
0.144344
0.174470
0.206710
0.241119
0.277752
0.316667
0.357919
0.401564
0.447658
0.496259
0.547421
0.601203
0.657661
0.716853
0.778838
0.843675
0.911424
0.982145
-0.098570
-0.100462
-0.102764
-0.104336
-0.104823
-0.104090
-0.102088
-0.098781
-0.094147
-0.088157
-0.080784
-0.071991
-0.061743
-0.049995
-0.036706
-0.021827
-0.005312
0.012892
0.032833
0.054564
0.078138
0.103606
0.131022
0.160437
0.191904
0.225477
0.261206
0.299144
0.339343
0.381855
0.426733
0.474027
0.523792
0.576078
0.630941
0.688433
0.748610
0.811527
0.877239
0.945805
-0.103533
-0.105863
-0.108640
-0.110645
-0.111517
-0.111149
-0.109492
-0.106529
-0.102240
-0.096609
-0.089609
-0.081216
-0.071394
-0.060109
-0.047321
-0.032989
-0.017069
0.000485
0.019718
0.040677
0.063410
0.087965
0.114390
0.142732
0.173040
0.205360
0.239741
0.276228
0.314870
0.355713
0.398804
0.444189
0.491917
0.542035
0.594590
0.649633
0.707211
0.767376
0.830179
0.895673
-0.108542
-0.111398
-0.114720
-0.117197
-0.118504
-0.118542
-0.117288
-0.114728
-0.110859
-0.105667
-0.099139
-0.091252
-0.081982
-0.071297
-0.059167
-0.045553
-0.030420
-0.013726
0.004568
0.024504
0.046124
0.069471
0.094586
0.121512
0.150292
0.180966
0.213577
0.248165
0.284772
0.323439
0.364206
0.407114
0.452205
0.499518
0.549096
0.600982
0.655218
0.711849
0.770921
0.832480
-0.113551
-0.117066
-0.120991
-0.123992
-0.125770
-0.126264
-0.125460
-0.123366
-0.119982
-0.115311
-0.109343
-0.102068
-0.093464
-0.083513
-0.072185
-0.059454
-0.045286
-0.029651
-0.012511
0.006166
0.026417
0.048278
0.071786
0.096975
0.123883
0.152544
0.182993
0.215266
0.249396
0.285417
0.323364
0.363269
0.405166
0.449089
0.495072
0.543151
0.593360
0.645737
0.700320
0.757148
-0.118526
-0.122852
-0.127456
-0.131017
-0.133311
-0.134299
-0.133998
-0.132421
-0.129590
-0.125511
-0.120190
-0.113620
-0.105794
-0.096695
-0.086308
-0.074608
-0.061574
-0.047178
-0.031394
-0.014193
0.004453
0.024575
0.046200
0.069360
0.094081
0.120393
0.148325
0.177902
0.209153
0.242104
0.276781
0.313208
0.351412
0.391418
0.433251
0.476937
0.522504
0.569979
0.619392
0.670775
-0.123403
-0.128759
-0.134105
-0.138271
-0.141112
-0.142639
-0.142880
-0.141876
-0.139654
-0.136237
-0.131637
-0.125862
-0.118910
-0.110778
-0.101453
-0.090923
-0.079172
-0.066183
-0.051934
-0.036405
-0.019576
-0.001423
0.018075
0.038940
0.061195
0.084859
0.109954
0.136500
0.164516
0.194021
0.225031
0.257565
0.291638
0.327267
0.364466
0.403252
0.443642
0.485654
0.529306
0.574620
-0.128125
-0.134780
-0.140941
-0.145741
-0.149167
-0.151263
-0.152092
-0.151703
-0.150145
-0.147448
-0.143641
-0.138738
-0.132751
-0.125681
-0.117529
-0.108290
-0.097957
-0.086519
-0.073965
-0.060282
-0.045456
-0.029473
-0.012318
0.006024
0.025566
0.046322
0.068306
0.091530
0.116006
0.141743
0.168752
0.197039
0.226613
0.257479
0.289641
0.323105
0.357875
0.393956
0.431357
0.470086
-0.132597
-0.140930
-0.147955
-0.153424
-0.157458
-0.160159
-0.161607
-0.161878
-0.161028
-0.159107
-0.156151
-0.152190
-0.147241
-0.141321
-0.134436
-0.126593
-0.117791
-0.108031
-0.097307
-0.085617
-0.072953
-0.059310
-0.044680
-0.029057
-0.012433
0.005197
0.023841
0.043502
0.064184
0.085891
0.108624
0.132381
0.157161
0.182959
0.209769
0.237582
0.266390
0.296183
0.326953
0.358697
-0.136720
-0.147223
-0.155154
-0.161306
-0.165976
-0.169306
-0.171408
-0.172369
-0.172269
-0.171167
-0.169115
-0.166150
-0.162305
-0.157604
-0.152066
-0.145704
-0.138529
-0.130548
-0.121768
-0.112190
-0.101819
-0.090654
-0.078697
-0.065948
-0.052408
-0.038077
-0.022957
-0.007049
0.009644
0.027116
0.045363
0.064376
0.084145
0.104655
0.125890
0.147828
0.170443
0.193707
0.217593
0.242078
-0.140348
-0.153705
-0.162531
-0.169381
-0.174703
-0.178687
-0.181465
-0.183149
-0.183828
-0.183583
-0.182473
-0.180552
-0.177860
-0.174435
-0.170303
-0.165490
-0.160015
-0.153894
-0.147142
-0.139770
-0.131789
-0.123207
-0.114035
-0.104278
-0.093945
-0.083043
-0.071580
-0.059564
-0.047005
-0.033911
-0.020295
-0.006171
0.008445
0.023533
0.039066
0.055011
0.071328
0.087961
0.104848
0.121928
-0.143308
-0.160437
-0.170090
-0.177633
-0.183626
-0.188279
-0.191756
-0.194182
-0.195668
-0.196304
-0.196168
-0.195321
-0.193821
-0.191711
-0.189031
-0.185813
-0.182089
-0.177883
-0.173219
-0.168115
-0.162592
-0.156665
-0.150351
-0.143665
-0.136621
-0.129232
-0.121513
-0.113477
-0.105139
-0.096512
-0.087612
-0.078457
-0.069064
-0.059458
-0.049663
-0.039716
-0.029665
-0.019586
-0.009611
0.000001
