-0.003644
-0.003330
-0.002584
-0.001404
0.000265
0.002497
0.005377
0.008989
0.013423
0.018767
0.025109
0.032540
0.041147
0.051018
0.062241
0.074902
0.089085
0.104875
0.122355
0.141606
0.162708
0.185740
0.210779
0.237900
0.267178
0.298685
0.332493
0.368670
0.407286
0.448408
0.492100
0.538430
0.587460
0.639254
0.693874
0.751383
0.811842
0.875313
0.941858
1.011538
-0.003665
-0.003353
-0.002612
-0.001439
0.000219
0.002436
0.005296
0.008884
0.013287
0.018593
0.024891
0.032270
0.040815
0.050616
0.061759
0.074329
0.088410
0.104087
0.121440
0.140553
0.161502
0.184368
0.209226
0.236151
0.265216
0.296495
0.330057
0.365972
0.404307
0.445130
0.488505
0.534498
0.583171
0.634588
0.688811
0.745902
0.805921
0.868930
0.934990
1.004163
-0.003729
-0.003422
-0.002694
-0.001544
0.000081
0.002255
0.005056
0.008570
0.012881
0.018076
0.024240
0.031462
0.039825
0.049416
0.060319
0.072618
0.086395
0.101733
0.118711
0.137408
0.157903
0.180271
0.204588
0.230927
0.259359
0.289955
0.322785
0.357916
0.395414
0.435345
0.477772
0.522759
0.570368
0.620660
0.673697
0.729537
0.788243
0.849873
0.914487
0.982145
-0.003834
-0.003537
-0.002831
-0.001718
-0.000147
0.001953
0.004659
0.008050
0.012209
0.017220
0.023165
0.030127
0.038189
0.047433
0.057941
0.069793
0.083069
0.097847
0.114204
0.132217
0.151961
0.173509
0.196933
0.222304
0.249691
0.279161
0.310783
0.344619
0.380735
0.419194
0.460056
0.503384
0.549236
0.597672
0.648750
0.702529
0.759066
0.818420
0.880646
0.945805
-0.003982
-0.003697
-0.003023
-0.001960
-0.000463
0.001536
0.004108
0.007331
0.011281
0.016037
0.021679
0.028284
0.035930
0.044696
0.054659
0.065894
0.078478
0.092484
0.107985
0.125055
0.143763
0.164179
0.186371
0.210407
0.236352
0.264270
0.294223
0.326275
0.360485
0.396913
0.435617
0.476655
0.520083
0.565958
0.614335
0.665270
0.718816
0.775029
0.833963
0.895673
-0.004171
-0.003903
-0.003267
-0.002269
-0.000865
0.001006
0.003411
0.006421
0.010107
0.014543
0.019802
0.025957
0.033079
0.041243
0.050518
0.060976
0.072687
0.085720
0.100143
0.116023
0.133425
0.152415
0.173055
0.195408
0.219535
0.245495
0.273347
0.303149
0.334956
0.368824
0.404808
0.442960
0.483334
0.525981
0.570953
0.618302
0.668079
0.720333
0.775117
0.832480
-0.004402
-0.004152
-0.003563
-0.002642
-0.001349
0.000370
0.002575
0.005331
0.008703
0.012757
0.017559
0.023177
0.029675
0.037120
0.045576
0.055107
0.065778
0.077652
0.090788
0.105250
0.121096
0.138385
0.157175
0.177523
0.199483
0.223110
0.248457
0.275577
0.304520
0.335337
0.368078
0.402790
0.439522
0.478322
0.519236
0.562311
0.607594
0.655130
0.704966
0.757148
-0.004673
-0.004445
-0.003910
-0.003076
-0.001911
-0.000367
0.001609
0.004073
0.007085
0.010701
0.014980
0.019982
0.025764
0.032385
0.039901
0.048371
0.057849
0.068393
0.080055
0.092891
0.106953
0.122293
0.138962
0.157010
0.176486
0.197438
0.219914
0.243959
0.269619
0.296938
0.325961
0.356730
0.389287
0.423676
0.459937
0.498113
0.538243
0.580369
0.624533
0.670774
-0.004985
-0.004780
-0.004305
-0.003569
-0.002547
-0.001198
0.000523
0.002663
0.005273
0.008401
0.012098
0.016414
0.021399
0.027102
0.033573
0.040860
0.049011
0.058074
0.068096
0.079122
0.091198
0.104368
0.118676
0.134165
0.150876
0.168851
0.188130
0.208753
0.230758
0.254184
0.279069
0.305448
0.333359
0.362838
0.393920
0.426641
0.461037
0.497141
0.534990
0.574620
-0.005335
-0.005157
-0.004747
-0.004118
-0.003250
-0.002113
-0.000671
0.001117
0.003289
0.005887
0.008950
0.012521
0.016639
0.021345
0.026679
0.032680
0.039388
0.046842
0.055080
0.064139
0.074057
0.084868
0.096610
0.109317
0.123023
0.137762
0.153567
0.170470
0.188503
0.207697
0.228083
0.249691
0.272552
0.296693
0.322146
0.348939
0.377100
0.406659
0.437645
0.470086
-0.005724
-0.005574
-0.005233
-0.004718
-0.004016
-0.003106
-0.001960
-0.000548
0.001158
0.003190
0.005578
0.008354
0.011548
0.015191
0.019313
0.023945
0.029116
0.034856
0.041193
0.048156
0.055774
0.064073
0.073081
0.082824
0.093328
0.104620
0.116723
0.129664
0.143465
0.158151
0.173745
0.190270
0.207749
0.226205
0.245660
0.266136
0.287656
0.310241
0.333914
0.358697
-0.006151
-0.006031
-0.005763
-0.005367
-0.004839
-0.004166
-0.003330
-0.002313
-0.001095
0.000344
0.002025
0.003969
0.006195
0.008725
0.011579
0.014777
0.018338
0.022283
0.026631
0.031400
0.036610
0.042279
0.048426
0.055067
0.062221
0.069904
0.078133
0.086926
0.096297
0.106265
0.116843
0.128048
0.139895
0.152399
0.165576
0.179441
0.194008
0.209293
0.225311
0.242077
-0.006615
-0.006525
-0.006332
-0.006060
-0.005711
-0.005283
-0.004768
-0.004158
-0.003444
-0.002616
-0.001664
-0.000578
0.000651
0.002034
0.003581
0.005301
0.007205
0.009301
0.011599
0.014109
0.016839
0.019800
0.022999
0.026445
0.030147
0.034114
0.038354
0.042874
0.047684
0.052791
0.058203
0.063928
0.069974
0.076349
0.083059
0.090114
0.097520
0.105286
0.113420
0.121928
-0.007114
-0.007055
-0.006939
-0.006793
-0.006627
-0.006448
-0.006259
-0.006062
-0.005860
-0.005652
-0.005441
-0.005226
-0.005009
-0.004791
-0.004570
-0.004350
-0.004129
-0.003909
-0.003690
-0.003473
-0.003258
-0.003046
-0.002837
-0.002632
-0.002430
-0.002233
-0.002041
-0.001854
-0.001672
-0.001495
-0.001323
-0.001157
-0.000996
-0.000840
-0.000689
-0.000543
-0.000401
-0.000264
-0.000130
0.000000
-0.007649
-0.007621
-0.007582
-0.007562
-0.007579
-0.007650
-0.007788
-0.008005
-0.008315
-0.008729
-0.009259
-0.009916
-0.010712
-0.011658
-0.012765
-0.014044
-0.015506
-0.017162
-0.019022
-0.021097
-0.023397
-0.025932
-0.028712
-0.031746
-0.035044
-0.038615
-0.042468
-0.046612
-0.051056
-0.055806
-0.060873
-0.066263
-0.071984
-0.078044
-0.084450
-0.091210
-0.098331
-0.105819
-0.113682
-0.121927
-0.008217
-0.008220
-0.008257
-0.008362
-0.008561
-0.008878
-0.009339
-0.009966
-0.010782
-0.011810
-0.013071
-0.014588
-0.016383
-0.018477
-0.020892
-0.023649
-0.026770
-0.030274
-0.034183
-0.038516
-0.043293
-0.048534
-0.054257
-0.060482
-0.067227
-0.074509
-0.082346
-0.090756
-0.099754
-0.109358
-0.119583
-0.130445
-0.141960
-0.154142
-0.167007
-0.180568
-0.194842
-0.209841
-0.225582
-0.242077
-0.008818
-0.008850
-0.008963
-0.009189
-0.009565
-0.010124
-0.010899
-0.011924
-0.013233
-0.014857
-0.016829
-0.019182
-0.021947
-0.025157
-0.028842
-0.033035
-0.037765
-0.043063
-0.048960
-0.055484
-0.062665
-0.070531
-0.079110
-0.088430
-0.098518
-0.109400
-0.121102
-0.133649
-0.147065
-0.161376
-0.176605
-0.192774
-0.209908
-0.228028
-0.247157
-0.267317
-0.288529
-0.310815
-0.334197
-0.358696
-0.009451
-0.009512
-0.009696
-0.010040
-0.010585
-0.011375
-0.012453
-0.013860
-0.015640
-0.017835
-0.020488
-0.023640
-0.027333
-0.031610
-0.036509
-0.042073
-0.048342
-0.055354
-0.063149
-0.071766
-0.081242
-0.091614
-0.102919
-0.115194
-0.128472
-0.142790
-0.158179
-0.174674
-0.192307
-0.211109
-0.231113
-0.252347
-0.274843
-0.298631
-0.323738
-0.350195
-0.378030
-0.407271
-0.437946
-0.470085
-0.010114
-0.010201
-0.010454
-0.010909
-0.011615
-0.012624
-0.013986
-0.015753
-0.017978
-0.020711
-0.024004
-0.027908
-0.032474
-0.037753
-0.043793
-0.050645
-0.058358
-0.066979
-0.076556
-0.087135
-0.098764
-0.111487
-0.125349
-0.140394
-0.156664
-0.174202
-0.193048
-0.213244
-0.234829
-0.257842
-0.282320
-0.308303
-0.335825
-0.364925
-0.395637
-0.427997
-0.462040
-0.497802
-0.535316
-0.574619
-0.010806
-0.010919
-0.011234
-0.011793
-0.012649
-0.013860
-0.015486
-0.017587
-0.020222
-0.023452
-0.027336
-0.031934
-0.037305
-0.043507
-0.050599
-0.058637
-0.067679
-0.077780
-0.088996
-0.101382
-0.114990
-0.129874
-0.146085
-0.163676
-0.182694
-0.203191
-0.225213
-0.248808
-0.274023
-0.300902
-0.329491
-0.359834
-0.391973
-0.425951
-0.461811
-0.499593
-0.539340
-0.581092
-0.624889
-0.670774
-0.011526
-0.011661
-0.012034
-0.012687
-0.013680
-0.015075
-0.016941
-0.019343
-0.022350
-0.026029
-0.030447
-0.035671
-0.041767
-0.048801
-0.056839
-0.065945
-0.076182
-0.087614
-0.100303
-0.114310
-0.129696
-0.146520
-0.164840
-0.184714
-0.206198
-0.229348
-0.254217
-0.280860
-0.309329
-0.339674
-0.371947
-0.406198
-0.442475
-0.480827
-0.521301
-0.563945
-0.608805
-0.655928
-0.705360
-0.757147
-0.012273
-0.012428
-0.012852
-0.013589
-0.014703
-0.016262
-0.018339
-0.021008
-0.024342
-0.028416
-0.033302
-0.039075
-0.045807
-0.053570
-0.062436
-0.072475
-0.083757
-0.096351
-0.110326
-0.125748
-0.142684
-0.161198
-0.181355
-0.203218
-0.226848
-0.252307
-0.279654
-0.308948
-0.340246
-0.373606
-0.409083
-0.446732
-0.486607
-0.528761
-0.573248
-0.620119
-0.669427
-0.721222
-0.775556
-0.832480
-0.013046
-0.013217
-0.013685
-0.014495
-0.015713
-0.017413
-0.019671
-0.022567
-0.026180
-0.030589
-0.035873
-0.042110
-0.049379
-0.057757
-0.067321
-0.078147
-0.090308
-0.103880
-0.118935
-0.135545
-0.153781
-0.173712
-0.195408
-0.218936
-0.244362
-0.271752
-0.301169
-0.332678
-0.366341
-0.402218
-0.440370
-0.480856
-0.523736
-0.569066
-0.616903
-0.667305
-0.720328
-0.776026
-0.834456
-0.895673
-0.013844
-0.014027
-0.014531
-0.015401
-0.016706
-0.018521
-0.020928
-0.024009
-0.027848
-0.032528
-0.038132
-0.044744
-0.052444
-0.061316
-0.071438
-0.082892
-0.095755
-0.110106
-0.126020
-0.143574
-0.162842
-0.183897
-0.206811
-0.231656
-0.258502
-0.287417
-0.318469
-0.351725
-0.387251
-0.425111
-0.465370
-0.508091
-0.553335
-0.601165
-0.651640
-0.704823
-0.760771
-0.819545
-0.881203
-0.945805
-0.014666
-0.014857
-0.015389
-0.016306
-0.017678
-0.019583
-0.022103
-0.025325
-0.029334
-0.034217
-0.040061
-0.046951
-0.054971
-0.064207
-0.074742
-0.086657
-0.100034
-0.114954
-0.131496
-0.149737
-0.169754
-0.191624
-0.215420
-0.241216
-0.269085
-0.299097
-0.331322
-0.365832
-0.402692
-0.441972
-0.483738
-0.528055
-0.574989
-0.624605
-0.676966
-0.732135
-0.790175
-0.851149
-0.915118
-0.982145
-0.015510
-0.015705
-0.016255
-0.017207
-0.018626
-0.020593
-0.023191
-0.026506
-0.030629
-0.035645
-0.041644
-0.048712
-0.056937
-0.066404
-0.077198
-0.089403
-0.103101
-0.118373
-0.135301
-0.153964
-0.174438
-0.196802
-0.221131
-0.247499
-0.275979
-0.306645
-0.339568
-0.374818
-0.412465
-0.452579
-0.495229
-0.540481
-0.588403
-0.639063
-0.692525
-0.748856
-0.808121
-0.870385
-0.935710
-1.004163
-0.016376
-0.016569
-0.017129
-0.018101
-0.019548
-0.021549
-0.024187
-0.027549
-0.031725
-0.036803
-0.042871
-0.050017
-0.058328
-0.067890
-0.078788
-0.091106
-0.104926
-0.120331
-0.137400
-0.156213
-0.176847
-0.199379
-0.223884
-0.250438
-0.279112
-0.309979
-0.343112
-0.378581
-0.416456
-0.456807
-0.499703
-0.545213
-0.593406
-0.644349
-0.698111
-0.754759
-0.814359
-0.876979
-0.942683
-1.011538
-0.017263
-0.017448
-0.018009
-0.018987
-0.020441
-0.022448
-0.025089
-0.028451
-0.032621
-0.037688
-0.043739
-0.050860
-0.059138
-0.068658
-0.079503
-0.091758
-0.105502
-0.120817
-0.137781
-0.156473
-0.176967
-0.199341
-0.223666
-0.250017
-0.278465
-0.309082
-0.341936
-0.377099
-0.414639
-0.454626
-0.497128
-0.542214
-0.589954
-0.640415
-0.693666
-0.749776
-0.808813
-0.870845
-0.935940
-1.004163
-0.018171
-0.018341
-0.018894
-0.019864
-0.021305
-0.023290
-0.025897
-0.029211
-0.033317
-0.038301
-0.044248
-0.051243
-0.059370
-0.068712
-0.079351
-0.091366
-0.104838
-0.119844
-0.136460
-0.154761
-0.174822
-0.196713
-0.220507
-0.246274
-0.274082
-0.303999
-0.336093
-0.370431
-0.407081
-0.446108
-0.487581
-0.531567
-0.578134
-0.627350
-0.679285
-0.734006
-0.791584
-0.852088
-0.915586
-0.982145
-0.019099
-0.019246
-0.019781
-0.020730
-0.022139
-0.024074
-0.026611
-0.029831
-0.033814
-0.038645
-0.044405
-0.051175
-0.059037
-0.068069
-0.078349
-0.089955
-0.102962
-0.117445
-0.133476
-0.151126
-0.170465
-0.191562
-0.214482
-0.239293
-0.266058
-0.294842
-0.325708
-0.358718
-0.393937
-0.431426
-0.471251
-0.513475
-0.558166
-0.605390
-0.655216
-0.707712
-0.762949
-0.820997
-0.881926
-0.945805
-0.020047
-0.020161
-0.020670
-0.021586
-0.022944
-0.024803
-0.027235
-0.030315
-0.034121
-0.038731
-0.044223
-0.050673
-0.058157
-0.066751
-0.076529
-0.087561
-0.099920
-0.113675
-0.128894
-0.145643
-0.163986
-0.183988
-0.205709
-0.229209
-0.254549
-0.281786
-0.310977
-0.342179
-0.375451
-0.410849
-0.448433
-0.488263
-0.530401
-0.574912
-0.621863
-0.671323
-0.723362
-0.778052
-0.835465
-0.895673
-0.021015
-0.021086
-0.021559
-0.022430
-0.023719
-0.025478
-0.027772
-0.030670
-0.034246
-0.038571
-0.043717
-0.049757
-0.056760
-0.064796
-0.073933
-0.084237
-0.095775
-0.108609
-0.122802
-0.138414
-0.155504
-0.174129
-0.194344
-0.216204
-0.239760
-0.265063
-0.292163
-0.321110
-0.351954
-0.384744
-0.419532
-0.456372
-0.495320
-0.536436
-0.579784
-0.625431
-0.673449
-0.723913
-0.776898
-0.832480
-0.022005
-0.022017
-0.022448
-0.023263
-0.024467
-0.026102
-0.028227
-0.030905
-0.034201
-0.038181
-0.042911
-0.048457
-0.054881
-0.062246
-0.070616
-0.080048
-0.090603
-0.102337
-0.115307
-0.129566
-0.145165
-0.162155
-0.180585
-0.200500
-0.221944
-0.244961
-0.269593
-0.295878
-0.323857
-0.353570
-0.385057
-0.418364
-0.453536
-0.490625
-0.529689
-0.570795
-0.614013
-0.659422
-0.707106
-0.757148
-0.023017
-0.022952
-0.023334
-0.024085
-0.025190
-0.026681
-0.028608
-0.031029
-0.034000
-0.037581
-0.041831
-0.046805
-0.052562
-0.059156
-0.066641
-0.075072
-0.084498
-0.094971
-0.106539
-0.119248
-0.133143
-0.148266
-0.164658
-0.182358
-0.201400
-0.221820
-0.243648
-0.266913
-0.291645
-0.317870
-0.345616
-0.374911
-0.405788
-0.438287
-0.472453
-0.508344
-0.546033
-0.585603
-0.627150
-0.670775
-0.024055
-0.023887
-0.024217
-0.024897
-0.025889
-0.027218
-0.028923
-0.031054
-0.033662
-0.036795
-0.040506
-0.044841
-0.049852
-0.055583
-0.062083
-0.069396
-0.077565
-0.086634
-0.096643
-0.107630
-0.119632
-0.132686
-0.146822
-0.162071
-0.178461
-0.196016
-0.214757
-0.234703
-0.255868
-0.278265
-0.301903
-0.326794
-0.352947
-0.380379
-0.409115
-0.439196
-0.470686
-0.503673
-0.538272
-0.574620
-0.025122
-0.024820
-0.025096
-0.025699
-0.026569
-0.027719
-0.029181
-0.030995
-0.033204
-0.035849
-0.038970
-0.042609
-0.046805
-0.051597
-0.057023
-0.063119
-0.069921
-0.077463
-0.085778
-0.094897
-0.104849
-0.115660
-0.127357
-0.139960
-0.153490
-0.167961
-0.183386
-0.199772
-0.217122
-0.235430
-0.254690
-0.274886
-0.295999
-0.318011
-0.340907
-0.364688
-0.389386
-0.415080
-0.441912
-0.470086
-0.026225
-0.025745
-0.025969
-0.026494
-0.027233
-0.028191
-0.029392
-0.030867
-0.032648
-0.034769
-0.037261
-0.040154
-0.043481
-0.047269
-0.051549
-0.056347
-0.061692
-0.067607
-0.074119
-0.081250
-0.089021
-0.097453
-0.106562
-0.116363
-0.126869
-0.138088
-0.150023
-0.162673
-0.176031
-0.190079
-0.204790
-0.220126
-0.236033
-0.252442
-0.269275
-0.286447
-0.303900
-0.321635
-0.339790
-0.358697
-0.027371
-0.026652
-0.026836
-0.027282
-0.027885
-0.028641
-0.029566
-0.030684
-0.032016
-0.033587
-0.035417
-0.037528
-0.039941
-0.042677
-0.045755
-0.049193
-0.053010
-0.057223
-0.061847
-0.066899
-0.072392
-0.078338
-0.084748
-0.091632
-0.098994
-0.106838
-0.115163
-0.123962
-0.133222
-0.142920
-0.153019
-0.163464
-0.174175
-0.185035
-0.195881
-0.206490
-0.216583
-0.225875
-0.234235
-0.242078
-0.028572
-0.027533
-0.027696
-0.028066
-0.028529
-0.029075
-0.029716
-0.030464
-0.031332
-0.032333
-0.033479
-0.034782
-0.036253
-0.037902
-0.039739
-0.041774
-0.044015
-0.046472
-0.049152
-0.052063
-0.055210
-0.058600
-0.062238
-0.066126
-0.070266
-0.074658
-0.079299
-0.084182
-0.089295
-0.094620
-0.100125
-0.105763
-0.111459
-0.117092
-0.122462
-0.127228
-0.130796
-0.132138
-0.129642
-0.121928
-0.029845
-0.028371
-0.028550
-0.028848
-0.029169
-0.029503
-0.029854
-0.030224
-0.030619
-0.031041
-0.031491
-0.031971
-0.032483
-0.033026
-0.033602
-0.034210
-0.034851
-0.035524
-0.036228
-0.036965
-0.037732
-0.038529
-0.039354
-0.040207
-0.041086
-0.041988
-0.042912
-0.043853
-0.044808
-0.045770
-0.046731
-0.047680
-0.048599
-0.049459
-0.050209
-0.050742
-0.050754
-0.049096
-0.040577
-0.000001
