-0.613016
-0.608323
-0.598374
-0.584901
-0.568777
-0.550500
-0.530384
-0.508636
-0.485398
-0.460768
-0.434810
-0.407564
-0.379053
-0.349281
-0.318243
-0.285922
-0.252291
-0.217317
-0.180960
-0.143174
-0.103909
-0.063110
-0.020719
0.023327
0.069093
0.116645
0.166054
0.217389
0.270726
0.326138
0.383701
0.443492
0.505589
0.570072
0.637019
0.706510
0.778626
0.853449
0.931059
1.011538
-0.613262
-0.608579
-0.598651
-0.585208
-0.569116
-0.550876
-0.530800
-0.509096
-0.485907
-0.461329
-0.435429
-0.408247
-0.379805
-0.350110
-0.319156
-0.286926
-0.253396
-0.218532
-0.182296
-0.144641
-0.105519
-0.064875
-0.022651
0.021214
0.066784
0.114126
0.163308
0.214402
0.267480
0.322615
0.379884
0.439362
0.501128
0.565258
0.631832
0.700930
0.772631
0.847017
0.924167
1.004163
-0.613999
-0.609347
-0.599484
-0.586125
-0.570132
-0.552002
-0.532047
-0.510475
-0.487430
-0.463011
-0.437283
-0.410291
-0.382057
-0.352590
-0.321886
-0.289931
-0.256702
-0.222167
-0.186290
-0.149027
-0.110331
-0.070149
-0.028426
0.014898
0.059885
0.106599
0.155107
0.205479
0.257784
0.312095
0.368486
0.427031
0.487805
0.550884
0.616347
0.684271
0.754734
0.827814
0.903591
0.982145
-0.615225
-0.610625
-0.600870
-0.587651
-0.571822
-0.553874
-0.534120
-0.512768
-0.489963
-0.465805
-0.440364
-0.413684
-0.385794
-0.356704
-0.326414
-0.294912
-0.262179
-0.228187
-0.192902
-0.156285
-0.118291
-0.078872
-0.037975
0.004457
0.048482
0.094160
0.141557
0.190738
0.241770
0.294721
0.349664
0.406668
0.465808
0.527155
0.590784
0.656771
0.725190
0.796118
0.869631
0.945805
-0.616936
-0.612410
-0.602805
-0.589782
-0.574181
-0.556488
-0.537014
-0.515967
-0.493494
-0.469698
-0.444653
-0.418407
-0.390992
-0.362423
-0.332703
-0.301827
-0.269779
-0.236535
-0.202068
-0.166341
-0.129315
-0.090946
-0.051186
-0.009984
0.032715
0.076968
0.122834
0.170373
0.219650
0.270729
0.323676
0.378559
0.435445
0.494405
0.555508
0.618825
0.684428
0.752389
0.822779
0.895673
-0.619129
-0.614697
-0.605284
-0.592512
-0.577203
-0.559836
-0.540718
-0.520059
-0.498008
-0.474673
-0.450129
-0.424433
-0.397618
-0.369706
-0.340707
-0.310620
-0.279435
-0.247134
-0.213695
-0.179089
-0.143282
-0.106235
-0.067906
-0.028250
0.012781
0.055239
0.099178
0.144653
0.191722
0.240444
0.290880
0.343092
0.397143
0.453097
0.511020
0.570976
0.633033
0.697258
0.763718
0.832480
-0.621797
-0.617480
-0.608301
-0.595835
-0.580881
-0.563907
-0.545220
-0.525030
-0.503488
-0.480705
-0.456765
-0.431726
-0.405630
-0.378505
-0.350366
-0.321220
-0.291063
-0.259886
-0.227672
-0.194400
-0.160042
-0.124568
-0.087942
-0.050125
-0.011077
0.029247
0.070895
0.113915
0.158358
0.204276
0.251725
0.300760
0.351437
0.403815
0.457953
0.513910
0.571747
0.631524
0.693304
0.757148
-0.624933
-0.620751
-0.611849
-0.599742
-0.585203
-0.568691
-0.550507
-0.530861
-0.509910
-0.487770
-0.464526
-0.440246
-0.414979
-0.388758
-0.361608
-0.333542
-0.304565
-0.274675
-0.243864
-0.212118
-0.179418
-0.145742
-0.111063
-0.075349
-0.038568
-0.000682
0.038346
0.078559
0.120000
0.162713
0.206747
0.252148
0.298967
0.347255
0.397062
0.448443
0.501450
0.556138
0.612561
0.670774
-0.628529
-0.624503
-0.615918
-0.604223
-0.590160
-0.574173
-0.556561
-0.537534
-0.517252
-0.495834
-0.473375
-0.449948
-0.425608
-0.400399
-0.374353
-0.347490
-0.319826
-0.291368
-0.262116
-0.232065
-0.201207
-0.169527
-0.137007
-0.103625
-0.069358
-0.034178
0.001946
0.039045
0.077156
0.116314
0.156558
0.197927
0.240464
0.284211
0.329211
0.375511
0.423154
0.472189
0.522661
0.574620
-0.632574
-0.628724
-0.620498
-0.609266
-0.595737
-0.580339
-0.563364
-0.545025
-0.525483
-0.504865
-0.483270
-0.460779
-0.437456
-0.413353
-0.388510
-0.362959
-0.336723
-0.309820
-0.282259
-0.254047
-0.225183
-0.195665
-0.165483
-0.134626
-0.103080
-0.070828
-0.037847
-0.004117
0.030389
0.065698
0.101839
0.138843
0.176742
0.215570
0.255362
0.296155
0.337985
0.380891
0.424911
0.470086
-0.637058
-0.633405
-0.625578
-0.614861
-0.601921
-0.587171
-0.570897
-0.553310
-0.534575
-0.514825
-0.494165
-0.472684
-0.450455
-0.427538
-0.403984
-0.379833
-0.355121
-0.329873
-0.304111
-0.277852
-0.251105
-0.223879
-0.196177
-0.167996
-0.139334
-0.110184
-0.080535
-0.050375
-0.019690
0.011539
0.043330
0.075704
0.108683
0.142293
0.176559
0.211506
0.247165
0.283562
0.320730
0.358697
-0.641968
-0.638533
-0.631145
-0.620992
-0.608697
-0.594652
-0.579137
-0.562362
-0.544496
-0.525674
-0.506012
-0.485605
-0.464534
-0.442870
-0.420673
-0.397993
-0.374877
-0.351361
-0.327478
-0.303256
-0.278717
-0.253879
-0.228756
-0.203360
-0.177698
-0.151775
-0.125590
-0.099144
-0.072432
-0.045449
-0.018184
0.009371
0.037229
0.065404
0.093912
0.122770
0.151995
0.181608
0.211628
0.242077
-0.647290
-0.644094
-0.637186
-0.627646
-0.616048
-0.602763
-0.588062
-0.572154
-0.555210
-0.537372
-0.518761
-0.499481
-0.479621
-0.459261
-0.438471
-0.417314
-0.395845
-0.374113
-0.352161
-0.330030
-0.307752
-0.285359
-0.262877
-0.240329
-0.217733
-0.195107
-0.172464
-0.149814
-0.127164
-0.104520
-0.081884
-0.059258
-0.036641
-0.014028
0.008586
0.031205
0.053839
0.076497
0.099190
0.121928
-0.653010
-0.650074
-0.643685
-0.634806
-0.623956
-0.611483
-0.597648
-0.582657
-0.566685
-0.549877
-0.532362
-0.514250
-0.495640
-0.476621
-0.457274
-0.437670
-0.417877
-0.397954
-0.377957
-0.357938
-0.337942
-0.318013
-0.298188
-0.278504
-0.258992
-0.239680
-0.220595
-0.201759
-0.183191
-0.164910
-0.146929
-0.129261
-0.111917
-0.094903
-0.078227
-0.061892
-0.045901
-0.030256
-0.014956
0.000000
-0.659111
-0.656456
-0.650627
-0.642456
-0.632404
-0.620792
-0.607870
-0.593842
-0.578884
-0.563146
-0.546762
-0.529850
-0.512518
-0.494862
-0.476974
-0.458935
-0.440824
-0.422712
-0.404666
-0.386748
-0.369018
-0.351531
-0.334339
-0.317488
-0.301024
-0.284989
-0.269419
-0.254352
-0.239819
-0.225849
-0.212470
-0.199707
-0.187580
-0.176110
-0.165314
-0.155208
-0.145805
-0.137117
-0.129155
-0.121927
-0.665574
-0.663223
-0.657995
-0.650579
-0.641372
-0.630668
-0.618703
-0.605680
-0.591773
-0.577138
-0.561912
-0.546221
-0.530181
-0.513897
-0.497468
-0.480988
-0.464543
-0.448217
-0.432088
-0.416231
-0.400717
-0.385614
-0.370984
-0.356890
-0.343389
-0.330535
-0.318380
-0.306971
-0.296355
-0.286573
-0.277665
-0.269668
-0.262616
-0.256540
-0.251470
-0.247433
-0.244453
-0.242553
-0.241755
-0.242077
-0.672382
-0.670358
-0.665772
-0.659156
-0.650842
-0.641089
-0.630123
-0.618141
-0.605317
-0.591809
-0.577761
-0.563304
-0.548559
-0.533641
-0.518657
-0.503709
-0.488896
-0.474308
-0.460038
-0.446169
-0.432787
-0.419969
-0.407793
-0.396333
-0.385659
-0.375838
-0.366935
-0.359012
-0.352127
-0.346336
-0.341690
-0.338239
-0.336031
-0.335107
-0.335511
-0.337279
-0.340449
-0.345055
-0.351127
-0.358696
-0.679513
-0.677842
-0.673938
-0.668170
-0.660792
-0.652034
-0.642104
-0.631195
-0.619481
-0.607122
-0.594263
-0.581042
-0.567587
-0.554017
-0.540448
-0.526991
-0.513752
-0.500834
-0.488337
-0.476357
-0.464990
-0.454325
-0.444453
-0.435460
-0.427429
-0.420441
-0.414573
-0.409900
-0.406495
-0.404425
-0.403756
-0.404550
-0.406867
-0.410763
-0.416291
-0.423502
-0.432443
-0.443159
-0.455693
-0.470085
-0.686945
-0.685652
-0.682475
-0.677600
-0.671203
-0.663479
-0.654622
-0.644816
-0.634234
-0.623037
-0.611374
-0.599384
-0.587201
-0.574951
-0.562756
-0.550733
-0.538996
-0.527658
-0.516826
-0.506609
-0.497110
-0.488433
-0.480679
-0.473945
-0.468328
-0.463921
-0.460815
-0.459098
-0.458856
-0.460170
-0.463120
-0.467779
-0.474222
-0.482516
-0.492727
-0.504918
-0.519147
-0.535472
-0.553946
-0.574619
-0.694655
-0.693768
-0.691363
-0.687427
-0.682055
-0.675404
-0.667651
-0.658974
-0.649543
-0.639519
-0.629050
-0.618281
-0.607348
-0.596380
-0.585505
-0.574846
-0.564524
-0.554658
-0.545365
-0.536760
-0.528958
-0.522073
-0.516215
-0.511495
-0.508020
-0.505897
-0.505230
-0.506120
-0.508665
-0.512961
-0.519100
-0.527171
-0.537258
-0.549445
-0.563808
-0.580424
-0.599362
-0.620691
-0.644474
-0.670774
-0.702617
-0.702168
-0.700581
-0.697631
-0.693327
-0.687785
-0.681168
-0.673645
-0.665380
-0.656534
-0.647257
-0.637692
-0.627977
-0.618247
-0.608630
-0.599256
-0.590248
-0.581733
-0.573833
-0.566672
-0.560373
-0.555057
-0.550846
-0.547860
-0.546220
-0.546042
-0.547444
-0.550540
-0.555440
-0.562255
-0.571090
-0.582047
-0.595225
-0.610719
-0.628620
-0.649016
-0.671989
-0.697619
-0.725981
-0.757147
-0.710802
-0.710827
-0.710107
-0.708193
-0.704998
-0.700603
-0.695151
-0.688802
-0.681717
-0.674053
-0.665959
-0.657578
-0.649048
-0.640505
-0.632079
-0.623901
-0.616100
-0.608803
-0.602139
-0.596238
-0.591228
-0.587238
-0.584400
-0.582842
-0.582694
-0.584087
-0.587147
-0.592001
-0.598775
-0.607591
-0.618568
-0.631822
-0.647467
-0.665610
-0.686356
-0.709805
-0.736053
-0.765191
-0.797306
-0.832480
-0.719183
-0.719720
-0.719922
-0.719091
-0.717048
-0.713835
-0.709576
-0.704422
-0.698529
-0.692049
-0.685128
-0.677909
-0.670528
-0.663118
-0.655812
-0.648739
-0.642028
-0.635811
-0.630218
-0.625381
-0.621434
-0.618513
-0.616754
-0.616294
-0.617272
-0.619828
-0.624101
-0.630230
-0.638351
-0.648601
-0.661114
-0.676018
-0.693442
-0.713508
-0.736334
-0.762034
-0.790717
-0.822487
-0.857441
-0.895673
-0.727726
-0.728822
-0.730003
-0.730307
-0.729458
-0.727461
-0.724422
-0.720483
-0.715792
-0.710497
-0.704741
-0.698661
-0.692391
-0.686061
-0.679802
-0.673740
-0.668005
-0.662726
-0.658033
-0.654061
-0.650945
-0.648824
-0.647838
-0.648132
-0.649851
-0.653142
-0.658156
-0.665041
-0.673947
-0.685024
-0.698418
-0.714274
-0.732734
-0.753936
-0.778012
-0.805092
-0.835297
-0.868744
-0.905545
-0.945805
-0.736396
-0.738104
-0.740327
-0.741818
-0.742207
-0.741461
-0.739670
-0.736965
-0.733487
-0.729379
-0.724777
-0.719814
-0.714620
-0.709319
-0.704037
-0.698896
-0.694023
-0.689542
-0.685582
-0.682276
-0.679757
-0.678165
-0.677643
-0.678338
-0.680400
-0.683984
-0.689248
-0.696349
-0.705450
-0.716711
-0.730295
-0.746360
-0.765065
-0.786562
-0.811000
-0.838525
-0.869274
-0.903378
-0.940962
-0.982145
-0.745156
-0.747541
-0.750874
-0.753607
-0.755277
-0.755816
-0.755299
-0.753847
-0.751594
-0.748676
-0.745221
-0.741358
-0.737207
-0.732887
-0.728517
-0.724214
-0.720095
-0.716280
-0.712892
-0.710059
-0.707910
-0.706583
-0.706219
-0.706964
-0.708973
-0.712401
-0.717414
-0.724178
-0.732863
-0.743644
-0.756696
-0.772192
-0.790308
-0.811213
-0.835075
-0.862056
-0.892311
-0.925988
-0.963228
-1.004163
-0.753962
-0.757102
-0.761621
-0.765653
-0.768647
-0.770506
-0.771291
-0.771113
-0.770098
-0.768374
-0.766063
-0.763284
-0.760150
-0.756772
-0.753258
-0.749716
-0.746255
-0.742986
-0.740023
-0.737484
-0.735493
-0.734180
-0.733680
-0.734137
-0.735702
-0.738534
-0.742798
-0.748668
-0.756321
-0.765943
-0.777720
-0.791843
-0.808504
-0.827892
-0.850194
-0.875592
-0.904262
-0.936372
-0.972081
-1.011538
-0.762768
-0.766758
-0.772547
-0.777938
-0.782301
-0.785514
-0.787628
-0.788745
-0.788982
-0.788461
-0.787294
-0.785591
-0.783455
-0.780987
-0.778284
-0.775442
-0.772559
-0.769733
-0.767065
-0.764664
-0.762639
-0.761111
-0.760205
-0.760058
-0.760813
-0.762625
-0.765658
-0.770088
-0.776096
-0.783877
-0.793629
-0.805559
-0.819874
-0.836787
-0.856506
-0.879237
-0.905182
-0.934532
-0.967469
-1.004163
-0.771521
-0.776480
-0.783632
-0.790443
-0.796219
-0.800822
-0.804293
-0.806727
-0.808235
-0.808928
-0.808910
-0.808282
-0.807134
-0.805556
-0.803632
-0.801445
-0.799077
-0.796613
-0.794138
-0.791744
-0.789526
-0.787587
-0.786040
-0.785006
-0.784618
-0.785020
-0.786370
-0.788839
-0.792611
-0.797883
-0.804864
-0.813773
-0.824838
-0.838293
-0.854373
-0.873313
-0.895343
-0.920687
-0.949555
-0.982145
-0.780160
-0.786238
-0.794856
-0.803152
-0.810385
-0.816412
-0.821268
-0.825044
-0.827843
-0.829766
-0.830910
-0.831362
-0.831203
-0.830508
-0.829347
-0.827789
-0.825898
-0.823742
-0.821387
-0.818904
-0.816371
-0.813869
-0.811490
-0.809336
-0.807522
-0.806174
-0.805436
-0.805469
-0.806451
-0.808576
-0.812060
-0.817132
-0.824038
-0.833035
-0.844389
-0.858371
-0.875247
-0.895280
-0.918722
-0.945805
-0.788616
-0.796004
-0.806202
-0.816047
-0.824781
-0.832266
-0.838538
-0.843681
-0.847794
-0.850969
-0.853291
-0.854839
-0.855680
-0.855876
-0.855481
-0.854547
-0.853121
-0.851248
-0.848976
-0.846352
-0.843429
-0.840263
-0.836920
-0.833476
-0.830017
-0.826647
-0.823486
-0.820674
-0.818372
-0.816767
-0.816069
-0.816515
-0.818363
-0.821896
-0.827412
-0.835224
-0.845647
-0.858996
-0.875576
-0.895673
-0.796808
-0.805751
-0.817656
-0.829113
-0.839392
-0.848369
-0.856085
-0.862625
-0.868077
-0.872528
-0.876055
-0.878723
-0.880588
-0.881697
-0.882089
-0.881798
-0.880851
-0.879273
-0.877087
-0.874316
-0.870982
-0.867114
-0.862744
-0.857915
-0.852679
-0.847105
-0.841277
-0.835303
-0.829317
-0.823480
-0.817988
-0.813071
-0.808995
-0.806062
-0.804605
-0.804985
-0.807581
-0.812778
-0.820957
-0.832480
-0.804640
-0.815458
-0.829204
-0.842338
-0.854201
-0.864703
-0.873895
-0.881858
-0.888680
-0.894438
-0.899200
-0.903021
-0.905945
-0.908005
-0.909225
-0.909620
-0.909199
-0.907962
-0.905909
-0.903035
-0.899331
-0.894792
-0.889414
-0.883198
-0.876155
-0.868306
-0.859689
-0.850365
-0.840419
-0.829973
-0.819186
-0.808262
-0.797459
-0.787085
-0.777505
-0.769134
-0.762429
-0.757871
-0.755952
-0.757148
-0.811995
-0.825108
-0.840838
-0.855708
-0.869192
-0.881252
-0.891948
-0.901367
-0.909590
-0.916690
-0.922725
-0.927741
-0.931772
-0.934836
-0.936944
-0.938092
-0.938270
-0.937459
-0.935631
-0.932752
-0.928783
-0.923682
-0.917404
-0.909905
-0.901144
-0.891086
-0.879710
-0.867010
-0.853006
-0.837749
-0.821334
-0.803912
-0.785696
-0.766978
-0.748135
-0.729630
-0.712010
-0.695891
-0.681927
-0.670775
-0.818734
-0.834697
-0.852555
-0.869211
-0.884351
-0.897997
-0.910229
-0.921135
-0.930793
-0.939272
-0.946624
-0.952887
-0.958081
-0.962218
-0.965290
-0.967283
-0.968166
-0.967899
-0.966431
-0.963701
-0.959639
-0.954164
-0.947191
-0.938626
-0.928373
-0.916333
-0.902410
-0.886517
-0.868582
-0.848558
-0.826437
-0.802266
-0.776165
-0.748354
-0.719170
-0.689097
-0.658769
-0.628971
-0.600602
-0.574620
-0.824679
-0.844233
-0.864355
-0.882838
-0.899662
-0.914922
-0.928719
-0.941143
-0.952273
-0.962174
-0.970891
-0.978456
-0.984883
-0.990171
-0.994303
-0.997251
-0.998969
-0.999399
-0.998469
-0.996093
-0.992173
-0.986593
-0.979227
-0.969934
-0.958560
-0.944938
-0.928891
-0.910237
-0.888791
-0.864376
-0.836833
-0.806044
-0.771956
-0.734616
-0.694221
-0.651173
-0.606131
-0.560059
-0.514217
-0.470086
-0.829612
-0.853753
-0.876244
-0.896579
-0.915109
-0.932008
-0.947398
-0.961372
-0.974012
-0.985378
-0.995513
-1.004444
-1.012178
-1.018707
-1.024007
-1.028039
-1.030745
-1.032053
-1.031875
-1.030105
-1.026620
-1.021276
-1.013912
-1.004343
-0.992364
-0.977743
-0.960224
-0.939524
-0.915334
-0.887323
-0.855142
-0.818439
-0.776881
-0.730197
-0.678242
-0.621101
-0.559225
-0.493612
-0.425960
-0.358697
-0.833249
-0.863328
-0.888233
-0.910425
-0.930676
-0.949237
-0.966245
-0.981803
-0.995990
-1.008866
-1.020474
-1.030836
-1.039958
-1.047826
-1.054413
-1.059670
-1.063535
-1.065925
-1.066742
-1.065865
-1.063156
-1.058450
-1.051560
-1.042270
-1.030333
-1.015467
-0.997348
-0.975607
-0.949819
-0.919500
-0.884097
-0.842981
-0.795450
-0.740740
-0.678070
-0.606747
-0.526382
-0.437302
-0.341218
-0.242078
-0.835228
-0.873081
-0.900336
-0.924364
-0.946345
-0.966586
-0.985239
-1.002411
-1.018182
-1.032615
-1.045752
-1.057614
-1.068207
-1.077516
-1.085512
-1.092146
-1.097350
-1.101041
-1.103114
-1.103443
-1.101883
-1.098259
-1.092372
-1.083990
-1.072845
-1.058623
-1.040963
-1.019438
-0.993550
-0.962702
-0.926183
-0.883126
-0.832468
-0.772890
-0.702738
-0.619962
-0.522113
-0.406635
-0.272071
-0.121928
-0.835073
-0.883219
-0.912562
-0.938384
-0.962097
-0.984035
-1.004356
-1.023171
-1.040563
-1.056598
-1.071318
-1.084748
-1.096896
-1.107750
-1.117281
-1.125443
-1.132173
-1.137387
-1.140984
-1.142843
-1.142818
-1.140741
-1.136414
-1.129607
-1.120053
-1.107442
-1.091407
-1.071519
-1.047266
-1.018031
-0.983062
-0.941419
-0.891903
-0.832927
-0.762300
-0.676809
-0.571378
-0.437263
-0.258000
-0.000001
