-0.000930
-0.001157
-0.001728
-0.002678
-0.004082
-0.006025
-0.008597
-0.011892
-0.016000
-0.021017
-0.027033
-0.034143
-0.042436
-0.052005
-0.062939
-0.075326
-0.089254
-0.104808
-0.122073
-0.141132
-0.162065
-0.184953
-0.209871
-0.236897
-0.266104
-0.297564
-0.331348
-0.367524
-0.406160
-0.447322
-0.491073
-0.537478
-0.586598
-0.638495
-0.693228
-0.750859
-0.811446
-0.875048
-0.941726
-1.011538
-0.000928
-0.001153
-0.001720
-0.002663
-0.004057
-0.005985
-0.008539
-0.011809
-0.015887
-0.020867
-0.026840
-0.033897
-0.042130
-0.051629
-0.062483
-0.074779
-0.088605
-0.104046
-0.121185
-0.140105
-0.160886
-0.183606
-0.208343
-0.235171
-0.264165
-0.295396
-0.328933
-0.364845
-0.403200
-0.444061
-0.487494
-0.533560
-0.582322
-0.633840
-0.688174
-0.745384
-0.805529
-0.868668
-0.934860
-1.004163
-0.000923
-0.001142
-0.001696
-0.002618
-0.003981
-0.005867
-0.008364
-0.011562
-0.015550
-0.020420
-0.026261
-0.033163
-0.041215
-0.050505
-0.061120
-0.073147
-0.086669
-0.101771
-0.118534
-0.137038
-0.157363
-0.179584
-0.203778
-0.230018
-0.258376
-0.288922
-0.321723
-0.356848
-0.394361
-0.434326
-0.476806
-0.521862
-0.569554
-0.619943
-0.673085
-0.729041
-0.787867
-0.849621
-0.914361
-0.982145
-0.000913
-0.001125
-0.001657
-0.002545
-0.003856
-0.005671
-0.008075
-0.011154
-0.014994
-0.019682
-0.025306
-0.031952
-0.039705
-0.048651
-0.058872
-0.070453
-0.083474
-0.098016
-0.114158
-0.131977
-0.151549
-0.172947
-0.196246
-0.221514
-0.248822
-0.278237
-0.309824
-0.343649
-0.379773
-0.418259
-0.459167
-0.502555
-0.548483
-0.597006
-0.648182
-0.702067
-0.758716
-0.818185
-0.880530
-0.945805
-0.000900
-0.001100
-0.001604
-0.002444
-0.003684
-0.005402
-0.007677
-0.010591
-0.014226
-0.018665
-0.023989
-0.030281
-0.037622
-0.046092
-0.055771
-0.066736
-0.079066
-0.092836
-0.108122
-0.124995
-0.143528
-0.163792
-0.185854
-0.209782
-0.235642
-0.263497
-0.293409
-0.325440
-0.359649
-0.396095
-0.434833
-0.475921
-0.519414
-0.565365
-0.613828
-0.664856
-0.718502
-0.774819
-0.833858
-0.895673
-0.000885
-0.001070
-0.001537
-0.002316
-0.003468
-0.005063
-0.007176
-0.009882
-0.013259
-0.017383
-0.022330
-0.028176
-0.034997
-0.042868
-0.051862
-0.062052
-0.073510
-0.086307
-0.100513
-0.116194
-0.133418
-0.152251
-0.172756
-0.194994
-0.219028
-0.244917
-0.272718
-0.302488
-0.334282
-0.368156
-0.404160
-0.442349
-0.482772
-0.525480
-0.570523
-0.617950
-0.667811
-0.720153
-0.775027
-0.832480
-0.000866
-0.001034
-0.001458
-0.002165
-0.003210
-0.004659
-0.006578
-0.009038
-0.012106
-0.015855
-0.020352
-0.025667
-0.031868
-0.039024
-0.047202
-0.056468
-0.066888
-0.078525
-0.091442
-0.105703
-0.121367
-0.138494
-0.157141
-0.177366
-0.199223
-0.222768
-0.248052
-0.275126
-0.304043
-0.334849
-0.367595
-0.402327
-0.439091
-0.477933
-0.518900
-0.562034
-0.607382
-0.654987
-0.704894
-0.757148
-0.000846
-0.000994
-0.001368
-0.001992
-0.002916
-0.004196
-0.005894
-0.008070
-0.010786
-0.014103
-0.018084
-0.022790
-0.028281
-0.034618
-0.041860
-0.050067
-0.059295
-0.069602
-0.081043
-0.093675
-0.107550
-0.122720
-0.139238
-0.157154
-0.176516
-0.197373
-0.219771
-0.243755
-0.269371
-0.296662
-0.325671
-0.356439
-0.389008
-0.423418
-0.459710
-0.497923
-0.538097
-0.580270
-0.624483
-0.670774
-0.000824
-0.000950
-0.001268
-0.001801
-0.002589
-0.003683
-0.005133
-0.006994
-0.009316
-0.012155
-0.015561
-0.019589
-0.024289
-0.029714
-0.035914
-0.042941
-0.050843
-0.059669
-0.069467
-0.080285
-0.092168
-0.105161
-0.119309
-0.134654
-0.151238
-0.169103
-0.188288
-0.208832
-0.230774
-0.254151
-0.278999
-0.305355
-0.333254
-0.362730
-0.393818
-0.426552
-0.460965
-0.497092
-0.534965
-0.574620
-0.000802
-0.000904
-0.001162
-0.001594
-0.002235
-0.003125
-0.004308
-0.005825
-0.007720
-0.010037
-0.012820
-0.016110
-0.019950
-0.024383
-0.029451
-0.035195
-0.041655
-0.048872
-0.056884
-0.065730
-0.075447
-0.086073
-0.097644
-0.110194
-0.123758
-0.138370
-0.154062
-0.170866
-0.188814
-0.207936
-0.228261
-0.249820
-0.272642
-0.296753
-0.322184
-0.348961
-0.377112
-0.406665
-0.437647
-0.470086
-0.000780
-0.000856
-0.001050
-0.001375
-0.001859
-0.002533
-0.003429
-0.004581
-0.006021
-0.007783
-0.009900
-0.012404
-0.015328
-0.018705
-0.022566
-0.026943
-0.031867
-0.037368
-0.043476
-0.050221
-0.057631
-0.065734
-0.074559
-0.084131
-0.094477
-0.105622
-0.117592
-0.130411
-0.144103
-0.158690
-0.174197
-0.190644
-0.208055
-0.226451
-0.245853
-0.266282
-0.287760
-0.310308
-0.333947
-0.358697
-0.000759
-0.000808
-0.000934
-0.001148
-0.001468
-0.001915
-0.002512
-0.003281
-0.004244
-0.005425
-0.006844
-0.008526
-0.010491
-0.012762
-0.015359
-0.018305
-0.021621
-0.025326
-0.029441
-0.033986
-0.038980
-0.044442
-0.050391
-0.056845
-0.063822
-0.071338
-0.079411
-0.088057
-0.097293
-0.107133
-0.117594
-0.128690
-0.140436
-0.152847
-0.165937
-0.179721
-0.194213
-0.209427
-0.225377
-0.242077
-0.000739
-0.000761
-0.000817
-0.000916
-0.001067
-0.001281
-0.001569
-0.001944
-0.002416
-0.002997
-0.003699
-0.004533
-0.005510
-0.006641
-0.007937
-0.009408
-0.011066
-0.012921
-0.014982
-0.017261
-0.019766
-0.022507
-0.025494
-0.028735
-0.032240
-0.036017
-0.040076
-0.044423
-0.049067
-0.054016
-0.059278
-0.064861
-0.070771
-0.077016
-0.083604
-0.090541
-0.097835
-0.105492
-0.113521
-0.121928
-0.000722
-0.000715
-0.000702
-0.000684
-0.000663
-0.000640
-0.000616
-0.000590
-0.000564
-0.000537
-0.000510
-0.000484
-0.000458
-0.000432
-0.000407
-0.000382
-0.000358
-0.000335
-0.000312
-0.000290
-0.000269
-0.000249
-0.000230
-0.000211
-0.000193
-0.000176
-0.000160
-0.000144
-0.000129
-0.000115
-0.000101
-0.000088
-0.000075
-0.000063
-0.000052
-0.000041
-0.000030
-0.000020
-0.000010
-0.000000
-0.000708
-0.000674
-0.000590
-0.000456
-0.000263
-0.000003
0.000335
0.000760
0.001285
0.001920
0.002675
0.003562
0.004591
0.005773
0.007120
0.008641
0.010347
0.012248
0.014355
0.016677
0.019224
0.022006
0.025032
0.028311
0.031852
0.035664
0.039755
0.044133
0.048808
0.053786
0.059075
0.064684
0.070619
0.076888
0.083499
0.090458
0.097774
0.105452
0.113501
0.121927
-0.000699
-0.000637
-0.000484
-0.000235
0.000127
0.000620
0.001267
0.002087
0.003103
0.004336
0.005810
0.007544
0.009562
0.011884
0.014533
0.017529
0.020892
0.024644
0.028805
0.033394
0.038431
0.043934
0.049922
0.056414
0.063427
0.070978
0.079085
0.087763
0.097029
0.106898
0.117387
0.128509
0.140281
0.152717
0.165831
0.179637
0.194151
0.209386
0.225356
0.242077
-0.000695
-0.000606
-0.000387
-0.000026
0.000500
0.001220
0.002166
0.003369
0.004862
0.006677
0.008847
0.011405
0.014382
0.017811
0.021723
0.026150
0.031123
0.036672
0.042826
0.049615
0.057069
0.065214
0.074078
0.083689
0.094071
0.105252
0.117256
0.130108
0.143831
0.158448
0.173983
0.190458
0.207895
0.226316
0.245742
0.266195
0.287696
0.310266
0.333925
0.358696
-0.000697
-0.000583
-0.000299
0.000168
0.000851
0.001787
0.003019
0.004588
0.006536
0.008907
0.011743
0.015086
0.018980
0.023466
0.028586
0.034380
0.040890
0.048155
0.056213
0.065105
0.074866
0.085535
0.097146
0.109736
0.123338
0.137986
0.153713
0.170551
0.188531
0.207683
0.228039
0.249626
0.272475
0.296613
0.322069
0.348870
0.377045
0.406620
0.437625
0.470085
-0.000705
-0.000568
-0.000224
0.000343
0.001172
0.002312
0.003812
0.005724
0.008100
0.010992
0.014453
0.018534
0.023289
0.028767
0.035020
0.042097
0.050050
0.058925
0.068771
0.079635
0.091563
0.104600
0.118790
0.134175
0.150799
0.168701
0.187922
0.208501
0.230477
0.253886
0.278766
0.305151
0.333078
0.362582
0.393697
0.426456
0.460894
0.497045
0.534942
0.574619
-0.000721
-0.000562
-0.000163
0.000495
0.001460
0.002787
0.004534
0.006761
0.009530
0.012902
0.016938
0.021698
0.027244
0.033634
0.040930
0.049188
0.058468
0.068825
0.080315
0.092994
0.106915
0.122131
0.138693
0.156650
0.176053
0.196949
0.219385
0.243406
0.269057
0.296382
0.325423
0.356222
0.388822
0.423261
0.459581
0.497821
0.538021
0.580220
0.624458
0.670774
-0.000745
-0.000567
-0.000119
0.000622
0.001708
0.003202
0.005171
0.007682
0.010805
0.014608
0.019160
0.024530
0.030787
0.037997
0.046229
0.055549
0.066021
0.077709
0.090677
0.104987
0.120698
0.137871
0.156564
0.176832
0.198732
0.222318
0.247641
0.274754
0.303708
0.334550
0.367330
0.402095
0.438892
0.477765
0.518762
0.561925
0.607301
0.654934
0.704868
0.757147
-0.000777
-0.000582
-0.000092
0.000720
0.001912
0.003553
0.005715
0.008474
0.011904
0.016083
0.021086
0.026988
0.033865
0.041791
0.050840
0.061085
0.072597
0.085447
0.099704
0.115436
0.132710
0.151591
0.172142
0.194427
0.218505
0.244436
0.272279
0.302090
0.333923
0.367835
0.403876
0.442100
0.482558
0.525299
0.570375
0.617833
0.667724
0.720096
0.774998
0.832480
-0.000819
-0.000610
-0.000084
0.000788
0.002068
0.003832
0.006156
0.009122
0.012811
0.017306
0.022686
0.029035
0.036433
0.044960
0.054694
0.065716
0.078101
0.091925
0.107264
0.124190
0.142774
0.163088
0.185200
0.209176
0.235082
0.262982
0.292939
0.325012
0.359263
0.395749
0.434527
0.475653
0.519183
0.565169
0.613667
0.664729
0.718408
0.774757
0.833827
0.895673
-0.000869
-0.000650
-0.000097
0.000822
0.002173
0.004034
0.006487
0.009618
0.013512
0.018257
0.023938
0.030641
0.038452
0.047455
0.057734
0.069372
0.082450
0.097048
0.113246
0.131119
0.150744
0.172195
0.195545
0.220864
0.248221
0.277683
0.309318
0.343188
0.379357
0.417886
0.458836
0.502265
0.548232
0.596794
0.648008
0.701930
0.758614
0.818118
0.880496
0.945805
-0.000929
-0.000704
-0.000131
0.000822
0.002224
0.004155
0.006701
0.009952
0.013995
0.018921
0.024820
0.031781
0.039891
0.049241
0.059915
0.072000
0.085581
0.100741
0.117561
0.136122
0.156502
0.178779
0.203027
0.229320
0.257729
0.288325
0.321177
0.356350
0.393911
0.433922
0.476447
0.521547
0.569283
0.619713
0.672896
0.728892
0.787756
0.849548
0.914325
0.982145
-0.000999
-0.000770
-0.000186
0.000787
0.002219
0.004193
0.006796
0.010118
0.014252
0.019289
0.025320
0.032436
0.040730
0.050289
0.061203
0.073560
0.087447
0.102947
0.120146
0.139124
0.159963
0.182741
0.207535
0.234419
0.263468
0.294752
0.328343
0.364307
0.402712
0.443623
0.487104
0.533218
0.582026
0.633590
0.687968
0.745222
0.805409
0.868589
0.934821
1.004163
-0.001078
-0.000850
-0.000264
0.000715
0.002157
0.004145
0.006767
0.010114
0.014278
0.019352
0.025428
0.032598
0.040953
0.050583
0.061579
0.074028
0.088018
0.103635
0.120962
0.140082
0.161076
0.184024
0.209002
0.236087
0.265352
0.296869
0.330709
0.366941
0.405632
0.446847
0.490651
0.537107
0.586277
0.638223
0.693004
0.750682
0.811314
0.874962
0.941683
1.011538
-0.001166
-0.000943
-0.000363
0.000607
0.002038
0.004012
0.006614
0.009938
0.014072
0.019110
0.025142
0.032261
0.040557
0.050119
0.061036
0.073397
0.087287
0.102792
0.119996
0.138979
0.159824
0.182607
0.207407
0.234298
0.263353
0.294645
0.328242
0.364214
0.402627
0.443545
0.487034
0.533156
0.581972
0.633544
0.687930
0.745191
0.805386
0.868574
0.934813
1.004163
-0.001263
-0.001049
-0.000485
0.000464
0.001863
0.003793
0.006339
0.009590
0.013635
0.018564
0.024466
0.031430
0.039546
0.048900
0.059581
0.071673
0.085262
0.100431
0.117260
0.135831
0.156223
0.178511
0.202771
0.229077
0.257500
0.288110
0.320976
0.356164
0.393740
0.433767
0.476307
0.521423
0.569174
0.619620
0.672820
0.728831
0.787711
0.849519
0.914311
0.982145
-0.001368
-0.001168
-0.000628
0.000284
0.001632
0.003491
0.005944
0.009076
0.012973
0.017721
0.023407
0.030116
0.037934
0.046945
0.057234
0.068882
0.081972
0.096583
0.112795
0.130683
0.150325
0.171793
0.195161
0.220499
0.247876
0.277360
0.309016
0.342908
0.379100
0.417652
0.458625
0.502078
0.548069
0.596655
0.647893
0.701838
0.758546
0.818073
0.880474
0.945805
-0.001480
-0.001300
-0.000792
0.000072
0.001348
0.003109
0.005434
0.008401
0.012094
0.016592
0.021979
0.028336
0.035743
0.044280
0.054027
0.065063
0.077463
0.091305
0.106662
0.123608
0.142215
0.162551
0.184687
0.208689
0.234622
0.262549
0.292535
0.324638
0.358919
0.395436
0.434245
0.475403
0.518964
0.564983
0.613513
0.664607
0.718317
0.774697
0.833798
0.895673
-0.001599
-0.001443
-0.000975
-0.000173
0.001013
0.002652
0.004814
0.007574
0.011009
0.015193
0.020203
0.026115
0.033003
0.040943
0.050007
0.060269
0.071801
0.084672
0.098952
0.114709
0.132009
0.150919
0.171500
0.193816
0.217928
0.243894
0.271772
0.301620
0.333491
0.367441
0.403522
0.441785
0.482283
0.525065
0.570180
0.617679
0.667609
0.720021
0.774961
0.832480
-0.001724
-0.001597
-0.001176
-0.000448
0.000632
0.002124
0.004092
0.006606
0.009732
0.013542
0.018103
0.023484
0.029754
0.036980
0.045230
0.054570
0.065065
0.076778
0.089774
0.104113
0.119856
0.137063
0.155792
0.176098
0.198037
0.221664
0.247030
0.274188
0.303186
0.334075
0.366902
0.401715
0.438559
0.477481
0.518526
0.561738
0.607162
0.654842
0.704823
0.757148
-0.001852
-0.001762
-0.001395
-0.000750
0.000208
0.001532
0.003279
0.005509
0.008282
0.011662
0.015707
0.020480
0.026041
0.032449
0.039765
0.048047
0.057353
0.067739
0.079261
0.091974
0.105931
0.121186
0.137789
0.155790
0.175239
0.196182
0.218668
0.242740
0.268444
0.295823
0.324919
0.355775
0.388430
0.422927
0.459304
0.497601
0.537857
0.580112
0.624405
0.670775
-0.001982
-0.001936
-0.001628
-0.001076
-0.000254
0.000883
0.002383
0.004297
0.006678
0.009578
0.013050
0.017146
0.021917
0.027415
0.033691
0.040794
0.048776
0.057683
0.067565
0.078467
0.090436
0.103517
0.117753
0.133188
0.149863
0.167820
0.187097
0.207735
0.229770
0.253241
0.278183
0.304633
0.332626
0.362195
0.393375
0.426200
0.460704
0.496919
0.534880
0.574620
-0.002112
-0.002120
-0.001875
-0.001423
-0.000748
0.000185
0.001417
0.002988
0.004942
0.007321
0.010169
0.013528
0.017440
0.021948
0.027093
0.032916
0.039457
0.046757
0.054855
0.063788
0.073595
0.084312
0.095975
0.108619
0.122279
0.136987
0.152777
0.169680
0.187727
0.206949
0.227375
0.249035
0.271958
0.296170
0.321701
0.348577
0.376827
0.406477
0.437554
0.470086
-0.002239
-0.002313
-0.002134
-0.001788
-0.001269
-0.000552
0.000393
0.001599
0.003098
0.004922
0.007105
0.009678
0.012675
0.016127
0.020067
0.024524
0.029532
0.035118
0.041315
0.048150
0.055652
0.063850
0.072770
0.082441
0.092886
0.104133
0.116206
0.129129
0.142926
0.157620
0.173234
0.189790
0.207310
0.225814
0.245325
0.265863
0.287448
0.310102
0.333845
0.358697
-0.002360
-0.002515
-0.002401
-0.002165
-0.001810
-0.001320
-0.000674
0.000149
0.001170
0.002413
0.003900
0.005651
0.007689
0.010036
0.012713
0.015742
0.019142
0.022935
0.027140
0.031778
0.036867
0.042427
0.048476
0.055032
0.062112
0.069735
0.077916
0.086672
0.096019
0.105972
0.116547
0.127759
0.139622
0.152151
0.165359
0.179261
0.193871
0.209201
0.225266
0.242078
-0.002469
-0.002728
-0.002675
-0.002552
-0.002365
-0.002109
-0.001772
-0.001343
-0.000813
-0.000169
0.000600
0.001504
0.002554
0.003762
0.005138
0.006694
0.008438
0.010382
0.012536
0.014909
0.017512
0.020354
0.023444
0.026791
0.030404
0.034292
0.038463
0.042925
0.047687
0.052755
0.058139
0.063844
0.069880
0.076251
0.082967
0.090034
0.097457
0.105244
0.113400
0.121928
-0.002562
-0.002953
-0.002953
-0.002943
-0.002928
-0.002908
-0.002884
-0.002857
-0.002825
-0.002789
-0.002749
-0.002705
-0.002657
-0.002605
-0.002549
-0.002489
-0.002426
-0.002358
-0.002286
-0.002211
-0.002132
-0.002049
-0.001962
-0.001872
-0.001778
-0.001681
-0.001580
-0.001476
-0.001368
-0.001257
-0.001142
-0.001025
-0.000904
-0.000780
-0.000653
-0.000523
-0.000390
-0.000254
-0.000116
0.000001
