-0.881424
-0.880222
-0.877172
-0.872683
-0.867060
-0.860536
-0.853293
-0.845475
-0.837198
-0.828558
-0.819635
-0.810494
-0.801194
-0.791782
-0.782302
-0.772789
-0.763277
-0.753794
-0.744365
-0.735014
-0.725761
-0.716625
-0.707622
-0.698769
-0.690080
-0.681569
-0.673247
-0.665126
-0.657216
-0.649529
-0.642072
-0.634855
-0.627887
-0.621175
-0.614727
-0.608550
-0.602652
-0.597038
-0.591715
-0.586689
-0.581968
-0.577555
-0.573456
-0.569677
-0.566224
-0.563102
-0.560315
-0.557868
-0.555766
-0.554014
-0.552616
-0.551577
-0.550902
-0.550595
-0.550660
-0.551102
-0.551925
-0.553133
-0.554730
-0.556721
-0.559109
-0.561899
-0.565095
-0.568701
-0.572721
-0.577158
-0.582017
-0.587302
-0.593017
-0.599165
-0.605751
-0.612778
-0.620251
-0.628173
-0.636548
-0.645381
-0.654674
-0.664432
-0.674659
-0.685359
-0.696535
-0.708191
-0.720331
-0.732960
-0.746080
-0.759697
-0.773813
-0.788432
-0.803558
-0.819196
-0.835349
-0.852021
-0.869216
-0.886937
-0.905190
-0.923976
-0.943301
-0.963169
-0.983582
-1.004545
-0.881461
-0.880258
-0.877209
-0.872720
-0.867097
-0.860573
-0.853330
-0.845512
-0.837235
-0.828595
-0.819671
-0.810530
-0.801228
-0.791816
-0.782334
-0.772820
-0.763307
-0.753822
-0.744391
-0.735038
-0.725782
-0.716644
-0.707639
-0.698783
-0.690091
-0.681576
-0.673251
-0.665126
-0.657212
-0.649520
-0.642059
-0.634837
-0.627864
-0.621147
-0.614694
-0.608511
-0.602607
-0.596986
-0.591657
-0.586625
-0.581896
-0.577475
-0.573369
-0.569583
-0.566121
-0.562990
-0.560194
-0.557738
-0.555627
-0.553865
-0.552457
-0.551408
-0.550722
-0.550404
-0.550458
-0.550888
-0.551699
-0.552894
-0.554479
-0.556456
-0.558831
-0.561608
-0.564789
-0.568380
-0.572385
-0.576807
-0.581650
-0.586919
-0.592617
-0.598748
-0.605317
-0.612327
-0.619781
-0.627684
-0.636040
-0.644853
-0.654127
-0.663865
-0.674071
-0.684749
-0.695903
-0.707537
-0.719655
-0.732260
-0.745357
-0.758950
-0.773041
-0.787635
-0.802736
-0.818348
-0.834474
-0.851119
-0.868286
-0.885980
-0.904203
-0.922961
-0.942256
-0.962093
-0.982476
-1.003408
-0.881571
-0.880369
-0.877319
-0.872831
-0.867208
-0.860685
-0.853441
-0.845623
-0.837345
-0.828704
-0.819778
-0.810636
-0.801332
-0.791916
-0.782432
-0.772914
-0.763396
-0.753906
-0.744469
-0.735110
-0.725848
-0.716702
-0.707689
-0.698824
-0.690123
-0.681598
-0.673262
-0.665125
-0.657200
-0.649495
-0.642020
-0.634785
-0.627796
-0.621064
-0.614594
-0.608394
-0.602472
-0.596832
-0.591484
-0.586431
-0.581680
-0.577238
-0.573109
-0.569299
-0.565813
-0.562656
-0.559833
-0.557350
-0.555210
-0.553419
-0.551981
-0.550901
-0.550183
-0.549832
-0.549851
-0.550246
-0.551021
-0.552179
-0.553725
-0.555663
-0.557998
-0.560733
-0.563872
-0.567419
-0.571379
-0.575755
-0.580551
-0.585771
-0.591419
-0.597500
-0.604016
-0.610972
-0.618372
-0.626219
-0.634518
-0.643273
-0.652487
-0.662163
-0.672307
-0.682922
-0.694011
-0.705578
-0.717628
-0.730164
-0.743190
-0.756710
-0.770727
-0.785246
-0.800271
-0.815804
-0.831851
-0.848414
-0.865499
-0.883108
-0.901246
-0.919916
-0.939122
-0.958868
-0.979158
-0.999997
-0.881754
-0.880552
-0.877503
-0.873015
-0.867393
-0.860870
-0.853626
-0.845807
-0.837529
-0.828886
-0.819958
-0.810812
-0.801505
-0.792084
-0.782594
-0.773069
-0.763544
-0.754046
-0.744600
-0.735230
-0.725957
-0.716799
-0.707772
-0.698893
-0.690176
-0.681635
-0.673281
-0.665126
-0.657180
-0.649454
-0.641957
-0.634697
-0.627684
-0.620925
-0.614428
-0.608200
-0.602247
-0.596577
-0.591195
-0.586109
-0.581323
-0.576844
-0.572676
-0.568826
-0.565299
-0.562100
-0.559234
-0.556705
-0.554518
-0.552678
-0.551190
-0.550058
-0.549286
-0.548879
-0.548842
-0.549179
-0.549893
-0.550989
-0.552472
-0.554344
-0.556611
-0.559277
-0.562345
-0.565820
-0.569704
-0.574003
-0.578721
-0.583860
-0.589426
-0.595422
-0.601851
-0.608719
-0.616028
-0.623782
-0.631986
-0.640643
-0.649758
-0.659333
-0.669373
-0.679881
-0.690862
-0.702318
-0.714255
-0.726676
-0.739583
-0.752983
-0.766877
-0.781271
-0.796168
-0.811571
-0.827485
-0.843914
-0.860860
-0.878329
-0.896324
-0.914848
-0.933906
-0.953502
-0.973639
-0.994321
-0.882011
-0.880809
-0.877761
-0.873274
-0.867652
-0.861129
-0.853886
-0.846066
-0.837786
-0.829141
-0.820210
-0.811060
-0.801746
-0.792319
-0.782821
-0.773288
-0.763752
-0.754242
-0.744784
-0.735399
-0.726110
-0.716935
-0.707890
-0.698991
-0.690252
-0.681687
-0.673308
-0.665127
-0.657153
-0.649397
-0.641869
-0.634576
-0.627528
-0.620733
-0.614197
-0.607929
-0.601935
-0.596220
-0.590793
-0.585659
-0.580824
-0.576294
-0.572073
-0.568168
-0.564583
-0.561325
-0.558396
-0.555804
-0.553551
-0.551643
-0.550085
-0.548880
-0.548034
-0.547550
-0.547433
-0.547688
-0.548318
-0.549328
-0.550721
-0.552503
-0.554676
-0.557245
-0.560213
-0.563586
-0.567366
-0.571558
-0.576165
-0.581193
-0.586643
-0.592520
-0.598829
-0.605572
-0.612755
-0.620379
-0.628450
-0.636971
-0.645946
-0.655379
-0.665274
-0.675633
-0.686463
-0.697765
-0.709544
-0.721803
-0.734546
-0.747777
-0.761501
-0.775720
-0.790438
-0.805659
-0.821388
-0.837627
-0.854382
-0.871654
-0.889449
-0.907770
-0.926621
-0.946006
-0.965928
-0.986392
-0.882341
-0.881139
-0.878092
-0.873606
-0.867986
-0.861463
-0.854219
-0.846399
-0.838117
-0.829469
-0.820534
-0.811378
-0.802058
-0.792623
-0.783114
-0.773570
-0.764020
-0.754495
-0.745020
-0.735617
-0.726308
-0.717111
-0.708042
-0.699117
-0.690350
-0.681755
-0.673345
-0.665129
-0.657120
-0.649326
-0.641757
-0.634422
-0.627330
-0.620488
-0.613903
-0.607584
-0.601536
-0.595765
-0.590280
-0.585085
-0.580187
-0.575590
-0.571301
-0.567324
-0.563666
-0.560332
-0.557325
-0.554651
-0.552314
-0.550318
-0.548670
-0.547372
-0.546430
-0.545847
-0.545629
-0.545779
-0.546301
-0.547200
-0.548479
-0.550143
-0.552195
-0.554640
-0.557482
-0.560723
-0.564370
-0.568424
-0.572891
-0.577774
-0.583076
-0.588802
-0.594955
-0.601540
-0.608559
-0.616017
-0.623918
-0.632264
-0.641061
-0.650312
-0.660020
-0.670190
-0.680825
-0.691929
-0.703504
-0.715557
-0.728090
-0.741106
-0.754610
-0.768604
-0.783094
-0.798082
-0.813573
-0.829570
-0.846077
-0.863099
-0.880637
-0.898698
-0.917283
-0.936398
-0.956045
-0.976229
-0.882744
-0.881542
-0.878496
-0.874012
-0.868393
-0.861871
-0.854627
-0.846806
-0.838522
-0.829870
-0.820930
-0.811768
-0.802439
-0.792993
-0.783473
-0.773914
-0.764349
-0.754806
-0.745310
-0.735885
-0.726551
-0.717327
-0.708229
-0.699273
-0.690472
-0.681841
-0.673392
-0.665135
-0.657082
-0.649242
-0.641624
-0.634238
-0.627091
-0.620192
-0.613548
-0.607166
-0.601052
-0.595214
-0.589657
-0.584388
-0.579412
-0.574736
-0.570363
-0.566300
-0.562553
-0.559125
-0.556022
-0.553248
-0.550809
-0.548707
-0.546949
-0.545538
-0.544479
-0.543776
-0.543434
-0.543456
-0.543846
-0.544610
-0.545750
-0.547271
-0.549177
-0.551471
-0.554157
-0.557240
-0.560723
-0.564610
-0.568905
-0.573613
-0.578735
-0.584276
-0.590240
-0.596631
-0.603452
-0.610708
-0.618400
-0.626535
-0.635115
-0.644144
-0.653626
-0.663564
-0.673962
-0.684823
-0.696152
-0.707953
-0.720228
-0.732982
-0.746218
-0.759940
-0.774151
-0.788856
-0.804057
-0.819760
-0.835966
-0.852681
-0.869909
-0.887651
-0.905914
-0.924699
-0.944012
-0.963854
-0.883220
-0.882019
-0.878974
-0.874492
-0.868874
-0.862353
-0.855110
-0.847287
-0.839000
-0.830345
-0.821398
-0.812229
-0.802890
-0.793433
-0.783898
-0.774323
-0.764739
-0.755174
-0.745655
-0.736203
-0.726841
-0.717585
-0.708452
-0.699459
-0.690619
-0.681945
-0.673450
-0.665145
-0.657041
-0.649146
-0.641471
-0.634024
-0.626813
-0.619847
-0.613133
-0.606677
-0.600487
-0.594568
-0.588927
-0.583571
-0.578505
-0.573734
-0.569263
-0.565098
-0.561245
-0.557708
-0.554492
-0.551602
-0.549041
-0.546815
-0.544927
-0.543383
-0.542187
-0.541343
-0.540854
-0.540726
-0.540962
-0.541566
-0.542543
-0.543896
-0.545628
-0.547745
-0.550249
-0.553144
-0.556435
-0.560125
-0.564219
-0.568719
-0.573629
-0.578953
-0.584694
-0.590857
-0.597445
-0.604462
-0.611911
-0.619796
-0.628120
-0.636888
-0.646103
-0.655769
-0.665888
-0.676466
-0.687504
-0.699008
-0.710981
-0.723426
-0.736347
-0.749748
-0.763631
-0.778002
-0.792863
-0.808219
-0.824073
-0.840427
-0.857288
-0.874657
-0.892539
-0.910937
-0.929855
-0.949296
-0.883769
-0.882569
-0.879526
-0.875046
-0.869429
-0.862910
-0.855666
-0.847842
-0.839553
-0.830893
-0.821940
-0.812761
-0.803412
-0.793941
-0.784390
-0.774796
-0.765190
-0.755600
-0.746054
-0.736573
-0.727177
-0.717885
-0.708713
-0.699678
-0.690792
-0.682069
-0.673522
-0.665161
-0.656997
-0.649040
-0.641299
-0.633782
-0.626498
-0.619456
-0.612661
-0.606121
-0.599842
-0.593831
-0.588094
-0.582638
-0.577467
-0.572588
-0.568004
-0.563723
-0.559749
-0.556086
-0.552741
-0.549716
-0.547016
-0.544646
-0.542611
-0.540914
-0.539560
-0.538553
-0.537897
-0.537596
-0.537655
-0.538076
-0.538865
-0.540024
-0.541559
-0.543471
-0.545766
-0.548447
-0.551517
-0.554981
-0.558842
-0.563105
-0.567771
-0.572846
-0.578331
-0.584233
-0.590553
-0.597296
-0.604464
-0.612063
-0.620094
-0.628562
-0.637471
-0.646824
-0.656623
-0.666874
-0.677580
-0.688743
-0.700369
-0.712460
-0.725019
-0.738051
-0.751559
-0.765547
-0.780018
-0.794975
-0.810423
-0.826364
-0.842803
-0.859743
-0.877188
-0.895142
-0.913607
-0.932588
-0.884392
-0.883192
-0.880151
-0.875673
-0.870059
-0.863541
-0.856298
-0.848472
-0.840180
-0.831515
-0.822554
-0.813366
-0.804004
-0.794518
-0.784949
-0.775333
-0.765703
-0.756087
-0.746509
-0.736994
-0.727561
-0.718228
-0.709013
-0.699929
-0.690992
-0.682214
-0.673608
-0.665185
-0.656954
-0.648927
-0.641111
-0.633516
-0.626150
-0.619020
-0.612134
-0.605499
-0.599121
-0.593006
-0.587161
-0.581592
-0.576304
-0.571302
-0.566592
-0.562180
-0.558069
-0.554265
-0.550773
-0.547596
-0.544740
-0.542208
-0.540006
-0.538137
-0.536605
-0.535415
-0.534570
-0.534075
-0.533933
-0.534149
-0.534726
-0.535668
-0.536979
-0.538661
-0.540720
-0.543159
-0.545981
-0.549190
-0.552790
-0.556784
-0.561176
-0.565969
-0.571167
-0.576773
-0.582792
-0.589226
-0.596079
-0.603354
-0.611055
-0.619186
-0.627749
-0.636749
-0.646189
-0.656072
-0.666402
-0.677183
-0.688417
-0.700109
-0.712261
-0.724877
-0.737962
-0.751518
-0.765549
-0.780057
-0.795047
-0.810523
-0.826487
-0.842944
-0.859897
-0.877350
-0.895305
-0.913767
-0.885087
-0.883889
-0.880850
-0.876374
-0.870763
-0.864246
-0.857004
-0.849177
-0.840882
-0.832211
-0.823242
-0.814043
-0.804668
-0.795165
-0.785575
-0.775936
-0.766280
-0.756633
-0.747022
-0.737469
-0.727995
-0.718617
-0.709352
-0.700215
-0.691221
-0.682382
-0.673711
-0.665218
-0.656914
-0.648808
-0.640910
-0.633228
-0.625770
-0.618544
-0.611558
-0.604817
-0.598328
-0.592098
-0.586133
-0.580438
-0.575019
-0.569882
-0.565031
-0.560472
-0.556210
-0.552250
-0.548594
-0.545250
-0.542220
-0.539509
-0.537121
-0.535060
-0.533331
-0.531937
-0.530883
-0.530172
-0.529808
-0.529795
-0.530137
-0.530837
-0.531899
-0.533327
-0.535124
-0.537293
-0.539839
-0.542765
-0.546075
-0.549772
-0.553859
-0.558340
-0.563218
-0.568497
-0.574180
-0.580272
-0.586774
-0.593691
-0.601025
-0.608781
-0.616962
-0.625570
-0.634610
-0.644085
-0.653998
-0.664353
-0.675154
-0.686402
-0.698102
-0.710257
-0.722871
-0.735948
-0.749490
-0.763500
-0.777983
-0.792941
-0.808379
-0.824299
-0.840706
-0.857602
-0.874991
-0.892876
-0.885856
-0.884659
-0.881622
-0.877149
-0.871541
-0.865026
-0.857784
-0.849957
-0.841658
-0.832982
-0.824004
-0.814793
-0.805403
-0.795882
-0.786270
-0.776606
-0.766920
-0.757240
-0.747592
-0.737998
-0.728479
-0.719051
-0.709732
-0.700538
-0.691481
-0.682575
-0.673832
-0.665263
-0.656878
-0.648686
-0.640698
-0.632920
-0.625362
-0.618031
-0.610934
-0.604077
-0.597467
-0.591110
-0.585013
-0.579181
-0.573619
-0.568333
-0.563327
-0.558608
-0.554180
-0.550047
-0.546213
-0.542684
-0.539463
-0.536555
-0.533964
-0.531693
-0.529748
-0.528131
-0.526846
-0.525898
-0.525290
-0.525026
-0.525110
-0.525545
-0.526334
-0.527482
-0.528991
-0.530866
-0.533109
-0.535724
-0.538715
-0.542086
-0.545838
-0.549977
-0.554505
-0.559424
-0.564740
-0.570455
-0.576573
-0.583096
-0.590028
-0.597372
-0.605132
-0.613311
-0.621913
-0.630940
-0.640396
-0.650284
-0.660608
-0.671370
-0.682575
-0.694224
-0.706322
-0.718872
-0.731878
-0.745341
-0.759267
-0.773658
-0.788518
-0.803850
-0.819657
-0.835942
-0.852710
-0.869962
-0.886698
-0.885502
-0.882468
-0.877998
-0.872393
-0.865881
-0.858640
-0.850812
-0.842509
-0.833827
-0.824841
-0.815617
-0.806211
-0.796670
-0.787035
-0.777343
-0.767625
-0.757909
-0.748221
-0.738583
-0.729015
-0.719533
-0.710156
-0.700899
-0.691774
-0.682795
-0.673975
-0.665322
-0.656850
-0.648565
-0.640478
-0.632597
-0.624930
-0.617484
-0.610266
-0.603284
-0.596542
-0.590048
-0.583807
-0.577826
-0.572108
-0.566660
-0.561486
-0.556593
-0.551984
-0.547664
-0.543636
-0.539907
-0.536479
-0.533357
-0.530544
-0.528045
-0.525864
-0.524005
-0.522470
-0.521264
-0.520391
-0.519855
-0.519658
-0.519804
-0.520298
-0.521141
-0.522338
-0.523892
-0.525806
-0.528084
-0.530729
-0.533745
-0.537134
-0.540900
-0.545046
-0.549576
-0.554492
-0.559799
-0.565498
-0.571593
-0.578088
-0.584986
-0.592290
-0.600002
-0.608127
-0.616668
-0.625627
-0.635008
-0.644814
-0.655048
-0.665713
-0.676813
-0.688351
-0.700330
-0.712753
-0.725623
-0.738944
-0.752719
-0.766950
-0.781642
-0.796798
-0.812421
-0.828513
-0.845078
-0.887612
-0.886417
-0.883387
-0.878921
-0.873320
-0.866811
-0.859571
-0.851742
-0.843436
-0.834747
-0.825751
-0.816514
-0.807091
-0.797530
-0.787869
-0.778148
-0.768396
-0.758642
-0.748911
-0.739225
-0.729603
-0.720065
-0.710625
-0.701299
-0.692102
-0.683045
-0.674140
-0.665399
-0.656832
-0.648447
-0.640254
-0.632261
-0.624477
-0.616907
-0.609560
-0.602442
-0.595558
-0.588916
-0.582521
-0.576378
-0.570493
-0.564870
-0.559516
-0.554435
-0.549631
-0.545109
-0.540872
-0.536927
-0.533275
-0.529923
-0.526872
-0.524127
-0.521692
-0.519571
-0.517767
-0.516284
-0.515125
-0.514295
-0.513796
-0.513631
-0.513805
-0.514321
-0.515181
-0.516389
-0.517949
-0.519863
-0.522135
-0.524769
-0.527767
-0.531132
-0.534867
-0.538976
-0.543463
-0.548329
-0.553577
-0.559212
-0.565236
-0.571652
-0.578463
-0.585674
-0.593285
-0.601301
-0.609725
-0.618560
-0.627809
-0.637474
-0.647559
-0.658066
-0.669000
-0.680363
-0.692158
-0.704389
-0.717058
-0.730169
-0.743724
-0.757727
-0.772181
-0.787089
-0.802454
-0.818279
-0.888600
-0.887406
-0.884379
-0.879918
-0.874321
-0.867815
-0.860577
-0.852747
-0.844439
-0.835743
-0.826737
-0.817486
-0.808045
-0.798462
-0.788775
-0.779022
-0.769234
-0.759439
-0.749662
-0.739925
-0.730247
-0.720648
-0.711141
-0.701743
-0.692467
-0.683327
-0.674333
-0.665496
-0.656828
-0.648336
-0.640030
-0.631918
-0.624007
-0.616306
-0.608820
-0.601556
-0.594521
-0.587720
-0.581159
-0.574844
-0.568780
-0.562971
-0.557423
-0.552141
-0.547128
-0.542390
-0.537931
-0.533754
-0.529863
-0.526263
-0.522957
-0.519949
-0.517243
-0.514842
-0.512750
-0.510969
-0.509505
-0.508361
-0.507538
-0.507041
-0.506873
-0.507038
-0.507538
-0.508377
-0.509557
-0.511083
-0.512956
-0.515181
-0.517760
-0.520696
-0.523992
-0.527651
-0.531677
-0.536072
-0.540839
-0.545980
-0.551500
-0.557401
-0.563687
-0.570359
-0.577422
-0.584877
-0.592728
-0.600978
-0.609630
-0.618687
-0.628151
-0.638025
-0.648313
-0.659018
-0.670142
-0.681689
-0.693661
-0.706061
-0.718893
-0.732159
-0.745862
-0.760006
-0.774593
-0.789626
-0.889659
-0.888468
-0.885445
-0.880988
-0.875396
-0.868894
-0.861658
-0.853828
-0.845517
-0.836815
-0.827799
-0.818534
-0.809074
-0.799467
-0.789752
-0.779966
-0.770140
-0.760302
-0.750476
-0.740686
-0.730948
-0.721283
-0.711705
-0.702231
-0.692872
-0.683643
-0.674554
-0.665617
-0.656841
-0.648235
-0.639809
-0.631569
-0.623525
-0.615683
-0.608050
-0.600632
-0.593436
-0.586466
-0.579730
-0.573231
-0.566976
-0.560969
-0.555215
-0.549719
-0.544485
-0.539517
-0.534820
-0.530397
-0.526253
-0.522390
-0.518812
-0.515525
-0.512530
-0.509831
-0.507432
-0.505336
-0.503547
-0.502068
-0.500902
-0.500052
-0.499521
-0.499313
-0.499430
-0.499875
-0.500653
-0.501764
-0.503214
-0.505004
-0.507138
-0.509617
-0.512446
-0.515628
-0.519164
-0.523058
-0.527312
-0.531930
-0.536914
-0.542268
-0.547994
-0.554095
-0.560573
-0.567432
-0.574675
-0.582304
-0.590322
-0.598732
-0.607536
-0.616738
-0.626339
-0.636344
-0.646755
-0.657574
-0.668805
-0.680450
-0.692513
-0.704996
-0.717902
-0.731233
-0.744994
-0.759185
-0.890792
-0.889603
-0.886584
-0.882133
-0.876546
-0.870049
-0.862815
-0.854986
-0.846672
-0.837963
-0.828937
-0.819657
-0.810178
-0.800546
-0.790802
-0.780981
-0.771115
-0.761232
-0.751355
-0.741508
-0.731708
-0.721974
-0.712321
-0.702766
-0.693320
-0.683997
-0.674808
-0.665763
-0.656874
-0.648148
-0.639595
-0.631221
-0.623036
-0.615046
-0.607257
-0.599675
-0.592308
-0.585161
-0.578238
-0.571546
-0.565089
-0.558873
-0.552901
-0.547179
-0.541710
-0.536500
-0.531552
-0.526869
-0.522455
-0.518314
-0.514450
-0.510866
-0.507566
-0.504553
-0.501830
-0.499400
-0.497268
-0.495435
-0.493905
-0.492681
-0.491766
-0.491164
-0.490876
-0.490906
-0.491257
-0.491931
-0.492933
-0.494263
-0.495926
-0.497923
-0.500258
-0.502934
-0.505952
-0.509317
-0.513029
-0.517094
-0.521512
-0.526287
-0.531422
-0.536918
-0.542780
-0.549009
-0.555609
-0.562581
-0.569929
-0.577655
-0.585761
-0.594251
-0.603128
-0.612393
-0.622049
-0.632100
-0.642548
-0.653396
-0.664645
-0.676300
-0.688363
-0.700836
-0.713723
-0.727024
-0.891997
-0.890810
-0.887796
-0.883351
-0.877771
-0.871279
-0.864049
-0.856220
-0.847903
-0.839188
-0.830151
-0.820856
-0.811357
-0.801700
-0.791926
-0.782069
-0.772162
-0.762231
-0.752301
-0.742394
-0.732528
-0.722722
-0.712991
-0.703350
-0.693813
-0.684391
-0.675097
-0.665940
-0.656932
-0.648080
-0.639392
-0.630878
-0.622544
-0.614397
-0.606444
-0.598692
-0.591145
-0.583810
-0.576692
-0.569796
-0.563127
-0.556690
-0.550490
-0.544530
-0.538815
-0.533349
-0.528135
-0.523179
-0.518482
-0.514049
-0.509883
-0.505988
-0.502366
-0.499022
-0.495958
-0.493178
-0.490684
-0.488479
-0.486566
-0.484949
-0.483630
-0.482613
-0.481899
-0.481492
-0.481394
-0.481608
-0.482138
-0.482985
-0.484152
-0.485642
-0.487457
-0.489601
-0.492075
-0.494882
-0.498025
-0.501507
-0.505330
-0.509497
-0.514009
-0.518870
-0.524083
-0.529649
-0.535572
-0.541854
-0.548497
-0.555503
-0.562876
-0.570618
-0.578731
-0.587219
-0.596082
-0.605325
-0.614949
-0.624958
-0.635353
-0.646137
-0.657313
-0.668883
-0.680850
-0.693216
-0.893275
-0.892090
-0.889081
-0.884643
-0.879070
-0.872583
-0.865358
-0.857530
-0.849211
-0.840491
-0.831443
-0.822133
-0.812613
-0.802930
-0.793125
-0.783231
-0.773280
-0.763300
-0.753315
-0.743346
-0.733412
-0.723530
-0.713717
-0.703987
-0.694354
-0.684829
-0.675425
-0.666151
-0.657017
-0.648033
-0.639206
-0.630544
-0.622055
-0.613744
-0.605620
-0.597687
-0.589952
-0.582421
-0.575099
-0.567989
-0.561099
-0.554431
-0.547990
-0.541781
-0.535808
-0.530074
-0.524583
-0.519339
-0.514346
-0.509607
-0.505125
-0.500904
-0.496946
-0.493255
-0.489834
-0.486685
-0.483812
-0.481218
-0.478904
-0.476875
-0.475134
-0.473681
-0.472521
-0.471656
-0.471088
-0.470821
-0.470856
-0.471197
-0.471845
-0.472804
-0.474075
-0.475662
-0.477566
-0.479790
-0.482336
-0.485208
-0.488407
-0.491936
-0.495797
-0.499993
-0.504526
-0.509399
-0.514613
-0.520171
-0.526076
-0.532329
-0.538934
-0.545893
-0.553207
-0.560880
-0.568913
-0.577309
-0.586071
-0.595201
-0.604701
-0.614574
-0.624822
-0.635447
-0.646452
-0.657838
-0.894625
-0.893442
-0.890439
-0.886009
-0.880443
-0.873964
-0.866743
-0.858917
-0.850596
-0.841871
-0.832813
-0.823487
-0.813946
-0.804237
-0.794399
-0.784468
-0.774472
-0.764441
-0.754398
-0.744365
-0.734360
-0.724400
-0.714502
-0.704679
-0.694946
-0.685315
-0.675796
-0.666399
-0.657136
-0.648013
-0.639040
-0.630224
-0.621573
-0.613092
-0.604788
-0.596669
-0.588738
-0.581002
-0.573466
-0.566134
-0.559012
-0.552103
-0.545412
-0.538943
-0.532700
-0.526687
-0.520907
-0.515364
-0.510062
-0.505003
-0.500192
-0.495630
-0.491321
-0.487268
-0.483474
-0.479941
-0.476673
-0.473672
-0.470940
-0.468482
-0.466298
-0.464392
-0.462767
-0.461424
-0.460366
-0.459596
-0.459116
-0.458928
-0.459035
-0.459440
-0.460143
-0.461149
-0.462458
-0.464074
-0.465999
-0.468234
-0.470783
-0.473647
-0.476829
-0.480331
-0.484155
-0.488304
-0.492779
-0.497583
-0.502718
-0.508187
-0.513991
-0.520132
-0.526613
-0.533436
-0.540603
-0.548118
-0.555980
-0.564194
-0.572761
-0.581683
-0.590963
-0.600603
-0.610604
-0.620969
-0.896047
-0.894866
-0.891870
-0.887449
-0.881892
-0.875420
-0.868205
-0.860382
-0.852060
-0.843329
-0.834261
-0.824920
-0.815358
-0.805622
-0.795752
-0.785781
-0.775739
-0.765656
-0.755553
-0.745454
-0.735375
-0.725334
-0.715348
-0.705429
-0.695593
-0.685850
-0.676212
-0.666689
-0.657291
-0.648025
-0.638901
-0.629924
-0.621104
-0.612447
-0.603958
-0.595643
-0.587509
-0.579560
-0.571802
-0.564239
-0.556876
-0.549717
-0.542765
-0.536025
-0.529502
-0.523199
-0.517119
-0.511265
-0.505642
-0.500251
-0.495097
-0.490181
-0.485507
-0.481078
-0.476896
-0.472964
-0.469285
-0.465861
-0.462695
-0.459790
-0.457148
-0.454771
-0.452661
-0.450821
-0.449254
-0.447962
-0.446946
-0.446209
-0.445754
-0.445582
-0.445696
-0.446098
-0.446790
-0.447774
-0.449052
-0.450627
-0.452500
-0.454673
-0.457149
-0.459930
-0.463018
-0.466415
-0.470122
-0.474142
-0.478478
-0.483131
-0.488102
-0.493395
-0.499011
-0.504951
-0.511219
-0.517817
-0.524746
-0.532008
-0.539605
-0.547540
-0.555815
-0.564430
-0.573390
-0.582694
-0.897541
-0.896363
-0.893374
-0.888962
-0.883415
-0.876952
-0.869743
-0.861924
-0.853602
-0.844866
-0.835789
-0.826432
-0.816849
-0.807086
-0.797182
-0.787171
-0.777083
-0.766946
-0.756782
-0.746614
-0.736459
-0.726336
-0.716258
-0.706241
-0.696298
-0.686440
-0.676679
-0.667025
-0.657486
-0.648073
-0.638792
-0.629650
-0.620656
-0.611815
-0.603133
-0.594618
-0.586273
-0.578104
-0.570116
-0.562313
-0.554700
-0.547281
-0.540060
-0.533040
-0.526227
-0.519623
-0.513232
-0.507057
-0.501100
-0.495366
-0.489856
-0.484573
-0.479521
-0.474702
-0.470119
-0.465773
-0.461669
-0.457807
-0.454191
-0.450823
-0.447706
-0.444841
-0.442230
-0.439876
-0.437781
-0.435948
-0.434377
-0.433072
-0.432034
-0.431266
-0.430770
-0.430546
-0.430598
-0.430928
-0.431536
-0.432427
-0.433600
-0.435058
-0.436804
-0.438838
-0.441164
-0.443782
-0.446694
-0.449904
-0.453411
-0.457219
-0.461329
-0.465743
-0.470463
-0.475490
-0.480827
-0.486476
-0.492437
-0.498714
-0.505309
-0.512222
-0.519455
-0.527012
-0.534892
-0.543099
-0.899107
-0.897933
-0.894951
-0.890549
-0.885012
-0.878560
-0.871358
-0.863543
-0.855222
-0.846483
-0.837396
-0.828025
-0.818421
-0.808631
-0.798692
-0.788640
-0.778505
-0.768313
-0.758087
-0.747848
-0.737616
-0.727407
-0.717236
-0.707117
-0.697064
-0.687088
-0.677200
-0.667410
-0.657728
-0.648162
-0.638719
-0.629407
-0.620233
-0.611203
-0.602323
-0.593600
-0.585037
-0.576640
-0.568415
-0.560365
-0.552494
-0.544807
-0.537308
-0.529999
-0.522886
-0.515972
-0.509259
-0.502752
-0.496451
-0.490362
-0.484485
-0.478824
-0.473381
-0.468160
-0.463162
-0.458389
-0.453846
-0.449532
-0.445451
-0.441606
-0.437998
-0.434628
-0.431500
-0.428615
-0.425976
-0.423584
-0.421441
-0.419549
-0.417910
-0.416526
-0.415399
-0.414530
-0.413922
-0.413576
-0.413494
-0.413678
-0.414129
-0.414850
-0.415841
-0.417105
-0.418643
-0.420458
-0.422550
-0.424922
-0.427576
-0.430512
-0.433733
-0.437240
-0.441036
-0.445121
-0.449497
-0.454166
-0.459130
-0.464391
-0.469950
-0.475809
-0.481968
-0.488431
-0.495199
-0.502273
-0.900745
-0.899574
-0.896600
-0.892210
-0.886685
-0.880243
-0.873050
-0.865241
-0.856922
-0.848179
-0.839084
-0.829698
-0.820074
-0.810256
-0.800284
-0.790191
-0.780007
-0.769759
-0.759469
-0.749159
-0.738847
-0.728550
-0.718283
-0.708061
-0.697895
-0.687797
-0.677780
-0.667851
-0.658020
-0.648297
-0.638688
-0.629201
-0.619842
-0.610617
-0.601534
-0.592596
-0.583810
-0.575179
-0.566709
-0.558404
-0.550268
-0.542305
-0.534519
-0.526913
-0.519492
-0.512258
-0.505215
-0.498366
-0.491711
-0.485255
-0.479001
-0.472950
-0.467106
-0.461470
-0.456045
-0.450833
-0.445837
-0.441058
-0.436500
-0.432162
-0.428049
-0.424160
-0.420500
-0.417068
-0.413868
-0.410901
-0.408169
-0.405673
-0.403416
-0.401398
-0.399622
-0.398090
-0.396802
-0.395761
-0.394968
-0.394425
-0.394133
-0.394094
-0.394310
-0.394781
-0.395510
-0.396498
-0.397746
-0.399257
-0.401032
-0.403071
-0.405378
-0.407952
-0.410797
-0.413912
-0.417300
-0.420962
-0.424900
-0.429115
-0.433609
-0.438383
-0.443439
-0.448778
-0.454401
-0.460310
-0.902454
-0.901286
-0.898322
-0.893944
-0.888432
-0.882003
-0.874820
-0.867018
-0.858701
-0.849956
-0.840853
-0.831454
-0.821810
-0.811965
-0.801958
-0.791824
-0.781591
-0.771286
-0.760931
-0.750549
-0.740156
-0.729770
-0.719405
-0.709075
-0.698794
-0.688573
-0.678422
-0.668351
-0.658369
-0.648485
-0.638705
-0.629038
-0.619489
-0.610066
-0.600773
-0.591615
-0.582599
-0.573728
-0.565007
-0.556440
-0.548032
-0.539786
-0.531706
-0.523796
-0.516058
-0.508497
-0.501114
-0.493913
-0.486895
-0.480064
-0.473421
-0.466970
-0.460713
-0.454652
-0.448789
-0.443126
-0.437666
-0.432410
-0.427359
-0.422517
-0.417885
-0.413465
-0.409257
-0.405265
-0.401490
-0.397933
-0.394596
-0.391480
-0.388588
-0.385920
-0.383479
-0.381265
-0.379280
-0.377525
-0.376003
-0.374714
-0.373660
-0.372842
-0.372261
-0.371919
-0.371817
-0.371957
-0.372340
-0.372968
-0.373840
-0.374960
-0.376329
-0.377946
-0.379815
-0.381936
-0.384310
-0.386939
-0.389824
-0.392967
-0.396369
-0.400030
-0.403954
-0.408139
-0.412589
-0.417304
-0.904234
-0.903071
-0.900117
-0.895751
-0.890254
-0.883838
-0.876667
-0.868873
-0.860561
-0.851815
-0.842705
-0.833293
-0.823629
-0.813757
-0.803716
-0.793540
-0.783258
-0.772896
-0.762476
-0.752020
-0.741545
-0.731067
-0.720603
-0.710165
-0.699766
-0.689418
-0.679131
-0.668915
-0.658778
-0.648730
-0.638776
-0.628925
-0.619183
-0.609555
-0.600047
-0.590665
-0.581413
-0.572297
-0.563319
-0.554485
-0.545798
-0.537262
-0.528881
-0.520659
-0.512597
-0.504700
-0.496969
-0.489408
-0.482019
-0.474803
-0.467763
-0.460902
-0.454223
-0.447726
-0.441415
-0.435290
-0.429354
-0.423609
-0.418056
-0.412698
-0.407534
-0.402569
-0.397802
-0.393236
-0.388872
-0.384711
-0.380755
-0.377005
-0.373463
-0.370130
-0.367007
-0.364096
-0.361397
-0.358913
-0.356644
-0.354592
-0.352757
-0.351142
-0.349747
-0.348573
-0.347622
-0.346894
-0.346391
-0.346115
-0.346065
-0.346244
-0.346653
-0.347292
-0.348162
-0.349266
-0.350603
-0.352176
-0.353984
-0.356030
-0.358315
-0.360839
-0.363604
-0.366610
-0.369860
-0.373353
-0.906084
-0.904926
-0.901983
-0.897632
-0.892150
-0.885750
-0.878592
-0.870808
-0.862501
-0.853755
-0.844640
-0.835216
-0.825532
-0.815634
-0.805559
-0.795342
-0.785011
-0.774591
-0.764105
-0.753574
-0.743016
-0.732447
-0.721881
-0.711333
-0.700815
-0.690338
-0.679913
-0.669548
-0.659254
-0.649038
-0.638907
-0.628868
-0.618928
-0.609092
-0.599366
-0.589754
-0.580262
-0.570894
-0.561655
-0.552548
-0.543577
-0.534745
-0.526057
-0.517515
-0.509123
-0.500883
-0.492797
-0.484868
-0.477098
-0.469490
-0.462045
-0.454766
-0.447655
-0.440713
-0.433944
-0.427348
-0.420927
-0.414682
-0.408616
-0.402729
-0.397024
-0.391503
-0.386165
-0.381012
-0.376047
-0.371270
-0.366682
-0.362284
-0.358079
-0.354066
-0.350248
-0.346625
-0.343198
-0.339969
-0.336938
-0.334107
-0.331476
-0.329047
-0.326821
-0.324798
-0.322979
-0.321366
-0.319960
-0.318761
-0.317770
-0.316989
-0.316418
-0.316059
-0.315911
-0.315977
-0.316257
-0.316751
-0.317462
-0.318389
-0.319534
-0.320897
-0.322480
-0.324284
-0.326309
-0.328556
-0.908006
-0.906853
-0.903922
-0.899586
-0.894122
-0.887738
-0.880595
-0.872822
-0.864523
-0.855778
-0.846658
-0.837223
-0.827521
-0.817598
-0.807490
-0.797231
-0.786850
-0.776373
-0.765821
-0.755215
-0.744573
-0.733911
-0.723243
-0.712583
-0.701944
-0.691336
-0.680770
-0.670256
-0.659801
-0.649415
-0.639104
-0.628874
-0.618733
-0.608685
-0.598736
-0.588891
-0.579154
-0.569531
-0.560025
-0.550639
-0.541379
-0.532246
-0.523245
-0.514379
-0.505649
-0.497059
-0.488611
-0.480308
-0.472151
-0.464143
-0.456285
-0.448580
-0.441029
-0.433635
-0.426398
-0.419322
-0.412406
-0.405653
-0.399064
-0.392641
-0.386384
-0.380295
-0.374375
-0.368626
-0.363048
-0.357643
-0.352412
-0.347355
-0.342474
-0.337770
-0.333243
-0.328895
-0.324727
-0.320739
-0.316933
-0.313308
-0.309867
-0.306610
-0.303537
-0.300650
-0.297949
-0.295434
-0.293108
-0.290970
-0.289022
-0.287263
-0.285696
-0.284320
-0.283137
-0.282146
-0.281349
-0.280746
-0.280339
-0.280128
-0.280113
-0.280296
-0.280677
-0.281256
-0.282035
-0.283014
-0.909999
-0.908850
-0.905932
-0.901614
-0.896169
-0.889803
-0.882676
-0.874916
-0.866625
-0.857884
-0.848761
-0.839316
-0.829597
-0.819649
-0.809508
-0.799209
-0.788779
-0.778244
-0.767626
-0.756944
-0.746218
-0.735462
-0.724691
-0.713919
-0.703157
-0.692417
-0.681709
-0.671042
-0.660426
-0.649867
-0.639373
-0.628950
-0.618604
-0.608341
-0.598166
-0.588083
-0.578098
-0.568215
-0.558438
-0.548771
-0.539216
-0.529778
-0.520459
-0.511262
-0.502190
-0.493245
-0.484429
-0.475745
-0.467194
-0.458779
-0.450502
-0.442364
-0.434366
-0.426512
-0.418801
-0.411236
-0.403818
-0.396548
-0.389428
-0.382458
-0.375641
-0.368976
-0.362465
-0.356109
-0.349910
-0.343867
-0.337981
-0.332255
-0.326687
-0.321280
-0.316034
-0.310950
-0.306029
-0.301270
-0.296676
-0.292246
-0.287982
-0.283883
-0.279951
-0.276186
-0.272588
-0.269159
-0.265898
-0.262807
-0.259886
-0.257136
-0.254556
-0.252149
-0.249913
-0.247850
-0.245960
-0.244244
-0.242702
-0.241335
-0.240144
-0.239128
-0.238288
-0.237625
-0.237140
-0.236832
-0.912062
-0.910918
-0.908014
-0.903714
-0.898290
-0.891944
-0.884836
-0.877091
-0.868810
-0.860074
-0.850949
-0.841495
-0.831761
-0.821789
-0.811617
-0.801278
-0.790799
-0.780207
-0.769523
-0.758766
-0.747955
-0.737105
-0.726230
-0.715344
-0.704459
-0.693585
-0.682734
-0.671914
-0.661133
-0.650400
-0.639720
-0.629101
-0.618549
-0.608067
-0.597663
-0.587341
-0.577104
-0.566958
-0.556907
-0.546953
-0.537101
-0.527352
-0.517710
-0.508178
-0.498759
-0.489453
-0.480265
-0.471195
-0.462245
-0.453418
-0.444715
-0.436138
-0.427687
-0.419366
-0.411175
-0.403114
-0.395187
-0.387393
-0.379734
-0.372211
-0.364824
-0.357576
-0.350466
-0.343495
-0.336665
-0.329975
-0.323427
-0.317021
-0.310759
-0.304640
-0.298665
-0.292834
-0.287149
-0.281610
-0.276217
-0.270971
-0.265872
-0.260921
-0.256118
-0.251464
-0.246958
-0.242602
-0.238395
-0.234338
-0.230432
-0.226676
-0.223072
-0.219619
-0.216318
-0.213168
-0.210172
-0.207328
-0.204637
-0.202100
-0.199716
-0.197486
-0.195411
-0.193490
-0.191724
-0.190113
-0.914194
-0.913057
-0.910168
-0.905888
-0.900485
-0.894162
-0.887074
-0.879346
-0.871077
-0.862347
-0.853223
-0.843762
-0.834014
-0.824020
-0.813817
-0.803439
-0.792913
-0.782264
-0.771513
-0.760681
-0.749786
-0.738841
-0.727863
-0.716863
-0.705854
-0.694846
-0.683850
-0.672875
-0.661929
-0.651020
-0.640153
-0.629336
-0.618574
-0.607873
-0.597238
-0.586672
-0.576181
-0.565770
-0.555441
-0.545197
-0.535043
-0.524981
-0.515013
-0.505142
-0.495370
-0.485700
-0.476135
-0.466674
-0.457321
-0.448077
-0.438943
-0.429922
-0.421013
-0.412220
-0.403542
-0.394981
-0.386538
-0.378214
-0.370010
-0.361927
-0.353965
-0.346126
-0.338410
-0.330817
-0.323349
-0.316005
-0.308787
-0.301694
-0.294728
-0.287889
-0.281176
-0.274591
-0.268134
-0.261806
-0.255606
-0.249535
-0.243593
-0.237780
-0.232096
-0.226543
-0.221119
-0.215825
-0.210662
-0.205629
-0.200727
-0.195956
-0.191315
-0.186806
-0.182428
-0.178181
-0.174066
-0.170083
-0.166231
-0.162511
-0.158922
-0.155466
-0.152142
-0.148950
-0.145890
-0.142963
-0.916397
-0.915266
-0.912392
-0.908134
-0.902756
-0.896457
-0.889392
-0.881682
-0.873427
-0.864706
-0.855584
-0.846118
-0.836356
-0.826342
-0.816110
-0.805694
-0.795121
-0.784416
-0.773600
-0.762694
-0.751714
-0.740676
-0.729593
-0.718479
-0.707345
-0.696203
-0.685062
-0.673931
-0.662819
-0.651732
-0.640677
-0.629661
-0.618688
-0.607765
-0.596897
-0.586087
-0.575339
-0.564660
-0.554050
-0.543515
-0.533056
-0.522677
-0.512380
-0.502166
-0.492040
-0.482002
-0.472055
-0.462201
-0.452441
-0.442776
-0.433207
-0.423737
-0.414366
-0.405095
-0.395926
-0.386859
-0.377896
-0.369037
-0.360283
-0.351634
-0.343092
-0.334657
-0.326329
-0.318108
-0.309996
-0.301992
-0.294098
-0.286312
-0.278636
-0.271070
-0.263614
-0.256268
-0.249032
-0.241907
-0.234892
-0.227988
-0.221195
-0.214513
-0.207942
-0.201481
-0.195132
-0.188893
-0.182764
-0.176747
-0.170841
-0.165046
-0.159361
-0.153786
-0.148322
-0.142969
-0.137726
-0.132593
-0.127571
-0.122659
-0.117856
-0.113163
-0.108581
-0.104107
-0.099744
-0.095489
-0.918668
-0.917544
-0.914688
-0.910452
-0.905100
-0.898828
-0.891788
-0.884099
-0.875860
-0.867150
-0.858032
-0.848563
-0.838791
-0.828757
-0.818498
-0.808045
-0.797427
-0.786666
-0.775786
-0.764806
-0.753743
-0.742611
-0.731425
-0.720197
-0.708939
-0.697662
-0.686375
-0.675088
-0.663809
-0.652544
-0.641300
-0.630083
-0.618899
-0.607753
-0.596649
-0.585593
-0.574588
-0.563638
-0.552747
-0.541917
-0.531152
-0.520453
-0.509824
-0.499266
-0.488782
-0.478374
-0.468043
-0.457792
-0.447621
-0.437532
-0.427526
-0.417603
-0.407766
-0.398015
-0.388351
-0.378775
-0.369287
-0.359889
-0.350581
-0.341363
-0.332236
-0.323200
-0.314256
-0.305403
-0.296642
-0.287974
-0.279398
-0.270914
-0.262524
-0.254226
-0.246021
-0.237908
-0.229888
-0.221961
-0.214127
-0.206385
-0.198735
-0.191178
-0.183713
-0.176340
-0.169058
-0.161867
-0.154769
-0.147761
-0.140844
-0.134018
-0.127282
-0.120636
-0.114080
-0.107613
-0.101235
-0.094947
-0.088746
-0.082635
-0.076611
-0.070674
-0.064826
-0.059064
-0.053388
-0.047799
-0.921008
-0.919892
-0.917053
-0.912842
-0.907519
-0.901276
-0.894263
-0.886598
-0.878377
-0.869681
-0.860569
-0.851099
-0.841317
-0.831266
-0.820981
-0.810494
-0.799831
-0.789017
-0.778075
-0.767021
-0.755875
-0.744650
-0.733361
-0.722020
-0.710638
-0.699226
-0.687795
-0.676351
-0.664904
-0.653461
-0.642028
-0.630610
-0.619213
-0.607843
-0.596504
-0.585201
-0.573937
-0.562716
-0.551541
-0.540415
-0.529342
-0.518322
-0.507359
-0.496455
-0.485611
-0.474831
-0.464115
-0.453465
-0.442881
-0.432366
-0.421919
-0.411542
-0.401236
-0.391002
-0.380841
-0.370752
-0.360738
-0.350798
-0.340933
-0.331142
-0.321427
-0.311788
-0.302224
-0.292735
-0.283323
-0.273987
-0.264726
-0.255541
-0.246432
-0.237399
-0.228441
-0.219558
-0.210751
-0.202018
-0.193360
-0.184776
-0.176266
-0.167830
-0.159467
-0.151177
-0.142960
-0.134814
-0.126740
-0.118738
-0.110806
-0.102945
-0.095153
-0.087431
-0.079778
-0.072194
-0.064677
-0.057228
-0.049846
-0.042530
-0.035280
-0.028096
-0.020976
-0.013921
-0.006930
-0.000001
-0.923417
-0.922308
-0.919489
-0.915305
-0.910013
-0.903801
-0.896817
-0.889178
-0.880979
-0.872298
-0.863196
-0.853726
-0.843938
-0.833872
-0.823562
-0.813042
-0.802337
-0.791471
-0.780467
-0.769342
-0.758114
-0.746798
-0.735407
-0.723952
-0.712447
-0.700902
-0.689325
-0.677726
-0.666112
-0.654490
-0.642867
-0.631249
-0.619639
-0.608045
-0.596470
-0.584919
-0.573395
-0.561902
-0.550443
-0.539021
-0.527638
-0.516297
-0.504999
-0.493748
-0.482544
-0.471390
-0.460288
-0.449237
-0.438239
-0.427295
-0.416407
-0.405574
-0.394798
-0.384079
-0.373419
-0.362817
-0.352274
-0.341790
-0.331366
-0.321001
-0.310696
-0.300451
-0.290266
-0.280140
-0.270074
-0.260067
-0.250120
-0.240232
-0.230403
-0.220632
-0.210919
-0.201265
-0.191667
-0.182127
-0.172643
-0.163215
-0.153843
-0.144526
-0.135263
-0.126054
-0.116899
-0.107796
-0.098745
-0.089746
-0.080797
-0.071899
-0.063050
-0.054250
-0.045498
-0.036794
-0.028137
-0.019525
-0.010959
-0.002437
0.006041
0.014475
0.022867
0.031218
0.039527
0.047797
-0.925893
-0.924793
-0.921995
-0.917840
-0.912580
-0.906402
-0.899451
-0.891841
-0.883666
-0.875003
-0.865912
-0.856446
-0.846653
-0.836574
-0.826243
-0.815692
-0.804946
-0.794031
-0.782967
-0.771772
-0.760464
-0.749057
-0.737564
-0.725999
-0.714371
-0.702693
-0.690972
-0.679217
-0.667437
-0.655638
-0.643826
-0.632006
-0.620185
-0.608366
-0.596556
-0.584758
-0.572974
-0.561209
-0.549466
-0.537747
-0.526054
-0.514391
-0.502759
-0.491159
-0.479595
-0.468068
-0.456577
-0.445125
-0.433713
-0.422340
-0.411009
-0.399720
-0.388473
-0.377269
-0.366109
-0.354993
-0.343920
-0.332892
-0.321908
-0.310969
-0.300073
-0.289222
-0.278414
-0.267651
-0.256931
-0.246253
-0.235619
-0.225027
-0.214477
-0.203968
-0.193500
-0.183073
-0.172685
-0.162337
-0.152027
-0.141755
-0.131520
-0.121322
-0.111159
-0.101031
-0.090937
-0.080877
-0.070849
-0.060853
-0.050888
-0.040953
-0.031047
-0.021169
-0.011319
-0.001495
0.008303
0.018076
0.027826
0.037553
0.047258
0.056942
0.066606
0.076251
0.085877
0.095487
-0.928437
-0.927346
-0.924570
-0.920446
-0.915221
-0.909079
-0.902163
-0.894586
-0.886438
-0.877795
-0.868718
-0.859259
-0.849465
-0.839375
-0.829024
-0.818444
-0.807660
-0.796697
-0.785576
-0.774312
-0.762926
-0.751430
-0.739838
-0.728163
-0.716415
-0.704604
-0.692740
-0.680832
-0.668886
-0.656910
-0.644910
-0.632890
-0.620857
-0.608816
-0.596771
-0.584725
-0.572683
-0.560646
-0.548619
-0.536603
-0.524602
-0.512617
-0.500651
-0.488704
-0.476779
-0.464878
-0.453000
-0.441148
-0.429321
-0.417520
-0.405747
-0.394001
-0.382284
-0.370595
-0.358936
-0.347305
-0.335704
-0.324132
-0.312589
-0.301075
-0.289589
-0.278132
-0.266704
-0.255302
-0.243928
-0.232581
-0.221260
-0.209965
-0.198696
-0.187450
-0.176228
-0.165029
-0.153853
-0.142697
-0.131563
-0.120448
-0.109352
-0.098274
-0.087213
-0.076167
-0.065137
-0.054122
-0.043119
-0.032128
-0.021149
-0.010179
0.000782
0.011735
0.022681
0.033621
0.044557
0.055489
0.066419
0.077348
0.088277
0.099207
0.110139
0.121075
0.132015
0.142960
-0.931047
-0.929966
-0.927214
-0.923123
-0.917936
-0.911834
-0.904956
-0.897414
-0.889296
-0.880677
-0.871616
-0.862167
-0.852373
-0.842276
-0.831909
-0.821302
-0.810483
-0.799474
-0.788296
-0.776967
-0.765504
-0.753922
-0.742232
-0.730448
-0.718581
-0.706641
-0.694636
-0.682575
-0.670465
-0.658313
-0.646126
-0.633908
-0.621665
-0.609402
-0.597124
-0.584832
-0.572531
-0.560224
-0.547914
-0.535604
-0.523294
-0.510989
-0.498689
-0.486396
-0.474112
-0.461837
-0.449574
-0.437322
-0.425081
-0.412854
-0.400639
-0.388439
-0.376252
-0.364080
-0.351923
-0.339779
-0.327651
-0.315536
-0.303436
-0.291349
-0.279275
-0.267214
-0.255165
-0.243129
-0.231103
-0.219088
-0.207083
-0.195088
-0.183100
-0.171120
-0.159147
-0.147179
-0.135216
-0.123257
-0.111301
-0.099346
-0.087392
-0.075438
-0.063482
-0.051523
-0.039561
-0.027593
-0.015620
-0.003639
0.008351
0.020351
0.032361
0.044385
0.056422
0.068473
0.080542
0.092628
0.104732
0.116858
0.129004
0.141174
0.153368
0.165588
0.177835
0.190110
-0.933723
-0.932653
-0.929927
-0.925871
-0.920725
-0.914665
-0.907828
-0.900325
-0.892239
-0.883647
-0.874607
-0.865170
-0.855380
-0.845278
-0.834897
-0.824267
-0.813415
-0.802363
-0.791132
-0.779739
-0.768202
-0.756535
-0.744750
-0.732860
-0.720876
-0.708807
-0.696663
-0.684451
-0.672180
-0.659854
-0.647482
-0.635067
-0.622616
-0.610133
-0.597622
-0.585086
-0.572529
-0.559954
-0.547363
-0.534759
-0.522143
-0.509519
-0.496887
-0.484250
-0.471607
-0.458962
-0.446315
-0.433665
-0.421013
-0.408361
-0.395707
-0.383054
-0.370400
-0.357747
-0.345094
-0.332440
-0.319787
-0.307132
-0.294476
-0.281819
-0.269160
-0.256498
-0.243833
-0.231164
-0.218491
-0.205812
-0.193126
-0.180433
-0.167732
-0.155022
-0.142301
-0.129569
-0.116824
-0.104065
-0.091292
-0.078502
-0.065696
-0.052870
-0.040025
-0.027158
-0.014269
-0.001356
0.011583
0.024548
0.037541
0.050564
0.063618
0.076705
0.089825
0.102981
0.116174
0.129406
0.142678
0.155991
0.169347
0.182748
0.196195
0.209690
0.223234
0.236829
-0.936465
-0.935406
-0.932707
-0.928689
-0.923587
-0.917572
-0.910780
-0.903318
-0.895269
-0.886708
-0.877692
-0.868270
-0.858487
-0.848383
-0.837991
-0.827341
-0.816458
-0.805366
-0.794084
-0.782631
-0.771022
-0.759273
-0.747395
-0.735401
-0.723302
-0.711108
-0.698827
-0.686467
-0.674036
-0.661539
-0.648984
-0.636375
-0.623718
-0.611017
-0.598276
-0.585499
-0.572687
-0.559845
-0.546975
-0.534080
-0.521161
-0.508220
-0.495259
-0.482279
-0.469282
-0.456268
-0.443239
-0.430194
-0.417134
-0.404059
-0.390970
-0.377867
-0.364749
-0.351618
-0.338472
-0.325312
-0.312137
-0.298946
-0.285739
-0.272516
-0.259275
-0.246017
-0.232740
-0.219443
-0.206126
-0.192787
-0.179426
-0.166041
-0.152632
-0.139196
-0.125733
-0.112242
-0.098722
-0.085170
-0.071586
-0.057968
-0.044315
-0.030626
-0.016898
-0.003131
0.010677
0.024528
0.038424
0.052365
0.066353
0.080391
0.094479
0.108620
0.122815
0.137065
0.151373
0.165740
0.180168
0.194658
0.209213
0.223833
0.238522
0.253280
0.268110
0.283012
-0.939272
-0.938224
-0.935555
-0.931577
-0.926521
-0.920555
-0.913812
-0.906396
-0.898387
-0.889859
-0.880870
-0.871467
-0.861695
-0.851593
-0.841192
-0.830525
-0.819615
-0.808486
-0.797156
-0.785645
-0.773968
-0.762140
-0.750172
-0.738077
-0.725866
-0.713549
-0.701134
-0.688628
-0.676039
-0.663374
-0.650639
-0.637839
-0.624979
-0.612063
-0.599094
-0.586078
-0.573015
-0.559909
-0.546763
-0.533580
-0.520360
-0.507106
-0.493818
-0.480499
-0.467150
-0.453771
-0.440364
-0.426928
-0.413463
-0.399969
-0.386448
-0.372899
-0.359321
-0.345716
-0.332082
-0.318419
-0.304727
-0.291005
-0.277252
-0.263468
-0.249651
-0.235801
-0.221917
-0.207999
-0.194044
-0.180051
-0.166021
-0.151950
-0.137839
-0.123685
-0.109488
-0.095245
-0.080956
-0.066619
-0.052233
-0.037795
-0.023304
-0.008759
0.005841
0.020500
0.035218
0.049997
0.064839
0.079746
0.094719
0.109760
0.124872
0.140055
0.155312
0.170645
0.186055
0.201545
0.217116
0.232770
0.248510
0.264337
0.280252
0.296259
0.312359
0.328553
-0.942143
-0.941108
-0.938470
-0.934535
-0.929529
-0.923615
-0.916924
-0.909556
-0.901592
-0.893102
-0.884143
-0.874763
-0.865005
-0.854907
-0.844503
-0.833822
-0.822888
-0.811725
-0.800351
-0.788785
-0.777043
-0.765138
-0.753084
-0.740891
-0.728571
-0.716134
-0.703588
-0.690940
-0.678197
-0.665366
-0.652454
-0.639466
-0.626405
-0.613277
-0.600085
-0.586833
-0.573522
-0.560156
-0.546738
-0.533269
-0.519752
-0.506188
-0.492578
-0.478924
-0.465227
-0.451487
-0.437706
-0.423882
-0.410017
-0.396109
-0.382160
-0.368170
-0.354138
-0.340064
-0.325947
-0.311787
-0.297583
-0.283335
-0.269042
-0.254703
-0.240316
-0.225882
-0.211398
-0.196864
-0.182278
-0.167640
-0.152947
-0.138199
-0.123394
-0.108531
-0.093607
-0.078622
-0.063574
-0.048461
-0.033281
-0.018033
-0.002715
0.012675
0.028138
0.043677
0.059294
0.074989
0.090766
0.106626
0.122571
0.138603
0.154724
0.170937
0.187242
0.203643
0.220141
0.236739
0.253438
0.270241
0.287149
0.304165
0.321291
0.338529
0.355882
0.373350
-0.945077
-0.944055
-0.941451
-0.937562
-0.932608
-0.926751
-0.920116
-0.912801
-0.904884
-0.896436
-0.887511
-0.878158
-0.868418
-0.858329
-0.847924
-0.837233
-0.826279
-0.815085
-0.803671
-0.792054
-0.780249
-0.768272
-0.756134
-0.743847
-0.731422
-0.718868
-0.706195
-0.693407
-0.680514
-0.667522
-0.654436
-0.641263
-0.628006
-0.614670
-0.601258
-0.587773
-0.574218
-0.560596
-0.546909
-0.533160
-0.519350
-0.505480
-0.491553
-0.477568
-0.463527
-0.449431
-0.435281
-0.421075
-0.406814
-0.392498
-0.378127
-0.363701
-0.349220
-0.334683
-0.320089
-0.305438
-0.290730
-0.275963
-0.261136
-0.246249
-0.231300
-0.216289
-0.201213
-0.186072
-0.170864
-0.155588
-0.140243
-0.124826
-0.109337
-0.093773
-0.078133
-0.062416
-0.046619
-0.030741
-0.014779
0.001268
0.017401
0.033624
0.049937
0.066344
0.082845
0.099444
0.116141
0.132940
0.149843
0.166851
0.183967
0.201192
0.218530
0.235983
0.253552
0.271240
0.289049
0.306982
0.325041
0.343228
0.361545
0.379995
0.398580
0.417302
-0.948074
-0.947066
-0.944497
-0.940658
-0.935760
-0.929963
-0.923388
-0.916129
-0.908265
-0.899862
-0.890976
-0.881654
-0.871935
-0.861859
-0.851458
-0.840760
-0.829790
-0.818569
-0.807118
-0.795454
-0.783591
-0.771545
-0.759327
-0.746949
-0.734423
-0.721757
-0.708959
-0.696037
-0.682997
-0.669847
-0.656592
-0.643238
-0.629789
-0.616249
-0.602621
-0.588908
-0.575114
-0.561239
-0.547289
-0.533264
-0.519166
-0.504996
-0.490755
-0.476445
-0.462066
-0.447619
-0.433105
-0.418523
-0.403872
-0.389154
-0.374367
-0.359512
-0.344588
-0.329595
-0.314532
-0.299398
-0.284192
-0.268914
-0.253562
-0.238135
-0.222633
-0.207052
-0.191394
-0.175655
-0.159835
-0.143931
-0.127943
-0.111868
-0.095705
-0.079453
-0.063108
-0.046670
-0.030136
-0.013505
0.003226
0.020058
0.036994
0.054035
0.071185
0.088444
0.105816
0.123302
0.140905
0.158627
0.176470
0.194437
0.212530
0.230751
0.249103
0.267589
0.286210
0.304969
0.323868
0.342911
0.362099
0.381435
0.400922
0.420561
0.440356
0.460308
-0.951133
-0.950140
-0.947609
-0.943821
-0.938984
-0.933251
-0.926739
-0.919541
-0.911733
-0.903381
-0.894538
-0.885250
-0.875558
-0.865498
-0.855105
-0.844405
-0.833423
-0.822179
-0.810695
-0.798988
-0.787071
-0.774960
-0.762667
-0.750203
-0.737579
-0.724804
-0.711887
-0.698833
-0.685652
-0.672348
-0.658929
-0.645399
-0.631762
-0.618022
-0.604183
-0.590247
-0.576217
-0.562096
-0.547888
-0.533592
-0.519211
-0.504746
-0.490198
-0.475568
-0.460858
-0.446066
-0.431194
-0.416242
-0.401209
-0.386095
-0.370899
-0.355622
-0.340263
-0.324822
-0.309297
-0.293689
-0.277994
-0.262214
-0.246345
-0.230388
-0.214341
-0.198202
-0.181971
-0.165645
-0.149223
-0.132702
-0.116083
-0.099362
-0.082538
-0.065608
-0.048572
-0.031426
-0.014169
0.003201
0.020686
0.038290
0.056013
0.073858
0.091827
0.109923
0.128148
0.146505
0.164995
0.183622
0.202388
0.221295
0.240346
0.259543
0.278889
0.298387
0.318038
0.337847
0.357815
0.377944
0.398239
0.418700
0.439332
0.460135
0.481115
0.502271
-0.954252
-0.953276
-0.950785
-0.947052
-0.942279
-0.936614
-0.930171
-0.923038
-0.915291
-0.906993
-0.898197
-0.888949
-0.879287
-0.869249
-0.858868
-0.848170
-0.837180
-0.825917
-0.814405
-0.802659
-0.790692
-0.778521
-0.766156
-0.753610
-0.740893
-0.728015
-0.714982
-0.701803
-0.688484
-0.675032
-0.661452
-0.647751
-0.633931
-0.619997
-0.605952
-0.591798
-0.577539
-0.563177
-0.548716
-0.534155
-0.519497
-0.504744
-0.489895
-0.474952
-0.459916
-0.444787
-0.429565
-0.414249
-0.398841
-0.383338
-0.367742
-0.352052
-0.336266
-0.320385
-0.304408
-0.288333
-0.272160
-0.255886
-0.239512
-0.223035
-0.206454
-0.189768
-0.172974
-0.156073
-0.139060
-0.121936
-0.104698
-0.087343
-0.069871
-0.052279
-0.034564
-0.016726
0.001240
0.019333
0.037558
0.055916
0.074409
0.093041
0.111813
0.130728
0.149788
0.168997
0.188355
0.207868
0.227536
0.247362
0.267349
0.287500
0.307818
0.328305
0.348964
0.369798
0.390810
0.412001
0.433376
0.454937
0.476687
0.498628
0.520764
0.543097
-0.957431
-0.956473
-0.954024
-0.950350
-0.945644
-0.940052
-0.933682
-0.926619
-0.918937
-0.910699
-0.901955
-0.892751
-0.883124
-0.873112
-0.862747
-0.852056
-0.841062
-0.829786
-0.818250
-0.806469
-0.794458
-0.782231
-0.769800
-0.757176
-0.744371
-0.731393
-0.718250
-0.704950
-0.691499
-0.677904
-0.664170
-0.650302
-0.636305
-0.622182
-0.607936
-0.593570
-0.579088
-0.564492
-0.549783
-0.534964
-0.520036
-0.505001
-0.489858
-0.474609
-0.459255
-0.443795
-0.428231
-0.412560
-0.396785
-0.380902
-0.364914
-0.348819
-0.332617
-0.316306
-0.299886
-0.283355
-0.266712
-0.249957
-0.233087
-0.216101
-0.198998
-0.181776
-0.164434
-0.146969
-0.129380
-0.111664
-0.093821
-0.075847
-0.057742
-0.039501
-0.021124
-0.002609
0.016048
0.034849
0.053796
0.072891
0.092137
0.111537
0.131092
0.150806
0.170682
0.190721
0.210928
0.231303
0.251851
0.272574
0.293475
0.314557
0.335822
0.357273
0.378914
0.400748
0.422776
0.445003
0.467431
0.490063
0.512903
0.535952
0.559214
0.582692
-0.960669
-0.959729
-0.957325
-0.953713
-0.949081
-0.943565
-0.937272
-0.930284
-0.922673
-0.914499
-0.905812
-0.896656
-0.887069
-0.877088
-0.866745
-0.856065
-0.845072
-0.833788
-0.822233
-0.810422
-0.798370
-0.786092
-0.773600
-0.760905
-0.748017
-0.734944
-0.721697
-0.708281
-0.694703
-0.680970
-0.667087
-0.653059
-0.638890
-0.624584
-0.610143
-0.595573
-0.580874
-0.566049
-0.551101
-0.536031
-0.520839
-0.505529
-0.490100
-0.474552
-0.458888
-0.443107
-0.427208
-0.411191
-0.395057
-0.378804
-0.362433
-0.345943
-0.329334
-0.312603
-0.295751
-0.278775
-0.261675
-0.244449
-0.227095
-0.209613
-0.192000
-0.174256
-0.156377
-0.138363
-0.120211
-0.101919
-0.083486
-0.064909
-0.046185
-0.027313
-0.008290
0.010885
0.030217
0.049706
0.069357
0.089170
0.109149
0.129296
0.149615
0.170108
0.190777
0.211625
0.232656
0.253872
0.275277
0.296872
0.318661
0.340647
0.362834
0.385223
0.407819
0.430624
0.453641
0.476874
0.500325
0.523998
0.547895
0.572021
0.596377
0.620968
-0.963965
-0.963045
-0.960688
-0.957142
-0.952586
-0.947153
-0.940942
-0.934034
-0.926498
-0.918394
-0.909769
-0.900666
-0.891125
-0.881180
-0.870862
-0.860199
-0.849212
-0.837925
-0.826355
-0.814519
-0.802433
-0.790110
-0.777561
-0.764799
-0.751833
-0.738672
-0.725325
-0.711799
-0.698101
-0.684236
-0.670210
-0.656028
-0.641694
-0.627211
-0.612583
-0.597814
-0.582905
-0.567859
-0.552678
-0.537364
-0.521918
-0.506340
-0.490633
-0.474796
-0.458829
-0.442734
-0.426510
-0.410157
-0.393674
-0.377061
-0.360317
-0.343443
-0.326437
-0.309298
-0.292024
-0.274615
-0.257069
-0.239385
-0.221561
-0.203595
-0.185487
-0.167233
-0.148833
-0.130284
-0.111585
-0.092732
-0.073725
-0.054560
-0.035236
-0.015750
0.003901
0.023719
0.043706
0.063865
0.084199
0.104710
0.125401
0.146275
0.167334
0.188582
0.210022
0.231656
0.253487
0.275519
0.297754
0.320196
0.342847
0.365711
0.388790
0.412089
0.435610
0.459357
0.483332
0.507539
0.531982
0.556663
0.581585
0.606753
0.632169
0.657836
-0.967317
-0.966418
-0.964111
-0.960635
-0.956161
-0.950815
-0.944691
-0.937868
-0.930413
-0.922383
-0.913826
-0.904782
-0.895290
-0.885387
-0.875101
-0.864459
-0.853484
-0.842198
-0.830620
-0.818764
-0.806649
-0.794285
-0.781687
-0.768863
-0.755825
-0.742582
-0.729142
-0.715512
-0.701699
-0.687709
-0.673546
-0.659216
-0.644723
-0.630070
-0.615263
-0.600302
-0.585191
-0.569931
-0.554526
-0.538976
-0.523282
-0.507446
-0.491469
-0.475350
-0.459092
-0.442693
-0.426153
-0.409473
-0.392651
-0.375688
-0.358583
-0.341336
-0.323945
-0.306408
-0.288726
-0.270896
-0.252917
-0.234788
-0.216507
-0.198072
-0.179482
-0.160735
-0.141828
-0.122761
-0.103530
-0.084133
-0.064568
-0.044834
-0.024927
-0.004845
0.015415
0.035854
0.056477
0.077285
0.098281
0.119468
0.140849
0.162427
0.184204
0.206184
0.228369
0.250763
0.273370
0.296191
0.319230
0.342490
0.365974
0.389686
0.413630
0.437807
0.462223
0.486879
0.511780
0.536928
0.562328
0.587983
0.613895
0.640069
0.666508
0.693214
-0.970725
-0.969847
-0.967594
-0.964192
-0.959804
-0.954551
-0.948520
-0.941787
-0.934418
-0.926468
-0.917983
-0.909004
-0.899568
-0.889711
-0.879462
-0.868847
-0.857889
-0.846611
-0.835029
-0.823160
-0.811020
-0.798623
-0.785980
-0.773101
-0.759997
-0.746677
-0.733150
-0.719423
-0.705503
-0.691393
-0.677100
-0.662629
-0.647985
-0.633170
-0.618190
-0.603045
-0.587740
-0.572275
-0.556652
-0.540875
-0.524943
-0.508857
-0.492619
-0.476229
-0.459688
-0.442995
-0.426150
-0.409153
-0.392004
-0.374703
-0.357248
-0.339639
-0.321874
-0.303954
-0.285875
-0.267638
-0.249240
-0.230680
-0.211957
-0.193067
-0.174011
-0.154786
-0.135389
-0.115819
-0.096074
-0.076150
-0.056047
-0.035762
-0.015291
0.005367
0.026216
0.047257
0.068494
0.089929
0.111565
0.133405
0.155452
0.177710
0.200180
0.222866
0.245771
0.268899
0.292253
0.315835
0.339649
0.363699
0.387987
0.412516
0.437292
0.462316
0.487593
0.513126
0.538918
0.564973
0.591295
0.617887
0.644752
0.671894
0.699316
0.727022
-0.974187
-0.973332
-0.971135
-0.967812
-0.963516
-0.958359
-0.952427
-0.945791
-0.938512
-0.930649
-0.922242
-0.913333
-0.903958
-0.894153
-0.883947
-0.873364
-0.862430
-0.851164
-0.839585
-0.827707
-0.815551
-0.803125
-0.790444
-0.777516
-0.764352
-0.750963
-0.737356
-0.723538
-0.709516
-0.695294
-0.680879
-0.666275
-0.651486
-0.636518
-0.621372
-0.606052
-0.590560
-0.574898
-0.559068
-0.543072
-0.526910
-0.510585
-0.494096
-0.477444
-0.460630
-0.443654
-0.426514
-0.409213
-0.391747
-0.374119
-0.356326
-0.338369
-0.320244
-0.301953
-0.283492
-0.264861
-0.246058
-0.227083
-0.207931
-0.188604
-0.169097
-0.149410
-0.129541
-0.109486
-0.089244
-0.068813
-0.048190
-0.027373
-0.006358
0.014855
0.036271
0.057892
0.079721
0.101760
0.124013
0.146482
0.169171
0.192082
0.215219
0.238585
0.262183
0.286017
0.310089
0.334403
0.358962
0.383770
0.408830
0.434146
0.459721
0.485558
0.511663
0.538037
0.564684
0.591609
0.618815
0.646305
0.674084
0.702154
0.730519
0.759183
-0.977701
-0.976872
-0.974734
-0.971494
-0.967294
-0.962241
-0.956412
-0.949878
-0.942698
-0.934925
-0.926603
-0.917770
-0.908462
-0.898714
-0.888556
-0.878013
-0.867107
-0.855860
-0.844289
-0.832411
-0.820242
-0.807795
-0.795082
-0.782111
-0.768895
-0.755443
-0.741763
-0.727862
-0.713745
-0.699419
-0.684888
-0.670158
-0.655234
-0.640119
-0.624816
-0.609330
-0.593660
-0.577810
-0.561781
-0.545576
-0.529195
-0.512639
-0.495909
-0.479007
-0.461931
-0.444682
-0.427260
-0.409665
-0.391896
-0.373953
-0.355835
-0.337542
-0.319071
-0.300422
-0.281594
-0.262584
-0.243391
-0.224015
-0.204453
-0.184703
-0.164763
-0.144632
-0.124307
-0.103786
-0.083067
-0.062148
-0.041025
-0.019696
0.001841
0.023588
0.045550
0.067727
0.090125
0.112744
0.135589
0.158662
0.181966
0.205505
0.229282
0.253300
0.277562
0.302071
0.326832
0.351847
0.377120
0.402655
0.428454
0.454522
0.480862
0.507477
0.534373
0.561551
0.589017
0.616773
0.644824
0.673172
0.701823
0.730780
0.760046
0.789625
-0.981267
-0.980463
-0.978389
-0.975237
-0.971139
-0.966195
-0.960476
-0.954050
-0.946974
-0.939299
-0.931066
-0.922315
-0.913080
-0.903396
-0.893293
-0.882794
-0.871923
-0.860701
-0.849145
-0.837272
-0.825098
-0.812636
-0.799897
-0.786891
-0.773629
-0.760121
-0.746375
-0.732398
-0.718195
-0.703771
-0.689133
-0.674285
-0.659234
-0.643981
-0.628530
-0.612886
-0.597048
-0.581018
-0.564801
-0.548396
-0.531806
-0.515030
-0.498071
-0.480928
-0.463602
-0.446092
-0.428399
-0.410523
-0.392463
-0.374219
-0.355789
-0.337174
-0.318371
-0.299379
-0.280197
-0.260824
-0.241258
-0.221498
-0.201541
-0.181386
-0.161031
-0.140474
-0.119713
-0.098745
-0.077568
-0.056180
-0.034578
-0.012760
0.009278
0.031537
0.054020
0.076731
0.099673
0.122848
0.146259
0.169909
0.193802
0.217941
0.242329
0.266970
0.291866
0.317022
0.342440
0.368124
0.394078
0.420306
0.446810
0.473594
0.500663
0.528021
0.555670
0.583615
0.611859
0.640406
0.669261
0.698427
0.727908
0.757707
0.787829
0.818277
-0.984882
-0.984106
-0.982098
-0.979040
-0.975049
-0.970220
-0.964618
-0.958306
-0.951340
-0.943769
-0.935632
-0.926968
-0.917813
-0.908200
-0.898157
-0.887709
-0.876879
-0.865688
-0.854154
-0.842293
-0.830121
-0.817650
-0.804893
-0.791858
-0.778557
-0.765001
-0.751197
-0.737151
-0.722869
-0.708356
-0.693619
-0.678662
-0.663492
-0.648110
-0.632521
-0.616727
-0.600730
-0.584532
-0.568136
-0.551542
-0.534753
-0.517769
-0.500590
-0.483219
-0.465654
-0.447896
-0.429945
-0.411800
-0.393462
-0.374930
-0.356203
-0.337280
-0.318159
-0.298840
-0.279321
-0.259600
-0.239677
-0.219549
-0.199215
-0.178673
-0.157921
-0.136957
-0.115779
-0.094384
-0.072770
-0.050934
-0.028875
-0.006589
0.015926
0.038673
0.061655
0.084874
0.108335
0.132039
0.155990
0.180190
0.204644
0.229354
0.254324
0.279558
0.305057
0.330827
0.356870
0.383191
0.409792
0.436678
0.463851
0.491316
0.519077
0.547138
0.575503
0.604174
0.633156
0.662454
0.692070
0.722010
0.752276
0.782874
0.813806
0.845076
-0.988544
-0.987798
-0.985861
-0.982901
-0.979024
-0.974316
-0.968837
-0.962646
-0.955797
-0.948336
-0.940301
-0.931732
-0.922662
-0.913125
-0.903149
-0.892759
-0.881977
-0.870824
-0.859319
-0.847476
-0.835312
-0.822840
-0.810072
-0.797015
-0.783684
-0.770087
-0.756232
-0.742125
-0.727772
-0.713179
-0.698351
-0.683295
-0.668015
-0.652513
-0.636795
-0.620861
-0.604715
-0.588358
-0.571794
-0.555022
-0.538045
-0.520863
-0.503478
-0.485889
-0.468099
-0.450105
-0.431908
-0.413509
-0.394907
-0.376101
-0.357090
-0.337874
-0.318451
-0.298820
-0.278980
-0.258929
-0.238665
-0.218188
-0.197494
-0.176584
-0.155454
-0.134102
-0.112527
-0.090725
-0.068695
-0.046434
-0.023940
-0.001210
0.021760
0.044971
0.068426
0.092128
0.116082
0.140288
0.164751
0.189474
0.214459
0.239711
0.265233
0.291027
0.317099
0.343450
0.370085
0.397008
0.424221
0.451729
0.479535
0.507644
0.536059
0.564784
0.593823
0.623180
0.652859
0.682863
0.713198
0.743867
0.774873
0.806222
0.837916
0.869961
-0.992253
-0.991537
-0.989677
-0.986820
-0.983064
-0.978483
-0.973134
-0.967071
-0.960344
-0.953000
-0.945074
-0.936605
-0.927628
-0.918174
-0.908272
-0.897945
-0.887219
-0.876110
-0.864640
-0.852823
-0.840675
-0.828209
-0.815436
-0.802367
-0.789013
-0.775383
-0.761485
-0.747326
-0.732910
-0.718245
-0.703336
-0.688189
-0.672808
-0.657197
-0.641358
-0.625295
-0.609010
-0.592506
-0.575783
-0.558844
-0.541690
-0.524323
-0.506743
-0.488950
-0.470946
-0.452729
-0.434301
-0.415661
-0.396808
-0.377743
-0.358465
-0.338971
-0.319262
-0.299335
-0.279190
-0.258825
-0.238239
-0.217430
-0.196396
-0.175136
-0.153648
-0.131929
-0.109977
-0.087790
-0.065366
-0.042702
-0.019796
0.003356
0.026755
0.050404
0.074307
0.098467
0.122886
0.147567
0.172514
0.197730
0.223217
0.248980
0.275022
0.301346
0.327956
0.354856
0.382049
0.409538
0.437327
0.465421
0.493822
0.522535
0.551564
0.580913
0.610586
0.640586
0.670918
0.701586
0.732594
0.763946
0.795646
0.827698
0.860106
0.892875
-0.996005
-0.995323
-0.993542
-0.990796
-0.987166
-0.982720
-0.977508
-0.971579
-0.964982
-0.957761
-0.949951
-0.941590
-0.932711
-0.923347
-0.913526
-0.903270
-0.892605
-0.881548
-0.870120
-0.858336
-0.846212
-0.833759
-0.820990
-0.807915
-0.794546
-0.780891
-0.766959
-0.752756
-0.738287
-0.723559
-0.708578
-0.693349
-0.677877
-0.662165
-0.646217
-0.630036
-0.613623
-0.596980
-0.580111
-0.563017
-0.545698
-0.528157
-0.510394
-0.492410
-0.474205
-0.455780
-0.437134
-0.418267
-0.399179
-0.379870
-0.360338
-0.340583
-0.320603
-0.300398
-0.279965
-0.259304
-0.238414
-0.217292
-0.195937
-0.174347
-0.152521
-0.130455
-0.108148
-0.085598
-0.062803
-0.039759
-0.016464
0.007084
0.030888
0.054951
0.079276
0.103865
0.128722
0.153850
0.179252
0.204931
0.230890
0.257133
0.283663
0.310484
0.337599
0.365012
0.392727
0.420747
0.449075
0.477717
0.506675
0.535953
0.565555
0.595486
0.625751
0.656351
0.687292
0.718578
0.750213
0.782201
0.814546
0.847252
0.880324
0.913766
-0.999800
-0.999153
-0.997457
-0.994826
-0.991331
-0.987027
-0.981958
-0.976171
-0.969711
-0.962620
-0.954933
-0.946685
-0.937912
-0.928645
-0.918911
-0.908734
-0.898137
-0.887139
-0.875761
-0.864017
-0.851924
-0.839493
-0.826735
-0.813663
-0.800288
-0.786616
-0.772658
-0.758420
-0.743907
-0.729125
-0.714081
-0.698780
-0.683227
-0.667426
-0.651378
-0.635089
-0.618558
-0.601790
-0.584786
-0.567547
-0.550076
-0.532374
-0.514442
-0.496279
-0.477888
-0.459267
-0.440417
-0.421338
-0.402030
-0.382492
-0.362724
-0.342723
-0.322490
-0.302023
-0.281320
-0.260381
-0.239205
-0.217789
-0.196133
-0.174233
-0.152089
-0.129698
-0.107059
-0.084168
-0.061023
-0.037623
-0.013964
0.009955
0.034139
0.058589
0.083308
0.108300
0.133567
0.159113
0.184940
0.211051
0.237451
0.264141
0.291127
0.318411
0.345997
0.373888
0.402089
0.430603
0.459433
0.488584
0.518058
0.547861
0.577996
0.608467
0.639279
0.670435
0.701940
0.733798
0.766013
0.798589
0.831530
0.864841
0.898525
0.932587
-1.003634
-1.003025
-1.001419
-0.998911
-0.995557
-0.991402
-0.986484
-0.980846
-0.974531
-0.967576
-0.960019
-0.951893
-0.943232
-0.934068
-0.924429
-0.914337
-0.903816
-0.892885
-0.881564
-0.869869
-0.857814
-0.845412
-0.832674
-0.819614
-0.806240
-0.792561
-0.778586
-0.764322
-0.749773
-0.734948
-0.719851
-0.704488
-0.688864
-0.672983
-0.656847
-0.640460
-0.623824
-0.606941
-0.589813
-0.572444
-0.554833
-0.536982
-0.518893
-0.500566
-0.482001
-0.463199
-0.444161
-0.424885
-0.405372
-0.385621
-0.365632
-0.345403
-0.324933
-0.304222
-0.283267
-0.262069
-0.240626
-0.218936
-0.196998
-0.174810
-0.152370
-0.129675
-0.106725
-0.083516
-0.060046
-0.036314
-0.012315
0.011951
0.036488
0.061298
0.086385
0.111751
0.137399
0.163332
0.189554
0.216067
0.242875
0.269981
0.297389
0.325102
0.353123
0.381457
0.410107
0.439077
0.468370
0.497991
0.527942
0.558228
0.588853
0.619821
0.651137
0.682805
0.714827
0.747209
0.779956
0.813071
0.846558
0.880421
0.914666
0.949296
-1.007507
-1.006937
-1.005426
-1.003048
-0.999843
-0.995846
-0.991086
-0.985605
-0.979440
-0.972630
-0.965209
-0.957212
-0.948671
-0.939618
-0.930081
-0.920082
-0.909644
-0.898788
-0.887531
-0.875892
-0.863884
-0.851519
-0.838810
-0.825769
-0.812406
-0.798728
-0.784746
-0.770464
-0.755890
-0.741031
-0.725891
-0.710477
-0.694792
-0.678842
-0.662629
-0.646155
-0.629425
-0.612439
-0.595201
-0.577712
-0.559974
-0.541989
-0.523757
-0.505279
-0.486555
-0.467587
-0.448374
-0.428917
-0.409215
-0.389267
-0.369074
-0.348633
-0.327944
-0.307007
-0.285820
-0.264381
-0.242691
-0.220747
-0.198547
-0.176091
-0.153376
-0.130400
-0.107161
-0.083658
-0.059887
-0.035847
-0.011535
0.013052
0.037916
0.063059
0.088486
0.114197
0.140197
0.166488
0.193074
0.219957
0.247141
0.274630
0.302426
0.330533
0.358954
0.387694
0.416757
0.446144
0.475861
0.505911
0.536298
0.567025
0.598098
0.629519
0.661294
0.693427
0.725920
0.758779
0.792009
0.825612
0.859594
0.893959
0.928711
0.963854
-1.011414
-1.010886
-1.009477
-1.007236
-1.004189
-1.000356
-0.995763
-0.990446
-0.984440
-0.977782
-0.970505
-0.962643
-0.954230
-0.945296
-0.935867
-0.925969
-0.915622
-0.904847
-0.893664
-0.882089
-0.870136
-0.857817
-0.845145
-0.832133
-0.818788
-0.805121
-0.791140
-0.776851
-0.762262
-0.747378
-0.732206
-0.716750
-0.701017
-0.685008
-0.668728
-0.652181
-0.635368
-0.618292
-0.600955
-0.583360
-0.565509
-0.547401
-0.529040
-0.510425
-0.491557
-0.472438
-0.453066
-0.433444
-0.413568
-0.393440
-0.373059
-0.352424
-0.331535
-0.310390
-0.288988
-0.267328
-0.245410
-0.223232
-0.200793
-0.178090
-0.155122
-0.131887
-0.108384
-0.084609
-0.060561
-0.036238
-0.011637
0.013244
0.038407
0.063856
0.089594
0.115622
0.141944
0.168563
0.195481
0.222703
0.250230
0.278067
0.306216
0.334682
0.363468
0.392577
0.422013
0.451780
0.481881
0.512320
0.543101
0.574227
0.605704
0.637534
0.669723
0.702274
0.735191
0.768479
0.802142
0.836184
0.870609
0.905422
0.940627
0.976228
-1.015354
-1.014872
-1.013569
-1.011474
-1.008592
-1.004933
-1.000515
-0.995370
-0.989530
-0.983031
-0.975906
-0.968187
-0.959908
-0.951101
-0.941789
-0.931999
-0.921751
-0.911066
-0.899963
-0.888461
-0.876571
-0.864307
-0.851681
-0.838706
-0.825390
-0.811743
-0.797773
-0.783487
-0.768892
-0.753994
-0.738799
-0.723314
-0.707541
-0.691486
-0.675152
-0.658542
-0.641658
-0.624504
-0.607082
-0.589394
-0.571442
-0.553227
-0.534750
-0.516013
-0.497016
-0.477760
-0.458246
-0.438473
-0.418441
-0.398149
-0.377598
-0.356787
-0.335714
-0.314380
-0.292783
-0.270922
-0.248796
-0.226405
-0.203746
-0.180818
-0.157620
-0.134149
-0.110404
-0.086382
-0.062082
-0.037502
-0.012638
0.012511
0.037947
0.063674
0.089694
0.116009
0.142623
0.169539
0.196759
0.224286
0.252123
0.280274
0.308743
0.337532
0.366645
0.396086
0.425858
0.455965
0.486410
0.517197
0.548330
0.579813
0.611650
0.643844
0.676401
0.709323
0.742616
0.776284
0.810330
0.844759
0.879575
0.914784
0.950388
0.986392
-1.019325
-1.018890
-1.017702
-1.015760
-1.013052
-1.009575
-1.005341
-1.000375
-0.994710
-0.988378
-0.981412
-0.973844
-0.965708
-0.957034
-0.947847
-0.938172
-0.928031
-0.917445
-0.906432
-0.895009
-0.883192
-0.870991
-0.858420
-0.845491
-0.832213
-0.818595
-0.804646
-0.790373
-0.775783
-0.760881
-0.745675
-0.730170
-0.714370
-0.698280
-0.681903
-0.665242
-0.648301
-0.631082
-0.613587
-0.595819
-0.577780
-0.559471
-0.540894
-0.522049
-0.502938
-0.483561
-0.463919
-0.444013
-0.423841
-0.403403
-0.382699
-0.361729
-0.340492
-0.318987
-0.297214
-0.275171
-0.252859
-0.230275
-0.207418
-0.184288
-0.160881
-0.137197
-0.113234
-0.088990
-0.064462
-0.039650
-0.014549
0.010840
0.036522
0.062499
0.088772
0.115345
0.142221
0.169402
0.196891
0.224691
0.252806
0.281237
0.309990
0.339066
0.368470
0.398205
0.428274
0.458682
0.489430
0.520525
0.551968
0.583763
0.615916
0.648429
0.681307
0.714555
0.748175
0.782172
0.816552
0.851317
0.886472
0.922022
0.957970
0.994320
-1.023322
-1.022938
-1.021871
-1.020092
-1.017568
-1.014283
-1.010241
-1.005463
-0.999979
-0.993823
-0.987024
-0.979615
-0.971629
-0.963096
-0.954041
-0.944491
-0.934465
-0.923985
-0.913069
-0.901736
-0.889999
-0.877871
-0.865364
-0.852491
-0.839260
-0.825681
-0.811763
-0.797513
-0.782938
-0.768044
-0.752837
-0.737324
-0.721508
-0.705394
-0.688986
-0.672288
-0.655302
-0.638030
-0.620476
-0.602642
-0.584530
-0.566141
-0.547477
-0.528540
-0.509330
-0.489848
-0.470095
-0.450071
-0.429776
-0.409209
-0.388370
-0.367259
-0.345876
-0.324220
-0.302290
-0.280086
-0.257607
-0.234852
-0.211819
-0.188508
-0.164916
-0.141042
-0.116885
-0.092442
-0.067712
-0.042693
-0.017382
0.008221
0.034121
0.060319
0.086817
0.113618
0.140725
0.168140
0.195867
0.223907
0.252265
0.280942
0.309944
0.339271
0.368929
0.398920
0.429248
0.459916
0.490928
0.522288
0.553998
0.586063
0.618487
0.651274
0.684428
0.717952
0.751851
0.786129
0.820791
0.855840
0.891281
0.927118
0.963355
0.999997
-1.027343
-1.027014
-1.026076
-1.024470
-1.022139
-1.019054
-1.015213
-1.010632
-1.005339
-0.999366
-0.992742
-0.985499
-0.977671
-0.969288
-0.960373
-0.950955
-0.941052
-0.930687
-0.919877
-0.908642
-0.896995
-0.884948
-0.872515
-0.859706
-0.846533
-0.833003
-0.819126
-0.804910
-0.790360
-0.775484
-0.760288
-0.744778
-0.728958
-0.712833
-0.696406
-0.679682
-0.662664
-0.645353
-0.627753
-0.609867
-0.591696
-0.573242
-0.554507
-0.535492
-0.516198
-0.496627
-0.476779
-0.456654
-0.436252
-0.415574
-0.394618
-0.373385
-0.351875
-0.330087
-0.308020
-0.285675
-0.263050
-0.240145
-0.216957
-0.193487
-0.169733
-0.145692
-0.121365
-0.096748
-0.071841
-0.046641
-0.021147
0.004644
0.030733
0.057124
0.083817
0.110817
0.138124
0.165743
0.193674
0.221922
0.250490
0.279379
0.308593
0.338136
0.368011
0.398220
0.428768
0.459657
0.490892
0.522475
0.554411
0.586702
0.619353
0.652367
0.685750
0.719504
0.753633
0.788143
0.823036
0.858317
0.893991
0.930061
0.966532
1.003407
-1.031385
-1.031115
-1.030315
-1.028891
-1.026763
-1.023889
-1.020258
-1.015882
-1.010789
-1.005006
-0.998565
-0.991497
-0.983835
-0.975609
-0.966843
-0.957564
-0.947792
-0.937551
-0.926857
-0.915729
-0.904180
-0.892224
-0.879874
-0.867140
-0.854033
-0.840563
-0.826738
-0.812565
-0.798052
-0.783206
-0.768032
-0.752536
-0.736723
-0.720599
-0.704167
-0.687430
-0.670392
-0.653056
-0.635424
-0.617499
-0.599283
-0.580778
-0.561987
-0.542910
-0.523548
-0.503904
-0.483977
-0.463768
-0.443278
-0.422505
-0.401451
-0.380114
-0.358495
-0.336594
-0.314411
-0.291945
-0.269195
-0.246160
-0.222840
-0.199234
-0.175340
-0.151156
-0.126683
-0.101917
-0.076857
-0.051503
-0.025851
0.000099
0.026351
0.052906
0.079766
0.106933
0.134411
0.162201
0.190306
0.218729
0.247472
0.276538
0.305931
0.335653
0.365707
0.396097
0.426826
0.457897
0.489314
0.521079
0.553197
0.585671
0.618504
0.651701
0.685266
0.719202
0.753513
0.788204
0.823278
0.858740
0.894593
0.930843
0.967492
1.004545
-1.035445
-1.035237
-1.034584
-1.033353
-1.031439
-1.028786
-1.025375
-1.021213
-1.016327
-1.010745
-1.004495
-0.997609
-0.990121
-0.982060
-0.973451
-0.964321
-0.954689
-0.944580
-0.934009
-0.922997
-0.911556
-0.899701
-0.887443
-0.874794
-0.861764
-0.848363
-0.834600
-0.820482
-0.806017
-0.791211
-0.776070
-0.760601
-0.744808
-0.728697
-0.712271
-0.695535
-0.678491
-0.661142
-0.643492
-0.625542
-0.607296
-0.588756
-0.569923
-0.550799
-0.531386
-0.511684
-0.491696
-0.471420
-0.450858
-0.430009
-0.408873
-0.387451
-0.365743
-0.343749
-0.321469
-0.298902
-0.276048
-0.252906
-0.229475
-0.205755
-0.181743
-0.157441
-0.132845
-0.107954
-0.082768
-0.057285
-0.031502
-0.005419
0.020967
0.047658
0.074655
0.101962
0.129579
0.157510
0.185756
0.214320
0.243206
0.272415
0.301951
0.331816
0.362013
0.392546
0.423417
0.454630
0.486189
0.518095
0.550353
0.582966
0.615937
0.649271
0.682972
0.717043
0.751488
0.786310
0.821514
0.857105
0.893085
0.929460
0.966233
1.003408
-1.039518
-1.039376
-1.038881
-1.037855
-1.036167
-1.033745
-1.030564
-1.026625
-1.021955
-1.016580
-1.010530
-1.003834
-0.996529
-0.988641
-0.980197
-0.971224
-0.961741
-0.951773
-0.941335
-0.930448
-0.919124
-0.907379
-0.895223
-0.882668
-0.869726
-0.856405
-0.842715
-0.828663
-0.814256
-0.799502
-0.784406
-0.768975
-0.753215
-0.737129
-0.720723
-0.704000
-0.686963
-0.669616
-0.651961
-0.634001
-0.615740
-0.597179
-0.578319
-0.559164
-0.539715
-0.519973
-0.499939
-0.479613
-0.458996
-0.438089
-0.416891
-0.395402
-0.373624
-0.351557
-0.329199
-0.306552
-0.283615
-0.260386
-0.236867
-0.213055
-0.188950
-0.164551
-0.139857
-0.114867
-0.089579
-0.063992
-0.038105
-0.011916
0.014577
0.041376
0.068481
0.095897
0.123623
0.151663
0.180019
0.208693
0.237687
0.267005
0.296649
0.326621
0.356925
0.387563
0.418539
0.449855
0.481514
0.513520
0.545876
0.578585
0.611651
0.645077
0.678868
0.713026
0.747556
0.782461
0.817746
0.853414
0.889469
0.925915
0.962756
0.999997
-1.043600
-1.043531
-1.043204
-1.042395
-1.040945
-1.038764
-1.035823
-1.032117
-1.027672
-1.022513
-1.016670
-1.010174
-1.003058
-0.995353
-0.987083
-0.978275
-0.968949
-0.959130
-0.948835
-0.938082
-0.926886
-0.915259
-0.903216
-0.890766
-0.877921
-0.864690
-0.851084
-0.837109
-0.822772
-0.808081
-0.793043
-0.777662
-0.761946
-0.745899
-0.729525
-0.712828
-0.695812
-0.678480
-0.660835
-0.642880
-0.624617
-0.606050
-0.587180
-0.568010
-0.548541
-0.528774
-0.508711
-0.488353
-0.467699
-0.446751
-0.425508
-0.403972
-0.382143
-0.360022
-0.337607
-0.314900
-0.291900
-0.268607
-0.245021
-0.221140
-0.196964
-0.172492
-0.147724
-0.122658
-0.097293
-0.071629
-0.045663
-0.019395
0.007177
0.034055
0.061241
0.088735
0.116541
0.144660
0.173093
0.201844
0.230915
0.260308
0.290025
0.320069
0.350443
0.381149
0.412191
0.443571
0.475292
0.507357
0.539769
0.572532
0.605649
0.639122
0.672958
0.707157
0.741724
0.776663
0.811978
0.847672
0.883750
0.920214
0.957070
0.994321
-1.047686
-1.047697
-1.047549
-1.046971
-1.045771
-1.043844
-1.041152
-1.037689
-1.033477
-1.028543
-1.022916
-1.016627
-1.009710
-1.002195
-0.994107
-0.985473
-0.976314
-0.966654
-0.956510
-0.945901
-0.934841
-0.923343
-0.911422
-0.899087
-0.886350
-0.873221
-0.859709
-0.845822
-0.831566
-0.816951
-0.801981
-0.786664
-0.771004
-0.755008
-0.738679
-0.722022
-0.705041
-0.687738
-0.670116
-0.652180
-0.633932
-0.615374
-0.596509
-0.577339
-0.557866
-0.538091
-0.518016
-0.497642
-0.476969
-0.455998
-0.434730
-0.413165
-0.391304
-0.369148
-0.346696
-0.323950
-0.300908
-0.277572
-0.253940
-0.230012
-0.205788
-0.181266
-0.156448
-0.131330
-0.105914
-0.080197
-0.054179
-0.027859
-0.001234
0.025696
0.052932
0.080477
0.108332
0.136499
0.164979
0.193776
0.222890
0.252324
0.282080
0.312161
0.342569
0.373307
0.404377
0.435783
0.467526
0.499610
0.532038
0.564812
0.597936
0.631413
0.665248
0.699442
0.734000
0.768925
0.804220
0.839891
0.875939
0.912370
0.949186
0.986392
-1.051773
-1.051869
-1.051915
-1.051581
-1.050645
-1.048983
-1.046552
-1.043340
-1.039371
-1.034670
-1.029268
-1.023194
-1.016484
-1.009168
-1.001271
-0.992819
-0.983836
-0.974343
-0.964360
-0.953904
-0.942990
-0.931632
-0.919843
-0.907633
-0.895015
-0.881997
-0.868591
-0.854803
-0.840641
-0.826113
-0.811224
-0.795982
-0.780392
-0.764459
-0.748189
-0.731585
-0.714652
-0.697392
-0.679809
-0.661906
-0.643687
-0.625154
-0.606309
-0.587155
-0.567694
-0.547928
-0.527858
-0.507485
-0.486810
-0.465834
-0.444559
-0.422983
-0.401110
-0.378938
-0.356470
-0.333704
-0.310642
-0.287283
-0.263627
-0.239674
-0.215424
-0.190877
-0.166031
-0.140887
-0.115443
-0.089699
-0.063655
-0.037308
-0.010658
0.016296
0.043556
0.071122
0.098997
0.127182
0.155679
0.184489
0.213614
0.243056
0.272818
0.302901
0.333308
0.364042
0.395104
0.426497
0.458224
0.490287
0.522690
0.555434
0.588523
0.621961
0.655750
0.689894
0.724396
0.759259
0.794487
0.830084
0.866053
0.902398
0.939122
0.976229
-1.055853
-1.056044
-1.056298
-1.056224
-1.055565
-1.054180
-1.052020
-1.049070
-1.045354
-1.040895
-1.035724
-1.029874
-1.023380
-1.016271
-1.008573
-1.000313
-0.991515
-0.982198
-0.972385
-0.962093
-0.951334
-0.940126
-0.928478
-0.916405
-0.903916
-0.891022
-0.877732
-0.864055
-0.849998
-0.835568
-0.820773
-0.805618
-0.790110
-0.774255
-0.758056
-0.741519
-0.724648
-0.707445
-0.689914
-0.672060
-0.653884
-0.635391
-0.616582
-0.597460
-0.578028
-0.558287
-0.538239
-0.517884
-0.497225
-0.476263
-0.454997
-0.433431
-0.411563
-0.389396
-0.366930
-0.344166
-0.321103
-0.297743
-0.274085
-0.250129
-0.225876
-0.201324
-0.176475
-0.151327
-0.125881
-0.100135
-0.074089
-0.047742
-0.021093
0.005858
0.033113
0.060673
0.088539
0.116713
0.145195
0.173988
0.203092
0.232511
0.262245
0.292297
0.322669
0.353362
0.384380
0.415723
0.447396
0.479400
0.511737
0.544411
0.577424
0.610779
0.644480
0.678529
0.712929
0.747684
0.782797
0.818272
0.854111
0.890319
0.926899
0.963855
-1.059923
-1.060217
-1.060694
-1.060898
-1.060530
-1.059435
-1.057557
-1.054879
-1.051423
-1.047215
-1.042286
-1.036668
-1.030398
-1.023505
-1.016015
-1.007956
-0.999351
-0.990220
-0.980587
-0.970467
-0.959875
-0.948825
-0.937330
-0.925403
-0.913054
-0.900294
-0.887133
-0.873577
-0.859637
-0.845319
-0.830629
-0.815574
-0.800162
-0.784396
-0.768283
-0.751826
-0.735030
-0.717899
-0.700435
-0.682643
-0.664527
-0.646088
-0.627331
-0.608257
-0.588870
-0.569170
-0.549161
-0.528842
-0.508217
-0.487285
-0.466048
-0.444509
-0.422666
-0.400523
-0.378079
-0.355335
-0.332293
-0.308952
-0.285313
-0.261376
-0.237141
-0.212609
-0.187779
-0.162652
-0.137226
-0.111502
-0.085480
-0.059158
-0.032537
-0.005615
0.021609
0.049134
0.076963
0.105096
0.133534
0.162279
0.191333
0.220696
0.250370
0.280357
0.310659
0.341278
0.372216
0.403474
0.435055
0.466961
0.499194
0.531758
0.564654
0.597885
0.631455
0.665366
0.699620
0.734221
0.769172
0.804477
0.840139
0.876160
0.912546
0.949297
-1.063976
-1.064382
-1.065102
-1.065600
-1.065540
-1.064748
-1.063163
-1.060766
-1.057580
-1.053631
-1.048952
-1.043576
-1.037538
-1.030868
-1.023596
-1.015746
-1.007344
-0.998409
-0.988965
-0.979027
-0.968610
-0.957730
-0.946399
-0.934628
-0.922431
-0.909816
-0.896794
-0.883372
-0.869561
-0.855366
-0.840794
-0.825852
-0.810547
-0.794885
-0.778870
-0.762507
-0.745801
-0.728755
-0.711373
-0.693659
-0.675616
-0.657248
-0.638558
-0.619548
-0.600221
-0.580580
-0.560626
-0.540360
-0.519785
-0.498902
-0.477712
-0.456218
-0.434420
-0.412319
-0.389917
-0.367214
-0.344212
-0.320911
-0.297312
-0.273415
-0.249221
-0.224730
-0.199942
-0.174858
-0.149477
-0.123799
-0.097825
-0.071554
-0.044985
-0.018118
0.009046
0.036510
0.064274
0.092338
0.120704
0.149372
0.178343
0.207620
0.237203
0.267093
0.297293
0.327803
0.358626
0.389763
0.421217
0.452989
0.485081
0.517495
0.550234
0.583301
0.616698
0.650428
0.684493
0.718896
0.753640
0.788729
0.824165
0.859952
0.896092
0.932589
-1.068004
-1.068535
-1.069517
-1.070331
-1.070593
-1.070118
-1.068836
-1.066732
-1.063824
-1.060144
-1.055723
-1.050596
-1.044799
-1.038362
-1.031316
-1.023684
-1.015494
-1.006765
-0.997518
-0.987773
-0.977542
-0.966841
-0.955684
-0.944081
-0.932045
-0.919587
-0.906716
-0.893440
-0.879769
-0.865709
-0.851268
-0.836452
-0.821268
-0.805722
-0.789819
-0.773564
-0.756961
-0.740015
-0.722729
-0.705107
-0.687153
-0.668871
-0.650263
-0.631333
-0.612084
-0.592517
-0.572635
-0.552439
-0.531932
-0.511116
-0.489991
-0.468560
-0.446825
-0.424785
-0.402443
-0.379802
-0.356860
-0.333619
-0.310081
-0.286246
-0.262113
-0.237685
-0.212962
-0.187943
-0.162630
-0.137022
-0.111120
-0.084924
-0.058433
-0.031647
-0.004566
0.022809
0.050481
0.078449
0.106713
0.135275
0.164136
0.193296
0.222757
0.252519
0.282584
0.312953
0.343628
0.374610
0.405901
0.437502
0.469416
0.501644
0.534188
0.567051
0.600236
0.633743
0.667577
0.701739
0.736232
0.771060
0.806224
0.841728
0.877575
0.913768
-1.072000
-1.072670
-1.073937
-1.075086
-1.075689
-1.075544
-1.074577
-1.072774
-1.070155
-1.066752
-1.062598
-1.057728
-1.052181
-1.045986
-1.039174
-1.031770
-1.023801
-1.015287
-1.006248
-0.996705
-0.986669
-0.976159
-0.965186
-0.953762
-0.941899
-0.929608
-0.916900
-0.903782
-0.890263
-0.876351
-0.862052
-0.847375
-0.832325
-0.816908
-0.801131
-0.784997
-0.768512
-0.751680
-0.734504
-0.716990
-0.699140
-0.680959
-0.662449
-0.643615
-0.624458
-0.604982
-0.585189
-0.565081
-0.544659
-0.523926
-0.502884
-0.481535
-0.459880
-0.437921
-0.415660
-0.393097
-0.370236
-0.347076
-0.323619
-0.299865
-0.275816
-0.251472
-0.226835
-0.201905
-0.176682
-0.151167
-0.125360
-0.099262
-0.072873
-0.046193
-0.019222
0.008040
0.035593
0.063437
0.091573
0.120002
0.148723
0.177737
0.207046
0.236649
0.266549
0.296745
0.327239
0.358033
0.389128
0.420524
0.452224
0.484229
0.516542
0.549163
0.582096
0.615342
0.648903
0.682782
0.716982
0.751505
0.786353
0.821529
0.857036
0.892877
-1.075957
-1.076780
-1.078358
-1.079866
-1.080827
-1.081026
-1.080386
-1.078894
-1.076573
-1.073455
-1.069576
-1.064973
-1.059684
-1.053739
-1.047171
-1.040004
-1.032265
-1.023975
-1.015154
-1.005822
-0.995993
-0.985683
-0.974905
-0.963671
-0.951992
-0.939880
-0.927346
-0.914397
-0.901043
-0.887290
-0.873147
-0.858621
-0.843718
-0.828444
-0.812806
-0.796808
-0.780454
-0.763750
-0.746699
-0.729307
-0.711576
-0.693511
-0.675116
-0.656392
-0.637345
-0.617976
-0.598288
-0.578284
-0.557965
-0.537333
-0.516392
-0.495142
-0.473587
-0.451726
-0.429563
-0.407100
-0.384338
-0.361278
-0.337922
-0.314270
-0.290325
-0.266087
-0.241557
-0.216736
-0.191626
-0.166226
-0.140538
-0.114562
-0.088299
-0.061749
-0.034912
-0.007789
0.019620
0.047316
0.075297
0.103565
0.132119
0.160960
0.190088
0.219503
0.249207
0.279200
0.309483
0.340056
0.370922
0.402080
0.433532
0.465280
0.497325
0.529668
0.562312
0.595258
0.628508
0.662064
0.695929
0.730105
0.764594
0.799398
0.834521
0.869963
-1.079864
-1.080860
-1.082778
-1.084669
-1.086007
-1.086565
-1.086262
-1.085091
-1.083076
-1.080253
-1.076657
-1.072329
-1.067307
-1.061622
-1.055306
-1.048384
-1.040886
-1.032828
-1.024235
-1.015125
-1.005512
-0.995413
-0.984841
-0.973807
-0.962323
-0.950402
-0.938054
-0.925286
-0.912109
-0.898529
-0.884553
-0.870191
-0.855448
-0.840331
-0.824845
-0.808995
-0.792787
-0.776226
-0.759315
-0.742059
-0.724462
-0.706529
-0.688262
-0.669666
-0.650744
-0.631499
-0.611933
-0.592049
-0.571849
-0.551336
-0.530513
-0.509381
-0.487942
-0.466198
-0.444153
-0.421807
-0.399163
-0.376223
-0.352987
-0.329458
-0.305637
-0.281525
-0.257123
-0.232434
-0.207457
-0.182194
-0.156647
-0.130815
-0.104701
-0.078304
-0.051625
-0.024664
0.002576
0.030098
0.057899
0.085980
0.114340
0.142981
0.171901
0.201100
0.230580
0.260340
0.290382
0.320705
0.351310
0.382198
0.413370
0.444826
0.476569
0.508600
0.540919
0.573529
0.606430
0.639625
0.673117
0.706905
0.740994
0.775384
0.810078
0.845079
-1.083711
-1.084903
-1.087193
-1.089493
-1.091228
-1.092158
-1.092205
-1.091364
-1.089665
-1.087145
-1.083841
-1.079797
-1.075050
-1.069633
-1.063578
-1.056911
-1.049661
-1.041847
-1.033492
-1.024613
-1.015227
-1.005349
-0.994993
-0.984171
-0.972894
-0.961175
-0.949024
-0.936450
-0.923461
-0.910065
-0.896270
-0.882085
-0.867515
-0.852568
-0.837247
-0.821561
-0.805513
-0.789108
-0.772351
-0.755247
-0.737799
-0.720012
-0.701890
-0.683436
-0.664655
-0.645549
-0.626122
-0.606375
-0.586311
-0.565934
-0.545245
-0.524248
-0.502944
-0.481336
-0.459426
-0.437216
-0.414709
-0.391907
-0.368812
-0.345424
-0.321746
-0.297781
-0.273528
-0.248989
-0.224168
-0.199063
-0.173678
-0.148013
-0.122069
-0.095847
-0.069349
-0.042575
-0.015526
0.011797
0.039394
0.067263
0.095405
0.123819
0.152504
0.181461
0.210690
0.240190
0.269961
0.300005
0.330320
0.360908
0.391768
0.422903
0.454311
0.485996
0.517957
0.550195
0.582713
0.615510
0.648590
0.681953
0.715602
0.749538
0.783764
0.818281
-1.087485
-1.088901
-1.091601
-1.094339
-1.096491
-1.097808
-1.098215
-1.097714
-1.096339
-1.094130
-1.091128
-1.087376
-1.082912
-1.077772
-1.071988
-1.065584
-1.058592
-1.051031
-1.042922
-1.034285
-1.025136
-1.015490
-1.005362
-0.994762
-0.983703
-0.972197
-0.960256
-0.947886
-0.935099
-0.921900
-0.908298
-0.894303
-0.879919
-0.865155
-0.850014
-0.834504
-0.818629
-0.802395
-0.785807
-0.768869
-0.751586
-0.733960
-0.715998
-0.697702
-0.679078
-0.660127
-0.640854
-0.621261
-0.601350
-0.581125
-0.560589
-0.539744
-0.518592
-0.497136
-0.475379
-0.453324
-0.430973
-0.408327
-0.385390
-0.362163
-0.338648
-0.314848
-0.290763
-0.266397
-0.241750
-0.216824
-0.191622
-0.166144
-0.140392
-0.114368
-0.088072
-0.061506
-0.034672
-0.007570
0.019799
0.047433
0.075332
0.103495
0.131922
0.160611
0.189562
0.218775
0.248250
0.277986
0.307984
0.338243
0.368763
0.399545
0.430589
0.461896
0.493466
0.525301
0.557401
0.589766
0.622400
0.655302
0.688474
0.721918
0.755635
0.789628
-1.091174
-1.092847
-1.095998
-1.099205
-1.101794
-1.103513
-1.104291
-1.104141
-1.103098
-1.101209
-1.098516
-1.095064
-1.090893
-1.086039
-1.080533
-1.074402
-1.067677
-1.060378
-1.052527
-1.044142
-1.035240
-1.025837
-1.015946
-1.005579
-0.994749
-0.983469
-0.971748
-0.959596
-0.947022
-0.934032
-0.920637
-0.906844
-0.892660
-0.878091
-0.863144
-0.847824
-0.832137
-0.816088
-0.799683
-0.782926
-0.765821
-0.748371
-0.730584
-0.712462
-0.694010
-0.675231
-0.656128
-0.636705
-0.616963
-0.596908
-0.576540
-0.555864
-0.534882
-0.513596
-0.492010
-0.470127
-0.447949
-0.425478
-0.402718
-0.379670
-0.356337
-0.332721
-0.308824
-0.284648
-0.260195
-0.235468
-0.210469
-0.185198
-0.159659
-0.133852
-0.107780
-0.081444
-0.054845
-0.027986
-0.000868
0.026509
0.054143
0.082032
0.110175
0.138572
0.167222
0.196124
0.225277
0.254680
0.284334
0.314237
0.344390
0.374791
0.405442
0.436342
0.467493
0.498893
0.530544
0.562445
0.594599
0.627006
0.659667
0.692583
0.725756
0.759187
-1.094761
-1.096732
-1.100383
-1.104092
-1.107140
-1.109274
-1.110435
-1.110644
-1.109942
-1.108381
-1.106005
-1.102862
-1.098992
-1.094431
-1.089213
-1.083364
-1.076915
-1.069889
-1.062304
-1.054181
-1.045537
-1.036387
-1.026745
-1.016623
-1.006033
-0.994989
-0.983501
-0.971579
-0.959229
-0.946462
-0.933285
-0.919707
-0.905736
-0.891376
-0.876636
-0.861521
-0.846035
-0.830186
-0.813977
-0.797415
-0.780503
-0.763246
-0.745649
-0.727716
-0.709452
-0.690860
-0.671943
-0.652705
-0.633149
-0.613279
-0.593097
-0.572606
-0.551810
-0.530711
-0.509313
-0.487620
-0.465632
-0.443355
-0.420789
-0.397938
-0.374805
-0.351391
-0.327700
-0.303734
-0.279495
-0.254985
-0.230207
-0.205163
-0.179856
-0.154287
-0.128458
-0.102372
-0.076030
-0.049434
-0.022587
0.004511
0.031858
0.059451
0.087290
0.115373
0.143699
0.172266
0.201074
0.230120
0.259405
0.288928
0.318687
0.348683
0.378914
0.409381
0.440083
0.471020
0.502192
0.533600
0.565244
0.597124
0.629242
0.661597
0.694192
0.727026
-1.098228
-1.100550
-1.104753
-1.109000
-1.112528
-1.115092
-1.116646
-1.117223
-1.116871
-1.115645
-1.113594
-1.110769
-1.107208
-1.102950
-1.098028
-1.092471
-1.086307
-1.079561
-1.072253
-1.064403
-1.056027
-1.047140
-1.037758
-1.027891
-1.017553
-1.006758
-0.995514
-0.983833
-0.971721
-0.959188
-0.946242
-0.932893
-0.919147
-0.905010
-0.890490
-0.875592
-0.860323
-0.844687
-0.828689
-0.812336
-0.795633
-0.778582
-0.761190
-0.743461
-0.725400
-0.707010
-0.688296
-0.669260
-0.649905
-0.630236
-0.610256
-0.589967
-0.569374
-0.548479
-0.527286
-0.505798
-0.484019
-0.461951
-0.439598
-0.416961
-0.394045
-0.370852
-0.347384
-0.323645
-0.299638
-0.275363
-0.250826
-0.226028
-0.200971
-0.175658
-0.150092
-0.124274
-0.098208
-0.071895
-0.045338
-0.018539
0.008501
0.035779
0.063292
0.091040
0.119021
0.147232
0.175672
0.204341
0.233235
0.262354
0.291697
0.321262
0.351050
0.381058
0.411286
0.441735
0.472402
0.503289
0.534394
0.565719
0.597264
0.629028
0.661012
0.693218
-1.101555
-1.104289
-1.109108
-1.113931
-1.117961
-1.120968
-1.122924
-1.123878
-1.123883
-1.123001
-1.121284
-1.118783
-1.115540
-1.111592
-1.106976
-1.101719
-1.095851
-1.089395
-1.082374
-1.074805
-1.066708
-1.058096
-1.048983
-1.039383
-1.029309
-1.018773
-1.007785
-0.996357
-0.984495
-0.972208
-0.959507
-0.946399
-0.932891
-0.918990
-0.904704
-0.890037
-0.874998
-0.859589
-0.843817
-0.827688
-0.811207
-0.794377
-0.777206
-0.759696
-0.741853
-0.723681
-0.705184
-0.686366
-0.667228
-0.647777
-0.628014
-0.607943
-0.587569
-0.566894
-0.545922
-0.524657
-0.503102
-0.481261
-0.459137
-0.436732
-0.414050
-0.391094
-0.367867
-0.344373
-0.320614
-0.296593
-0.272313
-0.247778
-0.222989
-0.197950
-0.172664
-0.147134
-0.121361
-0.095349
-0.069101
-0.042618
-0.015904
0.011039
0.038208
0.065602
0.093218
0.121054
0.149108
0.177377
0.205860
0.234555
0.263461
0.292575
0.321896
0.351423
0.381155
0.411091
0.441230
0.471570
0.502113
0.532856
0.563801
0.594946
0.626292
0.657840
-1.104714
-1.107943
-1.113448
-1.118885
-1.123438
-1.126902
-1.129271
-1.130609
-1.130979
-1.130448
-1.129072
-1.126904
-1.123986
-1.120359
-1.116057
-1.111109
-1.105545
-1.099390
-1.092664
-1.085389
-1.077580
-1.069252
-1.060420
-1.051098
-1.041298
-1.031034
-1.020314
-1.009150
-0.997550
-0.985523
-0.973078
-0.960224
-0.946967
-0.933316
-0.919277
-0.904856
-0.890059
-0.874891
-0.859360
-0.843468
-0.827224
-0.810630
-0.793693
-0.776418
-0.758808
-0.740870
-0.722606
-0.704019
-0.685115
-0.665896
-0.646367
-0.626530
-0.606390
-0.585951
-0.565217
-0.544191
-0.522877
-0.501279
-0.479400
-0.457242
-0.434811
-0.412109
-0.389140
-0.365907
-0.342413
-0.318661
-0.294656
-0.270400
-0.245897
-0.221149
-0.196160
-0.170932
-0.145470
-0.119776
-0.093854
-0.067705
-0.041334
-0.014742
0.012066
0.039089
0.066322
0.093765
0.121414
0.149267
0.177320
0.205573
0.234022
0.262665
0.291501
0.320528
0.349743
0.379146
0.408734
0.438507
0.468464
0.498603
0.528923
0.559425
0.590108
0.620972
-1.107678
-1.111502
-1.117773
-1.123866
-1.128963
-1.132894
-1.135686
-1.137415
-1.138157
-1.137986
-1.136958
-1.135131
-1.132547
-1.129248
-1.125268
-1.120639
-1.115389
-1.109543
-1.103124
-1.096151
-1.088641
-1.080607
-1.072068
-1.063034
-1.053520
-1.043538
-1.033098
-1.022211
-1.010885
-0.999130
-0.986954
-0.974366
-0.961375
-0.947986
-0.934207
-0.920044
-0.905504
-0.890592
-0.875314
-0.859675
-0.843682
-0.827339
-0.810651
-0.793624
-0.776263
-0.758573
-0.740556
-0.722218
-0.703561
-0.684591
-0.665310
-0.645723
-0.625833
-0.605646
-0.585165
-0.564393
-0.543336
-0.521996
-0.500378
-0.478485
-0.456320
-0.433888
-0.411192
-0.388236
-0.365023
-0.341557
-0.317842
-0.293881
-0.269678
-0.245237
-0.220560
-0.195652
-0.170516
-0.145156
-0.119574
-0.093775
-0.067762
-0.041538
-0.015107
0.011529
0.038365
0.065399
0.092628
0.120048
0.147656
0.175450
0.203426
0.231583
0.259916
0.288425
0.317106
0.345958
0.374978
0.404164
0.433515
0.463029
0.492706
0.522543
0.552540
0.582696
-1.110409
-1.114957
-1.122085
-1.128877
-1.134537
-1.138947
-1.142169
-1.144298
-1.145419
-1.145614
-1.144942
-1.143462
-1.141221
-1.138258
-1.134610
-1.130308
-1.125380
-1.119854
-1.113751
-1.107090
-1.099889
-1.092161
-1.083925
-1.075190
-1.065974
-1.056286
-1.046137
-1.035538
-1.024499
-1.013027
-1.001133
-0.988825
-0.976111
-0.962998
-0.949492
-0.935601
-0.921332
-0.906688
-0.891678
-0.876306
-0.860578
-0.844500
-0.828076
-0.811313
-0.794214
-0.776787
-0.759033
-0.740957
-0.722563
-0.703856
-0.684839
-0.665517
-0.645893
-0.625973
-0.605760
-0.585258
-0.564473
-0.543407
-0.522065
-0.500451
-0.478568
-0.456421
-0.434013
-0.411349
-0.388432
-0.365267
-0.341857
-0.318207
-0.294319
-0.270199
-0.245850
-0.221275
-0.196480
-0.171467
-0.146241
-0.120805
-0.095164
-0.069321
-0.043281
-0.017046
0.009379
0.035991
0.062785
0.089759
0.116908
0.144230
0.171720
0.199375
0.227192
0.255168
0.283301
0.311587
0.340023
0.368607
0.397336
0.426209
0.455224
0.484379
0.513672
0.543101
-1.112863
-1.118302
-1.126390
-1.133922
-1.140163
-1.145062
-1.148721
-1.151256
-1.152762
-1.153330
-1.153021
-1.151897
-1.150006
-1.147388
-1.144080
-1.140114
-1.135518
-1.130321
-1.124543
-1.118204
-1.111322
-1.103912
-1.095988
-1.087565
-1.078656
-1.069273
-1.059428
-1.049130
-1.038389
-1.027213
-1.015614
-1.003597
-0.991174
-0.978349
-0.965130
-0.951525
-0.937539
-0.923179
-0.908449
-0.893358
-0.877909
-0.862110
-0.845965
-0.829479
-0.812658
-0.795508
-0.778031
-0.760233
-0.742117
-0.723688
-0.704950
-0.685907
-0.666564
-0.646925
-0.626995
-0.606779
-0.586280
-0.565504
-0.544453
-0.523133
-0.501546
-0.479699
-0.457594
-0.435236
-0.412630
-0.389779
-0.366689
-0.343362
-0.319804
-0.296019
-0.272010
-0.247782
-0.223341
-0.198689
-0.173831
-0.148771
-0.123515
-0.098065
-0.072427
-0.046605
-0.020603
0.005575
0.031924
0.058439
0.085118
0.111956
0.138948
0.166091
0.193381
0.220814
0.248386
0.276094
0.303934
0.331903
0.359999
0.388217
0.416557
0.445014
0.473588
0.502276
-1.114987
-1.121532
-1.130692
-1.139007
-1.145845
-1.151241
-1.155343
-1.158289
-1.160188
-1.161135
-1.161196
-1.160435
-1.158901
-1.156636
-1.153677
-1.150056
-1.145802
-1.140942
-1.135500
-1.129493
-1.122940
-1.115856
-1.108257
-1.100155
-1.091565
-1.082500
-1.072969
-1.062983
-1.052553
-1.041686
-1.030393
-1.018682
-1.006561
-0.994038
-0.981119
-0.967813
-0.954124
-0.940059
-0.925626
-0.910828
-0.895673
-0.880167
-0.864314
-0.848121
-0.831592
-0.814733
-0.797548
-0.780042
-0.762218
-0.744082
-0.725637
-0.706888
-0.687840
-0.668498
-0.648866
-0.628949
-0.608752
-0.588278
-0.567533
-0.546520
-0.525245
-0.503711
-0.481923
-0.459886
-0.437604
-0.415081
-0.392323
-0.369333
-0.346117
-0.322679
-0.299024
-0.275156
-0.251080
-0.226800
-0.202322
-0.177650
-0.152788
-0.127743
-0.102518
-0.077118
-0.051549
-0.025815
0.000079
0.026128
0.052328
0.078673
0.105159
0.131782
0.158536
0.185416
0.212420
0.239542
0.266778
0.294124
0.321576
0.349131
0.376785
0.404535
0.432378
0.460312
-1.116712
-1.124644
-1.135002
-1.144138
-1.151586
-1.157484
-1.162034
-1.165396
-1.167694
-1.169026
-1.169465
-1.169074
-1.167905
-1.166002
-1.163399
-1.160132
-1.156228
-1.151716
-1.146619
-1.140954
-1.134741
-1.127994
-1.120729
-1.112960
-1.104700
-1.095963
-1.086759
-1.077097
-1.066989
-1.056443
-1.045469
-1.034075
-1.022270
-1.010062
-0.997456
-0.984462
-0.971083
-0.957328
-0.943203
-0.928714
-0.913867
-0.898667
-0.883121
-0.867234
-0.851011
-0.834458
-0.817579
-0.800379
-0.782862
-0.765032
-0.746895
-0.728455
-0.709716
-0.690684
-0.671364
-0.651761
-0.631879
-0.611723
-0.591297
-0.570606
-0.549655
-0.528448
-0.506990
-0.485286
-0.463341
-0.441160
-0.418746
-0.396106
-0.373244
-0.350166
-0.326875
-0.303377
-0.279677
-0.255780
-0.231692
-0.207416
-0.182960
-0.158328
-0.133524
-0.108555
-0.083427
-0.058144
-0.032712
-0.007136
0.018579
0.044426
0.070400
0.096496
0.122709
0.149033
0.175463
0.201993
0.228620
0.255338
0.282141
0.309027
0.335990
0.363027
0.390134
0.417306
-1.117955
-1.127641
-1.139333
-1.149325
-1.157390
-1.163795
-1.168796
-1.172579
-1.175280
-1.177004
-1.177826
-1.177813
-1.177016
-1.175482
-1.173245
-1.170340
-1.166796
-1.162641
-1.157898
-1.152585
-1.146721
-1.140322
-1.133403
-1.125977
-1.118058
-1.109660
-1.100794
-1.091469
-1.081695
-1.071482
-1.060839
-1.049775
-1.038298
-1.026417
-1.014138
-1.001468
-0.988413
-0.974982
-0.961179
-0.947011
-0.932486
-0.917607
-0.902381
-0.886814
-0.870911
-0.854678
-0.838119
-0.821240
-0.804043
-0.786534
-0.768719
-0.750601
-0.732185
-0.713478
-0.694484
-0.675209
-0.655656
-0.635831
-0.615738
-0.595381
-0.574767
-0.553901
-0.532785
-0.511428
-0.489832
-0.468002
-0.445946
-0.423667
-0.401170
-0.378461
-0.355545
-0.332427
-0.309113
-0.285609
-0.261918
-0.238049
-0.214005
-0.189793
-0.165418
-0.140887
-0.116205
-0.091378
-0.066412
-0.041314
-0.016089
0.009256
0.034716
0.060283
0.085953
0.111718
0.137573
0.163512
0.189528
0.215617
0.241771
0.267987
0.294257
0.320579
0.346946
0.373355
-1.118609
-1.130533
-1.143702
-1.154575
-1.163261
-1.170174
-1.175628
-1.179835
-1.182945
-1.185066
-1.186278
-1.186650
-1.186233
-1.185076
-1.183212
-1.180679
-1.177503
-1.173714
-1.169335
-1.164384
-1.158880
-1.152838
-1.146275
-1.139203
-1.131637
-1.123589
-1.115073
-1.106095
-1.096667
-1.086799
-1.076500
-1.065778
-1.054642
-1.043101
-1.031161
-1.018829
-1.006112
-0.993016
-0.979549
-0.965717
-0.951526
-0.936982
-0.922090
-0.906857
-0.891288
-0.875388
-0.859164
-0.842618
-0.825756
-0.808582
-0.791102
-0.773320
-0.755242
-0.736873
-0.718219
-0.699284
-0.680073
-0.660592
-0.640845
-0.620837
-0.600573
-0.580058
-0.559298
-0.538298
-0.517063
-0.495598
-0.473909
-0.452001
-0.429879
-0.407550
-0.385018
-0.362290
-0.339370
-0.316266
-0.292982
-0.269524
-0.245899
-0.222114
-0.198172
-0.174083
-0.149851
-0.125484
-0.100988
-0.076369
-0.051635
-0.026792
-0.001847
0.023193
0.048320
0.073529
0.098811
0.124161
0.149570
0.175032
0.200541
0.226089
0.251671
0.277280
0.302911
0.328558
-1.118536
-1.133343
-1.148129
-1.159899
-1.169204
-1.176622
-1.182530
-1.187166
-1.190688
-1.193212
-1.194821
-1.195584
-1.195555
-1.194782
-1.193299
-1.191146
-1.188348
-1.184934
-1.180928
-1.176349
-1.171214
-1.165540
-1.159343
-1.152637
-1.145434
-1.137748
-1.129591
-1.120974
-1.111904
-1.102392
-1.092449
-1.082082
-1.071300
-1.060111
-1.048523
-1.036542
-1.024175
-1.011429
-0.998311
-0.984827
-0.970985
-0.956788
-0.942244
-0.927359
-0.912137
-0.896585
-0.880708
-0.864510
-0.847996
-0.831171
-0.814040
-0.796608
-0.778880
-0.760863
-0.742561
-0.723980
-0.705125
-0.686000
-0.666611
-0.646963
-0.627061
-0.606911
-0.586518
-0.565886
-0.545023
-0.523933
-0.502622
-0.481095
-0.459358
-0.437418
-0.415279
-0.392948
-0.370430
-0.347733
-0.324861
-0.301822
-0.278621
-0.255265
-0.231762
-0.208117
-0.184338
-0.160432
-0.136405
-0.112266
-0.088021
-0.063679
-0.039245
-0.014730
0.009861
0.034518
0.059234
0.084001
0.108810
0.133654
0.158525
0.183415
0.208316
0.233221
0.258124
0.283017
-1.117562
-1.136110
-1.152642
-1.165307
-1.175222
-1.183142
-1.189504
-1.194569
-1.198508
-1.201440
-1.203451
-1.204613
-1.204979
-1.204597
-1.203504
-1.201739
-1.199327
-1.196298
-1.192674
-1.188476
-1.183721
-1.178426
-1.172606
-1.166275
-1.159446
-1.152133
-1.144348
-1.136101
-1.127401
-1.118258
-1.108683
-1.098683
-1.088266
-1.077443
-1.066219
-1.054602
-1.042598
-1.030215
-1.017460
-1.004338
-0.990857
-0.977022
-0.962838
-0.948314
-0.933453
-0.918262
-0.902747
-0.886910
-0.870758
-0.854294
-0.837525
-0.820456
-0.803093
-0.785440
-0.767504
-0.749289
-0.730802
-0.712046
-0.693028
-0.673752
-0.654224
-0.634450
-0.614434
-0.594183
-0.573702
-0.552996
-0.532073
-0.510936
-0.489593
-0.468050
-0.446312
-0.424385
-0.402276
-0.379992
-0.357537
-0.334920
-0.312147
-0.289226
-0.266162
-0.242963
-0.219637
-0.196191
-0.172633
-0.148970
-0.125211
-0.101364
-0.077437
-0.053438
-0.029377
-0.005262
0.018898
0.043093
0.067315
0.091554
0.115800
0.140045
0.164279
0.188495
0.212682
0.236834
-1.115459
-1.138897
-1.157272
-1.170813
-1.181320
-1.189734
-1.196548
-1.202045
-1.206404
-1.209750
-1.212169
-1.213735
-1.214503
-1.214521
-1.213825
-1.212456
-1.210440
-1.207804
-1.204571
-1.200764
-1.196399
-1.191492
-1.186059
-1.180114
-1.173671
-1.166742
-1.159340
-1.151475
-1.143156
-1.134394
-1.125198
-1.115577
-1.105539
-1.095093
-1.084247
-1.073007
-1.061379
-1.049371
-1.036991
-1.024244
-1.011138
-0.997678
-0.983869
-0.969718
-0.955232
-0.940416
-0.925274
-0.909813
-0.894035
-0.877946
-0.861553
-0.844860
-0.827874
-0.810598
-0.793041
-0.775205
-0.757098
-0.738723
-0.720087
-0.701195
-0.682052
-0.662665
-0.643037
-0.623176
-0.603088
-0.582777
-0.562250
-0.541512
-0.520571
-0.499433
-0.478102
-0.456586
-0.434891
-0.413025
-0.390992
-0.368801
-0.346459
-0.323972
-0.301349
-0.278596
-0.255722
-0.232734
-0.209641
-0.186451
-0.163172
-0.139813
-0.116383
-0.092891
-0.069348
-0.045762
-0.022145
0.001495
0.025146
0.048797
0.072438
0.096058
0.119646
0.143191
0.166684
0.190115
-1.111928
-1.141805
-1.162056
-1.176425
-1.187502
-1.196400
-1.203663
-1.209592
-1.214375
-1.218138
-1.220971
-1.222949
-1.224126
-1.224551
-1.224261
-1.223296
-1.221682
-1.219448
-1.216618
-1.213211
-1.209245
-1.204736
-1.199700
-1.194151
-1.188104
-1.181571
-1.174562
-1.167091
-1.159165
-1.150795
-1.141991
-1.132762
-1.123115
-1.113059
-1.102602
-1.091751
-1.080512
-1.068893
-1.056901
-1.044542
-1.031824
-1.018752
-1.005330
-0.991567
-0.977468
-0.963039
-0.948286
-0.933212
-0.917822
-0.902122
-0.886117
-0.869813
-0.853216
-0.836331
-0.819164
-0.801719
-0.784004
-0.766023
-0.747781
-0.729284
-0.710537
-0.691547
-0.672318
-0.652858
-0.633171
-0.613263
-0.593141
-0.572812
-0.552280
-0.531553
-0.510636
-0.489537
-0.468261
-0.446817
-0.425210
-0.403447
-0.381537
-0.359486
-0.337303
-0.314995
-0.292570
-0.270037
-0.247403
-0.224678
-0.201871
-0.178991
-0.156048
-0.133051
-0.110010
-0.086938
-0.063844
-0.040740
-0.017638
0.005450
0.028510
0.051532
0.074500
0.097404
0.120229
0.142965
-1.106578
-1.144987
-1.167035
-1.182156
-1.193770
-1.203139
-1.210848
-1.217210
-1.222419
-1.226605
-1.229857
-1.232252
-1.233845
-1.234684
-1.234807
-1.234254
-1.233053
-1.231230
-1.228810
-1.225812
-1.222255
-1.218155
-1.213526
-1.208384
-1.202743
-1.196616
-1.190013
-1.182946
-1.175425
-1.167459
-1.159059
-1.150233
-1.140988
-1.131335
-1.121280
-1.110831
-1.099993
-1.088776
-1.077185
-1.065227
-1.052909
-1.040238
-1.027217
-1.013855
-1.000156
-0.986128
-0.971775
-0.957102
-0.942113
-0.926814
-0.911210
-0.895308
-0.879113
-0.862630
-0.845866
-0.828826
-0.811514
-0.793938
-0.776101
-0.758009
-0.739670
-0.721088
-0.702268
-0.683217
-0.663941
-0.644446
-0.624738
-0.604823
-0.584707
-0.564399
-0.543902
-0.523224
-0.502372
-0.481353
-0.460174
-0.438842
-0.417365
-0.395750
-0.374005
-0.352139
-0.330160
-0.308076
-0.285896
-0.263628
-0.241284
-0.218871
-0.196400
-0.173882
-0.151328
-0.128748
-0.106156
-0.083563
-0.060983
-0.038429
-0.015916
0.006541
0.028926
0.051222
0.073416
0.095492
-1.098889
-1.148671
-1.172247
-1.188014
-1.200126
-1.209952
-1.218102
-1.224896
-1.230535
-1.235146
-1.238823
-1.241642
-1.243657
-1.244918
-1.245463
-1.245331
-1.244549
-1.243146
-1.241145
-1.238566
-1.235428
-1.231745
-1.227535
-1.222810
-1.217586
-1.211875
-1.205688
-1.199038
-1.191932
-1.184382
-1.176397
-1.167985
-1.159156
-1.149917
-1.140277
-1.130242
-1.119818
-1.109015
-1.097838
-1.086293
-1.074390
-1.062131
-1.049524
-1.036576
-1.023291
-1.009676
-0.995737
-0.981477
-0.966902
-0.952017
-0.936827
-0.921339
-0.905558
-0.889490
-0.873141
-0.856516
-0.839620
-0.822460
-0.805039
-0.787364
-0.769442
-0.751278
-0.732877
-0.714245
-0.695389
-0.676315
-0.657028
-0.637535
-0.617843
-0.597958
-0.577887
-0.557635
-0.537211
-0.516621
-0.495872
-0.474971
-0.453927
-0.432748
-0.411440
-0.390012
-0.368474
-0.346833
-0.325099
-0.303280
-0.281386
-0.259428
-0.237415
-0.215359
-0.193270
-0.171161
-0.149044
-0.126934
-0.104842
-0.082786
-0.060781
-0.038845
-0.016998
0.004740
0.026347
0.047802
-1.088167
-1.153196
-1.177728
-1.194004
-1.206571
-1.216837
-1.225422
-1.232650
-1.238719
-1.243761
-1.247869
-1.251117
-1.253561
-1.255251
-1.256224
-1.256521
-1.256168
-1.255194
-1.253621
-1.251470
-1.248759
-1.245504
-1.241721
-1.237424
-1.232627
-1.227344
-1.221584
-1.215361
-1.208682
-1.201558
-1.194001
-1.186016
-1.177613
-1.168802
-1.159588
-1.149979
-1.139982
-1.129605
-1.118855
-1.107737
-1.096259
-1.084428
-1.072247
-1.059725
-1.046867
-1.033678
-1.020165
-1.006331
-0.992182
-0.977723
-0.962960
-0.947898
-0.932544
-0.916904
-0.900982
-0.884784
-0.868315
-0.851581
-0.834587
-0.817341
-0.799847
-0.782110
-0.764137
-0.745934
-0.727506
-0.708861
-0.690003
-0.670940
-0.651677
-0.632222
-0.612581
-0.592760
-0.572767
-0.552608
-0.532291
-0.511823
-0.491212
-0.470466
-0.449593
-0.428600
-0.407498
-0.386293
-0.364996
-0.343616
-0.322161
-0.300643
-0.279071
-0.257458
-0.235813
-0.214150
-0.192481
-0.170820
-0.149181
-0.127580
-0.106035
-0.084565
-0.063192
-0.041945
-0.020861
0.000004
