-1.259257
-1.257576
-1.253299
-1.246968
-1.238976
-1.229615
-1.219107
-1.207628
-1.195312
-1.182269
-1.168589
-1.154346
-1.139601
-1.124406
-1.108804
-1.092833
-1.076523
-1.059903
-1.042995
-1.025821
-1.008397
-0.990739
-0.972860
-0.954772
-0.936484
-0.918006
-0.899346
-0.880508
-0.861499
-0.842323
-0.822985
-0.803487
-0.783832
-0.764022
-0.744058
-0.723941
-0.703672
-0.683251
-0.662677
-0.641949
-0.621069
-0.600032
-0.578839
-0.557487
-0.535975
-0.514301
-0.492461
-0.470453
-0.448275
-0.425923
-0.403395
-0.380687
-0.357796
-0.334718
-0.311451
-0.287989
-0.264330
-0.240468
-0.216402
-0.192125
-0.167635
-0.142927
-0.117996
-0.092838
-0.067449
-0.041824
-0.015959
0.010152
0.036512
0.063127
0.090000
0.117138
0.144545
0.172225
0.200184
0.228426
0.256957
0.285782
0.314905
0.344332
0.374067
0.404117
0.434485
0.465177
0.496199
0.527554
0.559250
0.591289
0.623679
0.656423
0.689528
0.722998
0.756840
0.791057
0.825655
0.860639
0.896015
0.931788
0.967963
1.004545
-1.259308
-1.257627
-1.253352
-1.247022
-1.239031
-1.229672
-1.219166
-1.207689
-1.195375
-1.182334
-1.168657
-1.154417
-1.139674
-1.124482
-1.108883
-1.092914
-1.076608
-1.059990
-1.043086
-1.025914
-1.008494
-0.990839
-0.972964
-0.954879
-0.936595
-0.918120
-0.899463
-0.880630
-0.861625
-0.842453
-0.823119
-0.803625
-0.783975
-0.764169
-0.744211
-0.724099
-0.703835
-0.683419
-0.662850
-0.642129
-0.621254
-0.600224
-0.579037
-0.557692
-0.536187
-0.514519
-0.492686
-0.470686
-0.448516
-0.426173
-0.403653
-0.380954
-0.358072
-0.335003
-0.311745
-0.288293
-0.264644
-0.240793
-0.216737
-0.192472
-0.167993
-0.143297
-0.118378
-0.093233
-0.067857
-0.042245
-0.016393
0.009703
0.036049
0.062648
0.089507
0.116629
0.144019
0.171683
0.199625
0.227850
0.256364
0.285170
0.314274
0.343682
0.373398
0.403427
0.433775
0.464446
0.495446
0.526780
0.558452
0.590469
0.622835
0.655556
0.688636
0.722081
0.755896
0.790087
0.824659
0.859616
0.894965
0.930709
0.966855
1.003408
-1.259462
-1.257782
-1.253509
-1.247183
-1.239196
-1.229842
-1.219343
-1.207872
-1.195565
-1.182531
-1.168862
-1.154629
-1.139894
-1.124710
-1.109119
-1.093159
-1.076861
-1.060253
-1.043357
-1.026195
-1.008784
-0.991139
-0.973274
-0.955199
-0.936926
-0.918462
-0.899817
-0.880994
-0.862002
-0.842843
-0.823521
-0.804041
-0.784404
-0.764612
-0.744668
-0.724571
-0.704323
-0.683923
-0.663371
-0.642667
-0.621810
-0.600798
-0.579631
-0.558305
-0.536821
-0.515175
-0.493364
-0.471387
-0.449240
-0.426921
-0.404426
-0.381753
-0.358898
-0.335857
-0.312627
-0.289205
-0.265586
-0.241767
-0.217744
-0.193512
-0.169068
-0.144407
-0.119524
-0.094417
-0.069079
-0.043507
-0.017697
0.008357
0.034660
0.061215
0.088028
0.115103
0.142445
0.170059
0.197951
0.226124
0.254584
0.283335
0.312384
0.341734
0.371391
0.401360
0.431646
0.462254
0.493189
0.524457
0.556062
0.588010
0.620305
0.652954
0.685961
0.719330
0.753069
0.787181
0.821673
0.856548
0.891813
0.927473
0.963532
0.999997
-1.259718
-1.258040
-1.253771
-1.247451
-1.239472
-1.230127
-1.219638
-1.208177
-1.195881
-1.182860
-1.169202
-1.154982
-1.140261
-1.125090
-1.109513
-1.093567
-1.077284
-1.060690
-1.043810
-1.026663
-1.009268
-0.991639
-0.973791
-0.955733
-0.937478
-0.919032
-0.900406
-0.881603
-0.862629
-0.843491
-0.824190
-0.804732
-0.785118
-0.765350
-0.745430
-0.725358
-0.705136
-0.684762
-0.664239
-0.643563
-0.622736
-0.601755
-0.580620
-0.559327
-0.537877
-0.516266
-0.494492
-0.472553
-0.450445
-0.428166
-0.405714
-0.383083
-0.360273
-0.337278
-0.314096
-0.290723
-0.267155
-0.243388
-0.219419
-0.195243
-0.170856
-0.146254
-0.121432
-0.096387
-0.071114
-0.045609
-0.019866
0.006118
0.032348
0.058829
0.085566
0.112563
0.139825
0.167357
0.195164
0.223250
0.251621
0.280282
0.309237
0.338492
0.368051
0.397920
0.428103
0.458606
0.489434
0.520592
0.552084
0.583917
0.616095
0.648624
0.681507
0.714753
0.748363
0.782345
0.816703
0.851443
0.886569
0.922087
0.958003
0.994321
-1.260076
-1.258400
-1.254137
-1.247826
-1.239858
-1.230526
-1.220050
-1.208604
-1.196324
-1.183320
-1.169679
-1.155477
-1.140774
-1.125621
-1.110064
-1.094138
-1.077875
-1.061301
-1.044442
-1.027318
-1.009945
-0.992339
-0.974514
-0.956481
-0.938250
-0.919829
-0.901229
-0.882453
-0.863508
-0.844398
-0.825127
-0.805699
-0.786117
-0.766382
-0.746495
-0.726459
-0.706273
-0.685937
-0.665452
-0.644817
-0.624031
-0.603093
-0.582002
-0.560756
-0.539353
-0.517792
-0.496069
-0.474183
-0.452130
-0.429908
-0.407513
-0.384944
-0.362195
-0.339265
-0.316150
-0.292845
-0.269348
-0.245654
-0.221760
-0.197662
-0.173355
-0.148835
-0.124099
-0.099141
-0.073958
-0.048545
-0.022898
0.002988
0.029118
0.055496
0.082126
0.109014
0.136164
0.163582
0.191270
0.219236
0.247483
0.276017
0.304841
0.333963
0.363385
0.393114
0.423154
0.453511
0.484188
0.515193
0.546528
0.578200
0.610214
0.642575
0.675288
0.708358
0.741790
0.775589
0.809762
0.844312
0.879244
0.914565
0.950280
0.986392
-1.260536
-1.258864
-1.254608
-1.248308
-1.240354
-1.231038
-1.220580
-1.209153
-1.196893
-1.183910
-1.170292
-1.156113
-1.141433
-1.126305
-1.110772
-1.094872
-1.078634
-1.062087
-1.045256
-1.028159
-1.010815
-0.993238
-0.975443
-0.957441
-0.939242
-0.920854
-0.902287
-0.883546
-0.864636
-0.845563
-0.826331
-0.806942
-0.787400
-0.767707
-0.747863
-0.727872
-0.707733
-0.687445
-0.667010
-0.646426
-0.625694
-0.604811
-0.583777
-0.562590
-0.541249
-0.519751
-0.498094
-0.476275
-0.454292
-0.432142
-0.409823
-0.387330
-0.364662
-0.341814
-0.318784
-0.295567
-0.272161
-0.248561
-0.224763
-0.200765
-0.176560
-0.152146
-0.127518
-0.102673
-0.077605
-0.052311
-0.026785
-0.001025
0.024976
0.051222
0.077716
0.104464
0.131471
0.158741
0.186278
0.214089
0.242177
0.270548
0.299206
0.328156
0.357403
0.386953
0.416809
0.446978
0.477464
0.508271
0.539406
0.570872
0.602676
0.634822
0.667315
0.700161
0.733364
0.766930
0.800864
0.835170
0.869855
0.904923
0.940380
0.976229
-1.261099
-1.259429
-1.255183
-1.248897
-1.240960
-1.231663
-1.221227
-1.209823
-1.197589
-1.184632
-1.171041
-1.156890
-1.142239
-1.127140
-1.111637
-1.095768
-1.079562
-1.063048
-1.046249
-1.029186
-1.011877
-0.994336
-0.976578
-0.958614
-0.940453
-0.922105
-0.903579
-0.884880
-0.866014
-0.846986
-0.827800
-0.808459
-0.788966
-0.769324
-0.749534
-0.729597
-0.709514
-0.689285
-0.668910
-0.648390
-0.627722
-0.606907
-0.585942
-0.564827
-0.543560
-0.522139
-0.500562
-0.478826
-0.456928
-0.434867
-0.412638
-0.390240
-0.367669
-0.344922
-0.321995
-0.298885
-0.275589
-0.252103
-0.228423
-0.204546
-0.180466
-0.156180
-0.131685
-0.106976
-0.082048
-0.056898
-0.031521
-0.005913
0.019931
0.046015
0.072344
0.098922
0.125754
0.152844
0.180198
0.207820
0.235715
0.263888
0.292342
0.321084
0.350118
0.379450
0.409083
0.439022
0.469274
0.499842
0.530732
0.561949
0.593497
0.625381
0.657607
0.690180
0.723104
0.756386
0.790030
0.824040
0.858423
0.893183
0.928325
0.963854
-1.261763
-1.260098
-1.255863
-1.249593
-1.241676
-1.232402
-1.221991
-1.210616
-1.198411
-1.185485
-1.171925
-1.157807
-1.143191
-1.128127
-1.112660
-1.096827
-1.080658
-1.064182
-1.047423
-1.030400
-1.013131
-0.995633
-0.977918
-0.959998
-0.941883
-0.923582
-0.905104
-0.886454
-0.867640
-0.848665
-0.829533
-0.810249
-0.790814
-0.771232
-0.751505
-0.731632
-0.711616
-0.691455
-0.671152
-0.650705
-0.630114
-0.609378
-0.588495
-0.567465
-0.546285
-0.524955
-0.503471
-0.481832
-0.460035
-0.438077
-0.415956
-0.393668
-0.371211
-0.348582
-0.325778
-0.302794
-0.279628
-0.256276
-0.232734
-0.208998
-0.185065
-0.160931
-0.136591
-0.112042
-0.087280
-0.062299
-0.037097
-0.011668
0.013991
0.039886
0.066020
0.092398
0.119025
0.145905
0.173043
0.200443
0.228110
0.256050
0.284266
0.312763
0.341546
0.370621
0.399991
0.429661
0.459638
0.489925
0.520527
0.551449
0.582695
0.614272
0.646185
0.678437
0.711034
0.743982
0.777284
0.810946
0.844974
0.879371
0.914144
0.949296
-1.262528
-1.260868
-1.256646
-1.250395
-1.242500
-1.233254
-1.222873
-1.211529
-1.199358
-1.186467
-1.172945
-1.158865
-1.144288
-1.129264
-1.113838
-1.098047
-1.081921
-1.065489
-1.048775
-1.031798
-1.014577
-0.997127
-0.979462
-0.961593
-0.943531
-0.925284
-0.906861
-0.888269
-0.869513
-0.850599
-0.831530
-0.812310
-0.792943
-0.773430
-0.753774
-0.733976
-0.714035
-0.693954
-0.673732
-0.653370
-0.632867
-0.612221
-0.591432
-0.570499
-0.549420
-0.528194
-0.506817
-0.485290
-0.463607
-0.441768
-0.419770
-0.397610
-0.375284
-0.352790
-0.330126
-0.307286
-0.284269
-0.261070
-0.237687
-0.214115
-0.190350
-0.166389
-0.142228
-0.117863
-0.093289
-0.068503
-0.043501
-0.018278
0.007170
0.032847
0.058758
0.084907
0.111298
0.137936
0.164826
0.191972
0.219379
0.247051
0.274993
0.303209
0.331705
0.360485
0.389553
0.418915
0.448576
0.478540
0.508811
0.539396
0.570298
0.601523
0.633075
0.664959
0.697181
0.729744
0.762655
0.795917
0.829537
0.863519
0.897868
0.932588
-1.263394
-1.261740
-1.257532
-1.251302
-1.243435
-1.234218
-1.223871
-1.212563
-1.200430
-1.187580
-1.174099
-1.160063
-1.145530
-1.130552
-1.115172
-1.099429
-1.083352
-1.066969
-1.050306
-1.033381
-1.016214
-0.998819
-0.981210
-0.963399
-0.945396
-0.927210
-0.908850
-0.890322
-0.871632
-0.852786
-0.833788
-0.814642
-0.795350
-0.775915
-0.756339
-0.736624
-0.716770
-0.696778
-0.676649
-0.656382
-0.635977
-0.615434
-0.594751
-0.573927
-0.552961
-0.531852
-0.510596
-0.489194
-0.467641
-0.445936
-0.424076
-0.402058
-0.379880
-0.357539
-0.335032
-0.312355
-0.289505
-0.266479
-0.243274
-0.219886
-0.196310
-0.172544
-0.148584
-0.124426
-0.100065
-0.075498
-0.050721
-0.025730
-0.000520
0.024912
0.050572
0.076462
0.102589
0.128955
0.155566
0.182425
0.209539
0.236910
0.264543
0.292444
0.320616
0.349064
0.377793
0.406808
0.436113
0.465714
0.495613
0.525818
0.556331
0.587159
0.618306
0.649776
0.681574
0.713705
0.746175
0.778988
0.812149
0.845663
0.879534
0.913767
-1.264362
-1.262714
-1.258522
-1.252315
-1.244477
-1.235294
-1.224985
-1.213718
-1.201628
-1.188823
-1.175388
-1.161400
-1.146917
-1.131990
-1.116662
-1.100971
-1.084949
-1.068622
-1.052015
-1.035149
-1.018041
-1.000707
-0.983161
-0.965414
-0.947476
-0.929358
-0.911068
-0.892612
-0.873996
-0.855226
-0.836307
-0.817241
-0.798033
-0.778685
-0.759199
-0.739576
-0.719818
-0.699925
-0.679898
-0.659737
-0.639442
-0.619011
-0.598446
-0.577743
-0.556903
-0.535924
-0.514803
-0.493539
-0.472129
-0.450573
-0.428866
-0.407007
-0.384993
-0.362821
-0.340488
-0.317991
-0.295328
-0.272493
-0.249486
-0.226301
-0.202936
-0.179386
-0.155649
-0.131720
-0.107595
-0.083271
-0.058744
-0.034010
-0.009064
0.016097
0.041478
0.067082
0.092915
0.118979
0.145281
0.171823
0.198610
0.225648
0.252939
0.280489
0.308302
0.336383
0.364736
0.393365
0.422277
0.451474
0.480961
0.510744
0.540826
0.571214
0.601911
0.632921
0.664250
0.695902
0.727883
0.760197
0.792848
0.825842
0.859183
0.892876
-1.265430
-1.263789
-1.259615
-1.253434
-1.245628
-1.236483
-1.226215
-1.214993
-1.202950
-1.190194
-1.176812
-1.162877
-1.148449
-1.133577
-1.118307
-1.102674
-1.086712
-1.070446
-1.053902
-1.037100
-1.020058
-1.002791
-0.985313
-0.967637
-0.949772
-0.931729
-0.913514
-0.895137
-0.876603
-0.857917
-0.839084
-0.820107
-0.800991
-0.781738
-0.762350
-0.742829
-0.723176
-0.703391
-0.683477
-0.663432
-0.643257
-0.622950
-0.602513
-0.581944
-0.561241
-0.540404
-0.519430
-0.498319
-0.477067
-0.455673
-0.434135
-0.412449
-0.390615
-0.368628
-0.346486
-0.324187
-0.301726
-0.279102
-0.256311
-0.233350
-0.210215
-0.186902
-0.163409
-0.139731
-0.115865
-0.091807
-0.067554
-0.043101
-0.018444
0.006420
0.031495
0.056786
0.082296
0.108030
0.133992
0.160186
0.186617
0.213289
0.240205
0.267371
0.294790
0.322468
0.350409
0.378616
0.407096
0.435851
0.464887
0.494207
0.523818
0.553722
0.583926
0.614432
0.645247
0.676374
0.707818
0.739585
0.771678
0.804102
0.836862
0.869962
-1.266598
-1.264965
-1.260810
-1.254657
-1.246887
-1.237783
-1.227560
-1.216388
-1.204397
-1.191695
-1.178369
-1.164492
-1.150123
-1.135314
-1.120106
-1.104537
-1.088640
-1.072441
-1.055965
-1.039234
-1.022263
-1.005070
-0.987667
-0.970067
-0.952281
-0.934319
-0.916188
-0.897897
-0.879451
-0.860856
-0.842117
-0.823238
-0.804221
-0.785072
-0.765791
-0.746380
-0.726840
-0.707174
-0.687381
-0.667462
-0.647417
-0.627246
-0.606948
-0.586523
-0.565970
-0.545287
-0.524474
-0.503527
-0.482446
-0.461229
-0.439873
-0.418376
-0.396736
-0.374950
-0.353016
-0.330930
-0.308691
-0.286295
-0.263739
-0.241019
-0.218133
-0.195078
-0.171849
-0.148444
-0.124859
-0.101089
-0.077133
-0.052985
-0.028643
-0.004102
0.020642
0.045593
0.070754
0.096129
0.121723
0.147540
0.173584
0.199858
0.226368
0.253117
0.280110
0.307351
0.334844
0.362593
0.390604
0.418880
0.447425
0.476244
0.505342
0.534722
0.564391
0.594351
0.624607
0.655164
0.686026
0.717199
0.748686
0.780492
0.812621
0.845078
-1.267866
-1.266240
-1.262107
-1.255985
-1.248254
-1.239194
-1.229021
-1.217902
-1.205967
-1.193325
-1.180060
-1.166246
-1.151942
-1.137199
-1.122059
-1.106560
-1.090733
-1.074607
-1.058205
-1.041549
-1.024656
-1.007542
-0.990220
-0.972703
-0.955003
-0.937128
-0.919087
-0.900889
-0.882539
-0.864042
-0.845404
-0.826629
-0.807721
-0.788683
-0.769517
-0.750225
-0.730808
-0.711268
-0.691607
-0.671824
-0.651919
-0.631894
-0.611746
-0.591476
-0.571084
-0.550567
-0.529925
-0.509157
-0.488260
-0.467232
-0.446072
-0.424778
-0.403347
-0.381778
-0.360067
-0.338211
-0.316210
-0.294058
-0.271755
-0.249296
-0.226679
-0.203899
-0.180956
-0.157843
-0.134560
-0.111101
-0.087464
-0.063645
-0.039640
-0.015446
0.008942
0.033526
0.058311
0.083301
0.108500
0.133910
0.159537
0.185385
0.211457
0.237758
0.264292
0.291062
0.318074
0.345331
0.372837
0.400597
0.428614
0.456894
0.485440
0.514257
0.543349
0.572721
0.602376
0.632319
0.662555
0.693089
0.723923
0.755063
0.786514
0.818279
-1.269232
-1.267616
-1.263505
-1.257417
-1.249727
-1.240716
-1.230596
-1.219534
-1.207661
-1.195083
-1.181884
-1.168138
-1.153903
-1.139233
-1.124165
-1.108740
-1.092990
-1.076942
-1.060620
-1.044045
-1.027235
-1.010206
-0.992971
-0.975544
-0.957935
-0.940155
-0.922211
-0.904112
-0.885863
-0.867472
-0.848943
-0.830280
-0.811488
-0.792569
-0.773525
-0.754360
-0.735076
-0.715672
-0.696150
-0.676512
-0.656758
-0.636888
-0.616901
-0.596797
-0.576576
-0.556237
-0.535779
-0.515200
-0.494499
-0.473674
-0.452724
-0.431646
-0.410439
-0.389100
-0.367627
-0.346018
-0.324270
-0.302380
-0.280346
-0.258165
-0.235835
-0.213351
-0.190711
-0.167912
-0.144950
-0.121823
-0.098527
-0.075059
-0.051414
-0.027590
-0.003583
0.020611
0.044994
0.069572
0.094348
0.119325
0.144508
0.169899
0.195504
0.221327
0.247370
0.273638
0.300135
0.326866
0.353833
0.381042
0.408496
0.436199
0.464156
0.492371
0.520848
0.549591
0.578604
0.607892
0.637459
0.667309
0.697446
0.727876
0.758601
0.789626
-1.270696
-1.269091
-1.265005
-1.258953
-1.251308
-1.242348
-1.232285
-1.221285
-1.209478
-1.196968
-1.183839
-1.170166
-1.156007
-1.141413
-1.126424
-1.111079
-1.095410
-1.079446
-1.063209
-1.046721
-1.030000
-1.013062
-0.995920
-0.978588
-0.961077
-0.943397
-0.925556
-0.907563
-0.889424
-0.871145
-0.852732
-0.834188
-0.815518
-0.796726
-0.777813
-0.758784
-0.739639
-0.720379
-0.701007
-0.681523
-0.661928
-0.642222
-0.622405
-0.602478
-0.582440
-0.562289
-0.542026
-0.521649
-0.501156
-0.480546
-0.459818
-0.438970
-0.418000
-0.396906
-0.375685
-0.354337
-0.332858
-0.311246
-0.289498
-0.267613
-0.245586
-0.223415
-0.201098
-0.178631
-0.156011
-0.133235
-0.110301
-0.087204
-0.063942
-0.040511
-0.016908
0.006871
0.030829
0.054970
0.079298
0.103815
0.128526
0.153434
0.178543
0.203857
0.229380
0.255115
0.281066
0.307238
0.333634
0.360258
0.387114
0.414205
0.441537
0.469113
0.496937
0.525012
0.553344
0.581937
0.610793
0.639918
0.669316
0.698990
0.728945
0.759185
-1.272259
-1.270664
-1.266605
-1.260591
-1.252994
-1.244089
-1.234088
-1.223154
-1.211417
-1.198980
-1.185927
-1.172332
-1.158253
-1.143739
-1.128834
-1.113575
-1.097993
-1.082117
-1.065971
-1.049576
-1.032949
-1.016108
-0.999065
-0.981834
-0.964427
-0.946853
-0.929122
-0.911240
-0.893217
-0.875057
-0.856766
-0.838349
-0.819809
-0.801151
-0.782377
-0.763490
-0.744492
-0.725385
-0.706170
-0.686849
-0.667423
-0.647891
-0.628255
-0.608514
-0.588667
-0.568716
-0.548659
-0.528494
-0.508221
-0.487838
-0.467344
-0.446738
-0.426018
-0.405183
-0.384229
-0.363156
-0.341961
-0.320642
-0.299196
-0.277621
-0.255914
-0.234074
-0.212097
-0.189980
-0.167721
-0.145316
-0.122763
-0.100059
-0.077200
-0.054183
-0.031006
-0.007664
0.015845
0.039525
0.063379
0.087411
0.111624
0.136022
0.160608
0.185386
0.210360
0.235533
0.260908
0.286491
0.312284
0.338290
0.364515
0.390961
0.417633
0.444534
0.471669
0.499040
0.526653
0.554511
0.582618
0.610977
0.639594
0.668471
0.697614
0.727024
-1.273919
-1.272335
-1.268304
-1.262331
-1.254786
-1.245940
-1.236004
-1.225141
-1.213477
-1.201118
-1.188146
-1.174633
-1.160639
-1.146213
-1.131396
-1.116227
-1.100737
-1.084956
-1.068906
-1.052608
-1.036082
-1.019342
-1.002404
-0.985280
-0.967982
-0.950521
-0.932905
-0.915143
-0.897241
-0.879206
-0.861045
-0.842760
-0.824357
-0.805840
-0.787212
-0.768475
-0.749633
-0.730686
-0.711637
-0.692488
-0.673238
-0.653890
-0.634442
-0.614897
-0.595253
-0.575510
-0.555668
-0.535726
-0.515684
-0.495539
-0.475292
-0.454941
-0.434483
-0.413919
-0.393245
-0.372461
-0.351563
-0.330551
-0.309421
-0.288173
-0.266803
-0.245309
-0.223689
-0.201939
-0.180058
-0.158043
-0.135890
-0.113597
-0.091161
-0.068580
-0.045849
-0.022967
0.000071
0.023267
0.046625
0.070148
0.093839
0.117701
0.141738
0.165953
0.190351
0.214933
0.239704
0.264668
0.289828
0.315186
0.340748
0.366517
0.392496
0.418689
0.445100
0.471732
0.498590
0.525676
0.552996
0.580552
0.608348
0.636389
0.664677
0.693216
-1.275676
-1.274103
-1.270102
-1.264173
-1.256682
-1.247900
-1.238033
-1.227243
-1.215658
-1.203382
-1.190495
-1.177069
-1.163165
-1.148830
-1.134107
-1.119034
-1.103642
-1.087960
-1.072011
-1.055817
-1.039396
-1.022764
-1.005936
-0.988925
-0.971742
-0.954399
-0.936904
-0.919266
-0.901492
-0.883590
-0.865563
-0.847418
-0.829159
-0.810790
-0.792314
-0.773735
-0.755055
-0.736277
-0.717402
-0.698431
-0.679367
-0.660210
-0.640961
-0.621619
-0.602187
-0.582662
-0.563046
-0.543337
-0.523535
-0.503640
-0.483650
-0.463565
-0.443381
-0.423100
-0.402718
-0.382235
-0.361649
-0.340957
-0.320159
-0.299251
-0.278232
-0.257100
-0.235853
-0.214487
-0.193001
-0.171391
-0.149657
-0.127794
-0.105800
-0.083673
-0.061409
-0.039006
-0.016460
0.006231
0.029070
0.052061
0.075206
0.098508
0.121972
0.145600
0.169395
0.193360
0.217500
0.241817
0.266315
0.290997
0.315866
0.340927
0.366182
0.391635
0.417289
0.443148
0.469217
0.495497
0.521994
0.548710
0.575648
0.602814
0.630209
0.657838
-1.277528
-1.275968
-1.271998
-1.266116
-1.258683
-1.249967
-1.240173
-1.229462
-1.217960
-1.205770
-1.192974
-1.179640
-1.165830
-1.151592
-1.136968
-1.121996
-1.106707
-1.091129
-1.075286
-1.059201
-1.042891
-1.026372
-1.009659
-0.992766
-0.975704
-0.958485
-0.941117
-0.923610
-0.905970
-0.888204
-0.870319
-0.852320
-0.834211
-0.815996
-0.797680
-0.779265
-0.760755
-0.742152
-0.723458
-0.704675
-0.685804
-0.666846
-0.647802
-0.628673
-0.609461
-0.590164
-0.570782
-0.551316
-0.531765
-0.512129
-0.492407
-0.472598
-0.452700
-0.432712
-0.412635
-0.392465
-0.372202
-0.351844
-0.331389
-0.310836
-0.290183
-0.269427
-0.248567
-0.227600
-0.206524
-0.185338
-0.164038
-0.142622
-0.121088
-0.099433
-0.077654
-0.055750
-0.033716
-0.011551
0.010749
0.033186
0.055764
0.078484
0.101351
0.124368
0.147536
0.170860
0.194343
0.217987
0.241797
0.265774
0.289923
0.314246
0.338748
0.363430
0.388297
0.413353
0.438599
0.464041
0.489680
0.515522
0.541568
0.567822
0.594288
0.620969
-1.279475
-1.277928
-1.273993
-1.268160
-1.260787
-1.252140
-1.242423
-1.231796
-1.220381
-1.208283
-1.195581
-1.182345
-1.168634
-1.154497
-1.139978
-1.125111
-1.109929
-1.094461
-1.078730
-1.062759
-1.046565
-1.030164
-1.013572
-0.996802
-0.979866
-0.962776
-0.945541
-0.928170
-0.910669
-0.893047
-0.875310
-0.857462
-0.839509
-0.821455
-0.803304
-0.785061
-0.766727
-0.748307
-0.729800
-0.711211
-0.692540
-0.673790
-0.654960
-0.636051
-0.617066
-0.598005
-0.578867
-0.559653
-0.540362
-0.520995
-0.501549
-0.482026
-0.462424
-0.442741
-0.422979
-0.403134
-0.383205
-0.363193
-0.343094
-0.322908
-0.302633
-0.282267
-0.261808
-0.241255
-0.220605
-0.199856
-0.179006
-0.158053
-0.136995
-0.115829
-0.094554
-0.073165
-0.051662
-0.030041
-0.008300
0.013564
0.035553
0.057671
0.079919
0.102302
0.124821
0.147480
0.170282
0.193229
0.216325
0.239573
0.262975
0.286534
0.310254
0.334139
0.358190
0.382411
0.406806
0.431378
0.456129
0.481063
0.506184
0.531494
0.556996
0.582694
-1.281517
-1.279984
-1.276083
-1.270302
-1.262994
-1.254420
-1.244784
-1.234244
-1.222921
-1.210919
-1.198316
-1.185182
-1.171576
-1.157545
-1.143134
-1.128379
-1.113309
-1.097956
-1.082342
-1.066489
-1.050416
-1.034139
-1.017673
-1.001031
-0.984227
-0.967271
-0.950174
-0.932944
-0.915588
-0.898115
-0.880531
-0.862840
-0.845049
-0.827162
-0.809184
-0.791118
-0.772967
-0.754734
-0.736423
-0.718034
-0.699570
-0.681033
-0.662424
-0.643744
-0.624995
-0.606177
-0.587291
-0.568337
-0.549314
-0.530224
-0.511065
-0.491837
-0.472539
-0.453172
-0.433734
-0.414224
-0.394642
-0.374985
-0.355254
-0.335447
-0.315563
-0.295599
-0.275554
-0.255427
-0.235216
-0.214918
-0.194533
-0.174058
-0.153492
-0.132831
-0.112074
-0.091219
-0.070263
-0.049204
-0.028040
-0.006767
0.014615
0.036110
0.057721
0.079449
0.101298
0.123271
0.145370
0.167597
0.189956
0.212449
0.235080
0.257851
0.280764
0.303824
0.327032
0.350392
0.373907
0.397580
0.421414
0.445411
0.469575
0.493910
0.518416
0.543099
-1.283652
-1.282134
-1.278270
-1.272544
-1.265301
-1.256806
-1.247254
-1.236805
-1.225580
-1.213678
-1.201179
-1.188152
-1.174654
-1.160735
-1.146437
-1.131797
-1.116846
-1.101612
-1.086119
-1.070390
-1.054443
-1.038294
-1.021960
-1.005451
-0.988784
-0.971968
-0.955014
-0.937929
-0.920724
-0.903405
-0.885979
-0.868452
-0.850828
-0.833114
-0.815313
-0.797430
-0.779468
-0.761429
-0.743318
-0.725136
-0.706886
-0.688570
-0.670188
-0.651743
-0.633236
-0.614669
-0.596043
-0.577356
-0.558610
-0.539805
-0.520940
-0.502016
-0.483032
-0.463989
-0.444884
-0.425719
-0.406492
-0.387203
-0.367850
-0.348432
-0.328949
-0.309398
-0.289779
-0.270091
-0.250331
-0.230498
-0.210591
-0.190607
-0.170546
-0.150404
-0.130181
-0.109874
-0.089481
-0.069000
-0.048429
-0.027766
-0.007008
0.013847
0.034801
0.055857
0.077016
0.098283
0.119658
0.141145
0.162745
0.184463
0.206300
0.228258
0.250342
0.272553
0.294893
0.317367
0.339976
0.362724
0.385613
0.408646
0.431826
0.455155
0.478637
0.502273
-1.285881
-1.284378
-1.280553
-1.274883
-1.267711
-1.259296
-1.249833
-1.239480
-1.228355
-1.216559
-1.204168
-1.191252
-1.177869
-1.164066
-1.149886
-1.135366
-1.120537
-1.105428
-1.090062
-1.074461
-1.058645
-1.042630
-1.026430
-1.010061
-0.993535
-0.976864
-0.960057
-0.943124
-0.926074
-0.908914
-0.891652
-0.874292
-0.856842
-0.839305
-0.821687
-0.803993
-0.786225
-0.768386
-0.750481
-0.732511
-0.714481
-0.696390
-0.678242
-0.660039
-0.641782
-0.623473
-0.605112
-0.586700
-0.568238
-0.549724
-0.531162
-0.512549
-0.493887
-0.475175
-0.456413
-0.437602
-0.418739
-0.399826
-0.380860
-0.361842
-0.342769
-0.323643
-0.304460
-0.285221
-0.265924
-0.246567
-0.227149
-0.207669
-0.188126
-0.168516
-0.148840
-0.129095
-0.109279
-0.089391
-0.069428
-0.049388
-0.029271
-0.009072
0.011209
0.031574
0.052027
0.072569
0.093202
0.113929
0.134752
0.155674
0.176696
0.197822
0.219054
0.240394
0.261844
0.283408
0.305088
0.326886
0.348806
0.370849
0.393018
0.415317
0.437746
0.460310
-1.288200
-1.286713
-1.282929
-1.277319
-1.270220
-1.261890
-1.252520
-1.242267
-1.231248
-1.219561
-1.207283
-1.194484
-1.181219
-1.167536
-1.153479
-1.139084
-1.124383
-1.109403
-1.094168
-1.078701
-1.063020
-1.047142
-1.031084
-1.014858
-0.998478
-0.981956
-0.965301
-0.948525
-0.931635
-0.914639
-0.897545
-0.880358
-0.863085
-0.845731
-0.828302
-0.810800
-0.793231
-0.775598
-0.757904
-0.740153
-0.722347
-0.704488
-0.686580
-0.668624
-0.650622
-0.632577
-0.614488
-0.596357
-0.578184
-0.559970
-0.541716
-0.523422
-0.505088
-0.486716
-0.468304
-0.449853
-0.431363
-0.412834
-0.394264
-0.375653
-0.357001
-0.338307
-0.319571
-0.300791
-0.281966
-0.263095
-0.244178
-0.225213
-0.206198
-0.187133
-0.168015
-0.148844
-0.129618
-0.110335
-0.090994
-0.071592
-0.052129
-0.032601
-0.013009
0.006652
0.026382
0.046183
0.066058
0.086008
0.106036
0.126144
0.146334
0.166608
0.186969
0.207418
0.227958
0.248592
0.269321
0.290148
0.311076
0.332106
0.353242
0.374485
0.395839
0.417304
-1.290611
-1.289141
-1.285399
-1.279850
-1.272828
-1.264587
-1.255314
-1.245165
-1.234256
-1.222683
-1.210522
-1.197844
-1.184702
-1.171145
-1.157215
-1.142951
-1.128381
-1.113535
-1.098436
-1.083107
-1.067566
-1.051831
-1.035918
-1.019840
-1.003610
-0.987242
-0.970745
-0.954129
-0.937403
-0.920576
-0.903655
-0.886646
-0.869556
-0.852389
-0.835151
-0.817848
-0.800483
-0.783059
-0.765582
-0.748053
-0.730477
-0.712855
-0.695192
-0.677489
-0.659748
-0.641971
-0.624160
-0.606315
-0.588437
-0.570528
-0.552588
-0.534619
-0.516621
-0.498594
-0.480539
-0.462456
-0.444345
-0.426206
-0.408039
-0.389844
-0.371620
-0.353367
-0.335085
-0.316773
-0.298429
-0.280054
-0.261646
-0.243205
-0.224729
-0.206218
-0.187670
-0.169084
-0.150458
-0.131792
-0.113084
-0.094332
-0.075535
-0.056692
-0.037800
-0.018858
0.000135
0.019181
0.038283
0.057442
0.076659
0.095938
0.115279
0.134684
0.154157
0.173698
0.193310
0.212994
0.232754
0.252591
0.272507
0.292504
0.312586
0.332752
0.353008
0.373353
-1.293111
-1.291658
-1.287961
-1.282477
-1.275535
-1.267385
-1.258214
-1.248173
-1.237379
-1.225924
-1.213886
-1.201333
-1.188319
-1.174892
-1.161094
-1.146964
-1.132531
-1.117823
-1.102865
-1.087678
-1.072282
-1.056694
-1.040930
-1.025005
-1.008930
-0.992720
-0.976385
-0.959934
-0.943377
-0.926723
-0.909979
-0.893151
-0.876247
-0.859272
-0.842232
-0.825130
-0.807973
-0.790763
-0.773506
-0.756205
-0.738863
-0.721484
-0.704070
-0.686624
-0.669148
-0.651645
-0.634115
-0.616561
-0.598984
-0.581385
-0.563765
-0.546126
-0.528468
-0.510792
-0.493099
-0.475390
-0.457664
-0.439923
-0.422165
-0.404392
-0.386603
-0.368798
-0.350977
-0.333139
-0.315284
-0.297412
-0.279522
-0.261613
-0.243684
-0.225736
-0.207766
-0.189774
-0.171758
-0.153719
-0.135654
-0.117562
-0.099443
-0.081294
-0.063115
-0.044904
-0.026659
-0.008380
0.009936
0.028290
0.046684
0.065119
0.083597
0.102120
0.120689
0.139307
0.157975
0.176695
0.195468
0.214298
0.233185
0.252132
0.271140
0.290213
0.309350
0.328556
-1.295699
-1.294265
-1.290615
-1.285197
-1.278339
-1.270285
-1.261219
-1.251291
-1.240615
-1.229284
-1.217372
-1.204949
-1.192067
-1.178775
-1.165115
-1.151123
-1.136831
-1.122266
-1.107452
-1.092413
-1.077166
-1.061730
-1.046120
-1.030351
-1.014436
-0.998388
-0.982218
-0.965937
-0.949553
-0.933075
-0.916513
-0.899871
-0.883157
-0.866377
-0.849537
-0.832641
-0.815695
-0.798704
-0.781672
-0.764602
-0.747499
-0.730365
-0.713204
-0.696019
-0.678813
-0.661587
-0.644343
-0.627085
-0.609812
-0.592526
-0.575231
-0.557926
-0.540613
-0.523293
-0.505968
-0.488637
-0.471301
-0.453962
-0.436619
-0.419273
-0.401924
-0.384573
-0.367219
-0.349862
-0.332502
-0.315139
-0.297773
-0.280403
-0.263029
-0.245650
-0.228265
-0.210875
-0.193478
-0.176073
-0.158659
-0.141237
-0.123803
-0.106359
-0.088901
-0.071430
-0.053944
-0.036442
-0.018922
-0.001384
0.016175
0.033755
0.051358
0.068986
0.086640
0.104321
0.122031
0.139773
0.157546
0.175354
0.193198
0.211079
0.229000
0.246961
0.264965
0.283014
-1.298376
-1.296961
-1.293359
-1.288012
-1.281240
-1.273285
-1.264328
-1.254517
-1.243964
-1.232760
-1.220981
-1.208691
-1.195947
-1.182794
-1.169275
-1.155427
-1.141279
-1.126862
-1.112198
-1.097309
-1.082216
-1.066935
-1.051484
-1.035875
-1.020123
-1.004242
-0.988242
-0.972134
-0.955927
-0.939631
-0.923252
-0.906799
-0.890280
-0.873698
-0.857062
-0.840376
-0.823645
-0.806875
-0.790072
-0.773237
-0.756375
-0.739491
-0.722587
-0.705666
-0.688732
-0.671787
-0.654833
-0.637872
-0.620907
-0.603940
-0.586972
-0.570005
-0.553041
-0.536081
-0.519126
-0.502177
-0.485235
-0.468302
-0.451378
-0.434464
-0.417560
-0.400666
-0.383784
-0.366913
-0.350053
-0.333204
-0.316367
-0.299541
-0.282727
-0.265923
-0.249130
-0.232347
-0.215574
-0.198810
-0.182055
-0.165308
-0.148568
-0.131834
-0.115107
-0.098383
-0.081664
-0.064947
-0.048233
-0.031518
-0.014804
0.001912
0.018631
0.035354
0.052082
0.068816
0.085558
0.102310
0.119073
0.135847
0.152635
0.169438
0.186258
0.203096
0.219953
0.236832
-1.301140
-1.299744
-1.296192
-1.290917
-1.284236
-1.276384
-1.267541
-1.257850
-1.247424
-1.236353
-1.224709
-1.212559
-1.199955
-1.186947
-1.173574
-1.159873
-1.145876
-1.131610
-1.117099
-1.102366
-1.087431
-1.072310
-1.057020
-1.041576
-1.025992
-1.010280
-0.994453
-0.978522
-0.962496
-0.946384
-0.930194
-0.913934
-0.897611
-0.881231
-0.864802
-0.848328
-0.831816
-0.815271
-0.798698
-0.782102
-0.765485
-0.748852
-0.732207
-0.715554
-0.698895
-0.682233
-0.665571
-0.648912
-0.632258
-0.615611
-0.598973
-0.582348
-0.565735
-0.549137
-0.532555
-0.515992
-0.499447
-0.482923
-0.466421
-0.449941
-0.433485
-0.417052
-0.400645
-0.384263
-0.367906
-0.351575
-0.335271
-0.318993
-0.302742
-0.286518
-0.270321
-0.254150
-0.238006
-0.221888
-0.205795
-0.189729
-0.173687
-0.157670
-0.141677
-0.125708
-0.109761
-0.093836
-0.077932
-0.062049
-0.046186
-0.030341
-0.014514
0.001296
0.017090
0.032870
0.048636
0.064390
0.080132
0.095864
0.111587
0.127303
0.143012
0.158715
0.174415
0.190113
-1.303989
-1.302613
-1.299113
-1.293914
-1.287326
-1.279581
-1.270856
-1.261290
-1.250995
-1.240061
-1.228557
-1.216550
-1.204093
-1.191233
-1.178010
-1.164462
-1.150619
-1.136508
-1.122155
-1.107581
-1.092808
-1.077851
-1.062727
-1.047451
-1.032038
-1.016500
-1.000850
-0.985100
-0.969257
-0.953332
-0.937333
-0.921269
-0.905145
-0.888971
-0.872752
-0.856494
-0.840203
-0.823885
-0.807546
-0.791189
-0.774819
-0.758441
-0.742057
-0.725673
-0.709291
-0.692914
-0.676547
-0.660191
-0.643850
-0.627526
-0.611221
-0.594937
-0.578677
-0.562443
-0.546237
-0.530061
-0.513915
-0.497803
-0.481724
-0.465681
-0.449674
-0.433705
-0.417774
-0.401882
-0.386031
-0.370221
-0.354452
-0.338724
-0.323039
-0.307397
-0.291798
-0.276242
-0.260729
-0.245260
-0.229834
-0.214451
-0.199111
-0.183814
-0.168560
-0.153348
-0.138177
-0.123048
-0.107960
-0.092912
-0.077905
-0.062936
-0.048006
-0.033113
-0.018258
-0.003438
0.011346
0.026095
0.040811
0.055494
0.070145
0.084766
0.099357
0.113920
0.128455
0.142963
-1.306922
-1.305568
-1.302121
-1.297000
-1.290509
-1.282875
-1.274272
-1.264835
-1.254676
-1.243883
-1.232525
-1.220665
-1.208358
-1.195651
-1.182583
-1.169191
-1.155506
-1.141555
-1.127363
-1.112954
-1.098346
-1.083556
-1.068602
-1.053499
-1.038260
-1.022900
-1.007430
-0.991863
-0.976207
-0.960472
-0.944667
-0.928801
-0.912880
-0.896913
-0.880907
-0.864866
-0.848799
-0.832711
-0.816607
-0.800492
-0.784371
-0.768248
-0.752128
-0.736014
-0.719910
-0.703820
-0.687749
-0.671698
-0.655671
-0.639670
-0.623698
-0.607758
-0.591853
-0.575984
-0.560154
-0.544365
-0.528619
-0.512919
-0.497264
-0.481658
-0.466102
-0.450596
-0.435143
-0.419744
-0.404398
-0.389109
-0.373875
-0.358699
-0.343581
-0.328522
-0.313522
-0.298582
-0.283702
-0.268883
-0.254124
-0.239426
-0.224790
-0.210214
-0.195700
-0.181247
-0.166855
-0.152523
-0.138253
-0.124043
-0.109893
-0.095803
-0.081772
-0.067800
-0.053886
-0.040030
-0.026232
-0.012490
0.001196
0.014826
0.028402
0.041924
0.055393
0.068810
0.082175
0.095489
-1.309937
-1.308605
-1.305215
-1.300174
-1.293784
-1.286265
-1.277787
-1.268484
-1.258465
-1.247817
-1.236609
-1.224902
-1.212750
-1.200199
-1.187290
-1.174059
-1.160537
-1.146750
-1.132724
-1.118482
-1.104043
-1.089425
-1.074644
-1.059716
-1.044656
-1.029475
-1.014189
-0.998808
-0.983342
-0.967800
-0.952192
-0.936526
-0.920810
-0.905053
-0.889261
-0.873441
-0.857599
-0.841741
-0.825874
-0.810003
-0.794131
-0.778266
-0.762409
-0.746566
-0.730742
-0.714940
-0.699165
-0.683420
-0.667707
-0.652030
-0.636392
-0.620796
-0.605244
-0.589740
-0.574286
-0.558885
-0.543539
-0.528249
-0.513019
-0.497850
-0.482743
-0.467701
-0.452725
-0.437816
-0.422977
-0.408207
-0.393509
-0.378884
-0.364332
-0.349855
-0.335454
-0.321129
-0.306881
-0.292711
-0.278619
-0.264606
-0.250672
-0.236818
-0.223043
-0.209349
-0.195735
-0.182201
-0.168748
-0.155375
-0.142083
-0.128872
-0.115741
-0.102690
-0.089718
-0.076826
-0.064014
-0.051281
-0.038626
-0.026049
-0.013550
-0.001128
0.011218
0.023487
0.035681
0.047799
-1.313035
-1.311726
-1.308393
-1.303436
-1.297150
-1.289750
-1.281402
-1.272237
-1.262362
-1.251864
-1.240809
-1.229259
-1.217266
-1.204877
-1.192132
-1.179065
-1.165709
-1.152091
-1.138235
-1.124164
-1.109898
-1.095454
-1.080850
-1.066101
-1.051222
-1.036225
-1.021125
-1.005933
-0.990658
-0.975312
-0.959903
-0.944440
-0.928932
-0.913386
-0.897810
-0.882211
-0.866596
-0.850970
-0.835341
-0.819714
-0.804093
-0.788485
-0.772892
-0.757321
-0.741777
-0.726264
-0.710785
-0.695345
-0.679946
-0.664592
-0.649287
-0.634034
-0.618835
-0.603695
-0.588616
-0.573601
-0.558653
-0.543774
-0.528966
-0.514232
-0.499573
-0.484993
-0.470491
-0.456072
-0.441736
-0.427484
-0.413319
-0.399242
-0.385255
-0.371358
-0.357553
-0.343841
-0.330222
-0.316699
-0.303271
-0.289940
-0.276707
-0.263572
-0.250535
-0.237597
-0.224759
-0.212020
-0.199382
-0.186845
-0.174409
-0.162074
-0.149840
-0.137707
-0.125676
-0.113747
-0.101918
-0.090191
-0.078566
-0.067041
-0.055617
-0.044293
-0.033070
-0.021947
-0.010923
0.000001
-1.316212
-1.314927
-1.311654
-1.306784
-1.300605
-1.293327
-1.285113
-1.276091
-1.266365
-1.256021
-1.245125
-1.233736
-1.221907
-1.209684
-1.197105
-1.184208
-1.171022
-1.157576
-1.143894
-1.129998
-1.115908
-1.101643
-1.087219
-1.072652
-1.057957
-1.043147
-1.028235
-1.013234
-0.998154
-0.983005
-0.967797
-0.952539
-0.937239
-0.921906
-0.906548
-0.891172
-0.875784
-0.860392
-0.845002
-0.829619
-0.814249
-0.798897
-0.783569
-0.768271
-0.753006
-0.737780
-0.722597
-0.707460
-0.692374
-0.677342
-0.662368
-0.647456
-0.632609
-0.617832
-0.603126
-0.588495
-0.573942
-0.559470
-0.545082
-0.530780
-0.516567
-0.502444
-0.488415
-0.474481
-0.460645
-0.446908
-0.433273
-0.419740
-0.406313
-0.392993
-0.379780
-0.366676
-0.353684
-0.340803
-0.328035
-0.315382
-0.302845
-0.290424
-0.278120
-0.265934
-0.253867
-0.241919
-0.230092
-0.218386
-0.206801
-0.195338
-0.183997
-0.172778
-0.161683
-0.150711
-0.139862
-0.129137
-0.118536
-0.108059
-0.097705
-0.087476
-0.077371
-0.067389
-0.057531
-0.047797
-1.319469
-1.318208
-1.314997
-1.310216
-1.304148
-1.296996
-1.288920
-1.280046
-1.270474
-1.260288
-1.249555
-1.238331
-1.226670
-1.214617
-1.202210
-1.189487
-1.176475
-1.163204
-1.149700
-1.135982
-1.122072
-1.107989
-1.093748
-1.079366
-1.064858
-1.050237
-1.035517
-1.020709
-1.005825
-0.990877
-0.975872
-0.960819
-0.945729
-0.930611
-0.915471
-0.900318
-0.885159
-0.870000
-0.854849
-0.839710
-0.824590
-0.809496
-0.794432
-0.779404
-0.764418
-0.749478
-0.734589
-0.719755
-0.704979
-0.690267
-0.675622
-0.661049
-0.646551
-0.632132
-0.617796
-0.603546
-0.589385
-0.575318
-0.561346
-0.547472
-0.533699
-0.520030
-0.506468
-0.493016
-0.479675
-0.466447
-0.453336
-0.440343
-0.427471
-0.414721
-0.402095
-0.389595
-0.377222
-0.364978
-0.352864
-0.340883
-0.329036
-0.317322
-0.305745
-0.294305
-0.283002
-0.271839
-0.260815
-0.249933
-0.239192
-0.228594
-0.218139
-0.207828
-0.197661
-0.187639
-0.177763
-0.168033
-0.158449
-0.149012
-0.139723
-0.130580
-0.121585
-0.112738
-0.104038
-0.095487
-1.322803
-1.321567
-1.318419
-1.313731
-1.307777
-1.300756
-1.292823
-1.284100
-1.274686
-1.264663
-1.254097
-1.243044
-1.231555
-1.219676
-1.207445
-1.194898
-1.182065
-1.168975
-1.155652
-1.142115
-1.128389
-1.114490
-1.100435
-1.086241
-1.071922
-1.057493
-1.042967
-1.028355
-1.013670
-0.998922
-0.984121
-0.969276
-0.954398
-0.939495
-0.924574
-0.909645
-0.894714
-0.879789
-0.864875
-0.849980
-0.835111
-0.820273
-0.805471
-0.790713
-0.776003
-0.761347
-0.746750
-0.732216
-0.717748
-0.703353
-0.689034
-0.674796
-0.660643
-0.646580
-0.632609
-0.618736
-0.604963
-0.591295
-0.577733
-0.564282
-0.550945
-0.537725
-0.524624
-0.511647
-0.498794
-0.486070
-0.473477
-0.461017
-0.448693
-0.436507
-0.424460
-0.412555
-0.400794
-0.389179
-0.377712
-0.366394
-0.355228
-0.344215
-0.333355
-0.322652
-0.312105
-0.301717
-0.291488
-0.281421
-0.271515
-0.261773
-0.252195
-0.242781
-0.233533
-0.224453
-0.215539
-0.206794
-0.198218
-0.189811
-0.181575
-0.173509
-0.165614
-0.157891
-0.150339
-0.142960
-1.326212
-1.325002
-1.321921
-1.317329
-1.311492
-1.304605
-1.296819
-1.288253
-1.279000
-1.269145
-1.258750
-1.247872
-1.236559
-1.224859
-1.212808
-1.200442
-1.187792
-1.174886
-1.161747
-1.148396
-1.134856
-1.121144
-1.107279
-1.093275
-1.079148
-1.064913
-1.050583
-1.036169
-1.021684
-1.007138
-0.992543
-0.977907
-0.963241
-0.948554
-0.933853
-0.919148
-0.904445
-0.889752
-0.875076
-0.860424
-0.845803
-0.831220
-0.816679
-0.802189
-0.787753
-0.773378
-0.759070
-0.744832
-0.730669
-0.716587
-0.702590
-0.688683
-0.674871
-0.661158
-0.647549
-0.634046
-0.620656
-0.607381
-0.594224
-0.581189
-0.568281
-0.555502
-0.542856
-0.530346
-0.517976
-0.505747
-0.493663
-0.481728
-0.469943
-0.458311
-0.446835
-0.435516
-0.424358
-0.413363
-0.402532
-0.391868
-0.381374
-0.371049
-0.360898
-0.350920
-0.341118
-0.331494
-0.322049
-0.312786
-0.303704
-0.294806
-0.286092
-0.277564
-0.269224
-0.261071
-0.253108
-0.245336
-0.237754
-0.230365
-0.223169
-0.216167
-0.209359
-0.202747
-0.196330
-0.190110
-1.329696
-1.328513
-1.325499
-1.321006
-1.315291
-1.308542
-1.300907
-1.292502
-1.283416
-1.273733
-1.263514
-1.252814
-1.241683
-1.230165
-1.218299
-1.206118
-1.193655
-1.180935
-1.167983
-1.154821
-1.141471
-1.127950
-1.114276
-1.100465
-1.086533
-1.072494
-1.058362
-1.044148
-1.029864
-1.015522
-1.001133
-0.986707
-0.972254
-0.957783
-0.943302
-0.928820
-0.914345
-0.899883
-0.885444
-0.871035
-0.856660
-0.842329
-0.828048
-0.813821
-0.799657
-0.785560
-0.771537
-0.757592
-0.743731
-0.729957
-0.716277
-0.702697
-0.689220
-0.675852
-0.662597
-0.649460
-0.636445
-0.623555
-0.610796
-0.598171
-0.585683
-0.573338
-0.561138
-0.549087
-0.537189
-0.525446
-0.513863
-0.502442
-0.491186
-0.480099
-0.469182
-0.458439
-0.447873
-0.437486
-0.427280
-0.417258
-0.407422
-0.397775
-0.388319
-0.379055
-0.369985
-0.361112
-0.352437
-0.343963
-0.335692
-0.327623
-0.319760
-0.312104
-0.304656
-0.297417
-0.290389
-0.283574
-0.276972
-0.270586
-0.264414
-0.258460
-0.252723
-0.247205
-0.241907
-0.236829
-1.333251
-1.332096
-1.329154
-1.324762
-1.319173
-1.312566
-1.305087
-1.296847
-1.287933
-1.278426
-1.268387
-1.257870
-1.246924
-1.235593
-1.223915
-1.211923
-1.199650
-1.187121
-1.174360
-1.161390
-1.148233
-1.134906
-1.121426
-1.107810
-1.094075
-1.080234
-1.066301
-1.052289
-1.038208
-1.024071
-1.009889
-0.995674
-0.981434
-0.967179
-0.952917
-0.938658
-0.924409
-0.910178
-0.895974
-0.881804
-0.867676
-0.853594
-0.839568
-0.825603
-0.811707
-0.797884
-0.784143
-0.770486
-0.756920
-0.743450
-0.730082
-0.716822
-0.703674
-0.690645
-0.677737
-0.664958
-0.652310
-0.639799
-0.627428
-0.615204
-0.603128
-0.591207
-0.579444
-0.567842
-0.556406
-0.545138
-0.534044
-0.523127
-0.512388
-0.501833
-0.491464
-0.481284
-0.471297
-0.461505
-0.451911
-0.442517
-0.433327
-0.424342
-0.415566
-0.407000
-0.398648
-0.390510
-0.382591
-0.374891
-0.367413
-0.360158
-0.353129
-0.346327
-0.339754
-0.333412
-0.327302
-0.321427
-0.315787
-0.310384
-0.305219
-0.300293
-0.295609
-0.291166
-0.286967
-0.283012
-1.336878
-1.335752
-1.332882
-1.328596
-1.323136
-1.316676
-1.309357
-1.301286
-1.292548
-1.283223
-1.273368
-1.263039
-1.252282
-1.241142
-1.229655
-1.217857
-1.205778
-1.193443
-1.180876
-1.168102
-1.155140
-1.142009
-1.128726
-1.115308
-1.101771
-1.088131
-1.074399
-1.060589
-1.046712
-1.032781
-1.018808
-1.004803
-0.990776
-0.976736
-0.962694
-0.948657
-0.934633
-0.920631
-0.906661
-0.892728
-0.878842
-0.865008
-0.851234
-0.837527
-0.823894
-0.810341
-0.796876
-0.783502
-0.770226
-0.757054
-0.743992
-0.731045
-0.718220
-0.705520
-0.692953
-0.680522
-0.668234
-0.656092
-0.644102
-0.632267
-0.620594
-0.609086
-0.597748
-0.586584
-0.575598
-0.564794
-0.554177
-0.543750
-0.533516
-0.523480
-0.513645
-0.504013
-0.494590
-0.485378
-0.476381
-0.467599
-0.459039
-0.450701
-0.442588
-0.434704
-0.427051
-0.419632
-0.412449
-0.405506
-0.398803
-0.392343
-0.386129
-0.380162
-0.374445
-0.368980
-0.363768
-0.358812
-0.354112
-0.349672
-0.345492
-0.341574
-0.337920
-0.334531
-0.331408
-0.328553
-1.340574
-1.339477
-1.336682
-1.332505
-1.327178
-1.320869
-1.313715
-1.305818
-1.297261
-1.288121
-1.278456
-1.268319
-1.257755
-1.246810
-1.235519
-1.223918
-1.212036
-1.199898
-1.187529
-1.174953
-1.162190
-1.149258
-1.136175
-1.122957
-1.109620
-1.096182
-1.082653
-1.069046
-1.055374
-1.041650
-1.027885
-1.014091
-1.000277
-0.986453
-0.972628
-0.958812
-0.945012
-0.931238
-0.917498
-0.903800
-0.890152
-0.876562
-0.863037
-0.849583
-0.836210
-0.822922
-0.809728
-0.796631
-0.783640
-0.770759
-0.757995
-0.745354
-0.732842
-0.720465
-0.708229
-0.696138
-0.684199
-0.672416
-0.660795
-0.649341
-0.638058
-0.626952
-0.616027
-0.605288
-0.594740
-0.584386
-0.574232
-0.564280
-0.554537
-0.545005
-0.535687
-0.526589
-0.517714
-0.509065
-0.500647
-0.492461
-0.484512
-0.476802
-0.469335
-0.462114
-0.455141
-0.448421
-0.441955
-0.435747
-0.429799
-0.424113
-0.418693
-0.413539
-0.408656
-0.404045
-0.399708
-0.395648
-0.391866
-0.388365
-0.385146
-0.382212
-0.379563
-0.377202
-0.375131
-0.373350
-1.344337
-1.343271
-1.340554
-1.336489
-1.331298
-1.325145
-1.318160
-1.310441
-1.302070
-1.293120
-1.283649
-1.273708
-1.263342
-1.252596
-1.241506
-1.230105
-1.218423
-1.206486
-1.194319
-1.181944
-1.169382
-1.156652
-1.143770
-1.130754
-1.117620
-1.104385
-1.091061
-1.077658
-1.064192
-1.050676
-1.037119
-1.023535
-1.009934
-0.996324
-0.982716
-0.969119
-0.955541
-0.941992
-0.928480
-0.915014
-0.901602
-0.888252
-0.874971
-0.861767
-0.848647
-0.835618
-0.822689
-0.809863
-0.797149
-0.784552
-0.772078
-0.759735
-0.747529
-0.735465
-0.723549
-0.711789
-0.700188
-0.688754
-0.677491
-0.666404
-0.655500
-0.644782
-0.634258
-0.623930
-0.613804
-0.603886
-0.594179
-0.584688
-0.575418
-0.566373
-0.557557
-0.548974
-0.540629
-0.532526
-0.524667
-0.517057
-0.509700
-0.502599
-0.495757
-0.489178
-0.482864
-0.476820
-0.471049
-0.465554
-0.460338
-0.455403
-0.450753
-0.446389
-0.442315
-0.438533
-0.435046
-0.431857
-0.428967
-0.426378
-0.424094
-0.422116
-0.420445
-0.419085
-0.418036
-0.417302
-1.348165
-1.347131
-1.344494
-1.340545
-1.335494
-1.329503
-1.322691
-1.315155
-1.306974
-1.298219
-1.288946
-1.279206
-1.269042
-1.258498
-1.247612
-1.236416
-1.224938
-1.213205
-1.201242
-1.189072
-1.176714
-1.164187
-1.151510
-1.138698
-1.125769
-1.112738
-1.099619
-1.086422
-1.073164
-1.059854
-1.046506
-1.033133
-1.019743
-1.006347
-0.992954
-0.979574
-0.966216
-0.952889
-0.939603
-0.926366
-0.913186
-0.900071
-0.887030
-0.874069
-0.861197
-0.848423
-0.835751
-0.823190
-0.810745
-0.798423
-0.786231
-0.774176
-0.762265
-0.750505
-0.738900
-0.727459
-0.716186
-0.705088
-0.694170
-0.683438
-0.672898
-0.662555
-0.652416
-0.642485
-0.632766
-0.623267
-0.613990
-0.604943
-0.596129
-0.587553
-0.579220
-0.571133
-0.563299
-0.555720
-0.548401
-0.541347
-0.534560
-0.528045
-0.521806
-0.515845
-0.510168
-0.504777
-0.499677
-0.494870
-0.490361
-0.486151
-0.482244
-0.478644
-0.475352
-0.472373
-0.469708
-0.467361
-0.465334
-0.463629
-0.462249
-0.461197
-0.460475
-0.460084
-0.460028
-0.460308
-1.352056
-1.351056
-1.348502
-1.344671
-1.339766
-1.333940
-1.327306
-1.319958
-1.311972
-1.303416
-1.294346
-1.284810
-1.274853
-1.264516
-1.253838
-1.242850
-1.231580
-1.220054
-1.208299
-1.196336
-1.184184
-1.171864
-1.159393
-1.146787
-1.134064
-1.121240
-1.108327
-1.095337
-1.082285
-1.069184
-1.056045
-1.042881
-1.029702
-1.016518
-1.003339
-0.990174
-0.977033
-0.963925
-0.950862
-0.937849
-0.924897
-0.912014
-0.899207
-0.886484
-0.873855
-0.861327
-0.848906
-0.836601
-0.824417
-0.812362
-0.800443
-0.788667
-0.777041
-0.765573
-0.754269
-0.743135
-0.732177
-0.721402
-0.710816
-0.700425
-0.690234
-0.680251
-0.670481
-0.660929
-0.651601
-0.642503
-0.633640
-0.625018
-0.616641
-0.608514
-0.600644
-0.593033
-0.585688
-0.578612
-0.571811
-0.565288
-0.559048
-0.553096
-0.547435
-0.542069
-0.537002
-0.532238
-0.527782
-0.523637
-0.519807
-0.516295
-0.513104
-0.510237
-0.507699
-0.505492
-0.503619
-0.502084
-0.500889
-0.500036
-0.499530
-0.499371
-0.499564
-0.500110
-0.501011
-0.502271
-1.356009
-1.355043
-1.352575
-1.348866
-1.344111
-1.338454
-1.332004
-1.324848
-1.317061
-1.308710
-1.299847
-1.290521
-1.280774
-1.270648
-1.260182
-1.249405
-1.238346
-1.227031
-1.215487
-1.203734
-1.191791
-1.179680
-1.167417
-1.155020
-1.142505
-1.129888
-1.117181
-1.104399
-1.091555
-1.078662
-1.065732
-1.052777
-1.039807
-1.026834
-1.013866
-1.000914
-0.987988
-0.975097
-0.962252
-0.949460
-0.936732
-0.924074
-0.911496
-0.899006
-0.886613
-0.874323
-0.862146
-0.850089
-0.838157
-0.826360
-0.814703
-0.803196
-0.791845
-0.780658
-0.769642
-0.758802
-0.748146
-0.737680
-0.727411
-0.717346
-0.707489
-0.697849
-0.688431
-0.679242
-0.670287
-0.661572
-0.653102
-0.644885
-0.636925
-0.629227
-0.621797
-0.614640
-0.607761
-0.601165
-0.594857
-0.588842
-0.583124
-0.577708
-0.572599
-0.567801
-0.563317
-0.559153
-0.555313
-0.551801
-0.548621
-0.545776
-0.543270
-0.541106
-0.539290
-0.537823
-0.536710
-0.535953
-0.535556
-0.535521
-0.535853
-0.536553
-0.537625
-0.539071
-0.540894
-0.543097
-1.360022
-1.359091
-1.356711
-1.353129
-1.348528
-1.343045
-1.336783
-1.329824
-1.322242
-1.314099
-1.305448
-1.296336
-1.286804
-1.276893
-1.266643
-1.256081
-1.245237
-1.234136
-1.222805
-1.211264
-1.199534
-1.187634
-1.175581
-1.163394
-1.151088
-1.138680
-1.126181
-1.113608
-1.100971
-1.088287
-1.075565
-1.062817
-1.050056
-1.037292
-1.024533
-1.011792
-0.999077
-0.986400
-0.973769
-0.961194
-0.948684
-0.936247
-0.923892
-0.911628
-0.899463
-0.887406
-0.875465
-0.863646
-0.851957
-0.840407
-0.829003
-0.817754
-0.806667
-0.795748
-0.785007
-0.774448
-0.764080
-0.753908
-0.743941
-0.734184
-0.724646
-0.715332
-0.706248
-0.697403
-0.688801
-0.680448
-0.672352
-0.664519
-0.656953
-0.649661
-0.642649
-0.635922
-0.629485
-0.623344
-0.617504
-0.611970
-0.606747
-0.601841
-0.597256
-0.592997
-0.589067
-0.585473
-0.582218
-0.579308
-0.576746
-0.574536
-0.572682
-0.571189
-0.570060
-0.569298
-0.568909
-0.568896
-0.569261
-0.570008
-0.571140
-0.572661
-0.574574
-0.576881
-0.579586
-0.582692
-1.364092
-1.363198
-1.360909
-1.357457
-1.353015
-1.347711
-1.341641
-1.334884
-1.327511
-1.319583
-1.311149
-1.302254
-1.292941
-1.283250
-1.273219
-1.262876
-1.252249
-1.241366
-1.230251
-1.218925
-1.207410
-1.195724
-1.183884
-1.171908
-1.159813
-1.147614
-1.135325
-1.122960
-1.110532
-1.098055
-1.085540
-1.073000
-1.060446
-1.047888
-1.035337
-1.022804
-1.010298
-0.997830
-0.985411
-0.973047
-0.960750
-0.948528
-0.936390
-0.924345
-0.912401
-0.900569
-0.888854
-0.877265
-0.865810
-0.854497
-0.843334
-0.832332
-0.821495
-0.810833
-0.800352
-0.790060
-0.779965
-0.770072
-0.760390
-0.750926
-0.741687
-0.732681
-0.723913
-0.715392
-0.707122
-0.699111
-0.691367
-0.683895
-0.676701
-0.669791
-0.663172
-0.656849
-0.650829
-0.645116
-0.639717
-0.634636
-0.629880
-0.625454
-0.621363
-0.617612
-0.614205
-0.611149
-0.608448
-0.606106
-0.604129
-0.602520
-0.601283
-0.600424
-0.599947
-0.599855
-0.600153
-0.600844
-0.601932
-0.603422
-0.605315
-0.607616
-0.610329
-0.613457
-0.617002
-0.620968
-1.368217
-1.367361
-1.365166
-1.361848
-1.357569
-1.352449
-1.346578
-1.340028
-1.332869
-1.325159
-1.316946
-1.308274
-1.299184
-1.289717
-1.279909
-1.269788
-1.259383
-1.248721
-1.237825
-1.226717
-1.215419
-1.203948
-1.192323
-1.180561
-1.168678
-1.156689
-1.144610
-1.132454
-1.120236
-1.107966
-1.095658
-1.083323
-1.070974
-1.058621
-1.046275
-1.033948
-1.021647
-1.009385
-0.997172
-0.985016
-0.972926
-0.960913
-0.948986
-0.937153
-0.925423
-0.913805
-0.902308
-0.890940
-0.879708
-0.868622
-0.857690
-0.846921
-0.836322
-0.825903
-0.815669
-0.805628
-0.795789
-0.786159
-0.776745
-0.767556
-0.758599
-0.749881
-0.741409
-0.733190
-0.725232
-0.717541
-0.710125
-0.702991
-0.696144
-0.689592
-0.683339
-0.677394
-0.671763
-0.666450
-0.661463
-0.656806
-0.652487
-0.648510
-0.644881
-0.641606
-0.638689
-0.636137
-0.633955
-0.632147
-0.630718
-0.629674
-0.629018
-0.628756
-0.628891
-0.629429
-0.630374
-0.631730
-0.633501
-0.635691
-0.638304
-0.641343
-0.644812
-0.648715
-0.653055
-0.657836
-1.372395
-1.371578
-1.369479
-1.366300
-1.362190
-1.357260
-1.351591
-1.345253
-1.338313
-1.330827
-1.322839
-1.314395
-1.305532
-1.296293
-1.286712
-1.276817
-1.266637
-1.256198
-1.245525
-1.234638
-1.223559
-1.212306
-1.200898
-1.189351
-1.177681
-1.165904
-1.154036
-1.142090
-1.130080
-1.118018
-1.105915
-1.093785
-1.081639
-1.069489
-1.057346
-1.045221
-1.033123
-1.021063
-1.009051
-0.997097
-0.985209
-0.973399
-0.961675
-0.950047
-0.938522
-0.927112
-0.915823
-0.904665
-0.893646
-0.882775
-0.872061
-0.861514
-0.851140
-0.840948
-0.830945
-0.821141
-0.811543
-0.802158
-0.792995
-0.784061
-0.775366
-0.766916
-0.758719
-0.750781
-0.743112
-0.735718
-0.728607
-0.721785
-0.715260
-0.709038
-0.703126
-0.697530
-0.692259
-0.687317
-0.682711
-0.678447
-0.674533
-0.670972
-0.667773
-0.664939
-0.662478
-0.660395
-0.658695
-0.657384
-0.656467
-0.655949
-0.655834
-0.656128
-0.656836
-0.657963
-0.659513
-0.661491
-0.663902
-0.666748
-0.670035
-0.673767
-0.677947
-0.682579
-0.687667
-0.693214
-1.376624
-1.375847
-1.373848
-1.370812
-1.366876
-1.362139
-1.356679
-1.350559
-1.343843
-1.336584
-1.328827
-1.320614
-1.311984
-1.302976
-1.293626
-1.283961
-1.274009
-1.263798
-1.253350
-1.242685
-1.231829
-1.220796
-1.209607
-1.198276
-1.186821
-1.175257
-1.163600
-1.151865
-1.140064
-1.128207
-1.116310
-1.104383
-1.092439
-1.080490
-1.068548
-1.056622
-1.044722
-1.032859
-1.021044
-1.009287
-0.997596
-0.985982
-0.974455
-0.963022
-0.951696
-0.940483
-0.929393
-0.918435
-0.907618
-0.896951
-0.886443
-0.876104
-0.865941
-0.855962
-0.846176
-0.836591
-0.827216
-0.818059
-0.809128
-0.800431
-0.791977
-0.783774
-0.775829
-0.768151
-0.760747
-0.753625
-0.746792
-0.740258
-0.734027
-0.728108
-0.722508
-0.717233
-0.712291
-0.707690
-0.703433
-0.699529
-0.695986
-0.692808
-0.690003
-0.687576
-0.685533
-0.683881
-0.682626
-0.681773
-0.681327
-0.681294
-0.681680
-0.682489
-0.683727
-0.685399
-0.687511
-0.690067
-0.693070
-0.696527
-0.700442
-0.704818
-0.709660
-0.714972
-0.720759
-0.727022
-1.380901
-1.380165
-1.378270
-1.375382
-1.371623
-1.367087
-1.361840
-1.355943
-1.349456
-1.342431
-1.334909
-1.326932
-1.318537
-1.309766
-1.300650
-1.291218
-1.281499
-1.271518
-1.261298
-1.250859
-1.240227
-1.229418
-1.218449
-1.207336
-1.196096
-1.184747
-1.173303
-1.161778
-1.150185
-1.138534
-1.126841
-1.115115
-1.103372
-1.091623
-1.079877
-1.068147
-1.056443
-1.044774
-1.033151
-1.021584
-1.010084
-0.998659
-0.987321
-0.976078
-0.964940
-0.953916
-0.943014
-0.932246
-0.921619
-0.911145
-0.900830
-0.890685
-0.880718
-0.870937
-0.861352
-0.851970
-0.842801
-0.833852
-0.825133
-0.816653
-0.808420
-0.800442
-0.792728
-0.785284
-0.778121
-0.771246
-0.764667
-0.758392
-0.752428
-0.746783
-0.741464
-0.736479
-0.731836
-0.727542
-0.723602
-0.720024
-0.716817
-0.713986
-0.711538
-0.709480
-0.707817
-0.706558
-0.705707
-0.705271
-0.705255
-0.705666
-0.706508
-0.707788
-0.709512
-0.711685
-0.714312
-0.717397
-0.720947
-0.724966
-0.729459
-0.734430
-0.739883
-0.745824
-0.752256
-0.759183
-1.385223
-1.384531
-1.382742
-1.380007
-1.376432
-1.372101
-1.367072
-1.361404
-1.355151
-1.348364
-1.341082
-1.333346
-1.325192
-1.316660
-1.307783
-1.298588
-1.289104
-1.279357
-1.269368
-1.259158
-1.248753
-1.238168
-1.227422
-1.216529
-1.205506
-1.194373
-1.183142
-1.171828
-1.160442
-1.148997
-1.137506
-1.125982
-1.114437
-1.102885
-1.091334
-1.079797
-1.068284
-1.056803
-1.045367
-1.033987
-1.022671
-1.011429
-1.000272
-0.989210
-0.978252
-0.967407
-0.956685
-0.946095
-0.935647
-0.925352
-0.915218
-0.905254
-0.895467
-0.885870
-0.876468
-0.867272
-0.858290
-0.849531
-0.841004
-0.832720
-0.824686
-0.816911
-0.809402
-0.802170
-0.795222
-0.788567
-0.782214
-0.776171
-0.770445
-0.765044
-0.759976
-0.755249
-0.750872
-0.746850
-0.743193
-0.739907
-0.736999
-0.734478
-0.732350
-0.730620
-0.729298
-0.728390
-0.727902
-0.727840
-0.728211
-0.729021
-0.730275
-0.731981
-0.734143
-0.736769
-0.739862
-0.743430
-0.747476
-0.752006
-0.757025
-0.762539
-0.768551
-0.775066
-0.782089
-0.789625
-1.389588
-1.388941
-1.387262
-1.384684
-1.381299
-1.377179
-1.372375
-1.366940
-1.360928
-1.354384
-1.347347
-1.339855
-1.331947
-1.323659
-1.315024
-1.306069
-1.296824
-1.287313
-1.277558
-1.267581
-1.257405
-1.247048
-1.236526
-1.225853
-1.215051
-1.204133
-1.193116
-1.182013
-1.170835
-1.159594
-1.148305
-1.136981
-1.125633
-1.114275
-1.102917
-1.091569
-1.080243
-1.068946
-1.057693
-1.046492
-1.035354
-1.024290
-1.013307
-1.002417
-0.991630
-0.980955
-0.970402
-0.959980
-0.949700
-0.939571
-0.929603
-0.919805
-0.910185
-0.900753
-0.891519
-0.882490
-0.873677
-0.865088
-0.856734
-0.848624
-0.840766
-0.833170
-0.825844
-0.818798
-0.812039
-0.805578
-0.799423
-0.793581
-0.788063
-0.782874
-0.778025
-0.773523
-0.769378
-0.765596
-0.762184
-0.759152
-0.756507
-0.754256
-0.752407
-0.750968
-0.749944
-0.749345
-0.749176
-0.749445
-0.750157
-0.751320
-0.752940
-0.755023
-0.757576
-0.760604
-0.764115
-0.768112
-0.772603
-0.777591
-0.783083
-0.789085
-0.795600
-0.802634
-0.810192
-0.818277
-1.393994
-1.393393
-1.391828
-1.389413
-1.386222
-1.382320
-1.377746
-1.372551
-1.366784
-1.360489
-1.353700
-1.346458
-1.338799
-1.330759
-1.322371
-1.313661
-1.304658
-1.295386
-1.285869
-1.276127
-1.266183
-1.256055
-1.245758
-1.235309
-1.224727
-1.214027
-1.203224
-1.192332
-1.181361
-1.170325
-1.159237
-1.148111
-1.136959
-1.125793
-1.114623
-1.103463
-1.092319
-1.081203
-1.070127
-1.059101
-1.048135
-1.037239
-1.026423
-1.015697
-1.005073
-0.994559
-0.984163
-0.973898
-0.963773
-0.953799
-0.943983
-0.934336
-0.924867
-0.915585
-0.906501
-0.897622
-0.888958
-0.880520
-0.872317
-0.864359
-0.856655
-0.849214
-0.842045
-0.835158
-0.828563
-0.822267
-0.816280
-0.810611
-0.805269
-0.800261
-0.795598
-0.791287
-0.787338
-0.783758
-0.780556
-0.777740
-0.775317
-0.773297
-0.771687
-0.770494
-0.769727
-0.769392
-0.769498
-0.770051
-0.771059
-0.772527
-0.774464
-0.776874
-0.779767
-0.783147
-0.787022
-0.791397
-0.796277
-0.801670
-0.807579
-0.814012
-0.820973
-0.828468
-0.836500
-0.845076
-1.398437
-1.397884
-1.396438
-1.394191
-1.391201
-1.387520
-1.383183
-1.378234
-1.372718
-1.366676
-1.360142
-1.353154
-1.345749
-1.337961
-1.329823
-1.321360
-1.312604
-1.303575
-1.294298
-1.284794
-1.275085
-1.265188
-1.255119
-1.244895
-1.234535
-1.224053
-1.213465
-1.202784
-1.192021
-1.181188
-1.170301
-1.159372
-1.148414
-1.137438
-1.126455
-1.115477
-1.104512
-1.093572
-1.082669
-1.071811
-1.061010
-1.050277
-1.039621
-1.029051
-1.018580
-1.008216
-0.997968
-0.987849
-0.977867
-0.968034
-0.958357
-0.948847
-0.939513
-0.930364
-0.921412
-0.912664
-0.904130
-0.895822
-0.887748
-0.879920
-0.872346
-0.865036
-0.857999
-0.851246
-0.844785
-0.838626
-0.832778
-0.827250
-0.822052
-0.817193
-0.812681
-0.808526
-0.804737
-0.801323
-0.798292
-0.795652
-0.793412
-0.791581
-0.790167
-0.789178
-0.788621
-0.788506
-0.788840
-0.789631
-0.790884
-0.792609
-0.794812
-0.797499
-0.800679
-0.804358
-0.808543
-0.813240
-0.818455
-0.824194
-0.830463
-0.837268
-0.844616
-0.852510
-0.860957
-0.869961
-1.402914
-1.402412
-1.401088
-1.399015
-1.396232
-1.392780
-1.388686
-1.383989
-1.378729
-1.372945
-1.366671
-1.359942
-1.352794
-1.345263
-1.337379
-1.329169
-1.320661
-1.311878
-1.302845
-1.293582
-1.284109
-1.274446
-1.264607
-1.254610
-1.244473
-1.234211
-1.223839
-1.213369
-1.202813
-1.192184
-1.181497
-1.170764
-1.159998
-1.149210
-1.138410
-1.127612
-1.116822
-1.106054
-1.095318
-1.084623
-1.073982
-1.063404
-1.052899
-1.042477
-1.032150
-1.021927
-1.011817
-1.001832
-0.991981
-0.982276
-0.972723
-0.963335
-0.954120
-0.945089
-0.936250
-0.927614
-0.919192
-0.910993
-0.903027
-0.895305
-0.887838
-0.880633
-0.873703
-0.867055
-0.860700
-0.854649
-0.848909
-0.843491
-0.838405
-0.833661
-0.829265
-0.825230
-0.821565
-0.818277
-0.815377
-0.812873
-0.810774
-0.809090
-0.807828
-0.806997
-0.806606
-0.806664
-0.807178
-0.808157
-0.809606
-0.811536
-0.813953
-0.816864
-0.820277
-0.824200
-0.828639
-0.833601
-0.839092
-0.845118
-0.851688
-0.858805
-0.866477
-0.874709
-0.883506
-0.892875
-1.407422
-1.406972
-1.405776
-1.403883
-1.401314
-1.398098
-1.394253
-1.389813
-1.384815
-1.379295
-1.373284
-1.366819
-1.359934
-1.352663
-1.345038
-1.337083
-1.328828
-1.320295
-1.311508
-1.302488
-1.293255
-1.283828
-1.274221
-1.264453
-1.254541
-1.244499
-1.234344
-1.224086
-1.213738
-1.203312
-1.192824
-1.182286
-1.171710
-1.161108
-1.150490
-1.139867
-1.129250
-1.118648
-1.108074
-1.097538
-1.087049
-1.076620
-1.066259
-1.055977
-1.045786
-1.035693
-1.025710
-1.015848
-1.006116
-0.996525
-0.987084
-0.977803
-0.968691
-0.959759
-0.951017
-0.942474
-0.934142
-0.926031
-0.918152
-0.910514
-0.903129
-0.896004
-0.889153
-0.882584
-0.876307
-0.870332
-0.864670
-0.859330
-0.854323
-0.849657
-0.845343
-0.841391
-0.837811
-0.834611
-0.831802
-0.829392
-0.827391
-0.825809
-0.824655
-0.823936
-0.823663
-0.823845
-0.824490
-0.825606
-0.827200
-0.829283
-0.831859
-0.834939
-0.838530
-0.842639
-0.847275
-0.852442
-0.858150
-0.864404
-0.871212
-0.878579
-0.886512
-0.895017
-0.904100
-0.913766
-1.411958
-1.411562
-1.410500
-1.408793
-1.406445
-1.403471
-1.399882
-1.395705
-1.390975
-1.385723
-1.379982
-1.373785
-1.367167
-1.360161
-1.352798
-1.345103
-1.337104
-1.328823
-1.320286
-1.311513
-1.302523
-1.293333
-1.283961
-1.274423
-1.264738
-1.254919
-1.244980
-1.234934
-1.224794
-1.214572
-1.204283
-1.193938
-1.183551
-1.173133
-1.162693
-1.152244
-1.141795
-1.131356
-1.120939
-1.110555
-1.100214
-1.089926
-1.079703
-1.069553
-1.059487
-1.049516
-1.039650
-1.029899
-1.020274
-1.010785
-1.001440
-0.992251
-0.983226
-0.974376
-0.965712
-0.957244
-0.948983
-0.940939
-0.933124
-0.925547
-0.918219
-0.911150
-0.904350
-0.897831
-0.891603
-0.885675
-0.880058
-0.874763
-0.869800
-0.865179
-0.860909
-0.857002
-0.853468
-0.850317
-0.847557
-0.845199
-0.843252
-0.841728
-0.840634
-0.839981
-0.839777
-0.840033
-0.840758
-0.841959
-0.843645
-0.845826
-0.848508
-0.851700
-0.855411
-0.859648
-0.864420
-0.869734
-0.875597
-0.882016
-0.888998
-0.896550
-0.904679
-0.913391
-0.922691
-0.932587
-1.416519
-1.416180
-1.415256
-1.413742
-1.411623
-1.408898
-1.405570
-1.401664
-1.397207
-1.392229
-1.386762
-1.380839
-1.374492
-1.367755
-1.360658
-1.353227
-1.345488
-1.337463
-1.329179
-1.320655
-1.311910
-1.302961
-1.293825
-1.284521
-1.275063
-1.265467
-1.255747
-1.245914
-1.235982
-1.225964
-1.215873
-1.205721
-1.195521
-1.185284
-1.175021
-1.164742
-1.154458
-1.144178
-1.133914
-1.123677
-1.113478
-1.103325
-1.093232
-1.083206
-1.073258
-1.063397
-1.053638
-1.043988
-1.034458
-1.025056
-1.015794
-1.006682
-0.997728
-0.988945
-0.980341
-0.971928
-0.963718
-0.955720
-0.947946
-0.940406
-0.933110
-0.926070
-0.919296
-0.912799
-0.906589
-0.900677
-0.895074
-0.889791
-0.884837
-0.880224
-0.875962
-0.872062
-0.868534
-0.865389
-0.862637
-0.860287
-0.858350
-0.856837
-0.855757
-0.855120
-0.854936
-0.855216
-0.855968
-0.857201
-0.858925
-0.861147
-0.863877
-0.867124
-0.870896
-0.875202
-0.880049
-0.885446
-0.891401
-0.897920
-0.905012
-0.912683
-0.920941
-0.929790
-0.939240
-0.949296
-1.421101
-1.420822
-1.420042
-1.418728
-1.416844
-1.414376
-1.411317
-1.407686
-1.403509
-1.398811
-1.393624
-1.387978
-1.381907
-1.375444
-1.368617
-1.361453
-1.353978
-1.346213
-1.338184
-1.329913
-1.321416
-1.312710
-1.303814
-1.294744
-1.285517
-1.276145
-1.266644
-1.257025
-1.247302
-1.237487
-1.227594
-1.217634
-1.207621
-1.197564
-1.187475
-1.177364
-1.167241
-1.157116
-1.147002
-1.136907
-1.126842
-1.116820
-1.106848
-1.096938
-1.087099
-1.077342
-1.067679
-1.058118
-1.048670
-1.039344
-1.030151
-1.021101
-1.012203
-1.003469
-0.994908
-0.986532
-0.978351
-0.970378
-0.962622
-0.955096
-0.947809
-0.940771
-0.933995
-0.927491
-0.921270
-0.915343
-0.909721
-0.904415
-0.899436
-0.894795
-0.890502
-0.886570
-0.883008
-0.879828
-0.877040
-0.874653
-0.872680
-0.871131
-0.870017
-0.869347
-0.869132
-0.869383
-0.870109
-0.871320
-0.873024
-0.875232
-0.877952
-0.881194
-0.884966
-0.889279
-0.894139
-0.899556
-0.905537
-0.912091
-0.919225
-0.926947
-0.935264
-0.944183
-0.953711
-0.963854
-1.425701
-1.425484
-1.424854
-1.423748
-1.422109
-1.419904
-1.417122
-1.413773
-1.409881
-1.405468
-1.400565
-1.395202
-1.389412
-1.383227
-1.376674
-1.369782
-1.362573
-1.355072
-1.347302
-1.339286
-1.331040
-1.322581
-1.313926
-1.305093
-1.296097
-1.286951
-1.277671
-1.268267
-1.258753
-1.249142
-1.239447
-1.229679
-1.219851
-1.209972
-1.200055
-1.190109
-1.180145
-1.170172
-1.160202
-1.150244
-1.140311
-1.130412
-1.120556
-1.110754
-1.101016
-1.091353
-1.081776
-1.072294
-1.062917
-1.053654
-1.044516
-1.035513
-1.026655
-1.017953
-1.009417
-1.001059
-0.992889
-0.984919
-0.977161
-0.969624
-0.962319
-0.955259
-0.948453
-0.941914
-0.935652
-0.929678
-0.924004
-0.918642
-0.913602
-0.908896
-0.904534
-0.900529
-0.896893
-0.893635
-0.890767
-0.888299
-0.886242
-0.884610
-0.883411
-0.882658
-0.882359
-0.882528
-0.883173
-0.884306
-0.885934
-0.888069
-0.890720
-0.893895
-0.897607
-0.901863
-0.906672
-0.912043
-0.917985
-0.924506
-0.931614
-0.939317
-0.947622
-0.956538
-0.966071
-0.976228
-1.430316
-1.430164
-1.429690
-1.428800
-1.427413
-1.425480
-1.422981
-1.419922
-1.416320
-1.412198
-1.407585
-1.402510
-1.397005
-1.391102
-1.384828
-1.378211
-1.371273
-1.364039
-1.356532
-1.348774
-1.340782
-1.332572
-1.324161
-1.315567
-1.306804
-1.297886
-1.288827
-1.279640
-1.270337
-1.260930
-1.251432
-1.241855
-1.232211
-1.222511
-1.212763
-1.202981
-1.193172
-1.183348
-1.173519
-1.163694
-1.153887
-1.144105
-1.134359
-1.124658
-1.115013
-1.105435
-1.095935
-1.086521
-1.077203
-1.067991
-1.058895
-1.049926
-1.041092
-1.032406
-1.023878
-1.015519
-1.007340
-0.999353
-0.991568
-0.983997
-0.976652
-0.969542
-0.962680
-0.956076
-0.949743
-0.943691
-0.937932
-0.932480
-0.927343
-0.922534
-0.918065
-0.913948
-0.910194
-0.906816
-0.903823
-0.901227
-0.899041
-0.897275
-0.895943
-0.895054
-0.894619
-0.894652
-0.895160
-0.896157
-0.897651
-0.899653
-0.902173
-0.905221
-0.908808
-0.912942
-0.917634
-0.922893
-0.928727
-0.935145
-0.942157
-0.949770
-0.957992
-0.966832
-0.976296
-0.986392
-1.434940
-1.434856
-1.434547
-1.433881
-1.432756
-1.431103
-1.428895
-1.426130
-1.422825
-1.419001
-1.414683
-1.409899
-1.404685
-1.399069
-1.393077
-1.386740
-1.380076
-1.373113
-1.365872
-1.358376
-1.350640
-1.342682
-1.334518
-1.326165
-1.317638
-1.308949
-1.300114
-1.291145
-1.282053
-1.272851
-1.263551
-1.254165
-1.244705
-1.235180
-1.225602
-1.215981
-1.206326
-1.196648
-1.186956
-1.177261
-1.167574
-1.157904
-1.148261
-1.138654
-1.129096
-1.119595
-1.110161
-1.100806
-1.091536
-1.082363
-1.073296
-1.064346
-1.055522
-1.046836
-1.038298
-1.029920
-1.021713
-1.013687
-1.005855
-0.998227
-0.990815
-0.983630
-0.976684
-0.969988
-0.963553
-0.957391
-0.951516
-0.945938
-0.940669
-0.935720
-0.931104
-0.926834
-0.922922
-0.919379
-0.916217
-0.913447
-0.911082
-0.909135
-0.907617
-0.906540
-0.905916
-0.905756
-0.906071
-0.906874
-0.908173
-0.909982
-0.912309
-0.915166
-0.918563
-0.922509
-0.927017
-0.932095
-0.937752
-0.943997
-0.950840
-0.958290
-0.966355
-0.975043
-0.984363
-0.994320
-1.439571
-1.439558
-1.439421
-1.438990
-1.438133
-1.436770
-1.434860
-1.432398
-1.429396
-1.425874
-1.421856
-1.417371
-1.412451
-1.407126
-1.401421
-1.395367
-1.388982
-1.382293
-1.375321
-1.368090
-1.360615
-1.352910
-1.344996
-1.336887
-1.328598
-1.320141
-1.311532
-1.302781
-1.293902
-1.284905
-1.275803
-1.266608
-1.257332
-1.247983
-1.238573
-1.229112
-1.219609
-1.210073
-1.200516
-1.190946
-1.181376
-1.171813
-1.162267
-1.152749
-1.143269
-1.133837
-1.124462
-1.115155
-1.105924
-1.096778
-1.087728
-1.078783
-1.069955
-1.061254
-1.052689
-1.044274
-1.036019
-1.027935
-1.020034
-1.012327
-1.004825
-0.997539
-0.990481
-0.983662
-0.977096
-0.970794
-0.964768
-0.959030
-0.953592
-0.948467
-0.943665
-0.939202
-0.935089
-0.931338
-0.927960
-0.924969
-0.922378
-0.920199
-0.918444
-0.917125
-0.916255
-0.915847
-0.915911
-0.916461
-0.917506
-0.919059
-0.921129
-0.923729
-0.926870
-0.930563
-0.934817
-0.939643
-0.945052
-0.951052
-0.957654
-0.964867
-0.972699
-0.981159
-0.990256
-0.999997
-1.444203
-1.444266
-1.444309
-1.444122
-1.443545
-1.442479
-1.440877
-1.438723
-1.436031
-1.432817
-1.429105
-1.424922
-1.420302
-1.415272
-1.409859
-1.404091
-1.397989
-1.391578
-1.384879
-1.377916
-1.370704
-1.363257
-1.355596
-1.347733
-1.339683
-1.331461
-1.323079
-1.314549
-1.305883
-1.297094
-1.288191
-1.279188
-1.270094
-1.260921
-1.251679
-1.242376
-1.233023
-1.223629
-1.214203
-1.204756
-1.195298
-1.185838
-1.176384
-1.166949
-1.157540
-1.148170
-1.138846
-1.129578
-1.120374
-1.111246
-1.102200
-1.093248
-1.084401
-1.075669
-1.067063
-1.058593
-1.050272
-1.042110
-1.034119
-1.026310
-1.018693
-1.011281
-1.004085
-0.997117
-0.990390
-0.983915
-0.977706
-0.971775
-0.966132
-0.960792
-0.955766
-0.951068
-0.946712
-0.942708
-0.939070
-0.935810
-0.932943
-0.930481
-0.928436
-0.926822
-0.925652
-0.924938
-0.924693
-0.924928
-0.925656
-0.926890
-0.928639
-0.930917
-0.933735
-0.937103
-0.941035
-0.945539
-0.950627
-0.956308
-0.962593
-0.969492
-0.977014
-0.985169
-0.993964
-1.003407
-1.448832
-1.448975
-1.449207
-1.449275
-1.448988
-1.448229
-1.446941
-1.445104
-1.442728
-1.439828
-1.436428
-1.432552
-1.428236
-1.423506
-1.418388
-1.412911
-1.407095
-1.400967
-1.394545
-1.387854
-1.380907
-1.373723
-1.366316
-1.358702
-1.350895
-1.342909
-1.334757
-1.326450
-1.317999
-1.309417
-1.300715
-1.291904
-1.282995
-1.273997
-1.264922
-1.255777
-1.246572
-1.237318
-1.228022
-1.218694
-1.209344
-1.199983
-1.190618
-1.181260
-1.171917
-1.162601
-1.153320
-1.144083
-1.134898
-1.125775
-1.116723
-1.107753
-1.098874
-1.090096
-1.081432
-1.072892
-1.064487
-1.056228
-1.048126
-1.040192
-1.032438
-1.024875
-1.017515
-1.010370
-1.003453
-0.996775
-0.990350
-0.984191
-0.978308
-0.972716
-0.967427
-0.962454
-0.957811
-0.953511
-0.949566
-0.945990
-0.942797
-0.940001
-0.937614
-0.935649
-0.934122
-0.933045
-0.932430
-0.932291
-0.932639
-0.933489
-0.934852
-0.936739
-0.939164
-0.942139
-0.945676
-0.949785
-0.954478
-0.959765
-0.965657
-0.972165
-0.979299
-0.987067
-0.995480
-1.004545
-1.453454
-1.453681
-1.454113
-1.454447
-1.454461
-1.454018
-1.453054
-1.451540
-1.449486
-1.446907
-1.443823
-1.440260
-1.436252
-1.431826
-1.427009
-1.421826
-1.416301
-1.410459
-1.404317
-1.397902
-1.391225
-1.384304
-1.377156
-1.369794
-1.362233
-1.354486
-1.346565
-1.338483
-1.330250
-1.321877
-1.313377
-1.304759
-1.296035
-1.287213
-1.278304
-1.269317
-1.260261
-1.251144
-1.241976
-1.232765
-1.223521
-1.214256
-1.204975
-1.195689
-1.186407
-1.177139
-1.167894
-1.158680
-1.149506
-1.140379
-1.131310
-1.122309
-1.113385
-1.104550
-1.095813
-1.087186
-1.078681
-1.070306
-1.062073
-1.053995
-1.046080
-1.038343
-1.030792
-1.023444
-1.016307
-1.009397
-1.002724
-0.996303
-0.990144
-0.984263
-0.978671
-0.973383
-0.968411
-0.963770
-0.959472
-0.955532
-0.951964
-0.948782
-0.945999
-0.943629
-0.941688
-0.940188
-0.939143
-0.938567
-0.938472
-0.938873
-0.939781
-0.941211
-0.943174
-0.945683
-0.948752
-0.952392
-0.956614
-0.961430
-0.966852
-0.972890
-0.979554
-0.986856
-0.994804
-1.003408
-1.458063
-1.458379
-1.459023
-1.459635
-1.459961
-1.459845
-1.459212
-1.458029
-1.456304
-1.454051
-1.451289
-1.448044
-1.444349
-1.440232
-1.435719
-1.430836
-1.425604
-1.420052
-1.414196
-1.408059
-1.401655
-1.395002
-1.388116
-1.381009
-1.373696
-1.366191
-1.358505
-1.350650
-1.342636
-1.334475
-1.326177
-1.317754
-1.309216
-1.300571
-1.291830
-1.283000
-1.274092
-1.265112
-1.256070
-1.246975
-1.237836
-1.228663
-1.219462
-1.210244
-1.201018
-1.191793
-1.182578
-1.173380
-1.164207
-1.155069
-1.145973
-1.136931
-1.127952
-1.119045
-1.110222
-1.101494
-1.092871
-1.084363
-1.075981
-1.067737
-1.059641
-1.051705
-1.043941
-1.036361
-1.028978
-1.021805
-1.014853
-1.008137
-1.001668
-0.995460
-0.989527
-0.983883
-0.978541
-0.973514
-0.968817
-0.964465
-0.960472
-0.956852
-0.953619
-0.950789
-0.948376
-0.946394
-0.944858
-0.943782
-0.943179
-0.943065
-0.943451
-0.944352
-0.945781
-0.947753
-0.950280
-0.953374
-0.957049
-0.961316
-0.966187
-0.971674
-0.977788
-0.984540
-0.991940
-0.999997
-1.462654
-1.463066
-1.463932
-1.464837
-1.465487
-1.465707
-1.465414
-1.464571
-1.463182
-1.461260
-1.458825
-1.455902
-1.452526
-1.448723
-1.444517
-1.439938
-1.435005
-1.429747
-1.424179
-1.418325
-1.412198
-1.405817
-1.399195
-1.392347
-1.385286
-1.378024
-1.370576
-1.362951
-1.355158
-1.347211
-1.339119
-1.330892
-1.322541
-1.314074
-1.305501
-1.296831
-1.288070
-1.279227
-1.270311
-1.261330
-1.252294
-1.243210
-1.234087
-1.224934
-1.215761
-1.206574
-1.197382
-1.188194
-1.179017
-1.169858
-1.160728
-1.151635
-1.142589
-1.133600
-1.124678
-1.115834
-1.107078
-1.098420
-1.089872
-1.081442
-1.073144
-1.064987
-1.056985
-1.049150
-1.041493
-1.034028
-1.026767
-1.019723
-1.012909
-1.006340
-1.000027
-0.993987
-0.988232
-0.982777
-0.977635
-0.972822
-0.968354
-0.964244
-0.960508
-0.957161
-0.954217
-0.951694
-0.949605
-0.947965
-0.946789
-0.946091
-0.945885
-0.946187
-0.947011
-0.948370
-0.950280
-0.952753
-0.955802
-0.959439
-0.963679
-0.968534
-0.974014
-0.980131
-0.986897
-0.994321
-1.467220
-1.467735
-1.468838
-1.470049
-1.471036
-1.471604
-1.471660
-1.471163
-1.470117
-1.468532
-1.466430
-1.463835
-1.460781
-1.457296
-1.453404
-1.449132
-1.444502
-1.439541
-1.434266
-1.428698
-1.422853
-1.416746
-1.410393
-1.403807
-1.397000
-1.389987
-1.382779
-1.375386
-1.367818
-1.360088
-1.352203
-1.344175
-1.336013
-1.327726
-1.319322
-1.310810
-1.302198
-1.293492
-1.284702
-1.275835
-1.266901
-1.257906
-1.248859
-1.239769
-1.230644
-1.221491
-1.212319
-1.203135
-1.193947
-1.184762
-1.175589
-1.166436
-1.157314
-1.148232
-1.139199
-1.130227
-1.121324
-1.112501
-1.103768
-1.095136
-1.086615
-1.078218
-1.069955
-1.061838
-1.053882
-1.046097
-1.038497
-1.031095
-1.023903
-1.016936
-1.010207
-1.003731
-0.997522
-0.991594
-0.985962
-0.980642
-0.975648
-0.970997
-0.966703
-0.962782
-0.959251
-0.956126
-0.953421
-0.951153
-0.949336
-0.947987
-0.947120
-0.946750
-0.946894
-0.947566
-0.948782
-0.950553
-0.952896
-0.955823
-0.959349
-0.963487
-0.968248
-0.973644
-0.979689
-0.986392
-1.471755
-1.472381
-1.473736
-1.475268
-1.476606
-1.477532
-1.477949
-1.477806
-1.477108
-1.475866
-1.474102
-1.471840
-1.469114
-1.465951
-1.462376
-1.458416
-1.454094
-1.449434
-1.444456
-1.439179
-1.433619
-1.427791
-1.421710
-1.415389
-1.408841
-1.402078
-1.395114
-1.387957
-1.380617
-1.373106
-1.365432
-1.357605
-1.349634
-1.341528
-1.333296
-1.324945
-1.316482
-1.307914
-1.299251
-1.290498
-1.281665
-1.272758
-1.263786
-1.254756
-1.245678
-1.236557
-1.227401
-1.218217
-1.209012
-1.199795
-1.190572
-1.181353
-1.172146
-1.162961
-1.153807
-1.144694
-1.135632
-1.126629
-1.117697
-1.108845
-1.100084
-1.091425
-1.082880
-1.074460
-1.066179
-1.058048
-1.050080
-1.042289
-1.034688
-1.027289
-1.020107
-1.013157
-1.006453
-1.000010
-0.993842
-0.987967
-0.982398
-0.977153
-0.972247
-0.967697
-0.963519
-0.959731
-0.956347
-0.953385
-0.950862
-0.948792
-0.947191
-0.946078
-0.945466
-0.945374
-0.945816
-0.946807
-0.948362
-0.950496
-0.953224
-0.956558
-0.960514
-0.965102
-0.970337
-0.976229
-1.476253
-1.477000
-1.478623
-1.480494
-1.482196
-1.483492
-1.484277
-1.484497
-1.484156
-1.483262
-1.481841
-1.479916
-1.477522
-1.474687
-1.471434
-1.467790
-1.463780
-1.459425
-1.454748
-1.449766
-1.444494
-1.438949
-1.433144
-1.427092
-1.420807
-1.414299
-1.407582
-1.400664
-1.393556
-1.386267
-1.378806
-1.371182
-1.363406
-1.355484
-1.347426
-1.339238
-1.330927
-1.322499
-1.313962
-1.305325
-1.296593
-1.287774
-1.278877
-1.269907
-1.260874
-1.251782
-1.242639
-1.233452
-1.224228
-1.214973
-1.205696
-1.196404
-1.187105
-1.177810
-1.168525
-1.159261
-1.150027
-1.140832
-1.131686
-1.122599
-1.113581
-1.104643
-1.095795
-1.087050
-1.078421
-1.069919
-1.061557
-1.053348
-1.045304
-1.037440
-1.029771
-1.022309
-1.015071
-1.008070
-1.001323
-0.994845
-0.988652
-0.982762
-0.977190
-0.971954
-0.967071
-0.962558
-0.958433
-0.954712
-0.951412
-0.948551
-0.946146
-0.944213
-0.942771
-0.941836
-0.941424
-0.941553
-0.942237
-0.943493
-0.945335
-0.947780
-0.950841
-0.954531
-0.958865
-0.963855
-1.480706
-1.481584
-1.483493
-1.485722
-1.487804
-1.489483
-1.490645
-1.491235
-1.491256
-1.490718
-1.489645
-1.488063
-1.486006
-1.483502
-1.480575
-1.477252
-1.473559
-1.469513
-1.465141
-1.460459
-1.455480
-1.450221
-1.444697
-1.438918
-1.432898
-1.426650
-1.420183
-1.413508
-1.406635
-1.399572
-1.392328
-1.384912
-1.377333
-1.369599
-1.361716
-1.353693
-1.345536
-1.337250
-1.328843
-1.320321
-1.311692
-1.302963
-1.294140
-1.285231
-1.276242
-1.267179
-1.258047
-1.248856
-1.239608
-1.230313
-1.220977
-1.211607
-1.202211
-1.192797
-1.183374
-1.173951
-1.164536
-1.155137
-1.145766
-1.136429
-1.127139
-1.117905
-1.108737
-1.099647
-1.090648
-1.081751
-1.072969
-1.064314
-1.055799
-1.047439
-1.039247
-1.031237
-1.023426
-1.015827
-1.008456
-1.001330
-0.994465
-0.987879
-0.981588
-0.975610
-0.969962
-0.964664
-0.959733
-0.955186
-0.951042
-0.947318
-0.944034
-0.941208
-0.938856
-0.936998
-0.935652
-0.934835
-0.934563
-0.934853
-0.935722
-0.937187
-0.939263
-0.941963
-0.945303
-0.949297
-1.485106
-1.486127
-1.488345
-1.490950
-1.493428
-1.495502
-1.497051
-1.498021
-1.498410
-1.498232
-1.497513
-1.496279
-1.494563
-1.492394
-1.489799
-1.486801
-1.483429
-1.479698
-1.475635
-1.471256
-1.466574
-1.461607
-1.456366
-1.450865
-1.445115
-1.439130
-1.432919
-1.426490
-1.419856
-1.413023
-1.406000
-1.398795
-1.391417
-1.383873
-1.376170
-1.368316
-1.360315
-1.352175
-1.343899
-1.335496
-1.326973
-1.318334
-1.309587
-1.300738
-1.291795
-1.282760
-1.273641
-1.264442
-1.255171
-1.245833
-1.236435
-1.226984
-1.217486
-1.207949
-1.198381
-1.188792
-1.179186
-1.169575
-1.159967
-1.150370
-1.140793
-1.131248
-1.121744
-1.112291
-1.102902
-1.093588
-1.084362
-1.075236
-1.066222
-1.057335
-1.048589
-1.039997
-1.031575
-1.023338
-1.015301
-1.007482
-0.999897
-0.992565
-0.985501
-0.978725
-0.972255
-0.966109
-0.960308
-0.954869
-0.949811
-0.945154
-0.940916
-0.937118
-0.933778
-0.930916
-0.928552
-0.926703
-0.925387
-0.924623
-0.924429
-0.924823
-0.925820
-0.927436
-0.929688
-0.932589
-1.489445
-1.490623
-1.493172
-1.496176
-1.499067
-1.501549
-1.503495
-1.504851
-1.505615
-1.505805
-1.505444
-1.504562
-1.503193
-1.501364
-1.499104
-1.496436
-1.493389
-1.489978
-1.486228
-1.482157
-1.477776
-1.473104
-1.468152
-1.462933
-1.457458
-1.451739
-1.445788
-1.439611
-1.433220
-1.426621
-1.419823
-1.412834
-1.405661
-1.398312
-1.390793
-1.383111
-1.375270
-1.367277
-1.359137
-1.350856
-1.342440
-1.333895
-1.325227
-1.316441
-1.307544
-1.298539
-1.289432
-1.280228
-1.270933
-1.261551
-1.252090
-1.242556
-1.232953
-1.223289
-1.213572
-1.203809
-1.194008
-1.184178
-1.174324
-1.164455
-1.154582
-1.144712
-1.134857
-1.125025
-1.115229
-1.105479
-1.095788
-1.086166
-1.076628
-1.067186
-1.057854
-1.048647
-1.039579
-1.030666
-1.021922
-1.013366
-1.005015
-0.996887
-0.988998
-0.981369
-0.974018
-0.966964
-0.960228
-0.953829
-0.947787
-0.942124
-0.936858
-0.932010
-0.927601
-0.923652
-0.920184
-0.917215
-0.914767
-0.912858
-0.911508
-0.910735
-0.910558
-0.910993
-0.912058
-0.913768
-1.493713
-1.495065
-1.497971
-1.501398
-1.504720
-1.507623
-1.509976
-1.511725
-1.512871
-1.513434
-1.513437
-1.512912
-1.511894
-1.510410
-1.508491
-1.506157
-1.503438
-1.500351
-1.496919
-1.493160
-1.489085
-1.484713
-1.480054
-1.475121
-1.469925
-1.464479
-1.458792
-1.452871
-1.446728
-1.440368
-1.433799
-1.427030
-1.420067
-1.412917
-1.405586
-1.398081
-1.390405
-1.382564
-1.374563
-1.366408
-1.358104
-1.349657
-1.341070
-1.332350
-1.323502
-1.314529
-1.305437
-1.296229
-1.286911
-1.277487
-1.267963
-1.258343
-1.248635
-1.238842
-1.228973
-1.219035
-1.209034
-1.198977
-1.188871
-1.178724
-1.168543
-1.158340
-1.148121
-1.137897
-1.127677
-1.117473
-1.107297
-1.097160
-1.087074
-1.077051
-1.067105
-1.057252
-1.047504
-1.037878
-1.028389
-1.019055
-1.009892
-1.000920
-0.992155
-0.983618
-0.975327
-0.967305
-0.959570
-0.952145
-0.945049
-0.938304
-0.931933
-0.925955
-0.920396
-0.915275
-0.910615
-0.906438
-0.902765
-0.899617
-0.897014
-0.894978
-0.893528
-0.892682
-0.892459
-0.892877
-1.497899
-1.499444
-1.502739
-1.506613
-1.510385
-1.513724
-1.516492
-1.518643
-1.520178
-1.521118
-1.521490
-1.521327
-1.520665
-1.519531
-1.517956
-1.515960
-1.513575
-1.510817
-1.507707
-1.504264
-1.500500
-1.496432
-1.492073
-1.487431
-1.482519
-1.477349
-1.471932
-1.466272
-1.460382
-1.454265
-1.447931
-1.441386
-1.434639
-1.427693
-1.420555
-1.413232
-1.405725
-1.398041
-1.390185
-1.382160
-1.373973
-1.365627
-1.357126
-1.348476
-1.339680
-1.330744
-1.321669
-1.312461
-1.303123
-1.293658
-1.284073
-1.274371
-1.264557
-1.254636
-1.244614
-1.234499
-1.224294
-1.214008
-1.203646
-1.193214
-1.182720
-1.172174
-1.161582
-1.150954
-1.140299
-1.129627
-1.118949
-1.108277
-1.097621
-1.086994
-1.076410
-1.065881
-1.055423
-1.045050
-1.034778
-1.024625
-1.014608
-1.004745
-0.995054
-0.985555
-0.976269
-0.967217
-0.958420
-0.949900
-0.941679
-0.933780
-0.926225
-0.919038
-0.912242
-0.905862
-0.899922
-0.894443
-0.889451
-0.884966
-0.881013
-0.877613
-0.874788
-0.872558
-0.870943
-0.869963
-1.501993
-1.503753
-1.507470
-1.511821
-1.516062
-1.519850
-1.523045
-1.525604
-1.527533
-1.528857
-1.529603
-1.529807
-1.529505
-1.528725
-1.527498
-1.525846
-1.523800
-1.521374
-1.518591
-1.515469
-1.512020
-1.508262
-1.504206
-1.499860
-1.495237
-1.490350
-1.485207
-1.479814
-1.474181
-1.468313
-1.462219
-1.455905
-1.449378
-1.442642
-1.435703
-1.428567
-1.421236
-1.413715
-1.406008
-1.398120
-1.390054
-1.381815
-1.373405
-1.364830
-1.356092
-1.347197
-1.338145
-1.328941
-1.319587
-1.310086
-1.300442
-1.290661
-1.280744
-1.270696
-1.260523
-1.250231
-1.239823
-1.229307
-1.218686
-1.207966
-1.197155
-1.186261
-1.175289
-1.164248
-1.153148
-1.141996
-1.130803
-1.119580
-1.108337
-1.097086
-1.085839
-1.074610
-1.063413
-1.052263
-1.041173
-1.030164
-1.019250
-1.008452
-0.997787
-0.987275
-0.976937
-0.966796
-0.956873
-0.947191
-0.937773
-0.928644
-0.919827
-0.911347
-0.903230
-0.895502
-0.888188
-0.881313
-0.874903
-0.868982
-0.863575
-0.858707
-0.854401
-0.850680
-0.847565
-0.845079
-1.505980
-1.507983
-1.512162
-1.517019
-1.521751
-1.526001
-1.529632
-1.532606
-1.534936
-1.536649
-1.537774
-1.538350
-1.538413
-1.537991
-1.537118
-1.535813
-1.534109
-1.532021
-1.529569
-1.526772
-1.523645
-1.520201
-1.516452
-1.512409
-1.508081
-1.503480
-1.498617
-1.493497
-1.488128
-1.482515
-1.476666
-1.470589
-1.464288
-1.457769
-1.451034
-1.444092
-1.436942
-1.429590
-1.422040
-1.414295
-1.406356
-1.398230
-1.389918
-1.381424
-1.372752
-1.363903
-1.354880
-1.345685
-1.336321
-1.326789
-1.317093
-1.307237
-1.297221
-1.287051
-1.276730
-1.266264
-1.255655
-1.244910
-1.234031
-1.223023
-1.211894
-1.200649
-1.189293
-1.177834
-1.166281
-1.154641
-1.142923
-1.131136
-1.119291
-1.107399
-1.095471
-1.083519
-1.071558
-1.059601
-1.047663
-1.035763
-1.023915
-1.012139
-1.000453
-0.988877
-0.977433
-0.966144
-0.955032
-0.944121
-0.933435
-0.923001
-0.912842
-0.902986
-0.893460
-0.884291
-0.875509
-0.867139
-0.859210
-0.851748
-0.844781
-0.838336
-0.832439
-0.827114
-0.822387
-0.818281
-1.509845
-1.512126
-1.516811
-1.522207
-1.527451
-1.532178
-1.536253
-1.539651
-1.542387
-1.544494
-1.546003
-1.546955
-1.547386
-1.547328
-1.546812
-1.545860
-1.544502
-1.542756
-1.540641
-1.538175
-1.535374
-1.532249
-1.528813
-1.525076
-1.521049
-1.516741
-1.512163
-1.507321
-1.502221
-1.496870
-1.491273
-1.485439
-1.479371
-1.473074
-1.466552
-1.459809
-1.452848
-1.445672
-1.438286
-1.430691
-1.422889
-1.414883
-1.406675
-1.398270
-1.389670
-1.380876
-1.371889
-1.362712
-1.353344
-1.343789
-1.334048
-1.324123
-1.314016
-1.303729
-1.293266
-1.282631
-1.271826
-1.260855
-1.249722
-1.238429
-1.226982
-1.215387
-1.203646
-1.191768
-1.179759
-1.167625
-1.155374
-1.143016
-1.130558
-1.118011
-1.105386
-1.092694
-1.079947
-1.067160
-1.054345
-1.041522
-1.028704
-1.015911
-1.003161
-0.990474
-0.977872
-0.965378
-0.953015
-0.940808
-0.928783
-0.916967
-0.905385
-0.894067
-0.883042
-0.872339
-0.861990
-0.852023
-0.842469
-0.833357
-0.824719
-0.816582
-0.808978
-0.801933
-0.795474
-0.789628
-1.513572
-1.516172
-1.521413
-1.527384
-1.533162
-1.538379
-1.542909
-1.546737
-1.549885
-1.552390
-1.554287
-1.555620
-1.556425
-1.556735
-1.556580
-1.555984
-1.554977
-1.553578
-1.551805
-1.549675
-1.547205
-1.544405
-1.541287
-1.537862
-1.534140
-1.530132
-1.525846
-1.521287
-1.516464
-1.511380
-1.506041
-1.500457
-1.494629
-1.488562
-1.482259
-1.475724
-1.468960
-1.461968
-1.454753
-1.447315
-1.439658
-1.431780
-1.423687
-1.415380
-1.406860
-1.398130
-1.389188
-1.380037
-1.370676
-1.361106
-1.351328
-1.341344
-1.331153
-1.320758
-1.310161
-1.299364
-1.288371
-1.277182
-1.265800
-1.254228
-1.242468
-1.230526
-1.218405
-1.206108
-1.193644
-1.181014
-1.168229
-1.155294
-1.142217
-1.129006
-1.115672
-1.102225
-1.088676
-1.075038
-1.061323
-1.047549
-1.033730
-1.019884
-1.006029
-0.992185
-0.978375
-0.964622
-0.950948
-0.937381
-0.923946
-0.910671
-0.897585
-0.884718
-0.872101
-0.859767
-0.847749
-0.836078
-0.824788
-0.813913
-0.803485
-0.793538
-0.784104
-0.775214
-0.766898
-0.759187
-1.517141
-1.520111
-1.525966
-1.532551
-1.538886
-1.544605
-1.549599
-1.553863
-1.557428
-1.560337
-1.562627
-1.564345
-1.565528
-1.566209
-1.566420
-1.566185
-1.565534
-1.564486
-1.563060
-1.561271
-1.559137
-1.556666
-1.553873
-1.550766
-1.547356
-1.543653
-1.539664
-1.535397
-1.530855
-1.526045
-1.520973
-1.515645
-1.510065
-1.504235
-1.498159
-1.491840
-1.485281
-1.478482
-1.471446
-1.464176
-1.456671
-1.448932
-1.440963
-1.432763
-1.424335
-1.415679
-1.406793
-1.397678
-1.388333
-1.378759
-1.368955
-1.358922
-1.348659
-1.338166
-1.327446
-1.316499
-1.305327
-1.293930
-1.282309
-1.270465
-1.258402
-1.246121
-1.233624
-1.220915
-1.207999
-1.194878
-1.181559
-1.168048
-1.154349
-1.140471
-1.126421
-1.112209
-1.097846
-1.083341
-1.068707
-1.053959
-1.039111
-1.024181
-1.009186
-0.994146
-0.979081
-0.964016
-0.948974
-0.933982
-0.919067
-0.904258
-0.889585
-0.875080
-0.860777
-0.846711
-0.832918
-0.819432
-0.806290
-0.793530
-0.781189
-0.769304
-0.757910
-0.747043
-0.736737
-0.727026
-1.520530
-1.523933
-1.530469
-1.537707
-1.544622
-1.550859
-1.556323
-1.561031
-1.565017
-1.568333
-1.571020
-1.573128
-1.574692
-1.575750
-1.576331
-1.576462
-1.576171
-1.575479
-1.574404
-1.572962
-1.571168
-1.569034
-1.566570
-1.563787
-1.560694
-1.557302
-1.553618
-1.549648
-1.545396
-1.540867
-1.536068
-1.531005
-1.525680
-1.520095
-1.514256
-1.508162
-1.501816
-1.495219
-1.488373
-1.481279
-1.473937
-1.466348
-1.458513
-1.450432
-1.442106
-1.433535
-1.424717
-1.415651
-1.406335
-1.396769
-1.386952
-1.376883
-1.366560
-1.355983
-1.345152
-1.334068
-1.322730
-1.311137
-1.299290
-1.287188
-1.274831
-1.262223
-1.249361
-1.236250
-1.222891
-1.209286
-1.195441
-1.181357
-1.167040
-1.152495
-1.137729
-1.122749
-1.107564
-1.092183
-1.076616
-1.060878
-1.044980
-1.028939
-1.012772
-0.996498
-0.980136
-0.963711
-0.947246
-0.930768
-0.914304
-0.897885
-0.881543
-0.865311
-0.849225
-0.833323
-0.817644
-0.802226
-0.787111
-0.772338
-0.757951
-0.743991
-0.730498
-0.717512
-0.705073
-0.693218
-1.523711
-1.527628
-1.534919
-1.542856
-1.550373
-1.557139
-1.563082
-1.568238
-1.572650
-1.576378
-1.579466
-1.581967
-1.583918
-1.585356
-1.586312
-1.586813
-1.586887
-1.586555
-1.585835
-1.584745
-1.583298
-1.581505
-1.579377
-1.576923
-1.574155
-1.571081
-1.567707
-1.564041
-1.560086
-1.555846
-1.551328
-1.546537
-1.541477
-1.536146
-1.530551
-1.524691
-1.518570
-1.512185
-1.505539
-1.498632
-1.491464
-1.484036
-1.476347
-1.468397
-1.460186
-1.451713
-1.442976
-1.433973
-1.424700
-1.415156
-1.405341
-1.395250
-1.384882
-1.374237
-1.363311
-1.352105
-1.340617
-1.328845
-1.316787
-1.304441
-1.291808
-1.278887
-1.265675
-1.252176
-1.238389
-1.224312
-1.209951
-1.195306
-1.180379
-1.165174
-1.149696
-1.133950
-1.117944
-1.101682
-1.085176
-1.068436
-1.051473
-1.034302
-1.016938
-0.999399
-0.981704
-0.963875
-0.945936
-0.927914
-0.909836
-0.891733
-0.873639
-0.855589
-0.837621
-0.819776
-0.802095
-0.784623
-0.767403
-0.750482
-0.733907
-0.717724
-0.701981
-0.686722
-0.671994
-0.657840
-1.526655
-1.531185
-1.539317
-1.547998
-1.556141
-1.563447
-1.569877
-1.575485
-1.580328
-1.584471
-1.587963
-1.590861
-1.593203
-1.595025
-1.596360
-1.597236
-1.597679
-1.597713
-1.597354
-1.596621
-1.595525
-1.594078
-1.592292
-1.590174
-1.587736
-1.584987
-1.581931
-1.578576
-1.574926
-1.570983
-1.566754
-1.562245
-1.557456
-1.552389
-1.547048
-1.541433
-1.535545
-1.529383
-1.522948
-1.516240
-1.509259
-1.502004
-1.494474
-1.486668
-1.478586
-1.470226
-1.461584
-1.452659
-1.443445
-1.433940
-1.424142
-1.414047
-1.403652
-1.392955
-1.381953
-1.370644
-1.359024
-1.347091
-1.334842
-1.322273
-1.309382
-1.296168
-1.282626
-1.268757
-1.254559
-1.240029
-1.225170
-1.209979
-1.194456
-1.178605
-1.162426
-1.145924
-1.129102
-1.111965
-1.094520
-1.076775
-1.058740
-1.040426
-1.021848
-1.003020
-0.983961
-0.964691
-0.945233
-0.925613
-0.905858
-0.886000
-0.866073
-0.846114
-0.826163
-0.806264
-0.786462
-0.766804
-0.747341
-0.728125
-0.709208
-0.690643
-0.672484
-0.654785
-0.637597
-0.620972
-1.529323
-1.534593
-1.543665
-1.553138
-1.561928
-1.569784
-1.576707
-1.582772
-1.588049
-1.592610
-1.596512
-1.599810
-1.602545
-1.604756
-1.606475
-1.607730
-1.608547
-1.608950
-1.608959
-1.608587
-1.607848
-1.606753
-1.605314
-1.603539
-1.601438
-1.599020
-1.596289
-1.593253
-1.589914
-1.586276
-1.582346
-1.578126
-1.573620
-1.568826
-1.563749
-1.558388
-1.552746
-1.546817
-1.540605
-1.534109
-1.527327
-1.520259
-1.512902
-1.505255
-1.497316
-1.489084
-1.480554
-1.471723
-1.462585
-1.453137
-1.443375
-1.433296
-1.422893
-1.412165
-1.401107
-1.389716
-1.377987
-1.365916
-1.353498
-1.340729
-1.327604
-1.314120
-1.300272
-1.286057
-1.271472
-1.256512
-1.241177
-1.225462
-1.209366
-1.192889
-1.176028
-1.158786
-1.141164
-1.123163
-1.104788
-1.086044
-1.066937
-1.047478
-1.027676
-1.007544
-0.987099
-0.966359
-0.945344
-0.924079
-0.902590
-0.880910
-0.859071
-0.837113
-0.815077
-0.793010
-0.770960
-0.748980
-0.727126
-0.705455
-0.684027
-0.662904
-0.642148
-0.621822
-0.601984
-0.582696
-1.531670
-1.537843
-1.547966
-1.558280
-1.567737
-1.576152
-1.583574
-1.590099
-1.595812
-1.600796
-1.605109
-1.608811
-1.611944
-1.614547
-1.616653
-1.618292
-1.619488
-1.620267
-1.620646
-1.620641
-1.620265
-1.619528
-1.618443
-1.617016
-1.615259
-1.613179
-1.610781
-1.608071
-1.605052
-1.601727
-1.598104
-1.594183
-1.589968
-1.585458
-1.580655
-1.575561
-1.570174
-1.564492
-1.558516
-1.552243
-1.545675
-1.538807
-1.531638
-1.524166
-1.516387
-1.508300
-1.499900
-1.491181
-1.482138
-1.472766
-1.463061
-1.453018
-1.442629
-1.431892
-1.420802
-1.409354
-1.397540
-1.385357
-1.372797
-1.359854
-1.346523
-1.332797
-1.318671
-1.304139
-1.289195
-1.273835
-1.258053
-1.241844
-1.225202
-1.208127
-1.190611
-1.172655
-1.154256
-1.135413
-1.116126
-1.096399
-1.076233
-1.055635
-1.034611
-1.013171
-0.991328
-0.969098
-0.946498
-0.923550
-0.900278
-0.876714
-0.852889
-0.828844
-0.804621
-0.780269
-0.755841
-0.731392
-0.706986
-0.682687
-0.658564
-0.634688
-0.611132
-0.587967
-0.565267
-0.543101
-1.533642
-1.540926
-1.552226
-1.563430
-1.573572
-1.582553
-1.590477
-1.597465
-1.603617
-1.609027
-1.613755
-1.617863
-1.621397
-1.624397
-1.626895
-1.628921
-1.630500
-1.631659
-1.632415
-1.632782
-1.632774
-1.632402
-1.631676
-1.630604
-1.629198
-1.627463
-1.625405
-1.623028
-1.620339
-1.617337
-1.614029
-1.610417
-1.606503
-1.602287
-1.597770
-1.592953
-1.587834
-1.582411
-1.576683
-1.570649
-1.564308
-1.557656
-1.550691
-1.543409
-1.535809
-1.527885
-1.519633
-1.511046
-1.502118
-1.492844
-1.483218
-1.473233
-1.462883
-1.452163
-1.441066
-1.429586
-1.417717
-1.405450
-1.392778
-1.379692
-1.366186
-1.352251
-1.337879
-1.323065
-1.307799
-1.292072
-1.275879
-1.259211
-1.242060
-1.224422
-1.206287
-1.187651
-1.168509
-1.148856
-1.128688
-1.108003
-1.086802
-1.065084
-1.042852
-1.020113
-0.996875
-0.973148
-0.948946
-0.924288
-0.899195
-0.873694
-0.847817
-0.821602
-0.795092
-0.768338
-0.741394
-0.714323
-0.687193
-0.660076
-0.633052
-0.606203
-0.579615
-0.553373
-0.527565
-0.502276
-1.535172
-1.543836
-1.556453
-1.568596
-1.579437
-1.588989
-1.597417
-1.604870
-1.611464
-1.617301
-1.622447
-1.626964
-1.630903
-1.634303
-1.637197
-1.639615
-1.641582
-1.643126
-1.644264
-1.645008
-1.645374
-1.645372
-1.645012
-1.644302
-1.643252
-1.641870
-1.640160
-1.638126
-1.635773
-1.633103
-1.630120
-1.626826
-1.623224
-1.619313
-1.615093
-1.610565
-1.605727
-1.600575
-1.595110
-1.589330
-1.583231
-1.576812
-1.570067
-1.562994
-1.555589
-1.547848
-1.539763
-1.531330
-1.522539
-1.513385
-1.503862
-1.493962
-1.483677
-1.473000
-1.461925
-1.450445
-1.438549
-1.426231
-1.413480
-1.400286
-1.386640
-1.372534
-1.357955
-1.342897
-1.327347
-1.311297
-1.294735
-1.277652
-1.260036
-1.241879
-1.223169
-1.203897
-1.184056
-1.163636
-1.142628
-1.121027
-1.098826
-1.076023
-1.052613
-1.028598
-1.003981
-0.978767
-0.952964
-0.926584
-0.899644
-0.872168
-0.844183
-0.815724
-0.786833
-0.757560
-0.727963
-0.698107
-0.668067
-0.637923
-0.607768
-0.577697
-0.547812
-0.518215
-0.489014
-0.460312
-1.536174
-1.546573
-1.560661
-1.573787
-1.585338
-1.595463
-1.604395
-1.612314
-1.619352
-1.625618
-1.631184
-1.636114
-1.640460
-1.644264
-1.647557
-1.650373
-1.652732
-1.654666
-1.656190
-1.657317
-1.658063
-1.658436
-1.658448
-1.658107
-1.657422
-1.656399
-1.655045
-1.653361
-1.651354
-1.649024
-1.646376
-1.643411
-1.640131
-1.636536
-1.632626
-1.628399
-1.623854
-1.618988
-1.613801
-1.608288
-1.602449
-1.596277
-1.589771
-1.582926
-1.575736
-1.568197
-1.560302
-1.552044
-1.543414
-1.534406
-1.525011
-1.515221
-1.505029
-1.494426
-1.483404
-1.471955
-1.460068
-1.447733
-1.434940
-1.421676
-1.407930
-1.393693
-1.378951
-1.363693
-1.347907
-1.331580
-1.314699
-1.297250
-1.279221
-1.260598
-1.241367
-1.221516
-1.201031
-1.179899
-1.158106
-1.135642
-1.112495
-1.088656
-1.064115
-1.038867
-1.012907
-0.986234
-0.958849
-0.930757
-0.901966
-0.872495
-0.842363
-0.811600
-0.780245
-0.748344
-0.715955
-0.683145
-0.649995
-0.616595
-0.583049
-0.549469
-0.515976
-0.482697
-0.449764
-0.417306
-1.536543
-1.549139
-1.564866
-1.579012
-1.591278
-1.601977
-1.611412
-1.619796
-1.627279
-1.633976
-1.639964
-1.645310
-1.650068
-1.654279
-1.657975
-1.661190
-1.663948
-1.666276
-1.668192
-1.669707
-1.670838
-1.671593
-1.671984
-1.672017
-1.671704
-1.671048
-1.670058
-1.668733
-1.667080
-1.665100
-1.662796
-1.660170
-1.657224
-1.653957
-1.650368
-1.646455
-1.642217
-1.637651
-1.632756
-1.627528
-1.621964
-1.616059
-1.609810
-1.603210
-1.596256
-1.588941
-1.581258
-1.573199
-1.564754
-1.555917
-1.546678
-1.537028
-1.526959
-1.516462
-1.505526
-1.494143
-1.482301
-1.469987
-1.457191
-1.443899
-1.430098
-1.415776
-1.400918
-1.385511
-1.369539
-1.352989
-1.335844
-1.318089
-1.299706
-1.280681
-1.260993
-1.240626
-1.219564
-1.197789
-1.175281
-1.152023
-1.128000
-1.103193
-1.077588
-1.051170
-1.023927
-0.995849
-0.966926
-0.937155
-0.906536
-0.875074
-0.842782
-0.809678
-0.775793
-0.741168
-0.705856
-0.669924
-0.633453
-0.596545
-0.559313
-0.521890
-0.484422
-0.447067
-0.409989
-0.373355
-1.536146
-1.551550
-1.569089
-1.584284
-1.597265
-1.608533
-1.618468
-1.627317
-1.635246
-1.642375
-1.648787
-1.654552
-1.659722
-1.664344
-1.668447
-1.672067
-1.675227
-1.677954
-1.680266
-1.682176
-1.683698
-1.684841
-1.685616
-1.686032
-1.686096
-1.685816
-1.685196
-1.684240
-1.682950
-1.681329
-1.679380
-1.677104
-1.674502
-1.671574
-1.668319
-1.664734
-1.660816
-1.656566
-1.651978
-1.647050
-1.641779
-1.636158
-1.630185
-1.623852
-1.617154
-1.610085
-1.602638
-1.594803
-1.586570
-1.577931
-1.568877
-1.559398
-1.549483
-1.539124
-1.528310
-1.517030
-1.505272
-1.493021
-1.480266
-1.466990
-1.453181
-1.438824
-1.423902
-1.408400
-1.392301
-1.375588
-1.358243
-1.340247
-1.321579
-1.302221
-1.282150
-1.261346
-1.239787
-1.217450
-1.194310
-1.170346
-1.145533
-1.119848
-1.093266
-1.065766
-1.037326
-1.007923
-0.977540
-0.946158
-0.913765
-0.880354
-0.845920
-0.810472
-0.774024
-0.736605
-0.698258
-0.659041
-0.619036
-0.578345
-0.537095
-0.495439
-0.453554
-0.411635
-0.369897
-0.328558
-1.534811
-1.553834
-1.573360
-1.589617
-1.603303
-1.615132
-1.625563
-1.634876
-1.643250
-1.650812
-1.657650
-1.663836
-1.669423
-1.674458
-1.678971
-1.683000
-1.686568
-1.689698
-1.692411
-1.694720
-1.696638
-1.698176
-1.699343
-1.700148
-1.700598
-1.700699
-1.700459
-1.699879
-1.698962
-1.697709
-1.696126
-1.694210
-1.691963
-1.689387
-1.686478
-1.683234
-1.679652
-1.675731
-1.671467
-1.666857
-1.661896
-1.656579
-1.650900
-1.644854
-1.638435
-1.631636
-1.624449
-1.616864
-1.608869
-1.600457
-1.591618
-1.582341
-1.572615
-1.562431
-1.551775
-1.540637
-1.529004
-1.516860
-1.504191
-1.490980
-1.477214
-1.462876
-1.447946
-1.432410
-1.416247
-1.399436
-1.381960
-1.363795
-1.344918
-1.325308
-1.304939
-1.283784
-1.261820
-1.239018
-1.215347
-1.190779
-1.165285
-1.138831
-1.111386
-1.082919
-1.053396
-1.022785
-0.991052
-0.958166
-0.924099
-0.888824
-0.852320
-0.814571
-0.775575
-0.735336
-0.693879
-0.651243
-0.607498
-0.562740
-0.517102
-0.470754
-0.423909
-0.376813
-0.329750
-0.283017
-1.532319
-1.556043
-1.577712
-1.595024
-1.609399
-1.621779
-1.632699
-1.642472
-1.651290
-1.659287
-1.666552
-1.673162
-1.679168
-1.684619
-1.689546
-1.693988
-1.697966
-1.701505
-1.704624
-1.707338
-1.709659
-1.711597
-1.713162
-1.714362
-1.715205
-1.715696
-1.715843
-1.715648
-1.715113
-1.714239
-1.713031
-1.711487
-1.709607
-1.707394
-1.704844
-1.701956
-1.698724
-1.695149
-1.691224
-1.686948
-1.682316
-1.677321
-1.671957
-1.666220
-1.660102
-1.653597
-1.646695
-1.639386
-1.631659
-1.623503
-1.614910
-1.605869
-1.596366
-1.586393
-1.575936
-1.564981
-1.553516
-1.541525
-1.528991
-1.515897
-1.502227
-1.487965
-1.473089
-1.457581
-1.441421
-1.424585
-1.407052
-1.388798
-1.369797
-1.350024
-1.329448
-1.308043
-1.285778
-1.262619
-1.238532
-1.213483
-1.187433
-1.160344
-1.132176
-1.102885
-1.072428
-1.040761
-1.007833
-0.973599
-0.938008
-0.901015
-0.862572
-0.822639
-0.781179
-0.738168
-0.693594
-0.647463
-0.599814
-0.550717
-0.500295
-0.448724
-0.396248
-0.343180
-0.289900
-0.236834
-1.528382
-1.558258
-1.582187
-1.600522
-1.615558
-1.628474
-1.639876
-1.650105
-1.659366
-1.667797
-1.675491
-1.682526
-1.688955
-1.694826
-1.700170
-1.705028
-1.709421
-1.713373
-1.716903
-1.720027
-1.722756
-1.725100
-1.727069
-1.728672
-1.729915
-1.730805
-1.731347
-1.731545
-1.731401
-1.730916
-1.730093
-1.728931
-1.727432
-1.725594
-1.723417
-1.720897
-1.718031
-1.714816
-1.711248
-1.707323
-1.703038
-1.698385
-1.693358
-1.687951
-1.682157
-1.675970
-1.669380
-1.662375
-1.654943
-1.647075
-1.638761
-1.629989
-1.620746
-1.611023
-1.600804
-1.590076
-1.578825
-1.567033
-1.554685
-1.541762
-1.528247
-1.514121
-1.499362
-1.483951
-1.467865
-1.451080
-1.433571
-1.415314
-1.396279
-1.376439
-1.355761
-1.334214
-1.311762
-1.288370
-1.263997
-1.238604
-1.212146
-1.184578
-1.155849
-1.125909
-1.094702
-1.062170
-1.028249
-0.992874
-0.955976
-0.917481
-0.877315
-0.835403
-0.791668
-0.746041
-0.698458
-0.648868
-0.597248
-0.543611
-0.488027
-0.430643
-0.371713
-0.311616
-0.250870
-0.190115
-1.522625
-1.560608
-1.586830
-1.606123
-1.621785
-1.635218
-1.647094
-1.657775
-1.667477
-1.676342
-1.684466
-1.691929
-1.698782
-1.705075
-1.710841
-1.716118
-1.720930
-1.725299
-1.729246
-1.732784
-1.735927
-1.738683
-1.741063
-1.743075
-1.744726
-1.746021
-1.746968
-1.747568
-1.747824
-1.747737
-1.747309
-1.746542
-1.745433
-1.743984
-1.742193
-1.740056
-1.737569
-1.734731
-1.731537
-1.727981
-1.724062
-1.719771
-1.715102
-1.710048
-1.704602
-1.698757
-1.692505
-1.685832
-1.678725
-1.671176
-1.663174
-1.654707
-1.645762
-1.636328
-1.626389
-1.615932
-1.604941
-1.593400
-1.581290
-1.568594
-1.555293
-1.541365
-1.526791
-1.511548
-1.495612
-1.478957
-1.461559
-1.443389
-1.424418
-1.404614
-1.383944
-1.362371
-1.339860
-1.316369
-1.291854
-1.266270
-1.239569
-1.211698
-1.182599
-1.152213
-1.120474
-1.087311
-1.052646
-1.016397
-0.978473
-0.938776
-0.897199
-0.853629
-0.807944
-0.760016
-0.709710
-0.656892
-0.601435
-0.543237
-0.482246
-0.418491
-0.352146
-0.283601
-0.213537
-0.142965
-1.514555
-1.563289
-1.591696
-1.611843
-1.628084
-1.642013
-1.654352
-1.665479
-1.675620
-1.684920
-1.693474
-1.701366
-1.708646
-1.715364
-1.721555
-1.727256
-1.732491
-1.737281
-1.741649
-1.745607
-1.749169
-1.752344
-1.755140
-1.757567
-1.759633
-1.761343
-1.762701
-1.763713
-1.764377
-1.764699
-1.764678
-1.764315
-1.763610
-1.762562
-1.761170
-1.759430
-1.757338
-1.754892
-1.752088
-1.748920
-1.745386
-1.741477
-1.737186
-1.732508
-1.727434
-1.721959
-1.716070
-1.709756
-1.703006
-1.695808
-1.688151
-1.680025
-1.671415
-1.662311
-1.652696
-1.642556
-1.631874
-1.620634
-1.608817
-1.596405
-1.583378
-1.569716
-1.555395
-1.540392
-1.524685
-1.508245
-1.491047
-1.473061
-1.454254
-1.434596
-1.414050
-1.392577
-1.370140
-1.346694
-1.322192
-1.296586
-1.269822
-1.241843
-1.212585
-1.181983
-1.149961
-1.116439
-1.081326
-1.044526
-1.005928
-0.965413
-0.922844
-0.878072
-0.830926
-0.781217
-0.728728
-0.673216
-0.614415
-0.552036
-0.485784
-0.415400
-0.340739
-0.261932
-0.179652
-0.095492
-1.503517
-1.566591
-1.596833
-1.617692
-1.634458
-1.648859
-1.661649
-1.673217
-1.683795
-1.693528
-1.702514
-1.710836
-1.718546
-1.725692
-1.732310
-1.738438
-1.744099
-1.749317
-1.754110
-1.758493
-1.762479
-1.766078
-1.769298
-1.772147
-1.774635
-1.776766
-1.778545
-1.779976
-1.781059
-1.781798
-1.782194
-1.782248
-1.781957
-1.781323
-1.780344
-1.779015
-1.777333
-1.775296
-1.772899
-1.770137
-1.767006
-1.763500
-1.759610
-1.755330
-1.750652
-1.745570
-1.740073
-1.734147
-1.727783
-1.720969
-1.713693
-1.705945
-1.697709
-1.688976
-1.679728
-1.669950
-1.659626
-1.648740
-1.637271
-1.625202
-1.612513
-1.599182
-1.585185
-1.570500
-1.555102
-1.538963
-1.522057
-1.504351
-1.485816
-1.466417
-1.446116
-1.424874
-1.402651
-1.379402
-1.355078
-1.329626
-1.302993
-1.275116
-1.245929
-1.215361
-1.183331
-1.149752
-1.114527
-1.077546
-1.038689
-0.997819
-0.954778
-0.909389
-0.861445
-0.810704
-0.756880
-0.699627
-0.638526
-0.573063
-0.502599
-0.426342
-0.343353
-0.252651
-0.153673
-0.047802
-1.488638
-1.570943
-1.602286
-1.623679
-1.640908
-1.655754
-1.668984
-1.680987
-1.691998
-1.702164
-1.711583
-1.720337
-1.728478
-1.736054
-1.743104
-1.749663
-1.755755
-1.761403
-1.766626
-1.771439
-1.775855
-1.779883
-1.783533
-1.786811
-1.789728
-1.792288
-1.794495
-1.796354
-1.797864
-1.799031
-1.799855
-1.800336
-1.800472
-1.800265
-1.799711
-1.798808
-1.797551
-1.795938
-1.793965
-1.791628
-1.788919
-1.785835
-1.782367
-1.778508
-1.774252
-1.769590
-1.764510
-1.759003
-1.753055
-1.746658
-1.739797
-1.732462
-1.724640
-1.716319
-1.707482
-1.698113
-1.688197
-1.677716
-1.666652
-1.654986
-1.642698
-1.629764
-1.616165
-1.601875
-1.586867
-1.571118
-1.554597
-1.537274
-1.519116
-1.500091
-1.480161
-1.459285
-1.437420
-1.414524
-1.390546
-1.365435
-1.339133
-1.311577
-1.282702
-1.252432
-1.220686
-1.187375
-1.152397
-1.115642
-1.076982
-1.036274
-0.993356
-0.948037
-0.900097
-0.849274
-0.795250
-0.737634
-0.675931
-0.609493
-0.537430
-0.458453
-0.370540
-0.270246
-0.151126
-0.000004
