-0.277036
-0.276701
-0.275854
-0.274616
-0.273078
-0.271315
-0.269384
-0.267331
-0.265196
-0.263012
-0.260806
-0.258601
-0.256419
-0.254278
-0.252194
-0.250182
-0.248254
-0.246423
-0.244700
-0.243094
-0.241616
-0.240273
-0.239075
-0.238029
-0.237143
-0.236424
-0.235878
-0.235513
-0.235335
-0.235349
-0.235561
-0.235978
-0.236606
-0.237449
-0.238513
-0.239803
-0.241325
-0.243083
-0.245083
-0.247330
-0.249828
-0.252583
-0.255598
-0.258880
-0.262432
-0.266259
-0.270367
-0.274758
-0.279439
-0.284414
-0.289686
-0.295261
-0.301143
-0.307337
-0.313847
-0.320677
-0.327832
-0.335317
-0.343135
-0.351291
-0.359789
-0.368635
-0.377831
-0.387383
-0.397295
-0.407571
-0.418216
-0.429233
-0.440628
-0.452404
-0.464566
-0.477119
-0.490066
-0.503412
-0.517161
-0.531317
-0.545886
-0.560870
-0.576275
-0.592105
-0.608364
-0.625056
-0.642186
-0.659758
-0.677777
-0.696246
-0.715170
-0.734553
-0.754400
-0.774715
-0.795502
-0.816765
-0.838509
-0.860739
-0.883458
-0.906671
-0.930382
-0.954595
-0.979315
-1.004545
-0.277047
-0.276711
-0.275864
-0.274625
-0.273088
-0.271324
-0.269392
-0.267339
-0.265204
-0.263019
-0.260811
-0.258606
-0.256423
-0.254281
-0.252195
-0.250181
-0.248252
-0.246419
-0.244693
-0.243085
-0.241605
-0.240260
-0.239059
-0.238010
-0.237121
-0.236398
-0.235850
-0.235481
-0.235298
-0.235308
-0.235516
-0.235929
-0.236552
-0.237390
-0.238448
-0.239733
-0.241249
-0.243002
-0.244996
-0.247236
-0.249727
-0.252475
-0.255483
-0.258757
-0.262301
-0.266121
-0.270220
-0.274603
-0.279275
-0.284240
-0.289503
-0.295068
-0.300940
-0.307123
-0.313622
-0.320441
-0.327585
-0.335057
-0.342863
-0.351006
-0.359492
-0.368324
-0.377506
-0.387044
-0.396942
-0.407203
-0.417832
-0.428834
-0.440213
-0.451973
-0.464118
-0.476653
-0.489583
-0.502910
-0.516641
-0.530778
-0.545327
-0.560292
-0.575677
-0.591486
-0.607723
-0.624394
-0.641502
-0.659051
-0.677047
-0.695492
-0.714393
-0.733751
-0.753573
-0.773862
-0.794623
-0.815859
-0.837576
-0.859778
-0.882469
-0.905654
-0.929335
-0.953518
-0.978208
-1.003408
-0.277077
-0.276742
-0.275894
-0.274655
-0.273116
-0.271352
-0.269418
-0.267364
-0.265226
-0.263039
-0.260829
-0.258620
-0.256434
-0.254287
-0.252198
-0.250179
-0.248244
-0.246406
-0.244674
-0.243060
-0.241572
-0.240219
-0.239010
-0.237953
-0.237055
-0.236322
-0.235763
-0.235383
-0.235189
-0.235187
-0.235382
-0.235781
-0.236389
-0.237212
-0.238256
-0.239524
-0.241023
-0.242758
-0.244733
-0.246954
-0.249425
-0.252152
-0.255138
-0.258390
-0.261911
-0.265706
-0.269780
-0.274137
-0.278782
-0.283719
-0.288953
-0.294489
-0.300330
-0.306481
-0.312948
-0.319733
-0.326842
-0.334278
-0.342047
-0.350153
-0.358600
-0.367392
-0.376533
-0.386029
-0.395883
-0.406100
-0.416683
-0.427639
-0.438969
-0.450680
-0.462775
-0.475258
-0.488134
-0.501407
-0.515082
-0.529163
-0.543654
-0.558559
-0.573883
-0.589629
-0.605804
-0.622409
-0.639451
-0.656932
-0.674858
-0.693233
-0.712060
-0.731345
-0.751092
-0.771305
-0.791987
-0.813144
-0.834780
-0.856898
-0.879505
-0.902603
-0.926197
-0.950291
-0.974889
-0.999997
-0.277128
-0.276793
-0.275944
-0.274704
-0.273164
-0.271397
-0.269462
-0.267404
-0.265263
-0.263072
-0.260857
-0.258644
-0.256451
-0.254299
-0.252202
-0.250175
-0.248232
-0.246384
-0.244642
-0.243017
-0.241517
-0.240152
-0.238930
-0.237858
-0.236944
-0.236195
-0.235619
-0.235220
-0.235007
-0.234984
-0.235158
-0.235535
-0.236119
-0.236918
-0.237935
-0.239176
-0.240647
-0.242352
-0.244296
-0.246485
-0.248923
-0.251614
-0.254565
-0.257779
-0.261261
-0.265015
-0.269047
-0.273361
-0.277961
-0.282852
-0.288039
-0.293525
-0.299315
-0.305413
-0.311825
-0.318555
-0.325606
-0.332983
-0.340691
-0.348734
-0.357116
-0.365841
-0.374914
-0.384340
-0.394122
-0.404264
-0.414772
-0.425649
-0.436899
-0.448528
-0.460539
-0.472936
-0.485724
-0.498907
-0.512489
-0.526475
-0.540869
-0.555675
-0.570898
-0.586541
-0.602609
-0.619107
-0.636037
-0.653406
-0.671216
-0.689473
-0.708180
-0.727343
-0.746964
-0.767049
-0.787601
-0.808625
-0.830126
-0.852106
-0.874571
-0.897526
-0.920974
-0.944920
-0.969367
-0.994321
-0.277200
-0.276864
-0.276015
-0.274773
-0.273231
-0.271461
-0.269522
-0.267461
-0.265315
-0.263119
-0.260898
-0.258677
-0.256476
-0.254315
-0.252208
-0.250171
-0.248215
-0.246354
-0.244598
-0.242958
-0.241442
-0.240059
-0.238817
-0.237725
-0.236790
-0.236018
-0.235418
-0.234994
-0.234753
-0.234702
-0.234846
-0.235191
-0.235743
-0.236506
-0.237487
-0.238690
-0.240121
-0.241785
-0.243686
-0.245830
-0.248221
-0.250864
-0.253764
-0.256925
-0.260353
-0.264051
-0.268025
-0.272278
-0.276816
-0.281642
-0.286761
-0.292178
-0.297897
-0.303922
-0.310258
-0.316909
-0.323880
-0.331174
-0.338796
-0.346751
-0.355043
-0.363675
-0.372653
-0.381980
-0.391661
-0.401700
-0.412102
-0.422870
-0.434009
-0.445523
-0.457416
-0.469693
-0.482357
-0.495414
-0.508867
-0.522721
-0.536980
-0.551647
-0.566728
-0.582226
-0.598147
-0.614493
-0.631269
-0.648480
-0.666130
-0.684222
-0.702761
-0.721752
-0.741198
-0.761104
-0.781475
-0.802313
-0.823624
-0.845412
-0.867681
-0.890436
-0.913680
-0.937418
-0.961654
-0.986392
-0.277292
-0.276955
-0.276105
-0.274861
-0.273317
-0.271544
-0.269601
-0.267534
-0.265383
-0.263179
-0.260950
-0.258720
-0.256509
-0.254336
-0.252216
-0.250165
-0.248194
-0.246316
-0.244542
-0.242882
-0.241345
-0.239939
-0.238674
-0.237556
-0.236593
-0.235792
-0.235160
-0.234704
-0.234428
-0.234341
-0.234446
-0.234751
-0.235260
-0.235979
-0.236913
-0.238068
-0.239448
-0.241059
-0.242905
-0.244991
-0.247322
-0.249903
-0.252738
-0.255832
-0.259190
-0.262816
-0.266715
-0.270890
-0.275348
-0.280091
-0.285124
-0.290453
-0.296080
-0.302011
-0.308250
-0.314800
-0.321668
-0.328856
-0.336368
-0.344210
-0.352386
-0.360899
-0.369754
-0.378956
-0.388507
-0.398414
-0.408680
-0.419308
-0.430304
-0.441671
-0.453413
-0.465536
-0.478043
-0.490938
-0.504225
-0.517909
-0.531994
-0.546485
-0.561384
-0.576697
-0.592427
-0.608579
-0.625158
-0.642166
-0.659610
-0.677491
-0.695815
-0.714586
-0.733808
-0.753485
-0.773622
-0.794223
-0.815291
-0.836832
-0.858849
-0.881347
-0.904330
-0.927802
-0.951767
-0.976229
-0.277405
-0.277067
-0.276216
-0.274970
-0.273422
-0.271645
-0.269697
-0.267624
-0.265465
-0.263253
-0.261014
-0.258773
-0.256549
-0.254362
-0.252227
-0.250159
-0.248169
-0.246271
-0.244475
-0.242791
-0.241228
-0.239795
-0.238500
-0.237350
-0.236354
-0.235517
-0.234848
-0.234351
-0.234034
-0.233902
-0.233960
-0.234216
-0.234673
-0.235338
-0.236216
-0.237311
-0.238630
-0.240175
-0.241954
-0.243970
-0.246228
-0.248733
-0.251489
-0.254501
-0.257774
-0.261312
-0.265120
-0.269201
-0.273561
-0.278203
-0.283132
-0.288353
-0.293869
-0.299685
-0.305805
-0.312233
-0.318975
-0.326033
-0.333413
-0.341117
-0.349152
-0.357520
-0.366226
-0.375274
-0.384668
-0.394413
-0.404513
-0.414972
-0.425793
-0.436981
-0.448541
-0.460475
-0.472790
-0.485488
-0.498573
-0.512051
-0.525925
-0.540199
-0.554877
-0.569964
-0.585463
-0.601380
-0.617717
-0.634479
-0.651670
-0.669295
-0.687357
-0.705860
-0.724810
-0.744208
-0.764061
-0.784372
-0.805145
-0.826385
-0.848095
-0.870281
-0.892946
-0.916093
-0.939728
-0.963854
-0.277538
-0.277200
-0.276346
-0.275098
-0.273546
-0.271765
-0.269810
-0.267730
-0.265563
-0.263340
-0.261090
-0.258836
-0.256598
-0.254394
-0.252241
-0.250152
-0.248141
-0.246219
-0.244397
-0.242684
-0.241091
-0.239626
-0.238296
-0.237109
-0.236074
-0.235195
-0.234481
-0.233937
-0.233570
-0.233386
-0.233390
-0.233587
-0.233984
-0.234585
-0.235396
-0.236422
-0.237667
-0.239137
-0.240836
-0.242770
-0.244942
-0.247358
-0.250021
-0.252937
-0.256110
-0.259544
-0.263245
-0.267215
-0.271459
-0.275983
-0.280789
-0.285883
-0.291268
-0.296949
-0.302929
-0.309214
-0.315808
-0.322714
-0.329936
-0.337480
-0.345348
-0.353545
-0.362076
-0.370943
-0.380153
-0.389708
-0.399612
-0.409871
-0.420487
-0.431465
-0.442808
-0.454522
-0.466610
-0.479076
-0.491925
-0.505160
-0.518785
-0.532804
-0.547223
-0.562044
-0.577272
-0.592910
-0.608963
-0.625435
-0.642331
-0.659653
-0.677407
-0.695596
-0.714223
-0.733294
-0.752813
-0.772783
-0.793210
-0.814096
-0.835445
-0.857263
-0.879553
-0.902319
-0.925566
-0.949296
-0.277691
-0.277353
-0.276498
-0.275246
-0.273690
-0.271903
-0.269942
-0.267853
-0.265676
-0.263442
-0.261179
-0.258909
-0.256655
-0.254432
-0.252258
-0.250146
-0.248110
-0.246160
-0.244308
-0.242563
-0.240935
-0.239433
-0.238063
-0.236834
-0.235753
-0.234827
-0.234061
-0.233464
-0.233040
-0.232795
-0.232736
-0.232867
-0.233194
-0.233722
-0.234457
-0.235403
-0.236564
-0.237947
-0.239555
-0.241394
-0.243467
-0.245781
-0.248337
-0.251143
-0.254201
-0.257517
-0.261094
-0.264936
-0.269049
-0.273436
-0.278101
-0.283049
-0.288284
-0.293810
-0.299630
-0.305750
-0.312174
-0.318905
-0.325947
-0.333305
-0.340983
-0.348984
-0.357313
-0.365974
-0.374971
-0.384308
-0.393988
-0.404017
-0.414397
-0.425134
-0.436230
-0.447690
-0.459518
-0.471719
-0.484294
-0.497250
-0.510590
-0.524318
-0.538438
-0.552954
-0.567870
-0.583189
-0.598917
-0.615056
-0.631612
-0.648588
-0.665987
-0.683814
-0.702074
-0.720769
-0.739905
-0.759484
-0.779512
-0.799991
-0.820927
-0.842322
-0.864182
-0.886510
-0.909311
-0.932588
-0.277866
-0.277526
-0.276669
-0.275414
-0.273853
-0.272060
-0.270091
-0.267993
-0.265805
-0.263558
-0.261280
-0.258994
-0.256720
-0.254476
-0.252278
-0.250141
-0.248076
-0.246095
-0.244209
-0.242429
-0.240762
-0.239217
-0.237803
-0.236526
-0.235394
-0.234413
-0.233591
-0.232932
-0.232444
-0.232132
-0.232001
-0.232058
-0.232306
-0.232752
-0.233400
-0.234256
-0.235324
-0.236608
-0.238114
-0.239846
-0.241808
-0.244006
-0.246443
-0.249124
-0.252053
-0.255234
-0.258672
-0.262371
-0.266335
-0.270568
-0.275075
-0.279859
-0.284924
-0.290275
-0.295916
-0.301850
-0.308082
-0.314616
-0.321455
-0.328605
-0.336068
-0.343848
-0.351950
-0.360378
-0.369135
-0.378226
-0.387654
-0.397424
-0.407539
-0.418003
-0.428821
-0.439995
-0.451531
-0.463431
-0.475700
-0.488342
-0.501361
-0.514760
-0.528544
-0.542716
-0.557280
-0.572240
-0.587601
-0.603366
-0.619539
-0.636124
-0.653124
-0.670545
-0.688389
-0.706661
-0.725365
-0.744503
-0.764082
-0.784103
-0.804572
-0.825492
-0.846869
-0.868703
-0.891002
-0.913767
-0.278061
-0.277721
-0.276861
-0.275602
-0.274036
-0.272236
-0.270258
-0.268150
-0.265950
-0.263689
-0.261394
-0.259089
-0.256794
-0.254527
-0.252303
-0.250137
-0.248040
-0.246025
-0.244102
-0.242282
-0.240571
-0.238980
-0.237516
-0.236186
-0.234997
-0.233956
-0.233070
-0.232344
-0.231785
-0.231398
-0.231188
-0.231161
-0.231323
-0.231677
-0.232230
-0.232985
-0.233948
-0.235124
-0.236516
-0.238129
-0.239968
-0.242038
-0.244342
-0.246884
-0.249670
-0.252703
-0.255987
-0.259526
-0.263325
-0.267388
-0.271718
-0.276320
-0.281197
-0.286354
-0.291794
-0.297522
-0.303542
-0.309857
-0.316471
-0.323389
-0.330613
-0.338149
-0.345999
-0.354168
-0.362659
-0.371477
-0.380625
-0.390108
-0.399928
-0.410090
-0.420598
-0.431455
-0.442666
-0.454233
-0.466162
-0.478455
-0.491117
-0.504151
-0.517562
-0.531352
-0.545527
-0.560089
-0.575042
-0.590391
-0.606140
-0.622291
-0.638849
-0.655817
-0.673201
-0.691003
-0.709227
-0.727876
-0.746956
-0.766469
-0.786420
-0.806813
-0.827651
-0.848938
-0.870679
-0.892876
-0.278277
-0.277936
-0.277073
-0.275810
-0.274238
-0.272431
-0.270444
-0.268325
-0.266111
-0.263834
-0.261521
-0.259196
-0.256878
-0.254585
-0.252333
-0.250135
-0.248004
-0.245951
-0.243988
-0.242123
-0.240365
-0.238723
-0.237204
-0.235815
-0.234565
-0.233458
-0.232502
-0.231702
-0.231065
-0.230595
-0.230299
-0.230181
-0.230247
-0.230501
-0.230949
-0.231595
-0.232443
-0.233498
-0.234766
-0.236249
-0.237953
-0.239882
-0.242039
-0.244430
-0.247059
-0.249928
-0.253043
-0.256408
-0.260026
-0.263901
-0.268038
-0.272440
-0.277111
-0.282055
-0.287276
-0.292778
-0.298564
-0.304639
-0.311006
-0.317669
-0.324632
-0.331899
-0.339473
-0.347358
-0.355557
-0.364076
-0.372917
-0.382084
-0.391582
-0.401412
-0.411581
-0.422090
-0.432944
-0.444147
-0.455701
-0.467612
-0.479883
-0.492517
-0.505518
-0.518890
-0.532636
-0.546761
-0.561268
-0.576161
-0.591444
-0.607119
-0.623192
-0.639665
-0.656543
-0.673829
-0.691527
-0.709640
-0.728173
-0.747129
-0.766511
-0.786325
-0.806573
-0.827260
-0.848388
-0.869962
-0.278513
-0.278171
-0.277306
-0.276038
-0.274461
-0.272645
-0.270648
-0.268517
-0.266288
-0.263995
-0.261663
-0.259315
-0.256972
-0.254651
-0.252368
-0.250136
-0.247967
-0.245874
-0.243866
-0.241953
-0.240144
-0.238446
-0.236868
-0.235416
-0.234098
-0.232920
-0.231888
-0.231008
-0.230286
-0.229727
-0.229336
-0.229119
-0.229081
-0.229227
-0.229561
-0.230087
-0.230811
-0.231736
-0.232868
-0.234210
-0.235767
-0.237543
-0.239542
-0.241768
-0.244226
-0.246918
-0.249850
-0.253024
-0.256446
-0.260118
-0.264044
-0.268229
-0.272676
-0.277389
-0.282371
-0.287627
-0.293161
-0.298975
-0.305073
-0.311460
-0.318139
-0.325114
-0.332387
-0.339964
-0.347847
-0.356041
-0.364548
-0.373373
-0.382519
-0.391990
-0.401789
-0.411920
-0.422387
-0.433194
-0.444342
-0.455838
-0.467683
-0.479882
-0.492439
-0.505356
-0.518639
-0.532289
-0.546311
-0.560708
-0.575485
-0.590644
-0.606189
-0.622124
-0.638452
-0.655178
-0.672305
-0.689836
-0.707775
-0.726125
-0.744891
-0.764076
-0.783683
-0.803717
-0.824181
-0.845078
-0.278771
-0.278427
-0.277559
-0.276287
-0.274703
-0.272879
-0.270871
-0.268727
-0.266483
-0.264171
-0.261818
-0.259447
-0.257077
-0.254726
-0.252409
-0.250140
-0.247932
-0.245794
-0.243739
-0.241774
-0.239909
-0.238152
-0.236510
-0.234990
-0.233600
-0.232344
-0.231231
-0.230264
-0.229451
-0.228795
-0.228303
-0.227980
-0.227830
-0.227858
-0.228069
-0.228467
-0.229057
-0.229842
-0.230828
-0.232019
-0.233417
-0.235029
-0.236857
-0.238905
-0.241178
-0.243680
-0.246414
-0.249383
-0.252593
-0.256046
-0.259746
-0.263698
-0.267903
-0.272367
-0.277093
-0.282084
-0.287344
-0.292878
-0.298687
-0.304776
-0.311149
-0.317809
-0.324759
-0.332004
-0.339546
-0.347389
-0.355537
-0.363993
-0.372761
-0.381845
-0.391246
-0.400971
-0.411021
-0.421400
-0.432112
-0.443160
-0.454547
-0.466278
-0.478356
-0.490784
-0.503566
-0.516704
-0.530204
-0.544068
-0.558299
-0.572902
-0.587880
-0.603235
-0.618971
-0.635094
-0.651605
-0.668509
-0.685808
-0.703506
-0.721607
-0.740115
-0.759032
-0.778363
-0.798111
-0.818279
-0.279049
-0.278705
-0.277833
-0.276556
-0.274965
-0.273132
-0.271113
-0.268954
-0.266694
-0.264363
-0.261988
-0.259591
-0.257193
-0.254810
-0.252458
-0.250149
-0.247898
-0.245713
-0.243607
-0.241587
-0.239663
-0.237842
-0.236132
-0.234539
-0.233071
-0.231734
-0.230532
-0.229473
-0.228562
-0.227804
-0.227204
-0.226767
-0.226497
-0.226400
-0.226479
-0.226740
-0.227186
-0.227822
-0.228652
-0.229679
-0.230909
-0.232344
-0.233989
-0.235848
-0.237924
-0.240222
-0.242744
-0.245495
-0.248478
-0.251697
-0.255155
-0.258856
-0.262804
-0.267001
-0.271452
-0.276160
-0.281129
-0.286362
-0.291862
-0.297633
-0.303679
-0.310002
-0.316607
-0.323496
-0.330673
-0.338142
-0.345906
-0.353968
-0.362332
-0.371000
-0.379978
-0.389266
-0.398870
-0.408793
-0.419037
-0.429607
-0.440505
-0.451735
-0.463300
-0.475205
-0.487451
-0.500044
-0.512984
-0.526278
-0.539927
-0.553934
-0.568304
-0.583040
-0.598144
-0.613622
-0.629475
-0.645707
-0.662322
-0.679323
-0.696713
-0.714496
-0.732676
-0.751255
-0.770238
-0.789626
-0.279348
-0.279003
-0.278128
-0.276846
-0.275247
-0.273404
-0.271374
-0.269201
-0.266923
-0.264572
-0.262173
-0.259749
-0.257321
-0.254904
-0.252514
-0.250164
-0.247866
-0.245632
-0.243472
-0.241394
-0.239407
-0.237518
-0.235735
-0.234066
-0.232515
-0.231090
-0.229796
-0.228639
-0.227624
-0.226756
-0.226041
-0.225482
-0.225086
-0.224855
-0.224795
-0.224910
-0.225204
-0.225681
-0.226344
-0.227199
-0.228249
-0.229497
-0.230948
-0.232605
-0.234472
-0.236552
-0.238850
-0.241368
-0.244111
-0.247080
-0.250281
-0.253717
-0.257390
-0.261304
-0.265463
-0.269871
-0.274530
-0.279443
-0.284615
-0.290048
-0.295746
-0.301712
-0.307949
-0.314461
-0.321250
-0.328321
-0.335677
-0.343320
-0.351254
-0.359482
-0.368008
-0.376834
-0.385964
-0.395401
-0.405149
-0.415210
-0.425588
-0.436286
-0.447307
-0.458655
-0.470333
-0.482344
-0.494692
-0.507379
-0.520409
-0.533784
-0.547509
-0.561586
-0.576019
-0.590810
-0.605964
-0.621483
-0.637371
-0.653631
-0.670266
-0.687280
-0.704675
-0.722456
-0.740625
-0.759185
-0.279669
-0.279322
-0.278444
-0.277156
-0.275550
-0.273697
-0.271654
-0.269466
-0.267170
-0.264797
-0.262373
-0.259922
-0.257461
-0.255008
-0.252578
-0.250185
-0.247839
-0.245553
-0.243335
-0.241195
-0.239142
-0.237182
-0.235322
-0.233571
-0.231933
-0.230416
-0.229024
-0.227763
-0.226638
-0.225655
-0.224818
-0.224132
-0.223601
-0.223230
-0.223022
-0.222983
-0.223116
-0.223424
-0.223912
-0.224584
-0.225444
-0.226495
-0.227740
-0.229184
-0.230830
-0.232681
-0.234741
-0.237014
-0.239502
-0.242208
-0.245137
-0.248292
-0.251675
-0.255290
-0.259141
-0.263231
-0.267562
-0.272138
-0.276963
-0.282038
-0.287369
-0.292957
-0.298806
-0.304919
-0.311299
-0.317949
-0.324873
-0.332073
-0.339553
-0.347316
-0.355364
-0.363702
-0.372331
-0.381256
-0.390478
-0.400002
-0.409831
-0.419966
-0.430413
-0.441173
-0.452250
-0.463647
-0.475368
-0.487414
-0.499790
-0.512497
-0.525540
-0.538921
-0.552644
-0.566711
-0.581126
-0.595892
-0.611012
-0.626489
-0.642326
-0.658527
-0.675094
-0.692030
-0.709340
-0.727024
-0.280010
-0.279662
-0.278781
-0.277488
-0.275874
-0.274010
-0.271954
-0.269750
-0.267435
-0.265040
-0.262590
-0.260109
-0.257614
-0.255124
-0.252653
-0.250213
-0.247817
-0.245475
-0.243198
-0.240993
-0.238870
-0.236835
-0.234895
-0.233058
-0.231329
-0.229714
-0.228219
-0.226849
-0.225609
-0.224504
-0.223540
-0.222719
-0.222047
-0.221527
-0.221165
-0.220963
-0.220927
-0.221058
-0.221362
-0.221843
-0.222502
-0.223345
-0.224375
-0.225595
-0.227008
-0.228618
-0.230428
-0.232442
-0.234662
-0.237092
-0.239735
-0.242595
-0.245673
-0.248974
-0.252501
-0.256256
-0.260243
-0.264464
-0.268923
-0.273623
-0.278567
-0.283758
-0.289199
-0.294893
-0.300842
-0.307050
-0.313520
-0.320255
-0.327257
-0.334531
-0.342077
-0.349901
-0.358003
-0.366389
-0.375059
-0.384019
-0.393269
-0.402814
-0.412656
-0.422798
-0.433244
-0.443996
-0.455056
-0.466429
-0.478117
-0.490122
-0.502448
-0.515098
-0.528074
-0.541380
-0.555018
-0.568992
-0.583304
-0.597958
-0.612956
-0.628302
-0.643998
-0.660047
-0.676452
-0.693216
-0.280373
-0.280024
-0.279139
-0.277840
-0.276218
-0.274344
-0.272274
-0.270053
-0.267718
-0.265300
-0.262823
-0.260311
-0.257782
-0.255253
-0.252737
-0.250250
-0.247801
-0.245402
-0.243062
-0.240789
-0.238593
-0.236479
-0.234456
-0.232528
-0.230703
-0.228987
-0.227384
-0.225900
-0.224540
-0.223308
-0.222209
-0.221248
-0.220428
-0.219754
-0.219229
-0.218858
-0.218644
-0.218590
-0.218702
-0.218981
-0.219431
-0.220057
-0.220860
-0.221845
-0.223015
-0.224373
-0.225922
-0.227665
-0.229605
-0.231745
-0.234089
-0.236639
-0.239399
-0.242371
-0.245558
-0.248963
-0.252589
-0.256439
-0.260516
-0.264823
-0.269363
-0.274138
-0.279151
-0.284405
-0.289904
-0.295649
-0.301644
-0.307892
-0.314394
-0.321155
-0.328177
-0.335463
-0.343014
-0.350835
-0.358928
-0.367296
-0.375942
-0.384868
-0.394078
-0.403573
-0.413358
-0.423434
-0.433804
-0.444472
-0.455440
-0.466710
-0.478285
-0.490169
-0.502364
-0.514873
-0.527698
-0.540843
-0.554310
-0.568103
-0.582223
-0.596674
-0.611458
-0.626578
-0.642037
-0.657838
-0.280757
-0.280406
-0.279518
-0.278213
-0.276583
-0.274698
-0.272614
-0.270376
-0.268020
-0.265578
-0.263074
-0.260529
-0.257964
-0.255394
-0.252834
-0.250296
-0.247792
-0.245333
-0.242928
-0.240585
-0.238313
-0.236117
-0.234006
-0.231985
-0.230061
-0.228238
-0.226523
-0.224920
-0.223434
-0.222070
-0.220832
-0.219724
-0.218750
-0.217914
-0.217220
-0.216672
-0.216273
-0.216027
-0.215937
-0.216007
-0.216239
-0.216638
-0.217206
-0.217946
-0.218862
-0.219957
-0.221233
-0.222694
-0.224342
-0.226181
-0.228213
-0.230441
-0.232868
-0.235496
-0.238329
-0.241369
-0.244620
-0.248083
-0.251761
-0.255658
-0.259776
-0.264117
-0.268685
-0.273482
-0.278511
-0.283774
-0.289273
-0.295013
-0.300995
-0.307221
-0.313696
-0.320420
-0.327398
-0.334631
-0.342122
-0.349874
-0.357889
-0.366170
-0.374720
-0.383542
-0.392637
-0.402009
-0.411660
-0.421592
-0.431809
-0.442314
-0.453107
-0.464193
-0.475573
-0.487251
-0.499229
-0.511510
-0.524096
-0.536991
-0.550195
-0.563713
-0.577547
-0.591700
-0.606173
-0.620969
-0.281163
-0.280810
-0.279919
-0.278608
-0.276969
-0.275073
-0.272974
-0.270719
-0.268342
-0.265875
-0.263342
-0.260765
-0.258162
-0.255550
-0.252943
-0.250353
-0.247793
-0.245271
-0.242799
-0.240383
-0.238031
-0.235751
-0.233549
-0.231431
-0.229403
-0.227471
-0.225639
-0.223913
-0.222296
-0.220795
-0.219411
-0.218151
-0.217017
-0.216014
-0.215144
-0.214412
-0.213821
-0.213375
-0.213076
-0.212929
-0.212935
-0.213098
-0.213421
-0.213907
-0.214560
-0.215381
-0.216374
-0.217542
-0.218887
-0.220412
-0.222120
-0.224013
-0.226095
-0.228367
-0.230832
-0.233494
-0.236353
-0.239414
-0.242679
-0.246150
-0.249830
-0.253722
-0.257827
-0.262148
-0.266689
-0.271450
-0.276436
-0.281648
-0.287089
-0.292761
-0.298667
-0.304809
-0.311190
-0.317813
-0.324679
-0.331791
-0.339151
-0.346763
-0.354628
-0.362749
-0.371129
-0.379770
-0.388673
-0.397843
-0.407281
-0.416989
-0.426971
-0.437227
-0.447763
-0.458578
-0.469676
-0.481059
-0.492731
-0.504693
-0.516947
-0.529496
-0.542344
-0.555491
-0.568940
-0.582694
-0.281589
-0.281236
-0.280340
-0.279024
-0.277376
-0.275469
-0.273356
-0.271082
-0.268684
-0.266192
-0.263629
-0.261017
-0.258376
-0.255720
-0.253065
-0.250422
-0.247803
-0.245218
-0.242675
-0.240184
-0.237751
-0.235383
-0.233087
-0.230869
-0.228734
-0.226688
-0.224735
-0.222881
-0.221130
-0.219486
-0.217953
-0.216535
-0.215236
-0.214059
-0.213007
-0.212086
-0.211296
-0.210643
-0.210128
-0.209755
-0.209526
-0.209446
-0.209516
-0.209739
-0.210119
-0.210657
-0.211358
-0.212222
-0.213253
-0.214454
-0.215826
-0.217373
-0.219097
-0.221000
-0.223085
-0.225354
-0.227810
-0.230455
-0.233292
-0.236322
-0.239549
-0.242974
-0.246601
-0.250430
-0.254466
-0.258709
-0.263162
-0.267829
-0.272710
-0.277808
-0.283126
-0.288666
-0.294430
-0.300420
-0.306639
-0.313089
-0.319772
-0.326691
-0.333848
-0.341244
-0.348883
-0.356767
-0.364898
-0.373278
-0.381909
-0.390794
-0.399936
-0.409335
-0.418995
-0.428917
-0.439105
-0.449560
-0.460285
-0.471282
-0.482553
-0.494100
-0.505926
-0.518033
-0.530424
-0.543099
-0.282038
-0.281683
-0.280784
-0.279461
-0.277805
-0.275886
-0.273758
-0.271467
-0.269047
-0.266528
-0.263935
-0.261288
-0.258607
-0.255907
-0.253202
-0.250505
-0.247825
-0.245174
-0.242560
-0.239990
-0.237473
-0.235015
-0.232623
-0.230301
-0.228056
-0.225893
-0.223816
-0.221830
-0.219940
-0.218149
-0.216461
-0.214881
-0.213411
-0.212055
-0.210816
-0.209698
-0.208704
-0.207837
-0.207099
-0.206493
-0.206023
-0.205692
-0.205500
-0.205452
-0.205550
-0.205797
-0.206196
-0.206747
-0.207455
-0.208321
-0.209347
-0.210537
-0.211892
-0.213414
-0.215107
-0.216971
-0.219011
-0.221226
-0.223621
-0.226197
-0.228957
-0.231901
-0.235034
-0.238356
-0.241870
-0.245579
-0.249483
-0.253586
-0.257890
-0.262397
-0.267108
-0.272026
-0.277154
-0.282492
-0.288044
-0.293811
-0.299795
-0.306000
-0.312426
-0.319075
-0.325951
-0.333054
-0.340387
-0.347953
-0.355753
-0.363789
-0.372063
-0.380578
-0.389336
-0.398338
-0.407586
-0.417084
-0.426833
-0.436834
-0.447091
-0.457605
-0.468378
-0.479413
-0.490710
-0.502273
-0.282508
-0.282152
-0.281249
-0.279921
-0.278256
-0.276325
-0.274182
-0.271872
-0.269430
-0.266885
-0.264260
-0.261579
-0.258857
-0.256111
-0.253356
-0.250602
-0.247860
-0.245141
-0.242454
-0.239804
-0.237201
-0.234651
-0.232158
-0.229731
-0.227372
-0.225088
-0.222884
-0.220763
-0.218729
-0.216788
-0.214941
-0.213193
-0.211548
-0.210008
-0.208577
-0.207258
-0.206053
-0.204965
-0.203998
-0.203154
-0.202435
-0.201845
-0.201385
-0.201058
-0.200867
-0.200814
-0.200902
-0.201132
-0.201506
-0.202028
-0.202699
-0.203521
-0.204496
-0.205627
-0.206916
-0.208365
-0.209976
-0.211750
-0.213691
-0.215799
-0.218078
-0.220528
-0.223153
-0.225953
-0.228932
-0.232090
-0.235431
-0.238955
-0.242665
-0.246563
-0.250651
-0.254930
-0.259403
-0.264071
-0.268936
-0.274001
-0.279268
-0.284737
-0.290412
-0.296293
-0.302383
-0.308684
-0.315197
-0.321926
-0.328871
-0.336034
-0.343417
-0.351023
-0.358852
-0.366908
-0.375191
-0.383704
-0.392449
-0.401428
-0.410642
-0.420093
-0.429784
-0.439716
-0.449891
-0.460310
-0.283000
-0.282643
-0.281736
-0.280402
-0.278728
-0.276786
-0.274628
-0.272300
-0.269835
-0.267262
-0.264607
-0.261889
-0.259126
-0.256334
-0.253526
-0.250715
-0.247910
-0.245122
-0.242359
-0.239628
-0.236937
-0.234291
-0.231697
-0.229160
-0.226686
-0.224279
-0.221943
-0.219684
-0.217504
-0.215407
-0.213398
-0.211479
-0.209654
-0.207926
-0.206297
-0.204771
-0.203350
-0.202037
-0.200835
-0.199746
-0.198772
-0.197916
-0.197181
-0.196568
-0.196081
-0.195720
-0.195489
-0.195389
-0.195422
-0.195591
-0.195897
-0.196342
-0.196929
-0.197659
-0.198534
-0.199556
-0.200727
-0.202049
-0.203524
-0.205153
-0.206939
-0.208883
-0.210986
-0.213252
-0.215681
-0.218276
-0.221038
-0.223969
-0.227070
-0.230344
-0.233792
-0.237416
-0.241218
-0.245199
-0.249361
-0.253706
-0.258236
-0.262952
-0.267856
-0.272950
-0.278235
-0.283713
-0.289386
-0.295256
-0.301324
-0.307592
-0.314063
-0.320736
-0.327614
-0.334700
-0.341993
-0.349497
-0.357214
-0.365143
-0.373288
-0.381651
-0.390232
-0.399033
-0.408057
-0.417304
-0.283514
-0.283155
-0.282245
-0.280905
-0.279223
-0.277269
-0.275096
-0.272749
-0.270261
-0.267662
-0.264974
-0.262219
-0.259415
-0.256575
-0.253715
-0.250845
-0.247976
-0.245118
-0.242278
-0.239463
-0.236682
-0.233939
-0.231242
-0.228594
-0.226001
-0.223468
-0.220999
-0.218597
-0.216267
-0.214013
-0.211837
-0.209743
-0.207734
-0.205813
-0.203982
-0.202245
-0.200603
-0.199060
-0.197617
-0.196278
-0.195043
-0.193917
-0.192900
-0.191995
-0.191204
-0.190529
-0.189972
-0.189535
-0.189219
-0.189026
-0.188959
-0.189019
-0.189208
-0.189527
-0.189979
-0.190565
-0.191287
-0.192147
-0.193145
-0.194284
-0.195566
-0.196991
-0.198563
-0.200282
-0.202149
-0.204168
-0.206338
-0.208662
-0.211141
-0.213777
-0.216571
-0.219525
-0.222641
-0.225919
-0.229362
-0.232971
-0.236748
-0.240694
-0.244810
-0.249099
-0.253561
-0.258199
-0.263013
-0.268005
-0.273177
-0.278530
-0.284066
-0.289787
-0.295693
-0.301786
-0.308068
-0.314541
-0.321205
-0.328063
-0.335115
-0.342364
-0.349811
-0.357457
-0.365304
-0.373353
-0.284049
-0.283689
-0.282777
-0.281430
-0.279740
-0.277775
-0.275587
-0.273221
-0.270710
-0.268083
-0.265364
-0.262572
-0.259725
-0.256837
-0.253923
-0.250994
-0.248060
-0.245130
-0.242211
-0.239312
-0.236439
-0.233599
-0.230795
-0.228034
-0.225320
-0.222659
-0.220053
-0.217507
-0.215025
-0.212610
-0.210264
-0.207992
-0.205795
-0.203678
-0.201641
-0.199688
-0.197821
-0.196043
-0.194355
-0.192760
-0.191260
-0.189857
-0.188553
-0.187349
-0.186249
-0.185253
-0.184364
-0.183583
-0.182911
-0.182350
-0.181903
-0.181570
-0.181353
-0.181254
-0.181274
-0.181415
-0.181679
-0.182066
-0.182579
-0.183218
-0.183986
-0.184883
-0.185912
-0.187073
-0.188368
-0.189798
-0.191365
-0.193070
-0.194915
-0.196900
-0.199028
-0.201299
-0.203714
-0.206276
-0.208986
-0.211845
-0.214854
-0.218015
-0.221328
-0.224796
-0.228419
-0.232198
-0.236137
-0.240234
-0.244493
-0.248913
-0.253497
-0.258246
-0.263161
-0.268242
-0.273493
-0.278914
-0.284506
-0.290271
-0.296209
-0.302323
-0.308613
-0.315081
-0.321728
-0.328556
-0.284607
-0.284246
-0.283330
-0.281978
-0.280280
-0.278303
-0.276101
-0.273716
-0.271182
-0.268528
-0.265776
-0.262947
-0.260057
-0.257121
-0.254153
-0.251164
-0.248163
-0.245160
-0.242163
-0.239178
-0.236212
-0.233271
-0.230360
-0.227484
-0.224648
-0.221856
-0.219111
-0.216419
-0.213781
-0.211202
-0.208684
-0.206231
-0.203843
-0.201526
-0.199279
-0.197107
-0.195011
-0.192994
-0.191057
-0.189202
-0.187432
-0.185747
-0.184151
-0.182645
-0.181230
-0.179908
-0.178680
-0.177549
-0.176514
-0.175579
-0.174745
-0.174012
-0.173383
-0.172858
-0.172439
-0.172128
-0.171925
-0.171833
-0.171851
-0.171982
-0.172227
-0.172587
-0.173063
-0.173657
-0.174370
-0.175202
-0.176155
-0.177231
-0.178430
-0.179753
-0.181203
-0.182779
-0.184483
-0.186317
-0.188281
-0.190376
-0.192604
-0.194966
-0.197463
-0.200095
-0.202865
-0.205773
-0.208820
-0.212007
-0.215336
-0.218808
-0.222424
-0.226185
-0.230091
-0.234145
-0.238347
-0.242698
-0.247199
-0.251852
-0.256658
-0.261618
-0.266732
-0.272002
-0.277429
-0.283014
-0.285187
-0.284824
-0.283906
-0.282549
-0.280842
-0.278854
-0.276637
-0.274234
-0.271678
-0.268996
-0.266211
-0.263345
-0.260412
-0.257427
-0.254405
-0.251355
-0.248287
-0.245211
-0.242133
-0.239061
-0.236001
-0.232959
-0.229939
-0.226947
-0.223986
-0.221062
-0.218177
-0.215336
-0.212541
-0.209796
-0.207103
-0.204465
-0.201885
-0.199364
-0.196906
-0.194511
-0.192183
-0.189923
-0.187733
-0.185614
-0.183570
-0.181600
-0.179708
-0.177893
-0.176159
-0.174505
-0.172935
-0.171448
-0.170046
-0.168731
-0.167504
-0.166366
-0.165317
-0.164361
-0.163496
-0.162726
-0.162050
-0.161470
-0.160988
-0.160603
-0.160317
-0.160132
-0.160048
-0.160066
-0.160187
-0.160413
-0.160743
-0.161180
-0.161724
-0.162376
-0.163137
-0.164009
-0.164991
-0.166085
-0.167293
-0.168614
-0.170049
-0.171601
-0.173269
-0.175054
-0.176958
-0.178981
-0.181125
-0.183389
-0.185775
-0.188285
-0.190918
-0.193677
-0.196560
-0.199571
-0.202708
-0.205975
-0.209370
-0.212896
-0.216552
-0.220341
-0.224262
-0.228317
-0.232507
-0.236832
-0.285789
-0.285425
-0.284504
-0.283142
-0.281428
-0.279429
-0.277198
-0.274776
-0.272197
-0.269488
-0.266671
-0.263767
-0.260791
-0.257758
-0.254680
-0.251569
-0.248434
-0.245284
-0.242125
-0.238965
-0.235810
-0.232666
-0.229536
-0.226426
-0.223340
-0.220282
-0.217255
-0.214264
-0.211310
-0.208397
-0.205527
-0.202703
-0.199926
-0.197200
-0.194527
-0.191907
-0.189343
-0.186838
-0.184392
-0.182007
-0.179684
-0.177426
-0.175233
-0.173107
-0.171050
-0.169061
-0.167143
-0.165296
-0.163523
-0.161823
-0.160198
-0.158649
-0.157177
-0.155783
-0.154468
-0.153232
-0.152078
-0.151005
-0.150014
-0.149107
-0.148285
-0.147547
-0.146896
-0.146331
-0.145854
-0.145465
-0.145166
-0.144956
-0.144837
-0.144810
-0.144874
-0.145032
-0.145284
-0.145630
-0.146071
-0.146608
-0.147242
-0.147973
-0.148802
-0.149731
-0.150758
-0.151886
-0.153114
-0.154445
-0.155877
-0.157413
-0.159052
-0.160796
-0.162644
-0.164599
-0.166660
-0.168828
-0.171104
-0.173488
-0.175982
-0.178586
-0.181300
-0.184125
-0.187063
-0.190113
-0.286413
-0.286048
-0.285124
-0.283758
-0.282036
-0.280028
-0.277782
-0.275342
-0.272741
-0.270005
-0.267156
-0.264214
-0.261195
-0.258113
-0.254980
-0.251808
-0.248605
-0.245380
-0.242140
-0.238892
-0.235642
-0.232394
-0.229153
-0.225925
-0.222712
-0.219519
-0.216350
-0.213206
-0.210092
-0.207009
-0.203961
-0.200948
-0.197974
-0.195041
-0.192150
-0.189304
-0.186502
-0.183749
-0.181044
-0.178390
-0.175787
-0.173237
-0.170741
-0.168300
-0.165916
-0.163588
-0.161320
-0.159110
-0.156960
-0.154872
-0.152845
-0.150882
-0.148981
-0.147146
-0.145375
-0.143670
-0.142032
-0.140461
-0.138958
-0.137523
-0.136158
-0.134863
-0.133639
-0.132486
-0.131404
-0.130395
-0.129459
-0.128596
-0.127808
-0.127094
-0.126456
-0.125893
-0.125406
-0.124997
-0.124665
-0.124410
-0.124234
-0.124137
-0.124120
-0.124182
-0.124325
-0.124548
-0.124853
-0.125240
-0.125710
-0.126262
-0.126897
-0.127617
-0.128420
-0.129309
-0.130283
-0.131342
-0.132488
-0.133721
-0.135040
-0.136448
-0.137943
-0.139527
-0.141200
-0.142963
-0.287059
-0.286694
-0.285767
-0.284396
-0.282669
-0.280650
-0.278391
-0.275934
-0.273310
-0.270547
-0.267667
-0.264687
-0.261625
-0.258494
-0.255307
-0.252073
-0.248803
-0.245503
-0.242181
-0.238844
-0.235498
-0.232146
-0.228795
-0.225447
-0.222107
-0.218779
-0.215465
-0.212168
-0.208892
-0.205639
-0.202410
-0.199209
-0.196036
-0.192894
-0.189784
-0.186708
-0.183668
-0.180665
-0.177700
-0.174774
-0.171888
-0.169044
-0.166243
-0.163485
-0.160771
-0.158102
-0.155480
-0.152904
-0.150376
-0.147896
-0.145465
-0.143083
-0.140751
-0.138470
-0.136241
-0.134062
-0.131937
-0.129864
-0.127844
-0.125879
-0.123967
-0.122110
-0.120309
-0.118562
-0.116872
-0.115238
-0.113660
-0.112140
-0.110677
-0.109271
-0.107924
-0.106636
-0.105406
-0.104235
-0.103123
-0.102072
-0.101080
-0.100148
-0.099278
-0.098468
-0.097719
-0.097032
-0.096406
-0.095843
-0.095342
-0.094904
-0.094528
-0.094216
-0.093967
-0.093781
-0.093660
-0.093603
-0.093610
-0.093683
-0.093820
-0.094022
-0.094290
-0.094624
-0.095023
-0.095489
-0.287727
-0.287362
-0.286433
-0.285058
-0.283324
-0.281296
-0.279025
-0.276550
-0.273905
-0.271116
-0.268204
-0.265188
-0.262083
-0.258903
-0.255661
-0.252366
-0.249028
-0.245653
-0.242250
-0.238824
-0.235382
-0.231926
-0.228463
-0.224996
-0.221528
-0.218063
-0.214605
-0.211155
-0.207716
-0.204292
-0.200882
-0.197490
-0.194117
-0.190766
-0.187436
-0.184130
-0.180849
-0.177595
-0.174368
-0.171169
-0.167999
-0.164860
-0.161751
-0.158674
-0.155629
-0.152618
-0.149640
-0.146696
-0.143787
-0.140914
-0.138075
-0.135273
-0.132508
-0.129779
-0.127088
-0.124434
-0.121818
-0.119240
-0.116702
-0.114202
-0.111740
-0.109319
-0.106936
-0.104594
-0.102291
-0.100029
-0.097807
-0.095625
-0.093484
-0.091383
-0.089324
-0.087305
-0.085328
-0.083391
-0.081497
-0.079643
-0.077832
-0.076062
-0.074333
-0.072647
-0.071002
-0.069399
-0.067838
-0.066320
-0.064844
-0.063410
-0.062018
-0.060668
-0.059361
-0.058097
-0.056875
-0.055696
-0.054559
-0.053465
-0.052413
-0.051405
-0.050439
-0.049516
-0.048636
-0.047799
-0.288418
-0.288052
-0.287122
-0.285744
-0.284004
-0.281967
-0.279683
-0.277192
-0.274526
-0.271711
-0.268768
-0.265716
-0.262569
-0.259341
-0.256044
-0.252688
-0.249282
-0.245833
-0.242349
-0.238834
-0.235295
-0.231736
-0.228161
-0.224574
-0.220978
-0.217377
-0.213774
-0.210170
-0.206569
-0.202972
-0.199382
-0.195799
-0.192226
-0.188664
-0.185114
-0.181577
-0.178055
-0.174549
-0.171059
-0.167586
-0.164131
-0.160695
-0.157278
-0.153881
-0.150505
-0.147149
-0.143814
-0.140502
-0.137211
-0.133942
-0.130695
-0.127471
-0.124271
-0.121093
-0.117938
-0.114807
-0.111700
-0.108616
-0.105556
-0.102520
-0.099508
-0.096519
-0.093555
-0.090614
-0.087697
-0.084805
-0.081935
-0.079090
-0.076269
-0.073471
-0.070697
-0.067946
-0.065219
-0.062515
-0.059835
-0.057178
-0.054543
-0.051932
-0.049344
-0.046778
-0.044234
-0.041714
-0.039215
-0.036739
-0.034284
-0.031852
-0.029441
-0.027052
-0.024684
-0.022337
-0.020011
-0.017706
-0.015422
-0.013159
-0.010916
-0.008693
-0.006491
-0.004308
-0.002145
-0.000001
-0.289132
-0.288765
-0.287834
-0.286453
-0.284708
-0.282663
-0.280367
-0.277861
-0.275174
-0.272334
-0.269361
-0.266272
-0.263084
-0.259808
-0.256458
-0.253041
-0.249568
-0.246045
-0.242480
-0.238877
-0.235242
-0.231579
-0.227893
-0.224186
-0.220463
-0.216726
-0.212977
-0.209220
-0.205456
-0.201687
-0.197915
-0.194142
-0.190368
-0.186595
-0.182825
-0.179057
-0.175294
-0.171536
-0.167783
-0.164036
-0.160296
-0.156563
-0.152837
-0.149120
-0.145411
-0.141711
-0.138019
-0.134337
-0.130663
-0.126999
-0.123344
-0.119698
-0.116061
-0.112434
-0.108816
-0.105207
-0.101608
-0.098017
-0.094435
-0.090863
-0.087299
-0.083743
-0.080195
-0.076656
-0.073125
-0.069601
-0.066084
-0.062575
-0.059073
-0.055577
-0.052088
-0.048604
-0.045127
-0.041655
-0.038188
-0.034726
-0.031269
-0.027816
-0.024367
-0.020921
-0.017478
-0.014039
-0.010602
-0.007167
-0.003734
-0.000302
0.003129
0.006558
0.009988
0.013417
0.016847
0.020278
0.023710
0.027143
0.030579
0.034016
0.037456
0.040900
0.044346
0.047797
-0.289868
-0.289501
-0.288569
-0.287185
-0.285436
-0.283383
-0.281077
-0.278556
-0.275850
-0.272985
-0.269983
-0.266859
-0.263629
-0.260307
-0.256903
-0.253427
-0.249887
-0.246291
-0.242645
-0.238954
-0.235224
-0.231458
-0.227660
-0.223835
-0.219984
-0.216111
-0.212218
-0.208308
-0.204382
-0.200442
-0.196489
-0.192525
-0.188551
-0.184568
-0.180577
-0.176579
-0.172575
-0.168565
-0.164549
-0.160529
-0.156504
-0.152474
-0.148441
-0.144404
-0.140363
-0.136318
-0.132270
-0.128218
-0.124163
-0.120103
-0.116040
-0.111972
-0.107900
-0.103824
-0.099743
-0.095657
-0.091566
-0.087469
-0.083367
-0.079258
-0.075142
-0.071020
-0.066890
-0.062753
-0.058608
-0.054454
-0.050291
-0.046118
-0.041936
-0.037743
-0.033540
-0.029325
-0.025098
-0.020859
-0.016607
-0.012341
-0.008062
-0.003768
0.000540
0.004864
0.009205
0.013562
0.017936
0.022328
0.026738
0.031167
0.035616
0.040085
0.044574
0.049084
0.053617
0.058172
0.062749
0.067351
0.071976
0.076626
0.081302
0.086004
0.090732
0.095487
-0.290626
-0.290259
-0.289326
-0.287941
-0.286188
-0.284129
-0.281813
-0.279277
-0.276553
-0.273665
-0.270634
-0.267476
-0.264206
-0.260838
-0.257381
-0.253846
-0.250241
-0.246572
-0.242846
-0.239068
-0.235243
-0.231375
-0.227468
-0.223524
-0.219547
-0.215539
-0.211502
-0.207439
-0.203352
-0.199241
-0.195108
-0.190955
-0.186781
-0.182589
-0.178379
-0.174152
-0.169907
-0.165646
-0.161369
-0.157075
-0.152766
-0.148441
-0.144101
-0.139745
-0.135373
-0.130986
-0.126582
-0.122162
-0.117726
-0.113273
-0.108802
-0.104314
-0.099809
-0.095285
-0.090742
-0.086181
-0.081599
-0.076998
-0.072376
-0.067733
-0.063069
-0.058382
-0.053672
-0.048939
-0.044181
-0.039399
-0.034592
-0.029759
-0.024899
-0.020011
-0.015096
-0.010152
-0.005179
-0.000175
0.004859
0.009925
0.015023
0.020154
0.025319
0.030519
0.035754
0.041024
0.046332
0.051678
0.057061
0.062484
0.067947
0.073450
0.078995
0.084583
0.090213
0.095888
0.101607
0.107372
0.113183
0.119041
0.124947
0.130902
0.136906
0.142960
-0.291407
-0.291040
-0.290107
-0.288721
-0.286965
-0.284900
-0.282575
-0.280027
-0.277285
-0.274375
-0.271315
-0.268124
-0.264815
-0.261402
-0.257894
-0.254301
-0.250631
-0.246891
-0.243086
-0.239222
-0.235304
-0.231335
-0.227318
-0.223257
-0.219154
-0.215012
-0.210833
-0.206619
-0.202371
-0.198091
-0.193779
-0.189437
-0.185066
-0.180666
-0.176238
-0.171782
-0.167299
-0.162788
-0.158251
-0.153686
-0.149095
-0.144476
-0.139830
-0.135157
-0.130456
-0.125728
-0.120971
-0.116185
-0.111370
-0.106525
-0.101650
-0.096744
-0.091807
-0.086838
-0.081837
-0.076802
-0.071733
-0.066630
-0.061492
-0.056318
-0.051107
-0.045858
-0.040572
-0.035246
-0.029880
-0.024474
-0.019026
-0.013535
-0.008002
-0.002424
0.003199
0.008868
0.014584
0.020347
0.026159
0.032021
0.037933
0.043897
0.049913
0.055983
0.062107
0.068286
0.074522
0.080815
0.087166
0.093577
0.100048
0.106580
0.113174
0.119832
0.126554
0.133341
0.140194
0.147115
0.154104
0.161163
0.168292
0.175492
0.182764
0.190110
-0.292210
-0.291844
-0.290911
-0.289525
-0.287767
-0.285697
-0.283364
-0.280804
-0.278046
-0.275114
-0.272028
-0.268805
-0.265458
-0.262001
-0.258443
-0.254793
-0.251060
-0.247249
-0.243367
-0.239418
-0.235407
-0.231338
-0.227214
-0.223037
-0.218810
-0.214536
-0.210216
-0.205852
-0.201445
-0.196997
-0.192508
-0.187979
-0.183412
-0.178805
-0.174161
-0.169479
-0.164759
-0.160001
-0.155206
-0.150372
-0.145500
-0.140590
-0.135642
-0.130654
-0.125627
-0.120559
-0.115452
-0.110303
-0.105112
-0.099879
-0.094602
-0.089281
-0.083916
-0.078505
-0.073048
-0.067544
-0.061992
-0.056391
-0.050741
-0.045039
-0.039286
-0.033481
-0.027622
-0.021708
-0.015738
-0.009712
-0.003629
0.002514
0.008716
0.014979
0.021304
0.027692
0.034144
0.040661
0.047245
0.053896
0.060616
0.067405
0.074266
0.081199
0.088204
0.095285
0.102441
0.109674
0.116985
0.124375
0.131845
0.139397
0.147032
0.154751
0.162555
0.170445
0.178424
0.186491
0.194648
0.202897
0.211238
0.219673
0.228203
0.236829
-0.293035
-0.292670
-0.291738
-0.290353
-0.288593
-0.286520
-0.284181
-0.281610
-0.278836
-0.275884
-0.272773
-0.269519
-0.266136
-0.262636
-0.259029
-0.255324
-0.251528
-0.247649
-0.243690
-0.239658
-0.235557
-0.231389
-0.227158
-0.222867
-0.218518
-0.214113
-0.209654
-0.205142
-0.200578
-0.195964
-0.191300
-0.186587
-0.181825
-0.177015
-0.172157
-0.167251
-0.162296
-0.157294
-0.152243
-0.147143
-0.141994
-0.136796
-0.131547
-0.126248
-0.120897
-0.115495
-0.110040
-0.104532
-0.098969
-0.093351
-0.087676
-0.081945
-0.076156
-0.070308
-0.064400
-0.058431
-0.052400
-0.046307
-0.040149
-0.033925
-0.027636
-0.021279
-0.014853
-0.008357
-0.001790
0.004849
0.011562
0.018350
0.025213
0.032155
0.039174
0.046274
0.053455
0.060718
0.068066
0.075498
0.083017
0.090624
0.098320
0.106107
0.113985
0.121957
0.130024
0.138187
0.146447
0.154806
0.163266
0.171827
0.180491
0.189260
0.198135
0.207117
0.216208
0.225410
0.234723
0.244149
0.253689
0.263346
0.273120
0.283012
-0.293883
-0.293518
-0.292589
-0.291204
-0.289445
-0.287370
-0.285024
-0.282444
-0.279656
-0.276686
-0.273551
-0.270268
-0.266849
-0.263308
-0.259653
-0.255894
-0.252038
-0.248092
-0.244059
-0.239945
-0.235755
-0.231490
-0.227155
-0.222752
-0.218282
-0.213748
-0.209152
-0.204494
-0.199776
-0.194998
-0.190161
-0.185266
-0.180313
-0.175302
-0.170233
-0.165106
-0.159920
-0.154676
-0.149373
-0.144010
-0.138587
-0.133104
-0.127559
-0.121952
-0.116283
-0.110549
-0.104751
-0.098887
-0.092957
-0.086959
-0.080892
-0.074755
-0.068547
-0.062267
-0.055914
-0.049486
-0.042982
-0.036402
-0.029742
-0.023004
-0.016184
-0.009282
-0.002297
0.004774
0.011931
0.019176
0.026510
0.033935
0.041452
0.049063
0.056769
0.064572
0.072472
0.080472
0.088574
0.096778
0.105086
0.113499
0.122020
0.130650
0.139390
0.148242
0.157208
0.166289
0.175487
0.184803
0.194238
0.203796
0.213476
0.223281
0.233213
0.243273
0.253462
0.263783
0.274236
0.284825
0.295549
0.306410
0.317411
0.328553
-0.294753
-0.294389
-0.293463
-0.292080
-0.290322
-0.288246
-0.285896
-0.283308
-0.280508
-0.277520
-0.274362
-0.271051
-0.267599
-0.264018
-0.260318
-0.256507
-0.252592
-0.248580
-0.244474
-0.240281
-0.236003
-0.231644
-0.227207
-0.222693
-0.218106
-0.213446
-0.208715
-0.203914
-0.199043
-0.194105
-0.189098
-0.184024
-0.178882
-0.173673
-0.168396
-0.163052
-0.157638
-0.152156
-0.146604
-0.140983
-0.135290
-0.129526
-0.123690
-0.117780
-0.111795
-0.105736
-0.099600
-0.093386
-0.087093
-0.080721
-0.074267
-0.067730
-0.061109
-0.054404
-0.047611
-0.040731
-0.033761
-0.026701
-0.019548
-0.012302
-0.004960
0.002479
0.010016
0.017653
0.025392
0.033234
0.041180
0.049233
0.057394
0.065665
0.074046
0.082541
0.091151
0.099877
0.108721
0.117685
0.126770
0.135979
0.145312
0.154772
0.164361
0.174080
0.183931
0.193916
0.204036
0.214294
0.224692
0.235230
0.245911
0.256736
0.267709
0.278830
0.290100
0.301523
0.313099
0.324831
0.336721
0.348769
0.360978
0.373350
-0.295646
-0.295283
-0.294359
-0.292981
-0.291225
-0.289148
-0.286796
-0.284201
-0.281390
-0.278386
-0.275208
-0.271871
-0.268387
-0.264768
-0.261024
-0.257162
-0.253191
-0.249115
-0.244939
-0.240668
-0.236306
-0.231854
-0.227317
-0.222696
-0.217993
-0.213209
-0.208346
-0.203405
-0.198385
-0.193289
-0.188116
-0.182866
-0.177539
-0.172136
-0.166655
-0.161096
-0.155459
-0.149743
-0.143948
-0.138071
-0.132114
-0.126074
-0.119951
-0.113743
-0.107449
-0.101069
-0.094601
-0.088043
-0.081394
-0.074653
-0.067819
-0.060889
-0.053863
-0.046739
-0.039515
-0.032190
-0.024762
-0.017230
-0.009591
-0.001845
0.006010
0.013976
0.022056
0.030250
0.038560
0.046988
0.055536
0.064206
0.073000
0.081919
0.090965
0.100140
0.109447
0.118886
0.128460
0.138170
0.148019
0.158009
0.168141
0.178417
0.188839
0.199409
0.210130
0.221003
0.232031
0.243214
0.254556
0.266058
0.277721
0.289549
0.301544
0.313706
0.326039
0.338544
0.351223
0.364079
0.377112
0.390326
0.403722
0.417302
-0.296560
-0.296200
-0.295280
-0.293905
-0.292152
-0.290078
-0.287724
-0.285124
-0.282304
-0.279286
-0.276089
-0.272727
-0.269213
-0.265558
-0.261772
-0.257862
-0.253836
-0.249699
-0.245455
-0.241109
-0.236664
-0.232123
-0.227488
-0.222762
-0.217946
-0.213042
-0.208050
-0.202972
-0.197807
-0.192556
-0.187220
-0.181798
-0.176291
-0.170697
-0.165016
-0.159248
-0.153392
-0.147447
-0.141412
-0.135286
-0.129069
-0.122758
-0.116354
-0.109854
-0.103257
-0.096563
-0.089768
-0.082873
-0.075875
-0.068773
-0.061566
-0.054251
-0.046826
-0.039292
-0.031645
-0.023883
-0.016006
-0.008012
0.000103
0.008338
0.016697
0.025181
0.033792
0.042532
0.051402
0.060406
0.069544
0.078819
0.088233
0.097788
0.107485
0.117327
0.127317
0.137455
0.147744
0.158186
0.168784
0.179539
0.190453
0.201529
0.212768
0.224173
0.235746
0.247489
0.259405
0.271496
0.283763
0.296208
0.308835
0.321645
0.334641
0.347824
0.361197
0.374762
0.388522
0.402477
0.416632
0.430987
0.445545
0.460308
-0.297497
-0.297138
-0.296223
-0.294854
-0.293106
-0.291035
-0.288681
-0.286077
-0.283249
-0.280220
-0.277005
-0.273621
-0.270079
-0.266390
-0.262564
-0.258609
-0.254530
-0.250333
-0.246024
-0.241605
-0.237080
-0.232452
-0.227724
-0.222896
-0.217970
-0.212949
-0.207831
-0.202619
-0.197312
-0.191911
-0.186416
-0.180827
-0.175142
-0.169363
-0.163487
-0.157514
-0.151444
-0.145275
-0.139006
-0.132637
-0.126165
-0.119590
-0.112911
-0.106125
-0.099232
-0.092230
-0.085117
-0.077892
-0.070553
-0.063097
-0.055525
-0.047833
-0.040019
-0.032083
-0.024022
-0.015834
-0.007518
0.000930
0.009509
0.018224
0.027075
0.036065
0.045196
0.054470
0.063888
0.073454
0.083169
0.093036
0.103056
0.113233
0.123567
0.134061
0.144718
0.155540
0.166528
0.177686
0.189015
0.200518
0.212197
0.224055
0.236092
0.248313
0.260719
0.273313
0.286097
0.299074
0.312245
0.325613
0.339180
0.352950
0.366924
0.381104
0.395494
0.410095
0.424910
0.439940
0.455190
0.470660
0.486353
0.502271
-0.298456
-0.298099
-0.297190
-0.295827
-0.294085
-0.292018
-0.289667
-0.287061
-0.284228
-0.281188
-0.277958
-0.274554
-0.270985
-0.267265
-0.263401
-0.259402
-0.255274
-0.251020
-0.246648
-0.242159
-0.237558
-0.232846
-0.228026
-0.223099
-0.218068
-0.212932
-0.207693
-0.202351
-0.196907
-0.191360
-0.185710
-0.179957
-0.174101
-0.168140
-0.162074
-0.155902
-0.149623
-0.143236
-0.136739
-0.130132
-0.123413
-0.116581
-0.109633
-0.102569
-0.095387
-0.088085
-0.080661
-0.073114
-0.065441
-0.057642
-0.049713
-0.041653
-0.033460
-0.025132
-0.016667
-0.008063
0.000682
0.009570
0.018604
0.027786
0.037118
0.046601
0.056239
0.066033
0.075987
0.086101
0.096379
0.106823
0.117434
0.128217
0.139172
0.150302
0.161610
0.173098
0.184768
0.196623
0.208666
0.220898
0.233323
0.245942
0.258758
0.271774
0.284992
0.298415
0.312045
0.325885
0.339937
0.354204
0.368688
0.383392
0.398320
0.413472
0.428852
0.444461
0.460304
0.476382
0.492698
0.509254
0.526053
0.543097
-0.299436
-0.299083
-0.298179
-0.296824
-0.295090
-0.293030
-0.290682
-0.288076
-0.285239
-0.282191
-0.278948
-0.275525
-0.271933
-0.268184
-0.264285
-0.260245
-0.256069
-0.251762
-0.247329
-0.242773
-0.238098
-0.233306
-0.228398
-0.223376
-0.218242
-0.212997
-0.207640
-0.202173
-0.196595
-0.190906
-0.185106
-0.179195
-0.173172
-0.167035
-0.160785
-0.154419
-0.147938
-0.141339
-0.134621
-0.127783
-0.120823
-0.113740
-0.106532
-0.099197
-0.091733
-0.084140
-0.076414
-0.068553
-0.060557
-0.052422
-0.044146
-0.035729
-0.027167
-0.018458
-0.009600
-0.000591
0.008571
0.017889
0.027364
0.037000
0.046799
0.056763
0.066894
0.077195
0.087668
0.098315
0.109140
0.120145
0.131332
0.142704
0.154262
0.166011
0.177952
0.190088
0.202421
0.214954
0.227690
0.240631
0.253780
0.267139
0.280712
0.294500
0.308507
0.322736
0.337188
0.351867
0.366775
0.381915
0.397290
0.412903
0.428756
0.444852
0.461194
0.477784
0.494625
0.511720
0.529072
0.546682
0.564555
0.582692
-0.300438
-0.300088
-0.299192
-0.297846
-0.296121
-0.294069
-0.291726
-0.289123
-0.286284
-0.283230
-0.279976
-0.276537
-0.272924
-0.269147
-0.265216
-0.261137
-0.256917
-0.252559
-0.248069
-0.243450
-0.238704
-0.233834
-0.228842
-0.223730
-0.218497
-0.213146
-0.207676
-0.202087
-0.196380
-0.190555
-0.184610
-0.178546
-0.172361
-0.166055
-0.159626
-0.153073
-0.146395
-0.139591
-0.132659
-0.125597
-0.118404
-0.111078
-0.103617
-0.096019
-0.088283
-0.080407
-0.072388
-0.064224
-0.055913
-0.047453
-0.038842
-0.030077
-0.021157
-0.012079
-0.002840
0.006561
0.016128
0.025862
0.035766
0.045843
0.056094
0.066524
0.077133
0.087925
0.098902
0.110067
0.121422
0.132971
0.144716
0.156658
0.168802
0.181150
0.193704
0.206468
0.219444
0.232634
0.246042
0.259670
0.273521
0.287598
0.301903
0.316440
0.331211
0.346220
0.361469
0.376961
0.392698
0.408684
0.424922
0.441414
0.458163
0.475173
0.492446
0.509986
0.527794
0.545873
0.564228
0.582860
0.601772
0.620968
-0.301462
-0.301115
-0.300227
-0.298892
-0.297178
-0.295135
-0.292800
-0.290201
-0.287363
-0.284305
-0.281043
-0.277590
-0.273958
-0.270157
-0.266196
-0.262081
-0.257819
-0.253414
-0.248870
-0.244190
-0.239378
-0.234434
-0.229362
-0.224162
-0.218835
-0.213382
-0.207804
-0.202099
-0.196268
-0.190311
-0.184227
-0.178016
-0.171675
-0.165205
-0.158604
-0.151871
-0.145003
-0.138001
-0.130862
-0.123584
-0.116165
-0.108604
-0.100900
-0.093048
-0.085049
-0.076899
-0.068596
-0.060139
-0.051524
-0.042750
-0.033814
-0.024714
-0.015448
-0.006013
0.003594
0.013375
0.023333
0.033469
0.043788
0.054290
0.064980
0.075859
0.086931
0.098197
0.109662
0.121326
0.133195
0.145269
0.157552
0.170047
0.182756
0.195683
0.208830
0.222200
0.235797
0.249621
0.263678
0.277970
0.292499
0.307268
0.322282
0.337542
0.353051
0.368814
0.384832
0.401108
0.417646
0.434448
0.451518
0.468859
0.486475
0.504367
0.522539
0.540994
0.559735
0.578765
0.598087
0.617704
0.637620
0.657836
-0.302507
-0.302164
-0.301285
-0.299962
-0.298261
-0.296230
-0.293904
-0.291311
-0.288476
-0.285416
-0.282148
-0.278684
-0.275036
-0.271214
-0.267226
-0.263078
-0.258777
-0.254328
-0.249733
-0.244997
-0.240121
-0.235108
-0.229960
-0.224677
-0.219260
-0.213710
-0.208028
-0.202212
-0.196263
-0.190180
-0.183962
-0.177609
-0.171119
-0.164492
-0.157725
-0.150818
-0.143769
-0.136576
-0.129237
-0.121751
-0.114116
-0.106329
-0.098389
-0.090294
-0.082041
-0.073628
-0.065052
-0.056312
-0.047405
-0.038328
-0.029079
-0.019656
-0.010056
-0.000277
0.009685
0.019832
0.030166
0.040690
0.051408
0.062321
0.073432
0.084745
0.096262
0.107985
0.119919
0.132065
0.144427
0.157008
0.169810
0.182837
0.196090
0.209575
0.223292
0.237247
0.251440
0.265876
0.280557
0.295488
0.310669
0.326106
0.341800
0.357756
0.373976
0.390463
0.407221
0.424253
0.441561
0.459148
0.477019
0.495177
0.513625
0.532365
0.551401
0.570737
0.590375
0.610319
0.630572
0.651136
0.672016
0.693214
-0.303573
-0.303235
-0.302366
-0.301056
-0.299370
-0.297353
-0.295038
-0.292454
-0.289623
-0.286564
-0.283293
-0.279820
-0.276159
-0.272318
-0.268306
-0.264129
-0.259793
-0.255302
-0.250661
-0.245871
-0.240936
-0.235858
-0.230638
-0.225276
-0.219774
-0.214133
-0.208351
-0.202430
-0.196368
-0.190165
-0.183819
-0.177331
-0.170698
-0.163921
-0.156996
-0.149922
-0.142699
-0.135323
-0.127794
-0.120109
-0.112265
-0.104262
-0.096097
-0.087767
-0.079270
-0.070604
-0.061767
-0.052755
-0.043567
-0.034200
-0.024651
-0.014918
-0.004998
0.005112
0.015415
0.025913
0.036608
0.047505
0.058605
0.069912
0.081429
0.093158
0.105102
0.117264
0.129648
0.142257
0.155093
0.168159
0.181459
0.194995
0.208772
0.222791
0.237056
0.251570
0.266337
0.281359
0.296639
0.312182
0.327990
0.344066
0.360413
0.377036
0.393937
0.411119
0.428586
0.446341
0.464387
0.482727
0.501366
0.520306
0.539551
0.559104
0.578969
0.599148
0.619646
0.640465
0.661609
0.683081
0.704885
0.727022
-0.304660
-0.304326
-0.303469
-0.302175
-0.300504
-0.298503
-0.296202
-0.293629
-0.290806
-0.287750
-0.284478
-0.281000
-0.277328
-0.273471
-0.269438
-0.265235
-0.260867
-0.256339
-0.251654
-0.246815
-0.241826
-0.236686
-0.231399
-0.225963
-0.220381
-0.214653
-0.208778
-0.202756
-0.196588
-0.190270
-0.183804
-0.177187
-0.170418
-0.163497
-0.156421
-0.149190
-0.141800
-0.134250
-0.126539
-0.118663
-0.110621
-0.102411
-0.094030
-0.085476
-0.076747
-0.067840
-0.058752
-0.049481
-0.040025
-0.030380
-0.020544
-0.010514
-0.000287
0.010139
0.020767
0.031600
0.042642
0.053894
0.065361
0.077044
0.088948
0.101075
0.113428
0.126010
0.138824
0.151874
0.165163
0.178694
0.192470
0.206493
0.220769
0.235299
0.250087
0.265137
0.280451
0.296032
0.311885
0.328013
0.344418
0.361105
0.378076
0.395335
0.412886
0.430732
0.448876
0.467321
0.486072
0.505131
0.524502
0.544189
0.564195
0.584523
0.605178
0.626162
0.647480
0.669134
0.691128
0.713465
0.736149
0.759183
-0.305767
-0.305439
-0.304594
-0.303317
-0.301665
-0.299682
-0.297397
-0.294837
-0.292024
-0.288975
-0.285703
-0.282223
-0.278543
-0.274674
-0.270623
-0.266397
-0.262001
-0.257439
-0.252715
-0.247831
-0.242791
-0.237595
-0.232244
-0.226740
-0.221083
-0.215273
-0.209311
-0.203195
-0.196925
-0.190500
-0.183919
-0.177180
-0.170284
-0.163227
-0.156008
-0.148626
-0.141079
-0.133364
-0.125479
-0.117422
-0.109192
-0.100785
-0.092199
-0.083433
-0.074482
-0.065345
-0.056019
-0.046501
-0.036789
-0.026880
-0.016770
-0.006458
0.004060
0.014786
0.025725
0.036878
0.048249
0.059840
0.071655
0.083697
0.095970
0.108475
0.121217
0.134198
0.147423
0.160893
0.174613
0.188585
0.202814
0.217302
0.232052
0.247069
0.262354
0.277913
0.293747
0.309862
0.326259
0.342943
0.359916
0.377183
0.394747
0.412612
0.430781
0.449257
0.468044
0.487145
0.506565
0.526307
0.546373
0.566770
0.587499
0.608564
0.629969
0.651718
0.673813
0.696260
0.719061
0.742220
0.765740
0.789625
-0.306895
-0.306573
-0.305741
-0.304483
-0.302851
-0.300888
-0.298622
-0.296078
-0.293277
-0.290237
-0.286970
-0.283490
-0.279806
-0.275927
-0.271862
-0.267617
-0.263196
-0.258605
-0.253845
-0.248920
-0.243834
-0.238586
-0.233178
-0.227610
-0.221883
-0.215997
-0.209953
-0.203749
-0.197385
-0.190859
-0.184170
-0.177317
-0.170299
-0.163114
-0.155761
-0.148237
-0.140541
-0.132670
-0.124621
-0.116394
-0.107985
-0.099392
-0.090613
-0.081644
-0.072484
-0.063130
-0.053578
-0.043826
-0.033872
-0.023712
-0.013344
-0.002764
0.008030
0.019042
0.030274
0.041730
0.053412
0.065325
0.077470
0.089852
0.102474
0.115338
0.128449
0.141808
0.155421
0.169290
0.183418
0.197809
0.212466
0.227393
0.242593
0.258070
0.273827
0.289867
0.306195
0.322812
0.339725
0.356935
0.374446
0.392262
0.410387
0.428824
0.447577
0.466649
0.486045
0.505767
0.525819
0.546206
0.566931
0.587997
0.609409
0.631171
0.653285
0.675755
0.698586
0.721782
0.745345
0.769280
0.793589
0.818277
-0.308042
-0.307726
-0.306911
-0.305672
-0.304063
-0.302123
-0.299878
-0.297353
-0.294567
-0.291538
-0.288279
-0.284802
-0.281116
-0.277232
-0.273156
-0.268895
-0.264454
-0.259836
-0.255045
-0.250084
-0.244956
-0.239661
-0.234200
-0.228574
-0.222783
-0.216828
-0.210708
-0.204422
-0.197969
-0.191349
-0.184560
-0.177601
-0.170470
-0.163165
-0.155686
-0.148029
-0.140193
-0.132175
-0.123973
-0.115585
-0.107008
-0.098240
-0.089278
-0.080120
-0.070762
-0.061203
-0.051439
-0.041467
-0.031285
-0.020889
-0.010277
0.000555
0.011610
0.022890
0.034399
0.046141
0.058117
0.070333
0.082790
0.095492
0.108443
0.121645
0.135103
0.148819
0.162798
0.177042
0.191554
0.206340
0.221401
0.236741
0.252365
0.268275
0.284476
0.300970
0.317761
0.334853
0.352250
0.369955
0.387973
0.406305
0.424958
0.443933
0.463236
0.482869
0.502836
0.523142
0.543789
0.564782
0.586125
0.607822
0.629876
0.652292
0.675072
0.698221
0.721743
0.745641
0.769920
0.794583
0.819634
0.845076
-0.309209
-0.308900
-0.308101
-0.306885
-0.305301
-0.303386
-0.301165
-0.298661
-0.295893
-0.292879
-0.289630
-0.286159
-0.282475
-0.278588
-0.274505
-0.270232
-0.265774
-0.261135
-0.256318
-0.251325
-0.246160
-0.240822
-0.235314
-0.229635
-0.223786
-0.217767
-0.211577
-0.205216
-0.198683
-0.191975
-0.185093
-0.178035
-0.170799
-0.163383
-0.155786
-0.148006
-0.140039
-0.131885
-0.123539
-0.115001
-0.106267
-0.097336
-0.088204
-0.078868
-0.069326
-0.059575
-0.049611
-0.039433
-0.029038
-0.018421
-0.007580
0.003489
0.014787
0.026319
0.038088
0.050097
0.062349
0.074848
0.087597
0.100599
0.113858
0.127378
0.141161
0.155211
0.169532
0.184127
0.199001
0.214155
0.229595
0.245323
0.261342
0.277658
0.294274
0.311193
0.328418
0.345954
0.363804
0.381973
0.400463
0.419279
0.438425
0.457903
0.477720
0.497877
0.518379
0.539230
0.560434
0.581993
0.603913
0.626198
0.648852
0.671878
0.695280
0.719062
0.743229
0.767783
0.792730
0.818072
0.843815
0.869961
-0.310395
-0.310094
-0.309313
-0.308122
-0.306565
-0.304677
-0.302482
-0.300002
-0.297256
-0.294259
-0.291024
-0.287562
-0.283884
-0.279997
-0.275911
-0.271630
-0.267159
-0.262502
-0.257663
-0.252643
-0.247446
-0.242072
-0.236521
-0.230795
-0.224894
-0.218817
-0.212564
-0.206135
-0.199527
-0.192741
-0.185773
-0.178624
-0.171292
-0.163774
-0.156068
-0.148173
-0.140086
-0.131805
-0.123327
-0.114649
-0.105770
-0.096687
-0.087396
-0.077895
-0.068182
-0.058253
-0.048104
-0.037735
-0.027140
-0.016317
-0.005264
0.006024
0.017550
0.029316
0.041327
0.053585
0.066093
0.078856
0.091877
0.105158
0.118704
0.132519
0.146605
0.160966
0.175606
0.190528
0.205736
0.221234
0.237025
0.253114
0.269502
0.286195
0.303197
0.320510
0.338139
0.356087
0.374359
0.392958
0.411887
0.431152
0.450755
0.470702
0.490995
0.511639
0.532637
0.553994
0.575712
0.597797
0.620253
0.643083
0.666293
0.689885
0.713863
0.738232
0.762996
0.788158
0.813723
0.839695
0.866078
0.892875
-0.311599
-0.311306
-0.310545
-0.309381
-0.307854
-0.305996
-0.303830
-0.301377
-0.298655
-0.295678
-0.292460
-0.289011
-0.285342
-0.281460
-0.277374
-0.273089
-0.268609
-0.263939
-0.259082
-0.254041
-0.248816
-0.243411
-0.237824
-0.232056
-0.226109
-0.219981
-0.213672
-0.207181
-0.200507
-0.193648
-0.186603
-0.179372
-0.171951
-0.164340
-0.156535
-0.148535
-0.140338
-0.131940
-0.123340
-0.114535
-0.105522
-0.096299
-0.086863
-0.077210
-0.067338
-0.057245
-0.046926
-0.036379
-0.025601
-0.014589
-0.003339
0.008152
0.019887
0.031870
0.044104
0.056592
0.069337
0.082344
0.095615
0.109155
0.122966
0.137053
0.151418
0.166067
0.181001
0.196225
0.211743
0.227557
0.243673
0.260094
0.276822
0.293864
0.311221
0.328898
0.346899
0.365227
0.383887
0.402882
0.422217
0.441895
0.461920
0.482296
0.503029
0.524120
0.545575
0.567397
0.589590
0.612158
0.635106
0.658438
0.682158
0.706270
0.730778
0.755685
0.780997
0.806718
0.832851
0.859401
0.886371
0.913766
-0.312821
-0.312538
-0.311798
-0.310663
-0.309168
-0.307344
-0.305210
-0.302787
-0.300091
-0.297138
-0.293940
-0.290507
-0.286850
-0.282977
-0.278895
-0.274609
-0.270126
-0.265447
-0.260577
-0.255519
-0.250273
-0.244840
-0.239223
-0.233420
-0.227433
-0.221260
-0.214902
-0.208356
-0.201623
-0.194700
-0.187587
-0.180281
-0.172781
-0.165085
-0.157191
-0.149097
-0.140799
-0.132296
-0.123585
-0.114664
-0.105529
-0.096179
-0.086609
-0.076818
-0.066802
-0.056559
-0.046084
-0.035376
-0.024430
-0.013244
-0.001814
0.009863
0.021790
0.033970
0.046408
0.059106
0.072069
0.085299
0.098800
0.112576
0.126630
0.140965
0.155587
0.170498
0.185701
0.201202
0.217002
0.233107
0.249519
0.266244
0.283283
0.300642
0.318325
0.336335
0.354675
0.373350
0.392365
0.411722
0.431426
0.451481
0.471890
0.492659
0.513792
0.535292
0.557162
0.579408
0.602033
0.625041
0.648438
0.672226
0.696411
0.720995
0.745985
0.771383
0.797194
0.823422
0.850071
0.877145
0.904650
0.932587
-0.314061
-0.313787
-0.313071
-0.311967
-0.310508
-0.308719
-0.306620
-0.304230
-0.301564
-0.298638
-0.295463
-0.292050
-0.288409
-0.284548
-0.280474
-0.276193
-0.271709
-0.267027
-0.262149
-0.257078
-0.251815
-0.246363
-0.240720
-0.234888
-0.228867
-0.222657
-0.216256
-0.209664
-0.202879
-0.195900
-0.188726
-0.181355
-0.173785
-0.166014
-0.158041
-0.149861
-0.141474
-0.132877
-0.124067
-0.115041
-0.105797
-0.096331
-0.086642
-0.076726
-0.066580
-0.056201
-0.045586
-0.034731
-0.023634
-0.012291
-0.000698
0.011146
0.023247
0.035607
0.048230
0.061119
0.074277
0.087709
0.101418
0.115408
0.129682
0.144243
0.159096
0.174245
0.189692
0.205442
0.221499
0.237866
0.254547
0.271546
0.288866
0.306513
0.324489
0.342799
0.361447
0.380435
0.399769
0.419453
0.439491
0.459885
0.480642
0.501765
0.523258
0.545125
0.567371
0.589999
0.613012
0.636417
0.660216
0.684415
0.709018
0.734028
0.759450
0.785288
0.811547
0.838230
0.865343
0.892888
0.920871
0.949296
-0.315318
-0.315054
-0.314364
-0.313294
-0.311872
-0.310122
-0.308062
-0.305707
-0.303075
-0.300179
-0.297030
-0.293640
-0.290019
-0.286174
-0.282112
-0.277839
-0.273360
-0.268679
-0.263798
-0.258720
-0.253446
-0.247979
-0.242317
-0.236463
-0.230415
-0.224173
-0.217737
-0.211105
-0.204277
-0.197250
-0.190024
-0.182596
-0.174966
-0.167130
-0.159086
-0.150833
-0.142367
-0.133687
-0.124788
-0.115670
-0.106329
-0.096762
-0.086967
-0.076940
-0.066678
-0.056178
-0.045437
-0.034452
-0.023220
-0.011736
0.000001
0.011996
0.024252
0.036772
0.049560
0.062619
0.075953
0.089566
0.103461
0.117641
0.132111
0.146875
0.161935
0.177295
0.192960
0.208933
0.225219
0.241820
0.258740
0.275984
0.293556
0.311458
0.329697
0.348275
0.367195
0.386463
0.406082
0.426056
0.446390
0.467087
0.488153
0.509590
0.531404
0.553597
0.576175
0.599142
0.622501
0.646256
0.670414
0.694976
0.719949
0.745336
0.771141
0.797369
0.824023
0.851110
0.878632
0.906594
0.935000
0.963854
-0.316590
-0.316339
-0.315676
-0.314642
-0.313262
-0.311554
-0.309534
-0.307219
-0.304623
-0.301760
-0.298642
-0.295279
-0.291680
-0.287855
-0.283810
-0.279550
-0.275080
-0.270404
-0.265525
-0.260445
-0.255167
-0.249690
-0.244016
-0.238145
-0.232076
-0.225811
-0.219347
-0.212683
-0.205819
-0.198753
-0.191483
-0.184008
-0.176326
-0.168434
-0.160331
-0.152014
-0.143481
-0.134728
-0.125754
-0.116556
-0.107131
-0.097476
-0.087587
-0.077463
-0.067100
-0.056495
-0.045644
-0.034545
-0.023194
-0.011588
0.000277
0.012403
0.024795
0.037456
0.050389
0.063598
0.077087
0.090858
0.104917
0.119265
0.133908
0.148848
0.164090
0.179638
0.195494
0.211663
0.228149
0.244955
0.262086
0.279545
0.297336
0.315464
0.333932
0.352744
0.371904
0.391416
0.411284
0.431513
0.452106
0.473068
0.494402
0.516114
0.538207
0.560686
0.583554
0.606816
0.630475
0.654536
0.679005
0.703884
0.729178
0.754892
0.781030
0.807596
0.834595
0.862030
0.889907
0.918230
0.947002
0.976228
-0.317879
-0.317640
-0.317006
-0.316012
-0.314676
-0.313013
-0.311037
-0.308764
-0.306209
-0.303382
-0.300298
-0.296965
-0.293394
-0.289593
-0.285568
-0.281325
-0.276869
-0.272203
-0.267331
-0.262255
-0.256977
-0.251497
-0.245816
-0.239935
-0.233853
-0.227570
-0.221086
-0.214398
-0.207507
-0.200409
-0.193105
-0.185592
-0.177868
-0.169931
-0.161778
-0.153409
-0.144819
-0.136006
-0.126968
-0.117702
-0.108206
-0.098476
-0.088508
-0.078302
-0.067852
-0.057157
-0.046212
-0.035015
-0.023563
-0.011851
0.000123
0.012363
0.024872
0.037654
0.050712
0.064050
0.077671
0.091579
0.105778
0.120271
0.135063
0.150155
0.165554
0.181262
0.197282
0.213620
0.230278
0.247261
0.264573
0.282216
0.300196
0.318516
0.337181
0.356194
0.375559
0.395280
0.415361
0.435807
0.456622
0.477809
0.499373
0.521320
0.543651
0.566372
0.589488
0.613001
0.636916
0.661237
0.685969
0.711116
0.736684
0.762675
0.789095
0.815947
0.843236
0.870967
0.899144
0.927770
0.956852
0.986392
-0.319182
-0.318956
-0.318355
-0.317403
-0.316114
-0.314500
-0.312572
-0.310344
-0.307831
-0.305046
-0.301998
-0.298700
-0.295159
-0.291386
-0.287386
-0.283165
-0.278727
-0.274077
-0.269217
-0.264150
-0.258878
-0.253401
-0.247720
-0.241835
-0.235747
-0.229454
-0.222957
-0.216253
-0.209342
-0.202222
-0.194892
-0.187350
-0.179594
-0.171621
-0.163430
-0.155019
-0.146384
-0.137523
-0.128433
-0.119112
-0.109558
-0.099766
-0.089734
-0.079459
-0.068938
-0.058168
-0.047146
-0.035867
-0.024330
-0.012531
-0.000466
0.011869
0.024476
0.037359
0.050521
0.063966
0.077699
0.091721
0.106038
0.120652
0.135567
0.150788
0.166317
0.182159
0.198317
0.214795
0.231598
0.248728
0.266190
0.283987
0.302124
0.320605
0.339434
0.358613
0.378148
0.398043
0.418301
0.438927
0.459925
0.481299
0.503054
0.525193
0.547721
0.570642
0.593961
0.617680
0.641805
0.666339
0.691289
0.716656
0.742447
0.768665
0.795315
0.822401
0.849927
0.877898
0.906319
0.935193
0.964526
0.994320
-0.320499
-0.320288
-0.319721
-0.318815
-0.317576
-0.316014
-0.314137
-0.311958
-0.309492
-0.306750
-0.303744
-0.300483
-0.296978
-0.293236
-0.289265
-0.285070
-0.280656
-0.276026
-0.271183
-0.266131
-0.260870
-0.255402
-0.249727
-0.243846
-0.237758
-0.231463
-0.224960
-0.218248
-0.211326
-0.204193
-0.196846
-0.189284
-0.181505
-0.173508
-0.165289
-0.156847
-0.148178
-0.139280
-0.130152
-0.120789
-0.111189
-0.101349
-0.091267
-0.080939
-0.070361
-0.059532
-0.048448
-0.037106
-0.025501
-0.013632
-0.001494
0.010916
0.023601
0.036565
0.049811
0.063343
0.077165
0.091279
0.105690
0.120401
0.135416
0.150739
0.166373
0.182323
0.198591
0.215182
0.232099
0.249348
0.266930
0.284850
0.303113
0.321721
0.340680
0.359992
0.379663
0.399695
0.420093
0.440862
0.462005
0.483527
0.505431
0.527722
0.550405
0.573483
0.596961
0.620842
0.645131
0.669832
0.694950
0.720489
0.746453
0.772848
0.799676
0.826942
0.854652
0.882809
0.911417
0.940482
0.970007
0.999997
-0.321829
-0.321634
-0.321104
-0.320247
-0.319063
-0.317555
-0.315733
-0.313607
-0.311191
-0.308496
-0.305534
-0.302315
-0.298849
-0.295143
-0.291205
-0.287041
-0.282655
-0.278050
-0.273230
-0.268198
-0.262955
-0.257502
-0.251840
-0.245969
-0.239888
-0.233598
-0.227097
-0.220386
-0.213461
-0.206322
-0.198968
-0.191396
-0.183605
-0.175592
-0.167356
-0.158894
-0.150203
-0.141281
-0.132126
-0.122733
-0.113102
-0.103228
-0.093110
-0.082743
-0.072125
-0.061253
-0.050123
-0.038733
-0.027079
-0.015157
-0.002965
0.009501
0.022245
0.035270
0.048579
0.062175
0.076064
0.090247
0.104729
0.119514
0.134604
0.150004
0.165717
0.181747
0.198098
0.214773
0.231777
0.249114
0.266786
0.284798
0.303154
0.321857
0.340913
0.360324
0.380094
0.400228
0.420730
0.441604
0.462853
0.484482
0.506496
0.528899
0.551694
0.574886
0.598479
0.622477
0.646884
0.671705
0.696944
0.722605
0.748693
0.775212
0.802166
0.829560
0.857398
0.885686
0.914426
0.943623
0.973283
1.003407
-0.323171
-0.322993
-0.322503
-0.321699
-0.320572
-0.319124
-0.317360
-0.315290
-0.312927
-0.310283
-0.307369
-0.304195
-0.300772
-0.297107
-0.293207
-0.289078
-0.284724
-0.280150
-0.275358
-0.270352
-0.265133
-0.259701
-0.254058
-0.248203
-0.242137
-0.235859
-0.229369
-0.222665
-0.215747
-0.208612
-0.201259
-0.193687
-0.185893
-0.177876
-0.169634
-0.161163
-0.152462
-0.143527
-0.134357
-0.124949
-0.115299
-0.105406
-0.095265
-0.084875
-0.074231
-0.063332
-0.052173
-0.040753
-0.029066
-0.017110
-0.004882
0.007621
0.020404
0.033469
0.046820
0.060460
0.074393
0.088623
0.103153
0.117986
0.133126
0.148578
0.164344
0.180428
0.196834
0.213565
0.230627
0.248022
0.265753
0.283826
0.302243
0.321009
0.340128
0.359603
0.379438
0.399638
0.420206
0.441147
0.462464
0.484162
0.506245
0.528717
0.551582
0.574845
0.598509
0.622579
0.647058
0.671951
0.697262
0.722996
0.749158
0.775751
0.802779
0.830247
0.858160
0.886523
0.915338
0.944611
0.974345
1.004545
-0.324524
-0.324365
-0.323919
-0.323170
-0.322105
-0.320720
-0.319017
-0.317006
-0.314701
-0.312112
-0.309250
-0.306125
-0.302749
-0.299128
-0.295270
-0.291181
-0.286865
-0.282327
-0.277568
-0.272594
-0.267404
-0.261999
-0.256382
-0.250550
-0.244506
-0.238248
-0.231776
-0.225088
-0.218184
-0.211062
-0.203720
-0.196157
-0.188371
-0.180360
-0.172122
-0.163654
-0.154954
-0.146020
-0.136848
-0.127436
-0.117782
-0.107882
-0.097734
-0.087335
-0.076682
-0.065771
-0.054600
-0.043166
-0.031464
-0.019493
-0.007248
0.005274
0.018075
0.031161
0.044532
0.058194
0.072150
0.086403
0.100957
0.115815
0.130981
0.146459
0.162251
0.178362
0.194796
0.211556
0.228646
0.246069
0.263830
0.281932
0.300379
0.319174
0.338323
0.357827
0.377692
0.397921
0.418519
0.439489
0.460835
0.482562
0.504673
0.527174
0.550067
0.573357
0.597048
0.621144
0.645649
0.670568
0.695904
0.721662
0.747847
0.774462
0.801513
0.829002
0.856935
0.885317
0.914150
0.943440
0.973192
1.003408
-0.325887
-0.325748
-0.325349
-0.324661
-0.323662
-0.322342
-0.320705
-0.318757
-0.316512
-0.313981
-0.311175
-0.308104
-0.304778
-0.301207
-0.297395
-0.293350
-0.289077
-0.284579
-0.279860
-0.274922
-0.269767
-0.264397
-0.258811
-0.253011
-0.246996
-0.240765
-0.234319
-0.227655
-0.220774
-0.213674
-0.206352
-0.198808
-0.191040
-0.183045
-0.174823
-0.166369
-0.157682
-0.148759
-0.139598
-0.130196
-0.120551
-0.110659
-0.100519
-0.090126
-0.079478
-0.068572
-0.057405
-0.045974
-0.034275
-0.022306
-0.010063
0.002458
0.015259
0.028343
0.041715
0.055377
0.069334
0.083587
0.098142
0.113001
0.128167
0.143645
0.159438
0.175550
0.191984
0.208743
0.225833
0.243255
0.261014
0.279114
0.297559
0.316351
0.335495
0.354995
0.374855
0.395078
0.415668
0.436630
0.457967
0.479683
0.501782
0.524270
0.547149
0.570423
0.594097
0.618175
0.642659
0.667556
0.692869
0.718602
0.744761
0.771348
0.798368
0.825825
0.853724
0.882069
0.910865
0.940115
0.969824
0.999997
-0.327259
-0.327142
-0.326793
-0.326170
-0.325240
-0.323992
-0.322423
-0.320543
-0.318362
-0.315892
-0.313145
-0.310131
-0.306861
-0.303342
-0.299582
-0.295586
-0.291360
-0.286908
-0.282233
-0.277338
-0.272225
-0.266895
-0.261348
-0.255585
-0.249605
-0.243410
-0.236997
-0.230367
-0.223517
-0.216447
-0.209155
-0.201640
-0.193899
-0.185932
-0.177735
-0.169307
-0.160645
-0.151746
-0.142609
-0.133230
-0.123607
-0.113738
-0.103618
-0.093247
-0.082620
-0.071735
-0.060588
-0.049178
-0.037499
-0.025550
-0.013327
-0.000827
0.011953
0.025017
0.038368
0.052009
0.065943
0.080175
0.094706
0.109542
0.124685
0.140138
0.155905
0.171990
0.188397
0.205128
0.222188
0.239580
0.257308
0.275375
0.293785
0.312541
0.331648
0.351110
0.370928
0.391109
0.411655
0.432571
0.453860
0.475526
0.497574
0.520008
0.542830
0.566046
0.589659
0.613674
0.638093
0.662921
0.688163
0.713823
0.739905
0.766412
0.793350
0.820723
0.848534
0.876788
0.905490
0.934643
0.964252
0.994321
-0.328638
-0.328545
-0.328251
-0.327696
-0.326842
-0.325667
-0.324172
-0.322362
-0.320249
-0.317845
-0.315161
-0.312208
-0.308996
-0.305535
-0.301830
-0.297888
-0.293714
-0.289313
-0.284688
-0.279842
-0.274776
-0.269492
-0.263990
-0.258271
-0.252336
-0.246182
-0.239811
-0.233222
-0.226412
-0.219382
-0.212129
-0.204652
-0.196950
-0.189020
-0.180860
-0.172469
-0.163843
-0.154981
-0.145880
-0.136537
-0.126950
-0.117117
-0.107034
-0.096698
-0.086108
-0.075259
-0.064150
-0.052777
-0.041136
-0.029225
-0.017041
-0.004581
0.008159
0.021182
0.034491
0.048089
0.061980
0.076166
0.090652
0.105440
0.120534
0.135938
0.151654
0.167686
0.184038
0.200713
0.217715
0.235047
0.252712
0.270716
0.289059
0.307748
0.326785
0.346173
0.365917
0.386020
0.406485
0.427318
0.448521
0.470099
0.492055
0.514393
0.537118
0.560233
0.583742
0.607648
0.631956
0.656670
0.681794
0.707331
0.733288
0.759666
0.786470
0.813705
0.841375
0.869484
0.898036
0.927035
0.956486
0.986392
-0.330023
-0.329956
-0.329721
-0.329241
-0.328465
-0.327369
-0.325951
-0.324215
-0.322173
-0.319838
-0.317221
-0.314333
-0.311184
-0.307784
-0.304139
-0.300256
-0.296140
-0.291795
-0.287225
-0.282433
-0.277421
-0.272189
-0.266739
-0.261072
-0.255186
-0.249083
-0.242762
-0.236221
-0.229461
-0.222479
-0.215274
-0.207846
-0.200191
-0.192309
-0.184198
-0.175854
-0.167277
-0.158463
-0.149411
-0.140117
-0.130580
-0.120796
-0.110764
-0.100479
-0.089941
-0.079145
-0.068089
-0.056770
-0.045184
-0.033330
-0.021203
-0.008801
0.003879
0.016841
0.030087
0.043621
0.057446
0.071565
0.085981
0.100698
0.115720
0.131048
0.146687
0.162640
0.178910
0.195501
0.212416
0.229659
0.247233
0.265142
0.283388
0.301977
0.320910
0.340192
0.359826
0.379816
0.400165
0.420878
0.441958
0.463408
0.485233
0.507436
0.530022
0.552993
0.576355
0.600110
0.624261
0.648815
0.673773
0.699141
0.724923
0.751122
0.777742
0.804787
0.832263
0.860172
0.888520
0.917309
0.946544
0.976229
-0.331412
-0.331375
-0.331203
-0.330802
-0.330110
-0.329097
-0.327760
-0.326102
-0.324135
-0.321873
-0.319326
-0.316507
-0.313425
-0.310091
-0.306510
-0.302690
-0.298636
-0.294352
-0.289843
-0.285112
-0.280158
-0.274986
-0.269594
-0.263985
-0.258157
-0.252111
-0.245848
-0.239365
-0.232661
-0.225737
-0.218590
-0.211219
-0.203623
-0.195799
-0.187747
-0.179463
-0.170945
-0.162192
-0.153201
-0.143969
-0.134495
-0.124775
-0.114807
-0.104589
-0.094118
-0.083390
-0.072404
-0.061156
-0.049643
-0.037862
-0.025812
-0.013487
-0.000886
0.011994
0.025157
0.038606
0.052343
0.066373
0.080697
0.095320
0.110244
0.125472
0.141008
0.156856
0.173018
0.189497
0.206298
0.223423
0.240876
0.258660
0.276778
0.295235
0.314032
0.333175
0.352665
0.372507
0.392704
0.413261
0.434179
0.455464
0.477119
0.499148
0.521553
0.544340
0.567511
0.591071
0.615023
0.639370
0.664117
0.689268
0.714827
0.740797
0.767183
0.793988
0.821216
0.848873
0.876961
0.905485
0.934448
0.963855
-0.332804
-0.332798
-0.332696
-0.332380
-0.331776
-0.330851
-0.329598
-0.328022
-0.326135
-0.323948
-0.321476
-0.318729
-0.315718
-0.312454
-0.308942
-0.305189
-0.301203
-0.296986
-0.292543
-0.287877
-0.282989
-0.277881
-0.272555
-0.267010
-0.261248
-0.255267
-0.249069
-0.242651
-0.236014
-0.229156
-0.222076
-0.214772
-0.207244
-0.199489
-0.191506
-0.183293
-0.174847
-0.166166
-0.157249
-0.148092
-0.138694
-0.129052
-0.119163
-0.109026
-0.098637
-0.087993
-0.077092
-0.065932
-0.054509
-0.042820
-0.030863
-0.018635
-0.006133
0.006647
0.019706
0.033049
0.046677
0.060595
0.074804
0.089309
0.104112
0.119216
0.134625
0.150341
0.166368
0.182709
0.199368
0.216347
0.233649
0.251278
0.269238
0.287531
0.306161
0.325130
0.344444
0.364103
0.384114
0.404478
0.425199
0.446281
0.467727
0.489542
0.511728
0.534289
0.557228
0.580550
0.604257
0.628354
0.652844
0.677732
0.703020
0.728714
0.754815
0.781329
0.808260
0.835611
0.863387
0.891590
0.920226
0.949297
-0.334196
-0.334226
-0.334199
-0.333974
-0.333464
-0.332631
-0.331467
-0.329976
-0.328171
-0.326065
-0.323670
-0.320999
-0.318064
-0.314873
-0.311434
-0.307755
-0.303840
-0.299695
-0.295323
-0.290728
-0.285912
-0.280876
-0.275621
-0.270148
-0.264457
-0.258549
-0.252424
-0.246080
-0.239517
-0.232734
-0.225730
-0.218504
-0.211054
-0.203378
-0.195475
-0.187344
-0.178981
-0.170385
-0.161553
-0.152484
-0.143176
-0.133625
-0.123829
-0.113787
-0.103495
-0.092951
-0.082152
-0.071096
-0.059779
-0.048200
-0.036355
-0.024241
-0.011857
0.000802
0.013738
0.026954
0.040452
0.054236
0.068308
0.082672
0.097331
0.112287
0.127543
0.143103
0.158969
0.175145
0.191634
0.208438
0.225561
0.243007
0.260777
0.278876
0.297307
0.316072
0.335175
0.354619
0.374408
0.394544
0.415032
0.435874
0.457074
0.478636
0.500563
0.522858
0.545525
0.568567
0.591987
0.615790
0.639978
0.664556
0.689528
0.714897
0.740666
0.766840
0.793422
0.820416
0.847826
0.875656
0.903909
0.932589
-0.335586
-0.335656
-0.335711
-0.335583
-0.335173
-0.334436
-0.333365
-0.331963
-0.330244
-0.328221
-0.325909
-0.323318
-0.320462
-0.317348
-0.313987
-0.310385
-0.306547
-0.302479
-0.298184
-0.293666
-0.288927
-0.283968
-0.278791
-0.273396
-0.267785
-0.261957
-0.255912
-0.249650
-0.243170
-0.236471
-0.229553
-0.222413
-0.215050
-0.207464
-0.199652
-0.191613
-0.183345
-0.174845
-0.166112
-0.157143
-0.147937
-0.138491
-0.128802
-0.118870
-0.108690
-0.098261
-0.087579
-0.076643
-0.065450
-0.053997
-0.042282
-0.030301
-0.018053
-0.005534
0.007259
0.020327
0.033674
0.047303
0.061216
0.075417
0.089908
0.104691
0.119771
0.135149
0.150829
0.166813
0.183106
0.199708
0.216625
0.233857
0.251410
0.269284
0.287485
0.306014
0.324874
0.344069
0.363603
0.383477
0.403696
0.424262
0.445179
0.466451
0.488080
0.510070
0.532423
0.555144
0.578236
0.601701
0.625544
0.649769
0.674378
0.699376
0.724765
0.750550
0.776734
0.803320
0.830314
0.857716
0.885534
0.913768
-0.336972
-0.337086
-0.337231
-0.337208
-0.336902
-0.336267
-0.335292
-0.333983
-0.332354
-0.330419
-0.328191
-0.325684
-0.322911
-0.319880
-0.316601
-0.313080
-0.309324
-0.305337
-0.301124
-0.296689
-0.292032
-0.287157
-0.282065
-0.276756
-0.271230
-0.265490
-0.259534
-0.253361
-0.246972
-0.240366
-0.233541
-0.226497
-0.219232
-0.211746
-0.204035
-0.196100
-0.187937
-0.179545
-0.170922
-0.162066
-0.152975
-0.143647
-0.134080
-0.124271
-0.114218
-0.103918
-0.093370
-0.082571
-0.071517
-0.060208
-0.048639
-0.036810
-0.024716
-0.012356
0.000274
0.013175
0.026351
0.039803
0.053536
0.067551
0.081851
0.096439
0.111318
0.126491
0.141959
0.157727
0.173796
0.190170
0.206852
0.223843
0.241148
0.258769
0.276710
0.294971
0.313558
0.332472
0.351717
0.371296
0.391211
0.411466
0.432064
0.453008
0.474302
0.495948
0.517949
0.540309
0.563031
0.586118
0.609573
0.633400
0.657603
0.682183
0.707146
0.732494
0.758232
0.784362
0.810888
0.837813
0.865142
0.892877
-0.338352
-0.338515
-0.338758
-0.338847
-0.338652
-0.338123
-0.337249
-0.336037
-0.334500
-0.332656
-0.330517
-0.328098
-0.325411
-0.322466
-0.319274
-0.315839
-0.312169
-0.308269
-0.304144
-0.299796
-0.295229
-0.290443
-0.285441
-0.280224
-0.274792
-0.269146
-0.263286
-0.257211
-0.250921
-0.244416
-0.237694
-0.230755
-0.223598
-0.216221
-0.208622
-0.200801
-0.192755
-0.184482
-0.175981
-0.167251
-0.158288
-0.149091
-0.139658
-0.129986
-0.120074
-0.109920
-0.099520
-0.088872
-0.077975
-0.066826
-0.055421
-0.043760
-0.031839
-0.019656
-0.007209
0.005505
0.018489
0.031745
0.045276
0.059084
0.073171
0.087541
0.102196
0.117139
0.132371
0.147897
0.163717
0.179836
0.196256
0.212980
0.230010
0.247348
0.264998
0.282963
0.301244
0.319846
0.338770
0.358021
0.377599
0.397508
0.417752
0.438334
0.459255
0.480520
0.502131
0.524091
0.546403
0.569070
0.592096
0.615483
0.639236
0.663356
0.687847
0.712713
0.737957
0.763582
0.789592
0.815990
0.842779
0.869963
-0.339722
-0.339940
-0.340291
-0.340500
-0.340423
-0.340004
-0.339235
-0.338123
-0.336683
-0.334933
-0.332886
-0.330558
-0.327962
-0.325108
-0.322005
-0.318661
-0.315083
-0.311275
-0.307242
-0.302987
-0.298514
-0.293824
-0.288920
-0.283801
-0.278469
-0.272924
-0.267167
-0.261198
-0.255016
-0.248620
-0.242010
-0.235186
-0.228145
-0.220887
-0.213410
-0.205713
-0.197795
-0.189653
-0.181286
-0.172693
-0.163870
-0.154817
-0.145532
-0.136012
-0.126255
-0.116260
-0.106023
-0.095543
-0.084818
-0.073845
-0.062622
-0.051146
-0.039416
-0.027428
-0.015182
-0.002673
0.010099
0.023139
0.036447
0.050026
0.063879
0.078009
0.092417
0.107106
0.122079
0.137337
0.152885
0.168723
0.184855
0.201284
0.218011
0.235039
0.252370
0.270008
0.287955
0.306214
0.324786
0.343676
0.362885
0.382415
0.402271
0.422455
0.442969
0.463816
0.485000
0.506522
0.528386
0.550594
0.573150
0.596056
0.619316
0.642933
0.666909
0.691248
0.715953
0.741027
0.766474
0.792296
0.818496
0.845079
-0.341079
-0.341360
-0.341829
-0.342167
-0.342213
-0.341911
-0.341251
-0.340242
-0.338902
-0.337249
-0.335298
-0.333065
-0.330564
-0.327804
-0.324796
-0.321546
-0.318064
-0.314352
-0.310417
-0.306261
-0.301888
-0.297300
-0.292498
-0.287484
-0.282259
-0.276823
-0.271177
-0.265321
-0.259254
-0.252976
-0.246487
-0.239785
-0.232870
-0.225741
-0.218396
-0.210835
-0.203055
-0.195055
-0.186833
-0.178389
-0.169719
-0.160823
-0.151698
-0.142342
-0.132755
-0.122933
-0.112874
-0.102577
-0.092039
-0.081258
-0.070233
-0.058960
-0.047437
-0.035663
-0.023635
-0.011351
0.001191
0.013993
0.027058
0.040389
0.053986
0.067854
0.081993
0.096406
0.111096
0.126064
0.141314
0.156847
0.172666
0.188773
0.205170
0.221861
0.238846
0.256130
0.273713
0.291598
0.309789
0.328287
0.347095
0.366215
0.385649
0.405402
0.425474
0.445869
0.466589
0.487637
0.509016
0.530727
0.552774
0.575160
0.597887
0.620959
0.644378
0.668147
0.692269
0.716747
0.741584
0.766783
0.792348
0.818281
-0.342418
-0.342772
-0.343372
-0.343848
-0.344025
-0.343843
-0.343295
-0.342394
-0.341157
-0.339605
-0.337753
-0.335618
-0.333215
-0.330553
-0.327644
-0.324493
-0.321111
-0.317501
-0.313668
-0.309616
-0.305349
-0.300868
-0.296176
-0.291273
-0.286161
-0.280841
-0.275313
-0.269578
-0.263634
-0.257482
-0.251122
-0.244552
-0.237772
-0.230781
-0.223578
-0.216162
-0.208530
-0.200683
-0.192618
-0.184334
-0.175829
-0.167102
-0.158150
-0.148973
-0.139568
-0.129933
-0.120067
-0.109967
-0.099632
-0.089059
-0.078246
-0.067192
-0.055895
-0.044351
-0.032560
-0.020519
-0.008226
0.004321
0.017123
0.030185
0.043506
0.057090
0.070939
0.085054
0.099438
0.114093
0.129021
0.144225
0.159706
0.175467
0.191509
0.207836
0.224449
0.241350
0.258541
0.276026
0.293805
0.311882
0.330258
0.348936
0.367918
0.387206
0.406804
0.426713
0.446936
0.467474
0.488331
0.509509
0.531010
0.552837
0.574993
0.597480
0.620301
0.643458
0.666955
0.690794
0.714978
0.739510
0.764392
0.789628
-0.343737
-0.344174
-0.344919
-0.345543
-0.345857
-0.345800
-0.345369
-0.344578
-0.343447
-0.341999
-0.340250
-0.338217
-0.335915
-0.333356
-0.330549
-0.327502
-0.324224
-0.320720
-0.316995
-0.313052
-0.308896
-0.304528
-0.299951
-0.295166
-0.290174
-0.284976
-0.279574
-0.273966
-0.268153
-0.262135
-0.255912
-0.249483
-0.242847
-0.236003
-0.228952
-0.221690
-0.214218
-0.206534
-0.198637
-0.190524
-0.182196
-0.173649
-0.164884
-0.155897
-0.146688
-0.137254
-0.127594
-0.117706
-0.107588
-0.097238
-0.086655
-0.075836
-0.064779
-0.053483
-0.041946
-0.030165
-0.018140
-0.005867
0.006654
0.019427
0.032452
0.045733
0.059270
0.073066
0.087123
0.101442
0.116026
0.130877
0.145997
0.161387
0.177050
0.192987
0.209201
0.225694
0.242467
0.259522
0.276862
0.294489
0.312405
0.330611
0.349110
0.367904
0.386995
0.406386
0.426078
0.446073
0.466374
0.486983
0.507903
0.529135
0.550682
0.572546
0.594730
0.617237
0.640068
0.663227
0.686715
0.710536
0.734693
0.759187
-0.345028
-0.345563
-0.346468
-0.347252
-0.347709
-0.347783
-0.347471
-0.346794
-0.345773
-0.344432
-0.342788
-0.340861
-0.338664
-0.336210
-0.333510
-0.330571
-0.327402
-0.324008
-0.320396
-0.316568
-0.312528
-0.308279
-0.303823
-0.299161
-0.294295
-0.289227
-0.283956
-0.278484
-0.272809
-0.266933
-0.260855
-0.254574
-0.248091
-0.241404
-0.234513
-0.227417
-0.220114
-0.212603
-0.204884
-0.196955
-0.188814
-0.180460
-0.171892
-0.163109
-0.154108
-0.144888
-0.135448
-0.125786
-0.115900
-0.105788
-0.095448
-0.084880
-0.074080
-0.063048
-0.051781
-0.040278
-0.028537
-0.016557
-0.004335
0.008130
0.020840
0.033797
0.047003
0.060459
0.074168
0.088130
0.102348
0.116824
0.131559
0.146556
0.161815
0.177339
0.193129
0.209188
0.225517
0.242117
0.258991
0.276141
0.293568
0.311274
0.329261
0.347530
0.366085
0.384927
0.404056
0.423477
0.443190
0.463197
0.483500
0.504102
0.525005
0.546211
0.567721
0.589539
0.611666
0.634105
0.656858
0.679928
0.703316
0.727026
-0.346288
-0.346936
-0.348020
-0.348974
-0.349583
-0.349791
-0.349603
-0.349042
-0.348134
-0.346902
-0.345368
-0.343549
-0.341461
-0.339117
-0.336527
-0.333699
-0.330644
-0.327365
-0.323870
-0.320161
-0.316243
-0.312118
-0.307789
-0.303256
-0.298523
-0.293590
-0.288458
-0.283128
-0.277600
-0.271873
-0.265947
-0.259824
-0.253502
-0.246981
-0.240259
-0.233337
-0.226213
-0.218886
-0.211355
-0.203619
-0.195677
-0.187528
-0.179169
-0.170601
-0.161821
-0.152829
-0.143622
-0.134198
-0.124558
-0.114698
-0.104617
-0.094314
-0.083787
-0.073034
-0.062054
-0.050845
-0.039406
-0.027735
-0.015831
-0.003691
0.008685
0.021300
0.034155
0.047252
0.060592
0.074177
0.088008
0.102087
0.116416
0.130996
0.145829
0.160917
0.176260
0.191861
0.207720
0.223841
0.240223
0.256870
0.273781
0.290960
0.308407
0.326125
0.344114
0.362377
0.380916
0.399731
0.418824
0.438197
0.457853
0.477792
0.498017
0.518529
0.539331
0.560424
0.581811
0.603493
0.625473
0.647752
0.670333
0.693218
-0.347508
-0.348292
-0.349574
-0.350711
-0.351478
-0.351825
-0.351764
-0.351322
-0.350529
-0.349411
-0.347988
-0.346281
-0.344305
-0.342074
-0.339598
-0.336886
-0.333948
-0.330789
-0.327415
-0.323830
-0.320039
-0.316044
-0.311847
-0.307450
-0.302855
-0.298064
-0.293078
-0.287897
-0.282521
-0.276951
-0.271187
-0.265228
-0.259076
-0.252728
-0.246185
-0.239446
-0.232511
-0.225377
-0.218045
-0.210513
-0.202781
-0.194846
-0.186709
-0.178367
-0.169820
-0.161067
-0.152106
-0.142935
-0.133553
-0.123959
-0.114151
-0.104127
-0.093887
-0.083429
-0.072752
-0.061853
-0.050732
-0.039387
-0.027817
-0.016020
-0.003995
0.008259
0.020745
0.033463
0.046416
0.059603
0.073027
0.086689
0.100591
0.114734
0.129119
0.143747
0.158621
0.173741
0.189108
0.204725
0.220591
0.236710
0.253081
0.269707
0.286589
0.303728
0.321125
0.338782
0.356700
0.374881
0.393326
0.412036
0.431013
0.450258
0.469774
0.489561
0.509621
0.529956
0.550568
0.571458
0.592629
0.614081
0.635818
0.657840
-0.348680
-0.349627
-0.351131
-0.352464
-0.353395
-0.353885
-0.353953
-0.353634
-0.352959
-0.351956
-0.350648
-0.349056
-0.347196
-0.345081
-0.342723
-0.340131
-0.337314
-0.334278
-0.331031
-0.327575
-0.323916
-0.320055
-0.315995
-0.311740
-0.307289
-0.302647
-0.297812
-0.292787
-0.287571
-0.282164
-0.276568
-0.270783
-0.264808
-0.258643
-0.252287
-0.245740
-0.239002
-0.232071
-0.224947
-0.217630
-0.210117
-0.202408
-0.194503
-0.186399
-0.178097
-0.169595
-0.160892
-0.151986
-0.142876
-0.133560
-0.124039
-0.114309
-0.104370
-0.094221
-0.083861
-0.073288
-0.062500
-0.051498
-0.040278
-0.028841
-0.017184
-0.005307
0.006791
0.019113
0.031659
0.044430
0.057428
0.070654
0.084109
0.097794
0.111710
0.125859
0.140242
0.154859
0.169712
0.184802
0.200130
0.215698
0.231505
0.247554
0.263845
0.280380
0.297160
0.314185
0.331457
0.348977
0.366746
0.384765
0.403035
0.421558
0.440335
0.459367
0.478654
0.498200
0.518005
0.538071
0.558399
0.578990
0.599847
0.620972
-0.349795
-0.350938
-0.352690
-0.354232
-0.355334
-0.355971
-0.356172
-0.355978
-0.355423
-0.354538
-0.353348
-0.351874
-0.350132
-0.348137
-0.345900
-0.343431
-0.340740
-0.337833
-0.334716
-0.331393
-0.327870
-0.324149
-0.320233
-0.316123
-0.311823
-0.307335
-0.302658
-0.297795
-0.292745
-0.287510
-0.282090
-0.276485
-0.270694
-0.264719
-0.258559
-0.252213
-0.245681
-0.238963
-0.232057
-0.224962
-0.217679
-0.210207
-0.202544
-0.194690
-0.186643
-0.178404
-0.169970
-0.161341
-0.152515
-0.143492
-0.134269
-0.124847
-0.115223
-0.105397
-0.095368
-0.085135
-0.074696
-0.064051
-0.053197
-0.042135
-0.030864
-0.019381
-0.007686
0.004222
0.016345
0.028682
0.041236
0.054006
0.066996
0.080204
0.093632
0.107282
0.121153
0.135247
0.149565
0.164108
0.178876
0.193870
0.209091
0.224541
0.240219
0.256127
0.272265
0.288634
0.305236
0.322070
0.339138
0.356440
0.373977
0.391750
0.409761
0.428010
0.446497
0.465225
0.484193
0.503404
0.522859
0.542558
0.562504
0.582696
-0.350840
-0.352223
-0.354253
-0.356017
-0.357296
-0.358083
-0.358420
-0.358353
-0.357920
-0.357157
-0.356087
-0.354733
-0.353113
-0.351241
-0.349129
-0.346787
-0.344225
-0.341449
-0.338467
-0.335283
-0.331901
-0.328324
-0.324556
-0.320599
-0.316455
-0.312126
-0.307613
-0.302918
-0.298042
-0.292984
-0.287746
-0.282328
-0.276731
-0.270954
-0.264997
-0.258861
-0.252543
-0.246045
-0.239366
-0.232505
-0.225461
-0.218235
-0.210824
-0.203230
-0.195450
-0.187484
-0.179331
-0.170991
-0.162461
-0.153741
-0.144830
-0.135728
-0.126432
-0.116943
-0.107259
-0.097379
-0.087303
-0.077029
-0.066557
-0.055886
-0.045014
-0.033941
-0.022666
-0.011188
0.000494
0.012381
0.024473
0.036772
0.049277
0.061991
0.074913
0.088044
0.101386
0.114938
0.128701
0.142676
0.156864
0.171265
0.185880
0.200709
0.215753
0.231012
0.246487
0.262178
0.278087
0.294212
0.310555
0.327117
0.343897
0.360896
0.378116
0.395556
0.413217
0.431100
0.449205
0.467535
0.486088
0.504866
0.523870
0.543101
-0.351801
-0.353479
-0.355821
-0.357821
-0.359283
-0.360223
-0.360697
-0.360759
-0.360451
-0.359811
-0.358864
-0.357633
-0.356137
-0.354391
-0.352408
-0.350197
-0.347767
-0.345128
-0.342285
-0.339243
-0.336006
-0.332579
-0.328964
-0.325163
-0.321180
-0.317017
-0.312674
-0.308154
-0.303456
-0.298583
-0.293534
-0.288311
-0.282914
-0.277342
-0.271596
-0.265676
-0.259582
-0.253313
-0.246869
-0.240250
-0.233455
-0.226484
-0.219336
-0.212011
-0.204508
-0.196826
-0.188965
-0.180924
-0.172701
-0.164297
-0.155710
-0.146939
-0.137984
-0.128844
-0.119518
-0.110005
-0.100305
-0.090417
-0.080340
-0.070073
-0.059616
-0.048968
-0.038127
-0.027094
-0.015868
-0.004448
0.007167
0.018976
0.030982
0.043184
0.055582
0.068178
0.080972
0.093964
0.107155
0.120545
0.134134
0.147923
0.161912
0.176101
0.190491
0.205082
0.219874
0.234867
0.250061
0.265458
0.281055
0.296854
0.312856
0.329059
0.345465
0.362074
0.378885
0.395899
0.413117
0.430539
0.448166
0.465996
0.484033
0.502276
-0.352660
-0.354706
-0.357397
-0.359646
-0.361295
-0.362390
-0.363003
-0.363196
-0.363015
-0.362500
-0.361678
-0.360573
-0.359205
-0.357588
-0.355736
-0.353659
-0.351366
-0.348866
-0.346166
-0.343271
-0.340184
-0.336911
-0.333453
-0.329815
-0.325998
-0.322005
-0.317838
-0.313498
-0.308986
-0.304302
-0.299450
-0.294427
-0.289237
-0.283878
-0.278350
-0.272655
-0.266792
-0.260760
-0.254560
-0.248191
-0.241653
-0.234946
-0.228070
-0.221024
-0.213807
-0.206420
-0.198861
-0.191130
-0.183225
-0.175147
-0.166895
-0.158467
-0.149864
-0.141085
-0.132130
-0.122996
-0.113685
-0.104196
-0.094527
-0.084678
-0.074649
-0.064440
-0.054048
-0.043475
-0.032719
-0.021781
-0.010658
0.000647
0.012137
0.023812
0.035671
0.047716
0.059946
0.072361
0.084963
0.097750
0.110723
0.123883
0.137229
0.150761
0.164479
0.178384
0.192474
0.206751
0.221213
0.235861
0.250694
0.265712
0.280915
0.296303
0.311875
0.327632
0.343573
0.359698
0.376006
0.392499
0.409176
0.426037
0.443082
0.460312
-0.353394
-0.355902
-0.358983
-0.361493
-0.363333
-0.364585
-0.365338
-0.365663
-0.365611
-0.365223
-0.364529
-0.363553
-0.362314
-0.360830
-0.359112
-0.357172
-0.355019
-0.352663
-0.350110
-0.347364
-0.344432
-0.341317
-0.338022
-0.334550
-0.330904
-0.327087
-0.323101
-0.318947
-0.314626
-0.310139
-0.305488
-0.300673
-0.295696
-0.290556
-0.285254
-0.279791
-0.274165
-0.268378
-0.262430
-0.256319
-0.250048
-0.243614
-0.237018
-0.230260
-0.223339
-0.216255
-0.209008
-0.201596
-0.194020
-0.186279
-0.178372
-0.170299
-0.162059
-0.153652
-0.145078
-0.136336
-0.127426
-0.118347
-0.109099
-0.099681
-0.090093
-0.080335
-0.070406
-0.060306
-0.050034
-0.039591
-0.028975
-0.018188
-0.007228
0.003905
0.015211
0.026689
0.038340
0.050164
0.062161
0.074330
0.086672
0.099187
0.111874
0.124733
0.137763
0.150965
0.164339
0.177882
0.191596
0.205479
0.219530
0.233750
0.248138
0.262693
0.277414
0.292302
0.307354
0.322571
0.337952
0.353497
0.369205
0.385076
0.401110
0.417306
-0.353976
-0.357069
-0.360585
-0.363366
-0.365399
-0.366808
-0.367702
-0.368161
-0.368239
-0.367981
-0.367416
-0.366570
-0.365464
-0.364115
-0.362534
-0.360735
-0.358726
-0.356516
-0.354114
-0.351522
-0.348749
-0.345795
-0.342667
-0.339366
-0.335897
-0.332261
-0.328460
-0.324497
-0.320372
-0.316088
-0.311644
-0.307043
-0.302285
-0.297371
-0.292302
-0.287077
-0.281696
-0.276162
-0.270472
-0.264628
-0.258630
-0.252477
-0.246170
-0.239709
-0.233092
-0.226321
-0.219394
-0.212312
-0.205074
-0.197679
-0.190127
-0.182419
-0.174553
-0.166529
-0.158347
-0.150008
-0.141510
-0.132853
-0.124037
-0.115062
-0.105927
-0.096632
-0.087178
-0.077563
-0.067788
-0.057852
-0.047757
-0.037500
-0.027083
-0.016506
-0.005768
0.005130
0.016189
0.027408
0.038786
0.050324
0.062021
0.073876
0.085890
0.098061
0.110390
0.122876
0.135517
0.148313
0.161264
0.174367
0.187623
0.201031
0.214589
0.228296
0.242152
0.256155
0.270304
0.284598
0.299036
0.313617
0.328340
0.343205
0.358210
0.373355
-0.354370
-0.358211
-0.362207
-0.365268
-0.367494
-0.369060
-0.370095
-0.370688
-0.370899
-0.370771
-0.370338
-0.369625
-0.368654
-0.367442
-0.366002
-0.364346
-0.362484
-0.360424
-0.358176
-0.355742
-0.353131
-0.350344
-0.347386
-0.344261
-0.340972
-0.337522
-0.333912
-0.330145
-0.326222
-0.322144
-0.317914
-0.313532
-0.309000
-0.304318
-0.299487
-0.294507
-0.289379
-0.284103
-0.278680
-0.273109
-0.267392
-0.261528
-0.255518
-0.249361
-0.243057
-0.236607
-0.230010
-0.223265
-0.216374
-0.209334
-0.202148
-0.194813
-0.187330
-0.179699
-0.171920
-0.163993
-0.155917
-0.147693
-0.139320
-0.130798
-0.122128
-0.113308
-0.104339
-0.095222
-0.085955
-0.076539
-0.066975
-0.057262
-0.047400
-0.037390
-0.027232
-0.016926
-0.006472
0.004129
0.014876
0.025769
0.036808
0.047992
0.059321
0.070792
0.082407
0.094163
0.106060
0.118097
0.130272
0.142584
0.155033
0.167616
0.180332
0.193180
0.206158
0.219264
0.232498
0.245857
0.259339
0.272944
0.286670
0.300515
0.314478
0.328558
-0.354529
-0.359336
-0.363859
-0.367202
-0.369619
-0.371341
-0.372518
-0.373246
-0.373589
-0.373594
-0.373294
-0.372717
-0.371883
-0.370811
-0.369513
-0.368004
-0.366291
-0.364386
-0.362294
-0.360022
-0.357576
-0.354959
-0.352177
-0.349232
-0.346127
-0.342867
-0.339452
-0.335886
-0.332169
-0.328305
-0.324293
-0.320136
-0.315835
-0.311391
-0.306804
-0.302075
-0.297205
-0.292195
-0.287045
-0.281755
-0.276326
-0.270758
-0.265051
-0.259206
-0.253222
-0.247101
-0.240841
-0.234443
-0.227907
-0.221232
-0.214418
-0.207466
-0.200376
-0.193147
-0.185780
-0.178274
-0.170631
-0.162849
-0.154929
-0.146871
-0.138674
-0.130340
-0.121867
-0.113257
-0.104509
-0.095624
-0.086602
-0.077443
-0.068148
-0.058716
-0.049148
-0.039446
-0.029608
-0.019637
-0.009531
0.000707
0.011077
0.021578
0.032210
0.042971
0.053861
0.064877
0.076019
0.087286
0.098676
0.110187
0.121818
0.133567
0.145432
0.157411
0.169503
0.181704
0.194013
0.206428
0.218946
0.231566
0.244285
0.257101
0.270012
0.283017
-0.354397
-0.360458
-0.365547
-0.369172
-0.371776
-0.373651
-0.374969
-0.375832
-0.376309
-0.376448
-0.376283
-0.375843
-0.375149
-0.374219
-0.373067
-0.371707
-0.370147
-0.368398
-0.366466
-0.364360
-0.362083
-0.359640
-0.357036
-0.354274
-0.351359
-0.348292
-0.345078
-0.341717
-0.338212
-0.334564
-0.330776
-0.326849
-0.322784
-0.318583
-0.314246
-0.309775
-0.305169
-0.300430
-0.295559
-0.290556
-0.285421
-0.280156
-0.274760
-0.269234
-0.263578
-0.257792
-0.251877
-0.245833
-0.239659
-0.233356
-0.226924
-0.220363
-0.213673
-0.206855
-0.199908
-0.192834
-0.185631
-0.178301
-0.170843
-0.163257
-0.155544
-0.147704
-0.139737
-0.131644
-0.123425
-0.115080
-0.106610
-0.098015
-0.089295
-0.080452
-0.071485
-0.062396
-0.053184
-0.043851
-0.034398
-0.024825
-0.015133
-0.005324
0.004602
0.014643
0.024798
0.035066
0.045446
0.055934
0.066530
0.077233
0.088039
0.098946
0.109953
0.121058
0.132256
0.143547
0.154926
0.166392
0.177940
0.189569
0.201276
0.213057
0.224911
0.236834
-0.353895
-0.361598
-0.367284
-0.371181
-0.373965
-0.375992
-0.377448
-0.378447
-0.379059
-0.379333
-0.379305
-0.379004
-0.378452
-0.377667
-0.376662
-0.375453
-0.374049
-0.372459
-0.370691
-0.368752
-0.366648
-0.364382
-0.361961
-0.359386
-0.356664
-0.353795
-0.350784
-0.347633
-0.344343
-0.340918
-0.337358
-0.333666
-0.329842
-0.325889
-0.321807
-0.317598
-0.313262
-0.308801
-0.304214
-0.299504
-0.294670
-0.289713
-0.284634
-0.279433
-0.274111
-0.268669
-0.263106
-0.257422
-0.251618
-0.245695
-0.239651
-0.233489
-0.227207
-0.220807
-0.214289
-0.207652
-0.200899
-0.194028
-0.187040
-0.179935
-0.172714
-0.165377
-0.157925
-0.150357
-0.142676
-0.134880
-0.126970
-0.118948
-0.110813
-0.102566
-0.094209
-0.085741
-0.077164
-0.068479
-0.059686
-0.050786
-0.041781
-0.032672
-0.023460
-0.014146
-0.004732
0.004780
0.014389
0.024093
0.033890
0.043777
0.053753
0.063815
0.073960
0.084186
0.094489
0.104866
0.115313
0.125828
0.136405
0.147043
0.157736
0.168481
0.179275
0.190115
-0.352924
-0.362791
-0.369082
-0.373233
-0.376189
-0.378362
-0.379957
-0.381090
-0.381837
-0.382248
-0.382358
-0.382198
-0.381790
-0.381151
-0.380297
-0.379242
-0.377996
-0.376567
-0.374966
-0.373198
-0.371269
-0.369184
-0.366948
-0.364564
-0.362038
-0.359371
-0.356568
-0.353630
-0.350560
-0.347361
-0.344034
-0.340580
-0.337003
-0.333303
-0.329481
-0.325539
-0.321478
-0.317299
-0.313003
-0.308590
-0.304063
-0.299420
-0.294664
-0.289795
-0.284813
-0.279719
-0.274514
-0.269197
-0.263770
-0.258232
-0.252584
-0.246827
-0.240960
-0.234985
-0.228902
-0.222712
-0.216414
-0.210010
-0.203499
-0.196883
-0.190162
-0.183335
-0.176405
-0.169371
-0.162234
-0.154994
-0.147653
-0.140211
-0.132669
-0.125027
-0.117287
-0.109448
-0.101513
-0.093483
-0.085357
-0.077138
-0.068826
-0.060424
-0.051932
-0.043352
-0.034685
-0.025934
-0.017100
-0.008185
0.000808
0.009877
0.019020
0.028234
0.037515
0.046861
0.056268
0.065732
0.075250
0.084815
0.094425
0.104074
0.113757
0.123470
0.133207
0.142965
-0.351352
-0.364089
-0.370954
-0.375332
-0.378448
-0.380762
-0.382493
-0.383761
-0.384644
-0.385192
-0.385442
-0.385425
-0.385161
-0.384672
-0.383970
-0.383071
-0.381985
-0.380721
-0.379289
-0.377695
-0.375944
-0.374043
-0.371995
-0.369805
-0.367478
-0.365017
-0.362425
-0.359705
-0.356858
-0.353889
-0.350798
-0.347588
-0.344261
-0.340817
-0.337260
-0.333590
-0.329809
-0.325917
-0.321916
-0.317806
-0.313590
-0.309267
-0.304839
-0.300306
-0.295670
-0.290931
-0.286089
-0.281145
-0.276100
-0.270954
-0.265707
-0.260361
-0.254916
-0.249373
-0.243731
-0.237993
-0.232158
-0.226227
-0.220200
-0.214079
-0.207864
-0.201555
-0.195153
-0.188659
-0.182073
-0.175397
-0.168631
-0.161776
-0.154832
-0.147802
-0.140685
-0.133482
-0.126195
-0.118825
-0.111373
-0.103840
-0.096228
-0.088538
-0.080771
-0.072929
-0.065014
-0.057028
-0.048973
-0.040850
-0.032663
-0.024414
-0.016105
-0.007740
0.000679
0.009147
0.017661
0.026217
0.034809
0.043433
0.052082
0.060751
0.069433
0.078121
0.086809
0.095492
-0.349004
-0.365571
-0.372913
-0.377480
-0.380742
-0.383192
-0.385057
-0.386459
-0.387478
-0.388164
-0.388555
-0.388681
-0.388565
-0.388226
-0.387679
-0.386938
-0.386015
-0.384919
-0.383658
-0.382239
-0.380670
-0.378955
-0.377098
-0.375106
-0.372982
-0.370729
-0.368351
-0.365851
-0.363232
-0.360496
-0.357646
-0.354683
-0.351609
-0.348427
-0.345139
-0.341745
-0.338247
-0.334646
-0.330944
-0.327142
-0.323242
-0.319244
-0.315148
-0.310957
-0.306671
-0.302291
-0.297818
-0.293253
-0.288595
-0.283845
-0.279006
-0.274076
-0.269058
-0.263951
-0.258757
-0.253476
-0.248110
-0.242658
-0.237121
-0.231500
-0.225797
-0.220011
-0.214143
-0.208195
-0.202166
-0.196059
-0.189874
-0.183611
-0.177272
-0.170858
-0.164370
-0.157809
-0.151175
-0.144471
-0.137697
-0.130855
-0.123946
-0.116972
-0.109934
-0.102834
-0.095674
-0.088456
-0.081181
-0.073853
-0.066472
-0.059043
-0.051568
-0.044049
-0.036490
-0.028896
-0.021269
-0.013615
-0.005939
0.001754
0.009456
0.017160
0.024857
0.032537
0.040188
0.047802
-0.345647
-0.367351
-0.374971
-0.379680
-0.383071
-0.385651
-0.387647
-0.389184
-0.390338
-0.391163
-0.391696
-0.391968
-0.392001
-0.391814
-0.391423
-0.390843
-0.390084
-0.389157
-0.388070
-0.386830
-0.385444
-0.383918
-0.382255
-0.380463
-0.378544
-0.376502
-0.374342
-0.372066
-0.369677
-0.367178
-0.364571
-0.361858
-0.359043
-0.356126
-0.353109
-0.349995
-0.346784
-0.343479
-0.340080
-0.336590
-0.333010
-0.329340
-0.325581
-0.321736
-0.317805
-0.313789
-0.309689
-0.305506
-0.301240
-0.296892
-0.292464
-0.287956
-0.283369
-0.278704
-0.273962
-0.269143
-0.264250
-0.259282
-0.254239
-0.249124
-0.243937
-0.238679
-0.233351
-0.227953
-0.222487
-0.216953
-0.211353
-0.205688
-0.199958
-0.194165
-0.188310
-0.182393
-0.176417
-0.170382
-0.164291
-0.158143
-0.151941
-0.145686
-0.139379
-0.133024
-0.126620
-0.120171
-0.113678
-0.107144
-0.100570
-0.093960
-0.087316
-0.080640
-0.073938
-0.067211
-0.060464
-0.053702
-0.046930
-0.040153
-0.033378
-0.026615
-0.019875
-0.013172
-0.006532
0.000004
