-0.004060
-0.004131
-0.004315
-0.004597
-0.004970
-0.005428
-0.005973
-0.006604
-0.007324
-0.008135
-0.009041
-0.010045
-0.011151
-0.012363
-0.013686
-0.015123
-0.016679
-0.018358
-0.020165
-0.022103
-0.024179
-0.026394
-0.028756
-0.031267
-0.033932
-0.036757
-0.039744
-0.042900
-0.046227
-0.049732
-0.053418
-0.057290
-0.061352
-0.065610
-0.070067
-0.074727
-0.079597
-0.084679
-0.089979
-0.095501
-0.101250
-0.107229
-0.113445
-0.119901
-0.126601
-0.133551
-0.140755
-0.148216
-0.155941
-0.163933
-0.172197
-0.180738
-0.189559
-0.198666
-0.208063
-0.217755
-0.227745
-0.238040
-0.248642
-0.259557
-0.270789
-0.282343
-0.294223
-0.306435
-0.318981
-0.331867
-0.345098
-0.358677
-0.372610
-0.386901
-0.401555
-0.416575
-0.431967
-0.447735
-0.463884
-0.480418
-0.497341
-0.514659
-0.532376
-0.550496
-0.569023
-0.587963
-0.607320
-0.627099
-0.647303
-0.667938
-0.689007
-0.710516
-0.732469
-0.754871
-0.777725
-0.801037
-0.824811
-0.849052
-0.873763
-0.898951
-0.924618
-0.950770
-0.977411
-1.004545
-0.004058
-0.004129
-0.004313
-0.004595
-0.004966
-0.005425
-0.005968
-0.006599
-0.007318
-0.008128
-0.009033
-0.010035
-0.011140
-0.012351
-0.013672
-0.015108
-0.016662
-0.018339
-0.020144
-0.022080
-0.024153
-0.026367
-0.028725
-0.031233
-0.033896
-0.036717
-0.039701
-0.042853
-0.046177
-0.049677
-0.053359
-0.057227
-0.061285
-0.065537
-0.069989
-0.074644
-0.079508
-0.084584
-0.089878
-0.095394
-0.101136
-0.107109
-0.113318
-0.119766
-0.126459
-0.133401
-0.140596
-0.148050
-0.155766
-0.163749
-0.172003
-0.180534
-0.189346
-0.198442
-0.207828
-0.217509
-0.227488
-0.237771
-0.248361
-0.259264
-0.270483
-0.282024
-0.293891
-0.306088
-0.318620
-0.331492
-0.344707
-0.358272
-0.372189
-0.386463
-0.401100
-0.416104
-0.431478
-0.447228
-0.463359
-0.479874
-0.496778
-0.514077
-0.531773
-0.549872
-0.568379
-0.587297
-0.606632
-0.626388
-0.646570
-0.667181
-0.688227
-0.709712
-0.731640
-0.754016
-0.776844
-0.800129
-0.823876
-0.848090
-0.872774
-0.897932
-0.923571
-0.949693
-0.976304
-1.003408
-0.004051
-0.004122
-0.004305
-0.004586
-0.004957
-0.005413
-0.005955
-0.006583
-0.007300
-0.008107
-0.009009
-0.010008
-0.011109
-0.012316
-0.013632
-0.015063
-0.016612
-0.018283
-0.020082
-0.022011
-0.024077
-0.026283
-0.028633
-0.031133
-0.033786
-0.036597
-0.039571
-0.042712
-0.046025
-0.049514
-0.053183
-0.057037
-0.061081
-0.065319
-0.069755
-0.074395
-0.079242
-0.084301
-0.089577
-0.095074
-0.100796
-0.106749
-0.112936
-0.119363
-0.126033
-0.132951
-0.140122
-0.147550
-0.155240
-0.163195
-0.171422
-0.179924
-0.188705
-0.197770
-0.207125
-0.216772
-0.226717
-0.236965
-0.247519
-0.258385
-0.269566
-0.281068
-0.292894
-0.305050
-0.317539
-0.330367
-0.343537
-0.357055
-0.370925
-0.385151
-0.399738
-0.414691
-0.430012
-0.445709
-0.461785
-0.478243
-0.495091
-0.512330
-0.529966
-0.548004
-0.566448
-0.585302
-0.604571
-0.624260
-0.644372
-0.664913
-0.685887
-0.707299
-0.729152
-0.751452
-0.774203
-0.797409
-0.821076
-0.845207
-0.869806
-0.894880
-0.920431
-0.946465
-0.972985
-0.999997
-0.004040
-0.004111
-0.004293
-0.004572
-0.004941
-0.005394
-0.005933
-0.006558
-0.007270
-0.008072
-0.008969
-0.009962
-0.011057
-0.012257
-0.013566
-0.014988
-0.016528
-0.018190
-0.019978
-0.021896
-0.023950
-0.026143
-0.028480
-0.030966
-0.033604
-0.036399
-0.039356
-0.042479
-0.045772
-0.049241
-0.052889
-0.056722
-0.060742
-0.064956
-0.069367
-0.073980
-0.078800
-0.083830
-0.089076
-0.094541
-0.100231
-0.106150
-0.112302
-0.118692
-0.125324
-0.132202
-0.139332
-0.146718
-0.154364
-0.162275
-0.170454
-0.178907
-0.187639
-0.196653
-0.205954
-0.215546
-0.225435
-0.235624
-0.246118
-0.256922
-0.268040
-0.279476
-0.291235
-0.303322
-0.315740
-0.328495
-0.341590
-0.355031
-0.368822
-0.382968
-0.397472
-0.412339
-0.427574
-0.443181
-0.459165
-0.475531
-0.492282
-0.509423
-0.526960
-0.544895
-0.563234
-0.581981
-0.601140
-0.620717
-0.640715
-0.661139
-0.681994
-0.703284
-0.725013
-0.747186
-0.769808
-0.792883
-0.816415
-0.840408
-0.864868
-0.889799
-0.915205
-0.941091
-0.967462
-0.994321
-0.004025
-0.004095
-0.004276
-0.004553
-0.004918
-0.005368
-0.005902
-0.006522
-0.007228
-0.008024
-0.008913
-0.009899
-0.010985
-0.012175
-0.013473
-0.014884
-0.016411
-0.018059
-0.019833
-0.021736
-0.023773
-0.025949
-0.028267
-0.030732
-0.033349
-0.036121
-0.039055
-0.042153
-0.045420
-0.048861
-0.052479
-0.056281
-0.060269
-0.064449
-0.068825
-0.073401
-0.078182
-0.083172
-0.088375
-0.093797
-0.099442
-0.105313
-0.111416
-0.117754
-0.124333
-0.131157
-0.138230
-0.145556
-0.153141
-0.160988
-0.169102
-0.177488
-0.186149
-0.195091
-0.204318
-0.213834
-0.223644
-0.233751
-0.244162
-0.254879
-0.265908
-0.277253
-0.288918
-0.300908
-0.313227
-0.325880
-0.338871
-0.352204
-0.365885
-0.379918
-0.394306
-0.409054
-0.424168
-0.439650
-0.455507
-0.471741
-0.488359
-0.505363
-0.522759
-0.540551
-0.558744
-0.577341
-0.596348
-0.615769
-0.635607
-0.655868
-0.676557
-0.697676
-0.719232
-0.741228
-0.763670
-0.786560
-0.809904
-0.833706
-0.857971
-0.882703
-0.907907
-0.933587
-0.959747
-0.986392
-0.004006
-0.004075
-0.004254
-0.004528
-0.004889
-0.005334
-0.005863
-0.006476
-0.007175
-0.007962
-0.008842
-0.009817
-0.010891
-0.012069
-0.013354
-0.014749
-0.016261
-0.017892
-0.019647
-0.021530
-0.023546
-0.025699
-0.027993
-0.030432
-0.033022
-0.035766
-0.038669
-0.041734
-0.044967
-0.048373
-0.051954
-0.055716
-0.059663
-0.063800
-0.068130
-0.072659
-0.077390
-0.082328
-0.087478
-0.092844
-0.098429
-0.104240
-0.110279
-0.116552
-0.123063
-0.129817
-0.136816
-0.144067
-0.151573
-0.159340
-0.167370
-0.175669
-0.184241
-0.193090
-0.202221
-0.211639
-0.221347
-0.231351
-0.241654
-0.252260
-0.263175
-0.274403
-0.285947
-0.297813
-0.310005
-0.322528
-0.335385
-0.348581
-0.362121
-0.376008
-0.390248
-0.404844
-0.419802
-0.435125
-0.450817
-0.466884
-0.483330
-0.500159
-0.517376
-0.534984
-0.552989
-0.571395
-0.590205
-0.609425
-0.629060
-0.649112
-0.669587
-0.690489
-0.711822
-0.733591
-0.755801
-0.778455
-0.801558
-0.825115
-0.849130
-0.873608
-0.898552
-0.923967
-0.949858
-0.976229
-0.003982
-0.004050
-0.004227
-0.004497
-0.004854
-0.005293
-0.005815
-0.006420
-0.007110
-0.007887
-0.008755
-0.009718
-0.010778
-0.011940
-0.013208
-0.014586
-0.016078
-0.017688
-0.019421
-0.021280
-0.023270
-0.025395
-0.027659
-0.030068
-0.032624
-0.035333
-0.038198
-0.041225
-0.044417
-0.047778
-0.051314
-0.055028
-0.058925
-0.063008
-0.067284
-0.071755
-0.076426
-0.081301
-0.086385
-0.091682
-0.097197
-0.102934
-0.108896
-0.115089
-0.121517
-0.128185
-0.135095
-0.142254
-0.149665
-0.157332
-0.165260
-0.173454
-0.181917
-0.190654
-0.199669
-0.208967
-0.218552
-0.228428
-0.238600
-0.249072
-0.259848
-0.270933
-0.282331
-0.294046
-0.306083
-0.318447
-0.331141
-0.344169
-0.357537
-0.371248
-0.385307
-0.399718
-0.414486
-0.429614
-0.445108
-0.460971
-0.477208
-0.493823
-0.510821
-0.528206
-0.545982
-0.564154
-0.582726
-0.601702
-0.621087
-0.640885
-0.661100
-0.681737
-0.702799
-0.724292
-0.746220
-0.768587
-0.791397
-0.814655
-0.838366
-0.862533
-0.887161
-0.912255
-0.937818
-0.963854
-0.003955
-0.004022
-0.004195
-0.004462
-0.004813
-0.005245
-0.005759
-0.006354
-0.007033
-0.007798
-0.008653
-0.009601
-0.010645
-0.011789
-0.013038
-0.014394
-0.015863
-0.017449
-0.019155
-0.020985
-0.022945
-0.025037
-0.027267
-0.029639
-0.032156
-0.034824
-0.037645
-0.040626
-0.043769
-0.047080
-0.050561
-0.054219
-0.058056
-0.062078
-0.066288
-0.070691
-0.075291
-0.080092
-0.085099
-0.090316
-0.095747
-0.101397
-0.107269
-0.113368
-0.119699
-0.126265
-0.133071
-0.140121
-0.147419
-0.154971
-0.162779
-0.170848
-0.179183
-0.187787
-0.196666
-0.205823
-0.215263
-0.224989
-0.235007
-0.245321
-0.255934
-0.266851
-0.278077
-0.289615
-0.301470
-0.313646
-0.326148
-0.338979
-0.352145
-0.365648
-0.379494
-0.393687
-0.408232
-0.423131
-0.438390
-0.454014
-0.470005
-0.486369
-0.503110
-0.520232
-0.537739
-0.555636
-0.573927
-0.592616
-0.611707
-0.631206
-0.651116
-0.671440
-0.692184
-0.713352
-0.734948
-0.756978
-0.779444
-0.802350
-0.825703
-0.849505
-0.873761
-0.898476
-0.923653
-0.949296
-0.003923
-0.003989
-0.004159
-0.004421
-0.004765
-0.005190
-0.005694
-0.006279
-0.006945
-0.007697
-0.008536
-0.009466
-0.010492
-0.011615
-0.012842
-0.014174
-0.015617
-0.017174
-0.018849
-0.020647
-0.022571
-0.024627
-0.026817
-0.029146
-0.031619
-0.034239
-0.037011
-0.039938
-0.043026
-0.046277
-0.049697
-0.053290
-0.057059
-0.061010
-0.065146
-0.069471
-0.073989
-0.078705
-0.083624
-0.088748
-0.094083
-0.099633
-0.105401
-0.111393
-0.117611
-0.124061
-0.130747
-0.137673
-0.144842
-0.152260
-0.159930
-0.167857
-0.176045
-0.184498
-0.193220
-0.202215
-0.211488
-0.221043
-0.230885
-0.241016
-0.251442
-0.262167
-0.273194
-0.284529
-0.296174
-0.308136
-0.320417
-0.333022
-0.345956
-0.359221
-0.372823
-0.386766
-0.401054
-0.415691
-0.430681
-0.446029
-0.461738
-0.477814
-0.494260
-0.511080
-0.528278
-0.545860
-0.563828
-0.582188
-0.600943
-0.620098
-0.639656
-0.659623
-0.680002
-0.700798
-0.722014
-0.743654
-0.765725
-0.788228
-0.811169
-0.834552
-0.858381
-0.882661
-0.907395
-0.932588
-0.003887
-0.003952
-0.004119
-0.004374
-0.004712
-0.005128
-0.005621
-0.006193
-0.006846
-0.007582
-0.008404
-0.009315
-0.010319
-0.011420
-0.012621
-0.013926
-0.015339
-0.016864
-0.018505
-0.020266
-0.022151
-0.024164
-0.026310
-0.028592
-0.031014
-0.033581
-0.036296
-0.039164
-0.042188
-0.045374
-0.048724
-0.052244
-0.055937
-0.059807
-0.063859
-0.068096
-0.072523
-0.077143
-0.081962
-0.086982
-0.092209
-0.097646
-0.103298
-0.109168
-0.115260
-0.121580
-0.128130
-0.134915
-0.141940
-0.149207
-0.156722
-0.164489
-0.172511
-0.180792
-0.189338
-0.198151
-0.207237
-0.216598
-0.226240
-0.236167
-0.246382
-0.256890
-0.267694
-0.278800
-0.290210
-0.301929
-0.313962
-0.326312
-0.338984
-0.351981
-0.365309
-0.378970
-0.392968
-0.407309
-0.421997
-0.437034
-0.452426
-0.468177
-0.484290
-0.500771
-0.517622
-0.534848
-0.552453
-0.570442
-0.588818
-0.607586
-0.626749
-0.646312
-0.666280
-0.686655
-0.707443
-0.728647
-0.750271
-0.772320
-0.794798
-0.817709
-0.841057
-0.864847
-0.889082
-0.913767
-0.003848
-0.003910
-0.004073
-0.004323
-0.004652
-0.005058
-0.005540
-0.006099
-0.006736
-0.007455
-0.008258
-0.009147
-0.010128
-0.011203
-0.012376
-0.013650
-0.015030
-0.016520
-0.018123
-0.019843
-0.021685
-0.023651
-0.025747
-0.027976
-0.030342
-0.032850
-0.035502
-0.038304
-0.041259
-0.044371
-0.047644
-0.051083
-0.054691
-0.058472
-0.062430
-0.066570
-0.070895
-0.075409
-0.080117
-0.085022
-0.090129
-0.095441
-0.100963
-0.106698
-0.112651
-0.118825
-0.125225
-0.131855
-0.138718
-0.145819
-0.153161
-0.160750
-0.168588
-0.176679
-0.185029
-0.193640
-0.202517
-0.211665
-0.221086
-0.230785
-0.240766
-0.251033
-0.261589
-0.272440
-0.283589
-0.295040
-0.306797
-0.318865
-0.331246
-0.343946
-0.356968
-0.370316
-0.383994
-0.398007
-0.412358
-0.427051
-0.442091
-0.457481
-0.473225
-0.489328
-0.505793
-0.522625
-0.539827
-0.557404
-0.575360
-0.593698
-0.612423
-0.631539
-0.651049
-0.670958
-0.691271
-0.711989
-0.733119
-0.754664
-0.776628
-0.799015
-0.821829
-0.845075
-0.868756
-0.892876
-0.003804
-0.003865
-0.004024
-0.004267
-0.004587
-0.004982
-0.005452
-0.005995
-0.006616
-0.007316
-0.008097
-0.008963
-0.009918
-0.010965
-0.012107
-0.013348
-0.014692
-0.016143
-0.017704
-0.019379
-0.021173
-0.023089
-0.025130
-0.027301
-0.029606
-0.032048
-0.034632
-0.037361
-0.040239
-0.043271
-0.046460
-0.049809
-0.053324
-0.057007
-0.060863
-0.064896
-0.069109
-0.073507
-0.078094
-0.082872
-0.087847
-0.093022
-0.098402
-0.103989
-0.109788
-0.115804
-0.122039
-0.128498
-0.135184
-0.142102
-0.149256
-0.156649
-0.164285
-0.172168
-0.180303
-0.188693
-0.197341
-0.206253
-0.215432
-0.224881
-0.234606
-0.244608
-0.254894
-0.265465
-0.276328
-0.287484
-0.298939
-0.310696
-0.322759
-0.335132
-0.347819
-0.360824
-0.374151
-0.387804
-0.401786
-0.416101
-0.430754
-0.445749
-0.461088
-0.476777
-0.492820
-0.509219
-0.525979
-0.543105
-0.560599
-0.578467
-0.596711
-0.615335
-0.634344
-0.653742
-0.673533
-0.693719
-0.714307
-0.735298
-0.756698
-0.778510
-0.800739
-0.823388
-0.846461
-0.869962
-0.003757
-0.003816
-0.003970
-0.004206
-0.004517
-0.004900
-0.005355
-0.005883
-0.006485
-0.007164
-0.007923
-0.008764
-0.009690
-0.010706
-0.011815
-0.013020
-0.014325
-0.015733
-0.017249
-0.018876
-0.020617
-0.022477
-0.024460
-0.026568
-0.028806
-0.031178
-0.033687
-0.036337
-0.039132
-0.042076
-0.045173
-0.048426
-0.051839
-0.055417
-0.059162
-0.063078
-0.067171
-0.071442
-0.075896
-0.080538
-0.085369
-0.090396
-0.095620
-0.101047
-0.106680
-0.112522
-0.118579
-0.124852
-0.131346
-0.138066
-0.145014
-0.152195
-0.159612
-0.167269
-0.175171
-0.183320
-0.191720
-0.200376
-0.209292
-0.218470
-0.227916
-0.237632
-0.247622
-0.257891
-0.268442
-0.279278
-0.290405
-0.301825
-0.313542
-0.325561
-0.337884
-0.350517
-0.363461
-0.376723
-0.390304
-0.404210
-0.418443
-0.433008
-0.447908
-0.463148
-0.478731
-0.494661
-0.510941
-0.527576
-0.544569
-0.561925
-0.579647
-0.597738
-0.616202
-0.635045
-0.654269
-0.673878
-0.693876
-0.714267
-0.735055
-0.756243
-0.777835
-0.799836
-0.822249
-0.845078
-0.003706
-0.003763
-0.003912
-0.004140
-0.004441
-0.004811
-0.005252
-0.005762
-0.006344
-0.007001
-0.007735
-0.008548
-0.009445
-0.010428
-0.011501
-0.012667
-0.013929
-0.015292
-0.016759
-0.018334
-0.020019
-0.021819
-0.023738
-0.025778
-0.027945
-0.030240
-0.032669
-0.035234
-0.037940
-0.040790
-0.043788
-0.046937
-0.050241
-0.053704
-0.057329
-0.061121
-0.065083
-0.069218
-0.073530
-0.078023
-0.082701
-0.087567
-0.092625
-0.097879
-0.103333
-0.108989
-0.114852
-0.120926
-0.127214
-0.133719
-0.140446
-0.147399
-0.154580
-0.161994
-0.169643
-0.177533
-0.185667
-0.194048
-0.202680
-0.211566
-0.220712
-0.230119
-0.239791
-0.249734
-0.259949
-0.270441
-0.281214
-0.292272
-0.303617
-0.315253
-0.327185
-0.339416
-0.351950
-0.364790
-0.377940
-0.391404
-0.405185
-0.419287
-0.433714
-0.448470
-0.463558
-0.478982
-0.494746
-0.510852
-0.527307
-0.544111
-0.561270
-0.578787
-0.596666
-0.614910
-0.633524
-0.652511
-0.671874
-0.691618
-0.711746
-0.732262
-0.753169
-0.774472
-0.796174
-0.818279
-0.003652
-0.003707
-0.003850
-0.004070
-0.004359
-0.004717
-0.005141
-0.005633
-0.006194
-0.006827
-0.007534
-0.008318
-0.009183
-0.010130
-0.011165
-0.012289
-0.013507
-0.014821
-0.016236
-0.017754
-0.019379
-0.021116
-0.022966
-0.024934
-0.027024
-0.029238
-0.031581
-0.034055
-0.036666
-0.039415
-0.042306
-0.045344
-0.048532
-0.051873
-0.055370
-0.059028
-0.062850
-0.066840
-0.071000
-0.075335
-0.079848
-0.084543
-0.089423
-0.094492
-0.099754
-0.105211
-0.110868
-0.116728
-0.122795
-0.129072
-0.135563
-0.142271
-0.149200
-0.156353
-0.163734
-0.171347
-0.179195
-0.187282
-0.195610
-0.204185
-0.213009
-0.222086
-0.231419
-0.241012
-0.250869
-0.260994
-0.271389
-0.282058
-0.293005
-0.304234
-0.315747
-0.327549
-0.339643
-0.352032
-0.364721
-0.377713
-0.391010
-0.404618
-0.418539
-0.432777
-0.447336
-0.462219
-0.477430
-0.492973
-0.508850
-0.525065
-0.541623
-0.558526
-0.575778
-0.593383
-0.611345
-0.629666
-0.648351
-0.667403
-0.686825
-0.706622
-0.726798
-0.747354
-0.768296
-0.789626
-0.003594
-0.003647
-0.003785
-0.003995
-0.004273
-0.004616
-0.005023
-0.005495
-0.006034
-0.006642
-0.007321
-0.008074
-0.008904
-0.009814
-0.010808
-0.011888
-0.013057
-0.014320
-0.015679
-0.017138
-0.018700
-0.020368
-0.022146
-0.024038
-0.026045
-0.028173
-0.030425
-0.032803
-0.035311
-0.037954
-0.040733
-0.043653
-0.046716
-0.049927
-0.053289
-0.056805
-0.060479
-0.064313
-0.068312
-0.072479
-0.076817
-0.081330
-0.086021
-0.090894
-0.095952
-0.101198
-0.106636
-0.112269
-0.118101
-0.124135
-0.130374
-0.136823
-0.143484
-0.150360
-0.157456
-0.164774
-0.172319
-0.180093
-0.188100
-0.196343
-0.204826
-0.213552
-0.222524
-0.231747
-0.241223
-0.250956
-0.260950
-0.271207
-0.281731
-0.292526
-0.303594
-0.314940
-0.326567
-0.338478
-0.350677
-0.363167
-0.375951
-0.389033
-0.402417
-0.416105
-0.430102
-0.444411
-0.459035
-0.473977
-0.489241
-0.504831
-0.520750
-0.537000
-0.553587
-0.570513
-0.587781
-0.605395
-0.623359
-0.641676
-0.660349
-0.679383
-0.698780
-0.718544
-0.738678
-0.759185
-0.003533
-0.003584
-0.003715
-0.003916
-0.004182
-0.004510
-0.004899
-0.005350
-0.005865
-0.006446
-0.007096
-0.007816
-0.008610
-0.009480
-0.010431
-0.011464
-0.012583
-0.013791
-0.015091
-0.016487
-0.017982
-0.019578
-0.021280
-0.023090
-0.025012
-0.027049
-0.029203
-0.031480
-0.033881
-0.036410
-0.039070
-0.041865
-0.044798
-0.047872
-0.051090
-0.054456
-0.057973
-0.061644
-0.065473
-0.069462
-0.073615
-0.077936
-0.082427
-0.087092
-0.091935
-0.096958
-0.102164
-0.107558
-0.113142
-0.118919
-0.124893
-0.131067
-0.137445
-0.144029
-0.150823
-0.157831
-0.165055
-0.172498
-0.180165
-0.188058
-0.196181
-0.204536
-0.213128
-0.221959
-0.231032
-0.240352
-0.249921
-0.259743
-0.269820
-0.280156
-0.290755
-0.301620
-0.312753
-0.324158
-0.335839
-0.347799
-0.360041
-0.372568
-0.385384
-0.398491
-0.411895
-0.425596
-0.439600
-0.453909
-0.468525
-0.483454
-0.498697
-0.514259
-0.530142
-0.546350
-0.562886
-0.579754
-0.596956
-0.614497
-0.632378
-0.650605
-0.669180
-0.688106
-0.707386
-0.727024
-0.003469
-0.003517
-0.003642
-0.003834
-0.004086
-0.004398
-0.004768
-0.005197
-0.005688
-0.006241
-0.006859
-0.007544
-0.008300
-0.009129
-0.010034
-0.011018
-0.012084
-0.013235
-0.014474
-0.015803
-0.017227
-0.018748
-0.020370
-0.022094
-0.023925
-0.025866
-0.027920
-0.030089
-0.032377
-0.034787
-0.037323
-0.039987
-0.042782
-0.045712
-0.048779
-0.051987
-0.055339
-0.058838
-0.062488
-0.066290
-0.070249
-0.074368
-0.078649
-0.083096
-0.087712
-0.092500
-0.097464
-0.102605
-0.107928
-0.113436
-0.119131
-0.125017
-0.131097
-0.137374
-0.143851
-0.150532
-0.157419
-0.164515
-0.171824
-0.179349
-0.187093
-0.195059
-0.203250
-0.211669
-0.220320
-0.229205
-0.238328
-0.247692
-0.257299
-0.267154
-0.277259
-0.287617
-0.298231
-0.309105
-0.320242
-0.331645
-0.343316
-0.355260
-0.367479
-0.379976
-0.392755
-0.405818
-0.419170
-0.432812
-0.446749
-0.460983
-0.475516
-0.490354
-0.505497
-0.520951
-0.536717
-0.552800
-0.569201
-0.585926
-0.602975
-0.620354
-0.638064
-0.656109
-0.674492
-0.693216
-0.003402
-0.003448
-0.003566
-0.003747
-0.003986
-0.004281
-0.004631
-0.005038
-0.005502
-0.006026
-0.006611
-0.007261
-0.007977
-0.008762
-0.009620
-0.010552
-0.011562
-0.012653
-0.013827
-0.015088
-0.016438
-0.017880
-0.019417
-0.021052
-0.022789
-0.024629
-0.026576
-0.028634
-0.030804
-0.033090
-0.035494
-0.038021
-0.040672
-0.043451
-0.046360
-0.049404
-0.052583
-0.055903
-0.059364
-0.062972
-0.066727
-0.070634
-0.074696
-0.078915
-0.083294
-0.087836
-0.092545
-0.097423
-0.102473
-0.107698
-0.113102
-0.118686
-0.124455
-0.130410
-0.136556
-0.142894
-0.149428
-0.156161
-0.163096
-0.170236
-0.177583
-0.185141
-0.192913
-0.200901
-0.209109
-0.217540
-0.226196
-0.235081
-0.244197
-0.253548
-0.263136
-0.272964
-0.283036
-0.293354
-0.303921
-0.314740
-0.325815
-0.337148
-0.348743
-0.360601
-0.372727
-0.385123
-0.397792
-0.410737
-0.423961
-0.437468
-0.451259
-0.465338
-0.479708
-0.494372
-0.509333
-0.524594
-0.540158
-0.556028
-0.572206
-0.588697
-0.605503
-0.622627
-0.640070
-0.657838
-0.003333
-0.003375
-0.003486
-0.003657
-0.003882
-0.004159
-0.004489
-0.004871
-0.005308
-0.005802
-0.006353
-0.006965
-0.007639
-0.008380
-0.009188
-0.010066
-0.011019
-0.012047
-0.013154
-0.014342
-0.015615
-0.016975
-0.018424
-0.019966
-0.021604
-0.023340
-0.025176
-0.027117
-0.029164
-0.031320
-0.033589
-0.035972
-0.038473
-0.041095
-0.043840
-0.046711
-0.049711
-0.052843
-0.056109
-0.059513
-0.063057
-0.066744
-0.070576
-0.074557
-0.078689
-0.082976
-0.087419
-0.092023
-0.096788
-0.101719
-0.106819
-0.112089
-0.117533
-0.123153
-0.128953
-0.134934
-0.141101
-0.147455
-0.154000
-0.160739
-0.167673
-0.174806
-0.182141
-0.189680
-0.197427
-0.205384
-0.213554
-0.221939
-0.230543
-0.239369
-0.248418
-0.257694
-0.267200
-0.276939
-0.286913
-0.297125
-0.307578
-0.318274
-0.329218
-0.340410
-0.351856
-0.363556
-0.375514
-0.387732
-0.400214
-0.412963
-0.425980
-0.439269
-0.452833
-0.466674
-0.480795
-0.495200
-0.509891
-0.524871
-0.540142
-0.555708
-0.571571
-0.587733
-0.604199
-0.620969
-0.003260
-0.003300
-0.003404
-0.003563
-0.003773
-0.004033
-0.004341
-0.004699
-0.005108
-0.005569
-0.006085
-0.006658
-0.007289
-0.007982
-0.008739
-0.009562
-0.010454
-0.011417
-0.012454
-0.013568
-0.014761
-0.016035
-0.017394
-0.018839
-0.020374
-0.022001
-0.023723
-0.025542
-0.027462
-0.029484
-0.031611
-0.033846
-0.036191
-0.038649
-0.041224
-0.043916
-0.046730
-0.049667
-0.052731
-0.055923
-0.059247
-0.062705
-0.066299
-0.070033
-0.073909
-0.077930
-0.082098
-0.086416
-0.090887
-0.095512
-0.100296
-0.105240
-0.110347
-0.115619
-0.121060
-0.126671
-0.132456
-0.138418
-0.144558
-0.150879
-0.157385
-0.164077
-0.170958
-0.178032
-0.185299
-0.192765
-0.200429
-0.208297
-0.216369
-0.224649
-0.233139
-0.241842
-0.250761
-0.259898
-0.269256
-0.278837
-0.288645
-0.298681
-0.308948
-0.319450
-0.330188
-0.341166
-0.352386
-0.363850
-0.375562
-0.387523
-0.399737
-0.412206
-0.424932
-0.437919
-0.451169
-0.464685
-0.478470
-0.492525
-0.506854
-0.521459
-0.536343
-0.551509
-0.566958
-0.582694
-0.003186
-0.003223
-0.003319
-0.003466
-0.003661
-0.003902
-0.004188
-0.004520
-0.004900
-0.005329
-0.005808
-0.006340
-0.006927
-0.007572
-0.008275
-0.009041
-0.009870
-0.010766
-0.011731
-0.012767
-0.013877
-0.015063
-0.016328
-0.017673
-0.019102
-0.020617
-0.022220
-0.023914
-0.025701
-0.027584
-0.029564
-0.031646
-0.033830
-0.036120
-0.038517
-0.041025
-0.043646
-0.046382
-0.049235
-0.052209
-0.055305
-0.058526
-0.061875
-0.065354
-0.068965
-0.072711
-0.076594
-0.080617
-0.084782
-0.089092
-0.093548
-0.098155
-0.102913
-0.107825
-0.112895
-0.118123
-0.123514
-0.129068
-0.134790
-0.140680
-0.146742
-0.152978
-0.159390
-0.165981
-0.172754
-0.179710
-0.186852
-0.194183
-0.201706
-0.209422
-0.217333
-0.225444
-0.233755
-0.242270
-0.250990
-0.259919
-0.269059
-0.278412
-0.287980
-0.297767
-0.307774
-0.318005
-0.328461
-0.339144
-0.350059
-0.361206
-0.372589
-0.384209
-0.396070
-0.408173
-0.420522
-0.433118
-0.445964
-0.459063
-0.472418
-0.486029
-0.499901
-0.514035
-0.528433
-0.543099
-0.003109
-0.003143
-0.003231
-0.003367
-0.003546
-0.003767
-0.004031
-0.004337
-0.004686
-0.005081
-0.005522
-0.006013
-0.006554
-0.007148
-0.007797
-0.008503
-0.009268
-0.010095
-0.010985
-0.011942
-0.012966
-0.014061
-0.015229
-0.016471
-0.017791
-0.019189
-0.020670
-0.022235
-0.023885
-0.025625
-0.027454
-0.029377
-0.031396
-0.033511
-0.035727
-0.038044
-0.040466
-0.042994
-0.045631
-0.048380
-0.051241
-0.054218
-0.057314
-0.060529
-0.063866
-0.067329
-0.070918
-0.074637
-0.078487
-0.082471
-0.086591
-0.090849
-0.095248
-0.099790
-0.104476
-0.109310
-0.114294
-0.119429
-0.124718
-0.130164
-0.135769
-0.141534
-0.147463
-0.153557
-0.159818
-0.166250
-0.172854
-0.179632
-0.186587
-0.193721
-0.201037
-0.208536
-0.216221
-0.224094
-0.232157
-0.240414
-0.248865
-0.257513
-0.266361
-0.275410
-0.284664
-0.294124
-0.303792
-0.313672
-0.323764
-0.334072
-0.344598
-0.355343
-0.366311
-0.377503
-0.388922
-0.400570
-0.412449
-0.424562
-0.436912
-0.449499
-0.462326
-0.475396
-0.488711
-0.502273
-0.003029
-0.003060
-0.003141
-0.003264
-0.003427
-0.003629
-0.003869
-0.004148
-0.004466
-0.004826
-0.005229
-0.005677
-0.006170
-0.006713
-0.007305
-0.007950
-0.008650
-0.009405
-0.010219
-0.011093
-0.012030
-0.013031
-0.014099
-0.015235
-0.016443
-0.017722
-0.019077
-0.020509
-0.022019
-0.023611
-0.025286
-0.027046
-0.028893
-0.030830
-0.032858
-0.034980
-0.037197
-0.039512
-0.041927
-0.044444
-0.047064
-0.049790
-0.052625
-0.055569
-0.058626
-0.061797
-0.065085
-0.068491
-0.072018
-0.075667
-0.079440
-0.083341
-0.087370
-0.091530
-0.095823
-0.100251
-0.104817
-0.109521
-0.114366
-0.119355
-0.124490
-0.129771
-0.135203
-0.140786
-0.146522
-0.152415
-0.158465
-0.164675
-0.171048
-0.177584
-0.184287
-0.191157
-0.198199
-0.205412
-0.212800
-0.220365
-0.228108
-0.236032
-0.244139
-0.252431
-0.260910
-0.269578
-0.278437
-0.287489
-0.296737
-0.306182
-0.315827
-0.325673
-0.335723
-0.345978
-0.356442
-0.367115
-0.378000
-0.389100
-0.400416
-0.411950
-0.423704
-0.435681
-0.447883
-0.460310
-0.002949
-0.002976
-0.003049
-0.003159
-0.003306
-0.003487
-0.003703
-0.003954
-0.004241
-0.004565
-0.004928
-0.005332
-0.005777
-0.006267
-0.006802
-0.007384
-0.008016
-0.008698
-0.009434
-0.010224
-0.011071
-0.011976
-0.012941
-0.013969
-0.015061
-0.016219
-0.017445
-0.018740
-0.020107
-0.021548
-0.023064
-0.024657
-0.026329
-0.028083
-0.029919
-0.031840
-0.033848
-0.035944
-0.038131
-0.040410
-0.042783
-0.045253
-0.047820
-0.050487
-0.053256
-0.056129
-0.059107
-0.062192
-0.065387
-0.068693
-0.072112
-0.075646
-0.079296
-0.083066
-0.086955
-0.090968
-0.095104
-0.099367
-0.103758
-0.108278
-0.112931
-0.117717
-0.122639
-0.127698
-0.132896
-0.138236
-0.143719
-0.149347
-0.155122
-0.161046
-0.167120
-0.173347
-0.179729
-0.186266
-0.192962
-0.199818
-0.206836
-0.214018
-0.221366
-0.228881
-0.236566
-0.244422
-0.252451
-0.260656
-0.269038
-0.277599
-0.286341
-0.295265
-0.304374
-0.313670
-0.323154
-0.332829
-0.342695
-0.352756
-0.363013
-0.373468
-0.384123
-0.394979
-0.406039
-0.417304
-0.002866
-0.002890
-0.002954
-0.003052
-0.003182
-0.003343
-0.003534
-0.003756
-0.004011
-0.004299
-0.004621
-0.004980
-0.005376
-0.005811
-0.006287
-0.006806
-0.007368
-0.007976
-0.008631
-0.009335
-0.010090
-0.010897
-0.011759
-0.012675
-0.013650
-0.014683
-0.015777
-0.016933
-0.018153
-0.019439
-0.020793
-0.022215
-0.023709
-0.025275
-0.026915
-0.028631
-0.030425
-0.032298
-0.034252
-0.036288
-0.038409
-0.040615
-0.042909
-0.045293
-0.047768
-0.050335
-0.052997
-0.055755
-0.058611
-0.061566
-0.064623
-0.067782
-0.071045
-0.074415
-0.077893
-0.081480
-0.085178
-0.088990
-0.092916
-0.096958
-0.101118
-0.105397
-0.109798
-0.114323
-0.118971
-0.123746
-0.128650
-0.133683
-0.138847
-0.144144
-0.149577
-0.155146
-0.160853
-0.166699
-0.172688
-0.178820
-0.185096
-0.191520
-0.198091
-0.204813
-0.211686
-0.218713
-0.225895
-0.233233
-0.240731
-0.248388
-0.256207
-0.264190
-0.272337
-0.280652
-0.289135
-0.297789
-0.306615
-0.315614
-0.324789
-0.334141
-0.343671
-0.353383
-0.363276
-0.373353
-0.002782
-0.002803
-0.002858
-0.002943
-0.003056
-0.003195
-0.003361
-0.003555
-0.003776
-0.004027
-0.004308
-0.004621
-0.004967
-0.005347
-0.005763
-0.006216
-0.006708
-0.007240
-0.007813
-0.008430
-0.009091
-0.009798
-0.010553
-0.011357
-0.012211
-0.013117
-0.014076
-0.015091
-0.016162
-0.017290
-0.018478
-0.019727
-0.021038
-0.022413
-0.023854
-0.025361
-0.026936
-0.028581
-0.030298
-0.032087
-0.033950
-0.035889
-0.037905
-0.039999
-0.042174
-0.044431
-0.046771
-0.049195
-0.051705
-0.054303
-0.056989
-0.059767
-0.062636
-0.065598
-0.068656
-0.071810
-0.075062
-0.078413
-0.081865
-0.085419
-0.089078
-0.092841
-0.096711
-0.100690
-0.104778
-0.108978
-0.113290
-0.117717
-0.122259
-0.126918
-0.131696
-0.136594
-0.141614
-0.146757
-0.152024
-0.157418
-0.162939
-0.168589
-0.174370
-0.180282
-0.186329
-0.192510
-0.198828
-0.205283
-0.211879
-0.218615
-0.225493
-0.232516
-0.239684
-0.246999
-0.254462
-0.262075
-0.269840
-0.277757
-0.285829
-0.294057
-0.302442
-0.310986
-0.319690
-0.328556
-0.002696
-0.002714
-0.002761
-0.002833
-0.002928
-0.003045
-0.003186
-0.003350
-0.003538
-0.003751
-0.003990
-0.004256
-0.004551
-0.004875
-0.005230
-0.005617
-0.006037
-0.006492
-0.006982
-0.007510
-0.008076
-0.008681
-0.009328
-0.010016
-0.010748
-0.011525
-0.012348
-0.013218
-0.014137
-0.015106
-0.016125
-0.017198
-0.018324
-0.019504
-0.020742
-0.022036
-0.023390
-0.024803
-0.026278
-0.027816
-0.029417
-0.031084
-0.032817
-0.034618
-0.036488
-0.038428
-0.040440
-0.042525
-0.044684
-0.046918
-0.049229
-0.051618
-0.054087
-0.056635
-0.059266
-0.061979
-0.064777
-0.067661
-0.070631
-0.073690
-0.076838
-0.080076
-0.083407
-0.086831
-0.090350
-0.093964
-0.097676
-0.101486
-0.105395
-0.109406
-0.113518
-0.117735
-0.122056
-0.126483
-0.131017
-0.135660
-0.140413
-0.145277
-0.150254
-0.155344
-0.160550
-0.165872
-0.171311
-0.176869
-0.182547
-0.188347
-0.194270
-0.200316
-0.206488
-0.212786
-0.219213
-0.225768
-0.232454
-0.239271
-0.246222
-0.253307
-0.260527
-0.267884
-0.275380
-0.283014
-0.002610
-0.002624
-0.002662
-0.002720
-0.002798
-0.002894
-0.003009
-0.003143
-0.003297
-0.003471
-0.003668
-0.003887
-0.004129
-0.004397
-0.004690
-0.005009
-0.005357
-0.005733
-0.006139
-0.006577
-0.007046
-0.007549
-0.008085
-0.008657
-0.009266
-0.009911
-0.010596
-0.011320
-0.012084
-0.012891
-0.013740
-0.014633
-0.015571
-0.016555
-0.017586
-0.018665
-0.019793
-0.020972
-0.022202
-0.023485
-0.024821
-0.026212
-0.027658
-0.029161
-0.030722
-0.032342
-0.034021
-0.035762
-0.037565
-0.039430
-0.041360
-0.043356
-0.045417
-0.047546
-0.049744
-0.052011
-0.054348
-0.056757
-0.059239
-0.061795
-0.064426
-0.067132
-0.069916
-0.072778
-0.075718
-0.078739
-0.081842
-0.085026
-0.088294
-0.091647
-0.095085
-0.098610
-0.102222
-0.105923
-0.109714
-0.113597
-0.117571
-0.121638
-0.125799
-0.130056
-0.134408
-0.138858
-0.143407
-0.148055
-0.152803
-0.157654
-0.162607
-0.167663
-0.172825
-0.178093
-0.183467
-0.188950
-0.194542
-0.200244
-0.206057
-0.211983
-0.218023
-0.224176
-0.230446
-0.236832
-0.002522
-0.002533
-0.002562
-0.002607
-0.002666
-0.002740
-0.002829
-0.002933
-0.003052
-0.003188
-0.003342
-0.003513
-0.003703
-0.003913
-0.004143
-0.004395
-0.004669
-0.004966
-0.005287
-0.005633
-0.006005
-0.006403
-0.006828
-0.007282
-0.007766
-0.008279
-0.008823
-0.009399
-0.010008
-0.010650
-0.011326
-0.012038
-0.012786
-0.013571
-0.014393
-0.015255
-0.016155
-0.017097
-0.018079
-0.019104
-0.020171
-0.021283
-0.022439
-0.023641
-0.024889
-0.026184
-0.027528
-0.028920
-0.030363
-0.031856
-0.033400
-0.034997
-0.036647
-0.038352
-0.040111
-0.041926
-0.043798
-0.045728
-0.047715
-0.049763
-0.051870
-0.054038
-0.056268
-0.058561
-0.060917
-0.063338
-0.065824
-0.068376
-0.070995
-0.073682
-0.076438
-0.079263
-0.082159
-0.085126
-0.088165
-0.091277
-0.094463
-0.097724
-0.101060
-0.104473
-0.107963
-0.111532
-0.115179
-0.118906
-0.122714
-0.126604
-0.130576
-0.134631
-0.138771
-0.142996
-0.147306
-0.151704
-0.156189
-0.160763
-0.165426
-0.170180
-0.175024
-0.179960
-0.184990
-0.190113
-0.002434
-0.002442
-0.002462
-0.002493
-0.002534
-0.002586
-0.002648
-0.002721
-0.002806
-0.002903
-0.003013
-0.003136
-0.003273
-0.003425
-0.003592
-0.003775
-0.003975
-0.004192
-0.004427
-0.004681
-0.004954
-0.005247
-0.005560
-0.005895
-0.006252
-0.006632
-0.007034
-0.007461
-0.007912
-0.008389
-0.008891
-0.009420
-0.009976
-0.010560
-0.011172
-0.011813
-0.012484
-0.013186
-0.013918
-0.014683
-0.015479
-0.016309
-0.017172
-0.018070
-0.019002
-0.019970
-0.020975
-0.022016
-0.023094
-0.024211
-0.025367
-0.026562
-0.027797
-0.029073
-0.030390
-0.031749
-0.033151
-0.034596
-0.036086
-0.037619
-0.039198
-0.040823
-0.042495
-0.044213
-0.045980
-0.047795
-0.049659
-0.051572
-0.053537
-0.055552
-0.057619
-0.059738
-0.061910
-0.064136
-0.066417
-0.068752
-0.071143
-0.073590
-0.076094
-0.078655
-0.081275
-0.083953
-0.086691
-0.089489
-0.092348
-0.095268
-0.098250
-0.101295
-0.104403
-0.107576
-0.110813
-0.114115
-0.117483
-0.120918
-0.124421
-0.127991
-0.131629
-0.135337
-0.139115
-0.142963
-0.002346
-0.002350
-0.002361
-0.002378
-0.002401
-0.002430
-0.002466
-0.002508
-0.002558
-0.002616
-0.002682
-0.002756
-0.002840
-0.002933
-0.003037
-0.003151
-0.003276
-0.003412
-0.003561
-0.003722
-0.003896
-0.004083
-0.004284
-0.004499
-0.004728
-0.004973
-0.005233
-0.005510
-0.005802
-0.006112
-0.006439
-0.006784
-0.007146
-0.007528
-0.007928
-0.008348
-0.008788
-0.009248
-0.009729
-0.010231
-0.010755
-0.011301
-0.011869
-0.012461
-0.013075
-0.013714
-0.014377
-0.015064
-0.015776
-0.016514
-0.017278
-0.018069
-0.018886
-0.019730
-0.020602
-0.021503
-0.022431
-0.023389
-0.024376
-0.025393
-0.026440
-0.027518
-0.028627
-0.029768
-0.030940
-0.032145
-0.033383
-0.034654
-0.035959
-0.037297
-0.038671
-0.040079
-0.041523
-0.043003
-0.044519
-0.046072
-0.047662
-0.049290
-0.050956
-0.052660
-0.054403
-0.056185
-0.058007
-0.059870
-0.061773
-0.063717
-0.065702
-0.067730
-0.069800
-0.071912
-0.074068
-0.076268
-0.078512
-0.080800
-0.083133
-0.085512
-0.087937
-0.090407
-0.092925
-0.095489
-0.002257
-0.002258
-0.002259
-0.002263
-0.002267
-0.002274
-0.002283
-0.002295
-0.002310
-0.002328
-0.002350
-0.002375
-0.002406
-0.002440
-0.002480
-0.002524
-0.002574
-0.002630
-0.002691
-0.002759
-0.002833
-0.002914
-0.003001
-0.003096
-0.003198
-0.003307
-0.003425
-0.003550
-0.003683
-0.003825
-0.003976
-0.004136
-0.004304
-0.004483
-0.004670
-0.004868
-0.005075
-0.005293
-0.005521
-0.005760
-0.006010
-0.006270
-0.006543
-0.006826
-0.007122
-0.007429
-0.007749
-0.008081
-0.008425
-0.008783
-0.009153
-0.009537
-0.009935
-0.010346
-0.010770
-0.011209
-0.011663
-0.012131
-0.012613
-0.013111
-0.013624
-0.014152
-0.014696
-0.015256
-0.015832
-0.016424
-0.017033
-0.017658
-0.018301
-0.018960
-0.019637
-0.020331
-0.021044
-0.021774
-0.022522
-0.023289
-0.024075
-0.024880
-0.025703
-0.026546
-0.027409
-0.028291
-0.029193
-0.030116
-0.031059
-0.032022
-0.033007
-0.034012
-0.035039
-0.036087
-0.037157
-0.038249
-0.039363
-0.040499
-0.041658
-0.042840
-0.044045
-0.045273
-0.046524
-0.047799
-0.002168
-0.002165
-0.002158
-0.002147
-0.002134
-0.002118
-0.002100
-0.002081
-0.002061
-0.002039
-0.002017
-0.001994
-0.001970
-0.001946
-0.001921
-0.001896
-0.001871
-0.001846
-0.001820
-0.001794
-0.001768
-0.001742
-0.001716
-0.001690
-0.001664
-0.001638
-0.001612
-0.001586
-0.001560
-0.001534
-0.001508
-0.001482
-0.001456
-0.001431
-0.001405
-0.001380
-0.001354
-0.001329
-0.001304
-0.001279
-0.001254
-0.001229
-0.001204
-0.001179
-0.001155
-0.001130
-0.001106
-0.001082
-0.001058
-0.001034
-0.001010
-0.000987
-0.000963
-0.000940
-0.000916
-0.000893
-0.000870
-0.000847
-0.000824
-0.000802
-0.000779
-0.000757
-0.000734
-0.000712
-0.000690
-0.000668
-0.000646
-0.000624
-0.000603
-0.000581
-0.000560
-0.000539
-0.000518
-0.000497
-0.000476
-0.000455
-0.000434
-0.000414
-0.000394
-0.000374
-0.000354
-0.000334
-0.000314
-0.000294
-0.000275
-0.000256
-0.000237
-0.000218
-0.000199
-0.000180
-0.000161
-0.000143
-0.000125
-0.000107
-0.000089
-0.000071
-0.000053
-0.000036
-0.000018
-0.000001
-0.002079
-0.002073
-0.002057
-0.002032
-0.002000
-0.001962
-0.001917
-0.001867
-0.001812
-0.001751
-0.001684
-0.001612
-0.001535
-0.001452
-0.001363
-0.001269
-0.001168
-0.001062
-0.000949
-0.000830
-0.000704
-0.000571
-0.000431
-0.000285
-0.000130
0.000031
0.000201
0.000378
0.000564
0.000758
0.000960
0.001171
0.001392
0.001621
0.001860
0.002108
0.002367
0.002635
0.002913
0.003202
0.003502
0.003813
0.004134
0.004467
0.004812
0.005168
0.005536
0.005917
0.006309
0.006715
0.007133
0.007564
0.008008
0.008466
0.008938
0.009423
0.009922
0.010436
0.010965
0.011508
0.012066
0.012639
0.013228
0.013832
0.014452
0.015088
0.015740
0.016409
0.017095
0.017797
0.018517
0.019254
0.020008
0.020781
0.021571
0.022379
0.023206
0.024051
0.024916
0.025799
0.026701
0.027623
0.028565
0.029527
0.030509
0.031511
0.032533
0.033577
0.034641
0.035727
0.036834
0.037963
0.039113
0.040286
0.041481
0.042698
0.043938
0.045201
0.046487
0.047797
-0.001991
-0.001981
-0.001956
-0.001917
-0.001867
-0.001806
-0.001735
-0.001654
-0.001563
-0.001463
-0.001352
-0.001232
-0.001101
-0.000959
-0.000806
-0.000643
-0.000467
-0.000280
-0.000080
0.000133
0.000358
0.000597
0.000850
0.001118
0.001399
0.001696
0.002009
0.002337
0.002682
0.003044
0.003422
0.003819
0.004233
0.004666
0.005117
0.005588
0.006079
0.006590
0.007121
0.007673
0.008247
0.008842
0.009460
0.010101
0.010765
0.011452
0.012163
0.012899
0.013660
0.014445
0.015257
0.016095
0.016959
0.017850
0.018769
0.019715
0.020690
0.021694
0.022727
0.023789
0.024881
0.026004
0.027158
0.028343
0.029559
0.030808
0.032090
0.033404
0.034752
0.036134
0.037550
0.039001
0.040487
0.042009
0.043567
0.045161
0.046793
0.048461
0.050167
0.051912
0.053695
0.055517
0.057379
0.059280
0.061222
0.063205
0.065229
0.067294
0.069402
0.071552
0.073745
0.075982
0.078262
0.080587
0.082956
0.085370
0.087830
0.090336
0.092888
0.095487
-0.001904
-0.001890
-0.001856
-0.001803
-0.001735
-0.001651
-0.001554
-0.001442
-0.001317
-0.001177
-0.001022
-0.000853
-0.000669
-0.000469
-0.000253
-0.000020
0.000231
0.000499
0.000785
0.001090
0.001415
0.001760
0.002126
0.002513
0.002922
0.003354
0.003809
0.004287
0.004791
0.005319
0.005873
0.006454
0.007061
0.007696
0.008360
0.009052
0.009774
0.010526
0.011309
0.012123
0.012970
0.013849
0.014762
0.015709
0.016690
0.017707
0.018760
0.019849
0.020976
0.022141
0.023344
0.024586
0.025869
0.027191
0.028555
0.029961
0.031409
0.032900
0.034435
0.036014
0.037638
0.039308
0.041024
0.042787
0.044598
0.046457
0.048364
0.050322
0.052329
0.054387
0.056497
0.058659
0.060874
0.063141
0.065463
0.067840
0.070272
0.072760
0.075305
0.077906
0.080566
0.083284
0.086061
0.088899
0.091796
0.094755
0.097776
0.100859
0.104005
0.107215
0.110489
0.113828
0.117233
0.120705
0.124243
0.127848
0.131523
0.135266
0.139078
0.142960
-0.001817
-0.001800
-0.001756
-0.001690
-0.001604
-0.001498
-0.001374
-0.001232
-0.001072
-0.000893
-0.000695
-0.000478
-0.000240
0.000018
0.000297
0.000599
0.000923
0.001271
0.001644
0.002041
0.002464
0.002915
0.003392
0.003899
0.004434
0.005000
0.005596
0.006224
0.006885
0.007579
0.008307
0.009070
0.009870
0.010706
0.011579
0.012492
0.013443
0.014435
0.015468
0.016543
0.017660
0.018821
0.020027
0.021278
0.022575
0.023919
0.025311
0.026752
0.028243
0.029783
0.031376
0.033020
0.034717
0.036469
0.038275
0.040136
0.042054
0.044030
0.046063
0.048156
0.050308
0.052521
0.054796
0.057133
0.059533
0.061998
0.064528
0.067124
0.069786
0.072516
0.075315
0.078182
0.081120
0.084129
0.087210
0.090364
0.093591
0.096893
0.100270
0.103723
0.107253
0.110861
0.114548
0.118315
0.122162
0.126090
0.130101
0.134194
0.138372
0.142634
0.146982
0.151417
0.155939
0.160549
0.165248
0.170037
0.174917
0.179889
0.184953
0.190110
-0.001731
-0.001711
-0.001658
-0.001578
-0.001474
-0.001346
-0.001196
-0.001024
-0.000829
-0.000612
-0.000371
-0.000106
0.000184
0.000500
0.000842
0.001211
0.001609
0.002036
0.002494
0.002983
0.003504
0.004058
0.004647
0.005271
0.005932
0.006630
0.007366
0.008142
0.008959
0.009817
0.010718
0.011663
0.012652
0.013687
0.014770
0.015900
0.017079
0.018308
0.019589
0.020921
0.022307
0.023748
0.025244
0.026796
0.028406
0.030074
0.031803
0.033592
0.035442
0.037356
0.039334
0.041376
0.043485
0.045661
0.047905
0.050218
0.052602
0.055057
0.057585
0.060186
0.062862
0.065613
0.068441
0.071347
0.074332
0.077397
0.080543
0.083772
0.087083
0.090479
0.093960
0.097527
0.101182
0.104925
0.108758
0.112682
0.116697
0.120805
0.125007
0.129304
0.133697
0.138187
0.142775
0.147462
0.152250
0.157139
0.162131
0.167225
0.172425
0.177730
0.183142
0.188662
0.194290
0.200029
0.205879
0.211841
0.217915
0.224104
0.230409
0.236829
-0.001646
-0.001623
-0.001561
-0.001468
-0.001346
-0.001197
-0.001021
-0.000819
-0.000590
-0.000334
-0.000051
0.000262
0.000603
0.000976
0.001380
0.001816
0.002287
0.002793
0.003334
0.003913
0.004531
0.005189
0.005887
0.006628
0.007412
0.008241
0.009116
0.010038
0.011009
0.012030
0.013101
0.014225
0.015402
0.016634
0.017923
0.019268
0.020673
0.022137
0.023662
0.025250
0.026901
0.028617
0.030400
0.032250
0.034169
0.036158
0.038219
0.040352
0.042559
0.044841
0.047200
0.049636
0.052151
0.054747
0.057424
0.060184
0.063028
0.065958
0.068974
0.072078
0.075271
0.078554
0.081930
0.085398
0.088961
0.092620
0.096375
0.100228
0.104181
0.108235
0.112391
0.116649
0.121013
0.125482
0.130059
0.134743
0.139538
0.144443
0.149460
0.154591
0.159837
0.165198
0.170677
0.176275
0.181993
0.187831
0.193792
0.199877
0.206087
0.212423
0.218886
0.225479
0.232202
0.239056
0.246043
0.253164
0.260420
0.267812
0.275343
0.283012
-0.001563
-0.001536
-0.001466
-0.001360
-0.001220
-0.001049
-0.000848
-0.000617
-0.000354
-0.000061
0.000265
0.000624
0.001017
0.001445
0.001910
0.002413
0.002955
0.003538
0.004163
0.004831
0.005544
0.006303
0.007110
0.007965
0.008872
0.009830
0.010841
0.011908
0.013031
0.014211
0.015451
0.016751
0.018114
0.019540
0.021032
0.022590
0.024216
0.025911
0.027678
0.029517
0.031430
0.033419
0.035485
0.037629
0.039852
0.042158
0.044546
0.047018
0.049577
0.052222
0.054957
0.057781
0.060697
0.063707
0.066811
0.070011
0.073309
0.076706
0.080204
0.083804
0.087507
0.091316
0.095231
0.099254
0.103387
0.107630
0.111986
0.116456
0.121042
0.125744
0.130565
0.135506
0.140568
0.145754
0.151063
0.156498
0.162061
0.167752
0.173574
0.179527
0.185614
0.191835
0.198192
0.204687
0.211322
0.218097
0.225014
0.232075
0.239281
0.246634
0.254134
0.261785
0.269587
0.277541
0.285650
0.293914
0.302334
0.310914
0.319653
0.328553
-0.001482
-0.001451
-0.001373
-0.001253
-0.001097
-0.000905
-0.000679
-0.000418
-0.000123
0.000208
0.000575
0.000979
0.001423
0.001906
0.002431
0.002999
0.003612
0.004271
0.004977
0.005733
0.006539
0.007399
0.008312
0.009281
0.010307
0.011392
0.012538
0.013746
0.015019
0.016357
0.017762
0.019236
0.020781
0.022398
0.024090
0.025857
0.027701
0.029624
0.031628
0.033715
0.035885
0.038142
0.040486
0.042919
0.045442
0.048059
0.050769
0.053575
0.056479
0.059482
0.062586
0.065793
0.069103
0.072520
0.076044
0.079678
0.083422
0.087279
0.091251
0.095338
0.099544
0.103868
0.108314
0.112883
0.117576
0.122395
0.127342
0.132419
0.137627
0.142968
0.148443
0.154054
0.159804
0.165693
0.171724
0.177898
0.184216
0.190681
0.197293
0.204055
0.210969
0.218036
0.225257
0.232635
0.240172
0.247868
0.255726
0.263747
0.271933
0.280286
0.288807
0.297498
0.306361
0.315398
0.324609
0.333997
0.343564
0.353311
0.363239
0.373350
-0.001402
-0.001368
-0.001282
-0.001149
-0.000976
-0.000763
-0.000512
-0.000224
0.000104
0.000471
0.000879
0.001328
0.001821
0.002358
0.002942
0.003574
0.004256
0.004989
0.005776
0.006618
0.007516
0.008473
0.009491
0.010571
0.011715
0.012925
0.014202
0.015550
0.016969
0.018461
0.020029
0.021674
0.023397
0.025202
0.027089
0.029061
0.031120
0.033267
0.035504
0.037833
0.040256
0.042775
0.045392
0.048108
0.050926
0.053848
0.056874
0.060008
0.063251
0.066605
0.070071
0.073652
0.077350
0.081166
0.085102
0.089161
0.093344
0.097652
0.102089
0.106655
0.111353
0.116184
0.121150
0.126254
0.131497
0.136881
0.142408
0.148080
0.153898
0.159865
0.165982
0.172252
0.178676
0.185257
0.191995
0.198893
0.205952
0.213176
0.220564
0.228120
0.235845
0.243741
0.251811
0.260055
0.268477
0.277077
0.285858
0.294821
0.303968
0.313302
0.322824
0.332537
0.342441
0.352539
0.362833
0.373324
0.384015
0.394907
0.406002
0.417302
-0.001324
-0.001288
-0.001193
-0.001048
-0.000858
-0.000625
-0.000350
-0.000034
0.000326
0.000728
0.001175
0.001669
0.002210
0.002800
0.003442
0.004136
0.004886
0.005692
0.006557
0.007483
0.008471
0.009524
0.010644
0.011832
0.013092
0.014424
0.015830
0.017314
0.018876
0.020520
0.022246
0.024058
0.025957
0.027945
0.030024
0.032197
0.034465
0.036830
0.039295
0.041862
0.044532
0.047308
0.050192
0.053186
0.056292
0.059512
0.062848
0.066302
0.069877
0.073574
0.077395
0.081343
0.085419
0.089626
0.093966
0.098440
0.103052
0.107802
0.112693
0.117727
0.122907
0.128234
0.133710
0.139337
0.145118
0.151055
0.157149
0.163403
0.169819
0.176399
0.183145
0.190058
0.197142
0.204399
0.211829
0.219436
0.227221
0.235187
0.243335
0.251667
0.260186
0.268894
0.277793
0.286886
0.296173
0.305658
0.315341
0.325226
0.335314
0.345608
0.356110
0.366821
0.377745
0.388882
0.400234
0.411805
0.423596
0.435608
0.447845
0.460308
-0.001249
-0.001209
-0.001106
-0.000949
-0.000743
-0.000491
-0.000192
0.000151
0.000541
0.000979
0.001465
0.002001
0.002589
0.003231
0.003929
0.004684
0.005500
0.006377
0.007319
0.008326
0.009403
0.010549
0.011769
0.013063
0.014435
0.015886
0.017418
0.019035
0.020737
0.022528
0.024410
0.026384
0.028454
0.030621
0.032887
0.035256
0.037728
0.040307
0.042994
0.045792
0.048704
0.051731
0.054876
0.058140
0.061527
0.065038
0.068676
0.072443
0.076342
0.080373
0.084541
0.088846
0.093292
0.097880
0.102614
0.107494
0.112524
0.117705
0.123040
0.128531
0.134181
0.139991
0.145965
0.152103
0.158409
0.164885
0.171533
0.178355
0.185354
0.192532
0.199890
0.207433
0.215161
0.223076
0.231182
0.239481
0.247974
0.256664
0.265553
0.274643
0.283937
0.293438
0.303146
0.313065
0.323198
0.333545
0.344110
0.354894
0.365900
0.377131
0.388589
0.400275
0.412192
0.424343
0.436729
0.449353
0.462217
0.475323
0.488674
0.502271
-0.001176
-0.001133
-0.001023
-0.000854
-0.000632
-0.000360
-0.000039
0.000331
0.000751
0.001222
0.001746
0.002323
0.002957
0.003650
0.004402
0.005217
0.006097
0.007043
0.008059
0.009147
0.010308
0.011546
0.012862
0.014260
0.015741
0.017308
0.018963
0.020709
0.022547
0.024482
0.026514
0.028647
0.030883
0.033224
0.035672
0.038231
0.040902
0.043689
0.046592
0.049616
0.052762
0.056033
0.059431
0.062959
0.066620
0.070414
0.074346
0.078417
0.082630
0.086988
0.091492
0.096146
0.100951
0.105910
0.111027
0.116302
0.121738
0.127339
0.133106
0.139042
0.145149
0.151430
0.157887
0.164522
0.171339
0.178340
0.185526
0.192901
0.200467
0.208227
0.216182
0.224336
0.232690
0.241247
0.250011
0.258982
0.268164
0.277558
0.287168
0.296996
0.307044
0.317315
0.327811
0.338535
0.349490
0.360677
0.372099
0.383758
0.395657
0.407800
0.420187
0.432821
0.445706
0.458843
0.472234
0.485883
0.499791
0.513961
0.528396
0.543097
-0.001106
-0.001060
-0.000942
-0.000762
-0.000525
-0.000234
0.000109
0.000504
0.000954
0.001457
0.002018
0.002636
0.003314
0.004055
0.004861
0.005733
0.006675
0.007689
0.008777
0.009942
0.011186
0.012512
0.013923
0.015420
0.017007
0.018686
0.020460
0.022331
0.024302
0.026376
0.028555
0.030841
0.033238
0.035748
0.038373
0.041116
0.043980
0.046968
0.050082
0.053324
0.056698
0.060205
0.063850
0.067633
0.071558
0.075628
0.079845
0.084211
0.088729
0.093403
0.098234
0.103225
0.108379
0.113698
0.119186
0.124844
0.130675
0.136682
0.142868
0.149235
0.155786
0.162523
0.169449
0.176567
0.183879
0.191388
0.199097
0.207009
0.215125
0.223448
0.231982
0.240729
0.249691
0.258871
0.268271
0.277895
0.287745
0.297823
0.308132
0.318675
0.329454
0.340473
0.351733
0.363238
0.374989
0.386990
0.399244
0.411752
0.424518
0.437543
0.450832
0.464387
0.478210
0.492303
0.506669
0.521312
0.536233
0.551435
0.566920
0.582692
-0.001038
-0.000990
-0.000864
-0.000673
-0.000421
-0.000113
0.000251
0.000672
0.001149
0.001685
0.002280
0.002937
0.003659
0.004447
0.005304
0.006232
0.007234
0.008312
0.009470
0.010710
0.012034
0.013446
0.014947
0.016541
0.018231
0.020018
0.021907
0.023899
0.025998
0.028206
0.030526
0.032961
0.035514
0.038187
0.040983
0.043905
0.046955
0.050138
0.053454
0.056908
0.060502
0.064238
0.068120
0.072150
0.076332
0.080667
0.085159
0.089811
0.094624
0.099603
0.104750
0.110067
0.115558
0.121226
0.127072
0.133100
0.139313
0.145714
0.152304
0.159088
0.166067
0.173246
0.180626
0.188210
0.196001
0.204002
0.212216
0.220645
0.229293
0.238162
0.247255
0.256575
0.266124
0.275906
0.285923
0.296177
0.306673
0.317412
0.328397
0.339631
0.351117
0.362858
0.374857
0.387116
0.399639
0.412427
0.425484
0.438812
0.452415
0.466296
0.480457
0.494900
0.509629
0.524647
0.539956
0.555560
0.571460
0.587659
0.604161
0.620968
-0.000973
-0.000922
-0.000790
-0.000588
-0.000322
0.000003
0.000388
0.000833
0.001337
0.001903
0.002532
0.003227
0.003990
0.004823
0.005729
0.006711
0.007771
0.008913
0.010138
0.011449
0.012851
0.014344
0.015933
0.017620
0.019409
0.021301
0.023300
0.025409
0.027631
0.029969
0.032425
0.035003
0.037705
0.040536
0.043496
0.046590
0.049820
0.053190
0.056702
0.060359
0.064165
0.068122
0.072233
0.076501
0.080929
0.085520
0.090278
0.095204
0.100302
0.105575
0.111026
0.116658
0.122474
0.128476
0.134668
0.141053
0.147634
0.154413
0.161393
0.168578
0.175971
0.183574
0.191391
0.199424
0.207676
0.216151
0.224852
0.233780
0.242941
0.252335
0.261967
0.271839
0.281954
0.292315
0.302925
0.313788
0.324905
0.336280
0.347916
0.359816
0.371983
0.384420
0.397131
0.410117
0.423381
0.436928
0.450759
0.464878
0.479288
0.493991
0.508991
0.524292
0.539894
0.555803
0.572020
0.588549
0.605392
0.622552
0.640033
0.657836
-0.000912
-0.000858
-0.000719
-0.000507
-0.000228
0.000115
0.000519
0.000986
0.001517
0.002112
0.002774
0.003505
0.004307
0.005184
0.006138
0.007171
0.008287
0.009488
0.010777
0.012158
0.013633
0.015206
0.016879
0.018655
0.020538
0.022531
0.024636
0.026857
0.029197
0.031659
0.034246
0.036961
0.039808
0.042789
0.045907
0.049166
0.052569
0.056118
0.059818
0.063671
0.067680
0.071848
0.076179
0.080675
0.085340
0.090177
0.095189
0.100379
0.105750
0.111305
0.117048
0.122981
0.129109
0.135433
0.141957
0.148684
0.155617
0.162759
0.170114
0.177685
0.185474
0.193485
0.201720
0.210184
0.218880
0.227809
0.236976
0.246384
0.256036
0.265935
0.276083
0.286485
0.297143
0.308061
0.319240
0.330686
0.342400
0.354386
0.366647
0.379186
0.392006
0.405111
0.418504
0.432187
0.446165
0.460439
0.475013
0.489890
0.505074
0.520567
0.536373
0.552495
0.568936
0.585699
0.602787
0.620204
0.637952
0.656034
0.674454
0.693214
-0.000854
-0.000798
-0.000652
-0.000430
-0.000138
0.000220
0.000644
0.001132
0.001688
0.002311
0.003004
0.003769
0.004610
0.005528
0.006527
0.007609
0.008778
0.010037
0.011388
0.012835
0.014380
0.016028
0.017782
0.019644
0.021617
0.023706
0.025912
0.028241
0.030693
0.033274
0.035986
0.038832
0.041816
0.044941
0.048211
0.051627
0.055195
0.058916
0.062795
0.066834
0.071038
0.075408
0.079949
0.084663
0.089555
0.094626
0.099881
0.105323
0.110955
0.116780
0.122802
0.129024
0.135449
0.142080
0.148921
0.155975
0.163245
0.170735
0.178447
0.186386
0.194554
0.202955
0.211591
0.220467
0.229585
0.238949
0.248562
0.258428
0.268550
0.278930
0.289573
0.300481
0.311658
0.323107
0.334831
0.346833
0.359118
0.371687
0.384545
0.397695
0.411140
0.424883
0.438929
0.453278
0.467937
0.482906
0.498190
0.513792
0.529715
0.545963
0.562539
0.579446
0.596688
0.614268
0.632189
0.650454
0.669067
0.688031
0.707348
0.727022
-0.000799
-0.000740
-0.000589
-0.000357
-0.000053
0.000320
0.000761
0.001271
0.001850
0.002499
0.003222
0.004020
0.004897
0.005855
0.006897
0.008026
0.009245
0.010558
0.011968
0.013477
0.015091
0.016810
0.018640
0.020583
0.022643
0.024822
0.027126
0.029556
0.032116
0.034809
0.037640
0.040611
0.043726
0.046988
0.050401
0.053968
0.057692
0.061577
0.065626
0.069843
0.074231
0.078794
0.083534
0.088456
0.093563
0.098858
0.104344
0.110026
0.115906
0.121988
0.128275
0.134771
0.141479
0.148403
0.155546
0.162911
0.170502
0.178322
0.186374
0.194663
0.203191
0.211962
0.220980
0.230248
0.239768
0.249546
0.259584
0.269885
0.280454
0.291292
0.302405
0.313794
0.325465
0.337419
0.349661
0.362194
0.375021
0.388146
0.401572
0.415303
0.429341
0.443692
0.458357
0.473341
0.488647
0.504278
0.520237
0.536528
0.553155
0.570121
0.587430
0.605085
0.623088
0.641445
0.660158
0.679231
0.698666
0.718468
0.738639
0.759183
-0.000748
-0.000687
-0.000530
-0.000289
0.000026
0.000414
0.000872
0.001401
0.002002
0.002677
0.003428
0.004257
0.005168
0.006163
0.007246
0.008419
0.009686
0.011051
0.012516
0.014085
0.015762
0.017549
0.019451
0.021471
0.023612
0.025879
0.028273
0.030799
0.033461
0.036262
0.039205
0.042294
0.045533
0.048925
0.052473
0.056182
0.060055
0.064094
0.068305
0.072690
0.077253
0.081998
0.086928
0.092046
0.097356
0.102863
0.108568
0.114476
0.120591
0.126916
0.133455
0.140210
0.147186
0.154387
0.161815
0.169475
0.177369
0.185501
0.193876
0.202496
0.211366
0.220488
0.229867
0.239505
0.249407
0.259575
0.270015
0.280729
0.291720
0.302993
0.314550
0.326395
0.338533
0.350966
0.363698
0.376733
0.390073
0.403724
0.417688
0.431968
0.446569
0.461494
0.476747
0.492331
0.508250
0.524507
0.541105
0.558049
0.575342
0.592988
0.610990
0.629351
0.648077
0.667169
0.686631
0.706468
0.726682
0.747278
0.768257
0.789625
-0.000700
-0.000637
-0.000475
-0.000226
0.000100
0.000502
0.000976
0.001523
0.002145
0.002844
0.003621
0.004479
0.005422
0.006452
0.007573
0.008788
0.010101
0.011514
0.013031
0.014656
0.016393
0.018244
0.020214
0.022306
0.024524
0.026872
0.029352
0.031969
0.034727
0.037628
0.040677
0.043877
0.047233
0.050747
0.054423
0.058266
0.062278
0.066463
0.070826
0.075369
0.080097
0.085013
0.090120
0.095423
0.100926
0.106631
0.112543
0.118664
0.125000
0.131554
0.138329
0.145329
0.152558
0.160019
0.167716
0.175652
0.183832
0.192259
0.200937
0.209869
0.219060
0.228512
0.238230
0.248217
0.258478
0.269015
0.279833
0.290935
0.302324
0.314005
0.325981
0.338255
0.350833
0.363717
0.376910
0.390417
0.404241
0.418386
0.432856
0.447654
0.462784
0.478250
0.494056
0.510204
0.526700
0.543546
0.560746
0.578304
0.596224
0.614510
0.633165
0.652192
0.671597
0.691381
0.711549
0.732106
0.753053
0.774395
0.796135
0.818277
-0.000656
-0.000592
-0.000424
-0.000168
0.000169
0.000583
0.001072
0.001636
0.002278
0.002999
0.003800
0.004686
0.005659
0.006722
0.007879
0.009133
0.010487
0.011946
0.013512
0.015189
0.016982
0.018893
0.020927
0.023087
0.025376
0.027800
0.030360
0.033062
0.035909
0.038905
0.042053
0.045357
0.048821
0.052450
0.056246
0.060213
0.064356
0.068678
0.073182
0.077873
0.082755
0.087831
0.093106
0.098582
0.104263
0.110155
0.116259
0.122581
0.129123
0.135891
0.142887
0.150116
0.157580
0.165285
0.173233
0.181429
0.189876
0.198578
0.207540
0.216764
0.226255
0.236016
0.246052
0.256366
0.266962
0.277844
0.289015
0.300480
0.312241
0.324304
0.336672
0.349348
0.362337
0.375641
0.389266
0.403215
0.417491
0.432099
0.447042
0.462324
0.477949
0.493921
0.510244
0.526921
0.543956
0.561354
0.579117
0.597249
0.615756
0.634640
0.653905
0.673556
0.693595
0.714027
0.734855
0.756084
0.777717
0.799758
0.822209
0.845076
-0.000616
-0.000550
-0.000378
-0.000114
0.000232
0.000657
0.001160
0.001741
0.002400
0.003141
0.003966
0.004877
0.005878
0.006972
0.008162
0.009452
0.010845
0.012346
0.013957
0.015683
0.017528
0.019495
0.021587
0.023810
0.026166
0.028660
0.031295
0.034076
0.037006
0.040089
0.043329
0.046730
0.050295
0.054030
0.057937
0.062020
0.066284
0.070733
0.075369
0.080198
0.085223
0.090448
0.095876
0.101513
0.107361
0.113425
0.119709
0.126216
0.132951
0.139917
0.147119
0.154559
0.162243
0.170174
0.178356
0.186792
0.195488
0.204445
0.213670
0.223165
0.232935
0.242983
0.253314
0.263931
0.274839
0.286040
0.297540
0.309342
0.321449
0.333867
0.346598
0.359647
0.373018
0.386714
0.400739
0.415098
0.429794
0.444832
0.460214
0.475946
0.492030
0.508472
0.525275
0.542443
0.559980
0.577889
0.596175
0.614841
0.633892
0.653332
0.673164
0.693393
0.714022
0.735055
0.756496
0.778350
0.800619
0.823308
0.846421
0.869961
-0.000581
-0.000513
-0.000336
-0.000066
0.000289
0.000725
0.001240
0.001836
0.002512
0.003272
0.004118
0.005052
0.006079
0.007200
0.008421
0.009744
0.011174
0.012713
0.014366
0.016137
0.018029
0.020047
0.022194
0.024475
0.026892
0.029451
0.032155
0.035009
0.038015
0.041178
0.044503
0.047993
0.051651
0.055484
0.059493
0.063683
0.068059
0.072624
0.077382
0.082337
0.087494
0.092855
0.098426
0.104211
0.110213
0.116436
0.122884
0.129563
0.136474
0.143623
0.151014
0.158650
0.166536
0.174675
0.183072
0.191730
0.200654
0.209847
0.219314
0.229059
0.239085
0.249398
0.260000
0.270897
0.282091
0.293587
0.305389
0.317502
0.329928
0.342672
0.355738
0.369130
0.382852
0.396909
0.411303
0.426040
0.441123
0.456556
0.472343
0.488488
0.504996
0.521871
0.539116
0.556736
0.574734
0.593115
0.611882
0.631039
0.650591
0.670543
0.690897
0.711659
0.732831
0.754417
0.776423
0.798852
0.821708
0.844994
0.868715
0.892875
-0.000549
-0.000480
-0.000299
-0.000023
0.000340
0.000785
0.001312
0.001921
0.002613
0.003390
0.004255
0.005210
0.006260
0.007408
0.008656
0.010010
0.011472
0.013047
0.014738
0.016549
0.018485
0.020550
0.022746
0.025079
0.027553
0.030171
0.032938
0.035857
0.038933
0.042170
0.045572
0.049143
0.052886
0.056808
0.060910
0.065198
0.069676
0.074347
0.079215
0.084286
0.089563
0.095049
0.100750
0.106669
0.112811
0.119179
0.125778
0.132612
0.139685
0.147001
0.154564
0.162379
0.170448
0.178778
0.187370
0.196230
0.205362
0.214770
0.224458
0.234431
0.244692
0.255245
0.266095
0.277246
0.288702
0.300467
0.312545
0.324940
0.337657
0.350699
0.364070
0.377775
0.391818
0.406203
0.420934
0.436015
0.451450
0.467244
0.483400
0.499923
0.516817
0.534086
0.551735
0.569767
0.588185
0.606996
0.626202
0.645807
0.665817
0.686234
0.707065
0.728312
0.749979
0.772070
0.794591
0.817544
0.840934
0.864765
0.889041
0.913766
-0.000522
-0.000451
-0.000267
0.000014
0.000384
0.000838
0.001376
0.001997
0.002702
0.003495
0.004377
0.005352
0.006422
0.007593
0.008867
0.010247
0.011739
0.013346
0.015071
0.016919
0.018895
0.021001
0.023242
0.025623
0.028147
0.030818
0.033641
0.036620
0.039759
0.043062
0.046533
0.050177
0.053998
0.057999
0.062185
0.066561
0.071130
0.075897
0.080866
0.086040
0.091425
0.097024
0.102842
0.108883
0.115151
0.121649
0.128384
0.135358
0.142576
0.150043
0.157761
0.165736
0.173972
0.182472
0.191241
0.200283
0.209603
0.219205
0.229092
0.239270
0.249742
0.260512
0.271585
0.282966
0.294657
0.306664
0.318990
0.331641
0.344619
0.357929
0.371576
0.385563
0.399895
0.414576
0.429610
0.445002
0.460754
0.476873
0.493362
0.510225
0.527466
0.545091
0.563102
0.581506
0.600304
0.619502
0.639103
0.659112
0.679533
0.700371
0.721631
0.743315
0.765428
0.787974
0.810958
0.834384
0.858256
0.882578
0.907353
0.932587
-0.000499
-0.000427
-0.000240
0.000046
0.000422
0.000884
0.001431
0.002062
0.002780
0.003586
0.004484
0.005475
0.006565
0.007756
0.009052
0.010457
0.011975
0.013609
0.015365
0.017246
0.019256
0.021400
0.023681
0.026103
0.028672
0.031391
0.034264
0.037296
0.040491
0.043852
0.047385
0.051094
0.054982
0.059055
0.063316
0.067770
0.072420
0.077272
0.082329
0.087596
0.093076
0.098776
0.104697
0.110846
0.117226
0.123841
0.130696
0.137794
0.145142
0.152741
0.160598
0.168716
0.177098
0.185750
0.194676
0.203880
0.213367
0.223140
0.233204
0.243564
0.254223
0.265186
0.276458
0.288042
0.299943
0.312164
0.324711
0.337588
0.350798
0.364347
0.378238
0.392475
0.407064
0.422008
0.437312
0.452978
0.469013
0.485421
0.502205
0.519369
0.536919
0.554859
0.573194
0.591927
0.611062
0.630603
0.650555
0.670923
0.691710
0.712921
0.734561
0.756633
0.779142
0.802092
0.825488
0.849334
0.873633
0.898391
0.923610
0.949296
-0.000480
-0.000407
-0.000217
0.000073
0.000454
0.000923
0.001477
0.002118
0.002846
0.003664
0.004575
0.005582
0.006687
0.007896
0.009211
0.010637
0.012178
0.013838
0.015620
0.017529
0.019570
0.021745
0.024061
0.026520
0.029128
0.031888
0.034805
0.037883
0.041126
0.044539
0.048125
0.051890
0.055838
0.059973
0.064299
0.068820
0.073542
0.078468
0.083602
0.088949
0.094513
0.100300
0.106312
0.112554
0.119032
0.125748
0.132708
0.139915
0.147375
0.155091
0.163068
0.171309
0.179820
0.188605
0.197667
0.207012
0.216644
0.226567
0.236785
0.247304
0.258126
0.269258
0.280702
0.292463
0.304546
0.316955
0.329695
0.342769
0.356181
0.369938
0.384041
0.398497
0.413309
0.428483
0.444020
0.459927
0.476208
0.492867
0.509908
0.527336
0.545155
0.563370
0.581986
0.601006
0.620434
0.640276
0.660534
0.681213
0.702319
0.723856
0.745827
0.768238
0.791092
0.814394
0.838148
0.862359
0.887031
0.912168
0.937774
0.963854
-0.000466
-0.000392
-0.000200
0.000093
0.000479
0.000954
0.001515
0.002164
0.002901
0.003729
0.004651
0.005670
0.006789
0.008013
0.009345
0.010789
0.012349
0.014029
0.015834
0.017767
0.019834
0.022037
0.024382
0.026872
0.029513
0.032308
0.035262
0.038379
0.041663
0.045120
0.048752
0.052565
0.056563
0.060751
0.065132
0.069711
0.074493
0.079482
0.084681
0.090097
0.095733
0.101593
0.107682
0.114004
0.120564
0.127367
0.134416
0.141716
0.149271
0.157086
0.165165
0.173512
0.182132
0.191029
0.200208
0.209673
0.219428
0.229478
0.239827
0.250481
0.261442
0.272716
0.284308
0.296220
0.308458
0.321026
0.333929
0.347171
0.360756
0.374688
0.388973
0.403614
0.418617
0.433985
0.449722
0.465833
0.482322
0.499195
0.516455
0.534107
0.552154
0.570604
0.589458
0.608722
0.628400
0.648497
0.669015
0.689960
0.711337
0.733150
0.755403
0.778101
0.801249
0.824850
0.848909
0.873431
0.898419
0.923879
0.949814
0.976228
-0.000456
-0.000382
-0.000188
0.000108
0.000498
0.000977
0.001544
0.002199
0.002943
0.003780
0.004711
0.005740
0.006871
0.008107
0.009452
0.010911
0.012487
0.014184
0.016007
0.017960
0.020048
0.022274
0.024643
0.027159
0.029827
0.032651
0.035635
0.038784
0.042102
0.045594
0.049264
0.053117
0.057156
0.061387
0.065813
0.070440
0.075271
0.080312
0.085565
0.091037
0.096731
0.102652
0.108805
0.115193
0.121821
0.128694
0.135816
0.143192
0.150826
0.158722
0.166885
0.175319
0.184028
0.193018
0.202292
0.211855
0.221712
0.231867
0.242324
0.253088
0.264164
0.275555
0.287267
0.299303
0.311669
0.324368
0.337405
0.350784
0.364511
0.378588
0.393021
0.407815
0.422974
0.438502
0.454403
0.470682
0.487343
0.504391
0.521831
0.539666
0.557902
0.576544
0.595594
0.615059
0.634942
0.655248
0.675979
0.697143
0.718742
0.740782
0.763268
0.786202
0.809591
0.833437
0.857747
0.882524
0.907773
0.933497
0.959702
0.986392
-0.000451
-0.000376
-0.000181
0.000117
0.000510
0.000992
0.001563
0.002223
0.002973
0.003816
0.004755
0.005792
0.006931
0.008177
0.009533
0.011003
0.012591
0.014302
0.016139
0.018108
0.020212
0.022455
0.024843
0.027379
0.030068
0.032914
0.035922
0.039097
0.042441
0.045961
0.049660
0.053543
0.057615
0.061880
0.066341
0.071005
0.075875
0.080956
0.086252
0.091767
0.097507
0.103475
0.109677
0.116116
0.122798
0.129726
0.136905
0.144340
0.152035
0.159995
0.168223
0.176725
0.185504
0.194566
0.203915
0.213555
0.223491
0.233727
0.244268
0.255119
0.266284
0.277767
0.289573
0.301706
0.314171
0.326972
0.340114
0.353601
0.367438
0.381629
0.396178
0.411091
0.426372
0.442024
0.458053
0.474463
0.491258
0.508443
0.526023
0.544002
0.562385
0.581176
0.600380
0.620001
0.640044
0.660513
0.681412
0.702745
0.724519
0.746736
0.769402
0.792521
0.816098
0.840136
0.864641
0.889618
0.915070
0.941001
0.967417
0.994320
-0.000451
-0.000375
-0.000179
0.000121
0.000515
0.001000
0.001574
0.002237
0.002991
0.003839
0.004782
0.005825
0.006971
0.008223
0.009587
0.011065
0.012662
0.014382
0.016230
0.018209
0.020325
0.022581
0.024982
0.027532
0.030236
0.033099
0.036124
0.039316
0.042680
0.046219
0.049939
0.053845
0.057939
0.062228
0.066715
0.071405
0.076303
0.081412
0.086738
0.092285
0.098058
0.104060
0.110297
0.116773
0.123492
0.130460
0.137681
0.145158
0.152897
0.160902
0.169178
0.177728
0.186557
0.195671
0.205073
0.214768
0.224761
0.235056
0.245657
0.256570
0.267798
0.279347
0.291220
0.303423
0.315959
0.328833
0.342050
0.355615
0.369531
0.383803
0.398435
0.413433
0.428801
0.444544
0.460664
0.477167
0.494058
0.511342
0.529023
0.547104
0.565592
0.584491
0.603805
0.623538
0.643696
0.664281
0.685300
0.706755
0.728653
0.750997
0.773793
0.797044
0.820756
0.844931
0.869577
0.894696
0.920293
0.946372
0.972939
0.999997
-0.000455
-0.000379
-0.000183
0.000118
0.000513
0.001000
0.001575
0.002241
0.002997
0.003847
0.004793
0.005840
0.006989
0.008246
0.009613
0.011096
0.012698
0.014424
0.016278
0.018264
0.020387
0.022650
0.025059
0.027618
0.030332
0.033204
0.036239
0.039442
0.042817
0.046368
0.050101
0.054019
0.058128
0.062431
0.066933
0.071640
0.076554
0.081681
0.087025
0.092590
0.098383
0.104405
0.110664
0.117162
0.123904
0.130896
0.138141
0.145644
0.153409
0.161442
0.169745
0.178325
0.187184
0.196329
0.205763
0.215492
0.225518
0.235849
0.246487
0.257437
0.268704
0.280292
0.292206
0.304450
0.317029
0.329947
0.343210
0.356820
0.370784
0.385105
0.399788
0.414837
0.430258
0.446054
0.462229
0.478789
0.495738
0.513081
0.530822
0.548966
0.567517
0.586480
0.605860
0.625662
0.645888
0.666544
0.687634
0.709164
0.731136
0.753557
0.776431
0.799761
0.823554
0.847812
0.872542
0.897747
0.923431
0.949600
0.976257
1.003407
-0.000463
-0.000388
-0.000191
0.000109
0.000505
0.000992
0.001568
0.002233
0.002991
0.003841
0.004788
0.005836
0.006986
0.008244
0.009613
0.011097
0.012701
0.014429
0.016285
0.018273
0.020398
0.022664
0.025075
0.027637
0.030353
0.033228
0.036267
0.039473
0.042852
0.046408
0.050144
0.054067
0.058180
0.062488
0.066996
0.071707
0.076627
0.081760
0.087110
0.092682
0.098481
0.104510
0.110776
0.117281
0.124031
0.131031
0.138284
0.145796
0.153570
0.161612
0.169925
0.178514
0.187384
0.196540
0.205985
0.215724
0.225763
0.236105
0.246755
0.257718
0.268998
0.280599
0.292527
0.304785
0.317378
0.330311
0.343589
0.357216
0.371195
0.385533
0.400233
0.415300
0.430738
0.446552
0.462746
0.479325
0.496294
0.513656
0.531418
0.549583
0.568155
0.587141
0.606543
0.626367
0.646616
0.667296
0.688411
0.709965
0.731962
0.754409
0.777309
0.800667
0.824486
0.848773
0.873530
0.898764
0.924478
0.950677
0.977364
1.004545
-0.000477
-0.000401
-0.000205
0.000095
0.000490
0.000976
0.001551
0.002216
0.002972
0.003821
0.004767
0.005813
0.006962
0.008218
0.009585
0.011068
0.012670
0.014395
0.016249
0.018235
0.020357
0.022621
0.025029
0.027588
0.030301
0.033173
0.036208
0.039411
0.042786
0.046337
0.050070
0.053988
0.058097
0.062400
0.066902
0.071608
0.076523
0.081650
0.086994
0.092560
0.098352
0.104375
0.110633
0.117131
0.123874
0.130866
0.138111
0.145615
0.153380
0.161413
0.169717
0.178296
0.187157
0.196302
0.205736
0.215465
0.225492
0.235823
0.246462
0.257412
0.268679
0.280268
0.292182
0.304427
0.317006
0.329925
0.343188
0.356800
0.370764
0.385086
0.399769
0.414819
0.430240
0.446037
0.462213
0.478774
0.495723
0.513067
0.530809
0.548953
0.567505
0.586469
0.605850
0.625652
0.645879
0.666536
0.687627
0.709157
0.731130
0.753551
0.776426
0.799757
0.823550
0.847809
0.872539
0.897744
0.923430
0.949599
0.976257
1.003408
-0.000494
-0.000419
-0.000224
0.000074
0.000468
0.000952
0.001525
0.002187
0.002940
0.003787
0.004729
0.005771
0.006916
0.008168
0.009531
0.011008
0.012605
0.014324
0.016171
0.018150
0.020266
0.022521
0.024922
0.027472
0.030176
0.033038
0.036062
0.039254
0.042618
0.046157
0.049877
0.053782
0.057877
0.062165
0.066653
0.071343
0.076241
0.081350
0.086676
0.092223
0.097996
0.103999
0.110236
0.116712
0.123432
0.130400
0.137621
0.145100
0.152839
0.160845
0.169121
0.177671
0.186501
0.195616
0.205019
0.214715
0.224708
0.235004
0.245607
0.256521
0.267750
0.279300
0.291174
0.303377
0.315914
0.328789
0.342008
0.355573
0.369490
0.383764
0.398398
0.413397
0.428766
0.444510
0.460631
0.477136
0.494029
0.511314
0.528996
0.547079
0.565568
0.584468
0.603784
0.623518
0.643677
0.664264
0.685284
0.706741
0.728640
0.750986
0.773783
0.797036
0.820748
0.844925
0.869571
0.894691
0.920290
0.946370
0.972938
0.999997
-0.000517
-0.000442
-0.000249
0.000048
0.000439
0.000920
0.001489
0.002148
0.002897
0.003738
0.004675
0.005711
0.006850
0.008095
0.009449
0.010918
0.012506
0.014215
0.016052
0.018020
0.020123
0.022366
0.024753
0.027288
0.029977
0.032823
0.035830
0.039004
0.042348
0.045868
0.049567
0.053450
0.057521
0.061786
0.066248
0.070911
0.075781
0.080862
0.086158
0.091674
0.097414
0.103383
0.109585
0.116025
0.122707
0.129636
0.136816
0.144252
0.151948
0.159909
0.168138
0.176640
0.185421
0.194484
0.203834
0.213475
0.223412
0.233650
0.244193
0.255045
0.266211
0.277696
0.289503
0.301637
0.314104
0.326906
0.340050
0.353539
0.367378
0.381571
0.396122
0.411037
0.426319
0.441974
0.458004
0.474416
0.491213
0.508401
0.525983
0.543964
0.562349
0.581142
0.600348
0.619972
0.640017
0.660487
0.681388
0.702724
0.724499
0.746718
0.769387
0.792508
0.816086
0.840127
0.864633
0.889611
0.915065
0.940998
0.967415
0.994321
-0.000544
-0.000470
-0.000278
0.000016
0.000403
0.000880
0.001445
0.002098
0.002841
0.003676
0.004605
0.005633
0.006762
0.007997
0.009341
0.010798
0.012373
0.014069
0.015891
0.017843
0.019929
0.022154
0.024523
0.027038
0.029705
0.032528
0.035512
0.038661
0.041978
0.045470
0.049140
0.052992
0.057031
0.061262
0.065688
0.070315
0.075146
0.080187
0.085441
0.090913
0.096608
0.102529
0.108682
0.115071
0.121700
0.128574
0.135697
0.143074
0.150709
0.158607
0.166771
0.175206
0.183917
0.192908
0.202184
0.211749
0.221607
0.231764
0.242223
0.252989
0.264067
0.275460
0.287174
0.299212
0.311579
0.324280
0.337320
0.350702
0.364430
0.378511
0.392947
0.407743
0.422905
0.438435
0.454338
0.470619
0.487283
0.504335
0.521777
0.539615
0.557854
0.576498
0.595552
0.615019
0.634905
0.655213
0.675948
0.697114
0.718716
0.740759
0.763247
0.786184
0.809575
0.833425
0.857736
0.882516
0.907767
0.933494
0.959701
0.986392
-0.000575
-0.000503
-0.000313
-0.000022
0.000361
0.000833
0.001392
0.002038
0.002773
0.003599
0.004519
0.005536
0.006654
0.007876
0.009206
0.010648
0.012207
0.013885
0.015689
0.017621
0.019686
0.021888
0.024232
0.026721
0.029361
0.032155
0.035108
0.038225
0.041509
0.044964
0.048596
0.052409
0.056407
0.060594
0.064975
0.069555
0.074337
0.079326
0.084526
0.089942
0.095578
0.101439
0.107529
0.113852
0.120414
0.127217
0.134268
0.141569
0.149125
0.156942
0.165022
0.173371
0.181993
0.190892
0.200072
0.209539
0.219297
0.229350
0.239702
0.250357
0.261321
0.272598
0.284191
0.296106
0.308346
0.320917
0.333823
0.347068
0.360656
0.374592
0.388880
0.403524
0.418530
0.433901
0.449641
0.465755
0.482248
0.499124
0.516387
0.534043
0.552094
0.570547
0.589405
0.608673
0.628354
0.648454
0.668975
0.689924
0.711305
0.733121
0.755378
0.778080
0.801230
0.824834
0.848896
0.873421
0.898412
0.923875
0.949812
0.976229
-0.000611
-0.000540
-0.000353
-0.000066
0.000312
0.000778
0.001329
0.001967
0.002693
0.003509
0.004417
0.005421
0.006525
0.007731
0.009044
0.010468
0.012007
0.013665
0.015445
0.017353
0.019392
0.021566
0.023881
0.026339
0.028945
0.031704
0.034620
0.037697
0.040940
0.044352
0.047938
0.051703
0.055650
0.059785
0.064111
0.068632
0.073354
0.078280
0.083415
0.088763
0.094328
0.100115
0.106128
0.112372
0.118850
0.125568
0.132530
0.139739
0.147200
0.154918
0.162896
0.171140
0.179653
0.188440
0.197505
0.206852
0.216487
0.226413
0.236634
0.247155
0.257981
0.269115
0.280562
0.292326
0.304413
0.316825
0.329567
0.342645
0.356061
0.369821
0.383929
0.398389
0.413205
0.428382
0.443923
0.459834
0.476118
0.492781
0.509827
0.527259
0.545083
0.563302
0.581922
0.600946
0.620378
0.640224
0.660486
0.681170
0.702281
0.723821
0.745797
0.768211
0.791069
0.814374
0.838132
0.862347
0.887022
0.912162
0.937772
0.963855
-0.000652
-0.000581
-0.000398
-0.000116
0.000257
0.000715
0.001258
0.001886
0.002601
0.003404
0.004299
0.005288
0.006375
0.007563
0.008857
0.010260
0.011775
0.013408
0.015162
0.017041
0.019049
0.021191
0.023470
0.025892
0.028459
0.031177
0.034049
0.037080
0.040273
0.043634
0.047167
0.050875
0.054763
0.058836
0.063096
0.067550
0.072201
0.077053
0.082111
0.087378
0.092860
0.098560
0.104483
0.110632
0.117014
0.123631
0.130488
0.137588
0.144938
0.152539
0.160398
0.168518
0.176903
0.185557
0.194486
0.203693
0.213183
0.222959
0.233027
0.243390
0.254053
0.265020
0.276295
0.287882
0.299786
0.312012
0.324563
0.337444
0.350658
0.364211
0.378106
0.392348
0.406942
0.421890
0.437198
0.452869
0.468909
0.485321
0.502109
0.519279
0.536835
0.554780
0.573119
0.591857
0.610997
0.630543
0.650500
0.670873
0.691665
0.712880
0.734525
0.756602
0.779115
0.802069
0.825469
0.849319
0.873622
0.898384
0.923607
0.949297
-0.000696
-0.000627
-0.000447
-0.000171
0.000195
0.000645
0.001178
0.001795
0.002498
0.003287
0.004166
0.005137
0.006205
0.007373
0.008644
0.010022
0.011511
0.013115
0.014838
0.016685
0.018658
0.020762
0.023002
0.025381
0.027903
0.030573
0.033395
0.036373
0.039511
0.042813
0.046284
0.049927
0.053747
0.057748
0.061935
0.066310
0.070880
0.075647
0.080616
0.085791
0.091177
0.096777
0.102596
0.108638
0.114908
0.121409
0.128146
0.135122
0.142343
0.149812
0.157533
0.165510
0.173748
0.182251
0.191024
0.200069
0.209393
0.218998
0.228889
0.239071
0.249547
0.260321
0.271399
0.282783
0.294479
0.306490
0.318821
0.331475
0.344458
0.357773
0.371425
0.385417
0.399755
0.414441
0.429480
0.444876
0.460635
0.476759
0.493253
0.510122
0.527369
0.544999
0.563016
0.581425
0.600229
0.619432
0.639039
0.659054
0.679481
0.700324
0.721589
0.743278
0.765396
0.787947
0.810936
0.834367
0.858244
0.882570
0.907350
0.932589
-0.000745
-0.000678
-0.000502
-0.000231
0.000126
0.000567
0.001090
0.001695
0.002383
0.003156
0.004017
0.004969
0.006016
0.007160
0.008406
0.009756
0.011215
0.012787
0.014476
0.016285
0.018219
0.020281
0.022476
0.024807
0.027279
0.029895
0.032661
0.035579
0.038654
0.041890
0.045291
0.048861
0.052604
0.056525
0.060628
0.064916
0.069393
0.074065
0.078934
0.084006
0.089283
0.094771
0.100473
0.106394
0.112538
0.118909
0.125510
0.132346
0.139422
0.146741
0.154307
0.162124
0.170197
0.178529
0.187125
0.195989
0.205125
0.214537
0.224230
0.234207
0.244472
0.255030
0.265885
0.277040
0.288501
0.300270
0.312353
0.324754
0.337476
0.350523
0.363900
0.377611
0.391660
0.406051
0.420787
0.435874
0.451315
0.467115
0.483277
0.499807
0.516707
0.533982
0.551637
0.569675
0.588100
0.606917
0.626130
0.645742
0.665757
0.686181
0.707018
0.728270
0.749943
0.772040
0.794566
0.817524
0.840920
0.864757
0.889038
0.913768
-0.000798
-0.000732
-0.000561
-0.000297
0.000052
0.000482
0.000993
0.001584
0.002256
0.003012
0.003854
0.004784
0.005807
0.006925
0.008143
0.009462
0.010889
0.012425
0.014075
0.015843
0.017733
0.019749
0.021893
0.024172
0.026588
0.029145
0.031847
0.034699
0.037704
0.040867
0.044190
0.047679
0.051338
0.055170
0.059179
0.063369
0.067745
0.072310
0.077069
0.082025
0.087183
0.092546
0.098119
0.103905
0.109909
0.116135
0.122586
0.129267
0.136181
0.143333
0.150727
0.158367
0.166256
0.174398
0.182799
0.191461
0.200389
0.209587
0.219059
0.228809
0.238841
0.249158
0.259766
0.270667
0.281867
0.293368
0.305176
0.317294
0.329726
0.342476
0.355548
0.368947
0.382676
0.396738
0.411139
0.425882
0.440972
0.456412
0.472205
0.488358
0.504872
0.521754
0.539006
0.556633
0.574638
0.593026
0.611800
0.630965
0.650525
0.670482
0.690844
0.711611
0.732790
0.754383
0.776395
0.798830
0.821692
0.844984
0.868711
0.892877
-0.000855
-0.000791
-0.000625
-0.000369
-0.000029
0.000391
0.000888
0.001464
0.002119
0.002856
0.003676
0.004583
0.005580
0.006669
0.007856
0.009142
0.010532
0.012029
0.013637
0.015360
0.017202
0.019166
0.021256
0.023477
0.025831
0.028323
0.030956
0.033736
0.036664
0.039746
0.042985
0.046385
0.049950
0.053684
0.057591
0.061675
0.065939
0.070388
0.075025
0.079855
0.084881
0.090107
0.095537
0.101176
0.107026
0.113093
0.119380
0.125890
0.132628
0.139597
0.146802
0.154247
0.161934
0.169869
0.178055
0.186496
0.195196
0.204159
0.213389
0.222889
0.232665
0.242719
0.253055
0.263678
0.274591
0.285798
0.297304
0.309112
0.321226
0.333650
0.346389
0.359444
0.372822
0.386525
0.400557
0.414923
0.429627
0.444672
0.460062
0.475801
0.491893
0.508342
0.525153
0.542329
0.559873
0.577791
0.596084
0.614758
0.633817
0.653264
0.673104
0.693340
0.713976
0.735016
0.756464
0.778325
0.800601
0.823297
0.846417
0.869963
-0.000915
-0.000855
-0.000694
-0.000445
-0.000115
0.000292
0.000775
0.001335
0.001971
0.002687
0.003484
0.004365
0.005333
0.006392
0.007545
0.008795
0.010145
0.011600
0.013163
0.014837
0.016626
0.018535
0.020566
0.022723
0.025010
0.027431
0.029990
0.032690
0.035536
0.038530
0.041677
0.044980
0.048444
0.052072
0.055868
0.059836
0.063979
0.068301
0.072806
0.077499
0.082382
0.087459
0.092735
0.098213
0.103897
0.109791
0.115899
0.122224
0.128770
0.135541
0.142541
0.149774
0.157242
0.164951
0.172904
0.181105
0.189557
0.198265
0.207232
0.216462
0.225959
0.235726
0.245768
0.256088
0.266690
0.277579
0.288756
0.300228
0.311997
0.324067
0.336442
0.349125
0.362122
0.375434
0.389066
0.403023
0.417307
0.431923
0.446874
0.462164
0.477797
0.493778
0.510109
0.526794
0.543839
0.561245
0.579017
0.597158
0.615673
0.634565
0.653839
0.673497
0.693544
0.713984
0.734820
0.756057
0.777697
0.799745
0.822205
0.845079
-0.000980
-0.000922
-0.000767
-0.000527
-0.000208
0.000187
0.000655
0.001196
0.001813
0.002506
0.003278
0.004131
0.005069
0.006095
0.007211
0.008422
0.009730
0.011139
0.012653
0.014274
0.016007
0.017856
0.019823
0.021912
0.024128
0.026473
0.028951
0.031566
0.034322
0.037222
0.040270
0.043469
0.046824
0.050337
0.054014
0.057856
0.061868
0.066055
0.070418
0.074962
0.079691
0.084609
0.089718
0.095024
0.100529
0.106237
0.112152
0.118277
0.124617
0.131174
0.137953
0.144958
0.152191
0.159656
0.167358
0.175300
0.183485
0.191918
0.200602
0.209540
0.218737
0.228196
0.237921
0.247915
0.258183
0.268727
0.279552
0.290661
0.302058
0.313746
0.325730
0.338013
0.350598
0.363490
0.376691
0.390207
0.404040
0.418193
0.432672
0.447479
0.462617
0.478093
0.493907
0.510065
0.526570
0.543426
0.560636
0.578203
0.596133
0.614427
0.633092
0.652128
0.671541
0.691334
0.711511
0.732075
0.753031
0.774381
0.796130
0.818281
-0.001048
-0.000992
-0.000844
-0.000613
-0.000305
0.000075
0.000526
0.001049
0.001644
0.002313
0.003059
0.003883
0.004788
0.005778
0.006856
0.008024
0.009287
0.010647
0.012108
0.013674
0.015347
0.017131
0.019030
0.021046
0.023185
0.025448
0.027841
0.030365
0.033025
0.035824
0.038766
0.041854
0.045092
0.048484
0.052032
0.055741
0.059613
0.063654
0.067865
0.072252
0.076816
0.081562
0.086494
0.091614
0.096928
0.102437
0.108146
0.114058
0.120177
0.126506
0.133049
0.139809
0.146790
0.153995
0.161429
0.169094
0.176994
0.185133
0.193514
0.202141
0.211017
0.220146
0.229532
0.239177
0.249087
0.259263
0.269710
0.280432
0.291431
0.302712
0.314278
0.326132
0.338279
0.350720
0.363461
0.376505
0.389855
0.403515
0.417488
0.431777
0.446388
0.461323
0.476585
0.492180
0.508108
0.524375
0.540984
0.557938
0.575241
0.592897
0.610909
0.629281
0.648016
0.667117
0.686589
0.706435
0.726658
0.747263
0.768252
0.789628
-0.001119
-0.001067
-0.000925
-0.000704
-0.000409
-0.000043
0.000391
0.000894
0.001466
0.002110
0.002826
0.003619
0.004490
0.005442
0.006479
0.007603
0.008817
0.010126
0.011531
0.013037
0.014646
0.016362
0.018188
0.020128
0.022184
0.024361
0.026662
0.029090
0.031648
0.034340
0.037169
0.040139
0.043253
0.046515
0.049927
0.053494
0.057219
0.061104
0.065154
0.069372
0.073762
0.078326
0.083069
0.087993
0.093103
0.098401
0.103891
0.109576
0.115461
0.121547
0.127839
0.134340
0.141053
0.147982
0.155130
0.162501
0.170098
0.177924
0.185984
0.194280
0.202815
0.211594
0.220619
0.229895
0.239424
0.249209
0.259255
0.269565
0.280142
0.290990
0.302111
0.313510
0.325190
0.337154
0.349405
0.361948
0.374785
0.387920
0.401356
0.415096
0.429145
0.443506
0.458183
0.473177
0.488493
0.504135
0.520105
0.536408
0.553045
0.570023
0.587342
0.605007
0.623022
0.641389
0.660112
0.679194
0.698640
0.718451
0.738633
0.759187
-0.001194
-0.001145
-0.001011
-0.000800
-0.000517
-0.000167
0.000248
0.000730
0.001278
0.001895
0.002582
0.003341
0.004176
0.005088
0.006081
0.007158
0.008322
0.009575
0.010922
0.012364
0.013906
0.015550
0.017299
0.019158
0.021128
0.023213
0.025417
0.027743
0.030194
0.032773
0.035483
0.038328
0.041311
0.044436
0.047705
0.051121
0.054689
0.058411
0.062291
0.066331
0.070536
0.074908
0.079451
0.084168
0.089062
0.094137
0.099396
0.104842
0.110478
0.116308
0.122335
0.128562
0.134992
0.141629
0.148476
0.155536
0.162813
0.170309
0.178029
0.185975
0.194150
0.202559
0.211204
0.220088
0.229215
0.238588
0.248210
0.258085
0.268215
0.278605
0.289257
0.300175
0.311362
0.322821
0.334555
0.346568
0.358863
0.371444
0.384313
0.397473
0.410929
0.424683
0.438740
0.453101
0.467771
0.482752
0.498048
0.513661
0.529596
0.545856
0.562444
0.579363
0.596616
0.614206
0.632138
0.650414
0.669038
0.688013
0.707341
0.727026
-0.001271
-0.001226
-0.001100
-0.000900
-0.000631
-0.000297
0.000099
0.000559
0.001082
0.001670
0.002325
0.003050
0.003846
0.004717
0.005664
0.006692
0.007802
0.008998
0.010282
0.011658
0.013129
0.014697
0.016366
0.018139
0.020018
0.022007
0.024110
0.026328
0.028666
0.031126
0.033711
0.036425
0.039271
0.042251
0.045369
0.048628
0.052031
0.055581
0.059281
0.063135
0.067146
0.071316
0.075649
0.080148
0.084816
0.089656
0.094672
0.099866
0.105242
0.110802
0.116550
0.122489
0.128622
0.134952
0.141482
0.148215
0.155155
0.162305
0.169667
0.177245
0.185043
0.193062
0.201306
0.209779
0.218483
0.227422
0.236599
0.246017
0.255678
0.265587
0.275745
0.286158
0.296826
0.307754
0.318945
0.330401
0.342127
0.354124
0.366397
0.378947
0.391780
0.404897
0.418301
0.431997
0.445987
0.460273
0.474860
0.489750
0.504946
0.520451
0.536270
0.552404
0.568857
0.585632
0.602732
0.620161
0.637921
0.656015
0.674446
0.693218
-0.001352
-0.001311
-0.001193
-0.001004
-0.000749
-0.000433
-0.000056
0.000380
0.000877
0.001435
0.002058
0.002746
0.003502
0.004329
0.005228
0.006204
0.007258
0.008394
0.009613
0.010920
0.012316
0.013805
0.015390
0.017073
0.018857
0.020746
0.022742
0.024849
0.027068
0.029403
0.031858
0.034434
0.037136
0.039965
0.042925
0.046019
0.049249
0.052620
0.056133
0.059791
0.063598
0.067557
0.071670
0.075941
0.080372
0.084967
0.089729
0.094659
0.099762
0.105040
0.110497
0.116134
0.121956
0.127964
0.134163
0.140554
0.147142
0.153929
0.160917
0.168110
0.175512
0.183124
0.190949
0.198992
0.207254
0.215738
0.224449
0.233388
0.242558
0.251964
0.261606
0.271489
0.281615
0.291988
0.302610
0.313484
0.324613
0.336000
0.347649
0.359561
0.371741
0.384191
0.396914
0.409913
0.423191
0.436751
0.450595
0.464727
0.479150
0.493867
0.508881
0.524194
0.539810
0.555731
0.571961
0.588502
0.605358
0.622530
0.640024
0.657840
-0.001435
-0.001398
-0.001289
-0.001112
-0.000872
-0.000574
-0.000218
0.000194
0.000663
0.001191
0.001779
0.002429
0.003144
0.003925
0.004775
0.005696
0.006692
0.007765
0.008917
0.010151
0.011470
0.012876
0.014373
0.015963
0.017648
0.019432
0.021318
0.023307
0.025403
0.027609
0.029927
0.032360
0.034911
0.037583
0.040379
0.043300
0.046351
0.049534
0.052852
0.056307
0.059902
0.063640
0.067525
0.071558
0.075742
0.080081
0.084577
0.089233
0.094052
0.099036
0.104189
0.109512
0.115009
0.120683
0.126536
0.132571
0.138792
0.145200
0.151799
0.158591
0.165580
0.172767
0.180156
0.187750
0.195551
0.203563
0.211787
0.220227
0.228886
0.237767
0.246871
0.256203
0.265764
0.275557
0.285586
0.295853
0.306361
0.317113
0.328111
0.339358
0.350858
0.362613
0.374625
0.386898
0.399435
0.412237
0.425309
0.438651
0.452268
0.466163
0.480338
0.494795
0.509538
0.524570
0.539893
0.555509
0.571423
0.587636
0.604151
0.620972
-0.001520
-0.001489
-0.001389
-0.001224
-0.001000
-0.000719
-0.000385
0.000002
0.000442
0.000938
0.001491
0.002101
0.002772
0.003506
0.004304
0.005170
0.006105
0.007112
0.008194
0.009353
0.010592
0.011913
0.013318
0.014811
0.016394
0.018069
0.019839
0.021707
0.023675
0.025746
0.027923
0.030207
0.032602
0.035111
0.037736
0.040479
0.043343
0.046331
0.049446
0.052690
0.056065
0.059574
0.063221
0.067007
0.070936
0.075009
0.079230
0.083601
0.088125
0.092803
0.097640
0.102637
0.107798
0.113124
0.118618
0.124284
0.130123
0.136138
0.142333
0.148709
0.155268
0.162015
0.168951
0.176079
0.183402
0.190922
0.198642
0.206565
0.214692
0.223028
0.231574
0.240333
0.249307
0.258500
0.267913
0.277550
0.287413
0.297505
0.307828
0.318384
0.329178
0.340211
0.351486
0.363006
0.374772
0.386788
0.399057
0.411580
0.424361
0.437402
0.450705
0.464275
0.478112
0.492220
0.506601
0.521258
0.536194
0.551410
0.566910
0.582696
-0.001607
-0.001582
-0.001492
-0.001340
-0.001131
-0.000870
-0.000558
-0.000197
0.000214
0.000677
0.001192
0.001762
0.002388
0.003073
0.003818
0.004625
0.005498
0.006438
0.007447
0.008528
0.009684
0.010916
0.012227
0.013620
0.015096
0.016659
0.018310
0.020052
0.021888
0.023820
0.025850
0.027980
0.030214
0.032554
0.035002
0.037560
0.040232
0.043018
0.045923
0.048948
0.052096
0.055369
0.058769
0.062300
0.065964
0.069762
0.073698
0.077774
0.081993
0.086356
0.090866
0.095526
0.100338
0.105304
0.110427
0.115710
0.121155
0.126764
0.132540
0.138485
0.144602
0.150893
0.157360
0.164006
0.170834
0.177846
0.185044
0.192431
0.200009
0.207781
0.215749
0.223915
0.232283
0.240854
0.249630
0.258615
0.267811
0.277220
0.286844
0.296687
0.306750
0.317037
0.327549
0.338289
0.349259
0.360462
0.371899
0.383575
0.395490
0.407648
0.420051
0.432702
0.445602
0.458754
0.472161
0.485826
0.499749
0.513935
0.528385
0.543101
-0.001695
-0.001678
-0.001598
-0.001459
-0.001266
-0.001025
-0.000736
-0.000402
-0.000021
0.000408
0.000885
0.001413
0.001993
0.002627
0.003316
0.004064
0.004872
0.005743
0.006677
0.007678
0.008748
0.009889
0.011103
0.012392
0.013758
0.015205
0.016734
0.018346
0.020046
0.021834
0.023713
0.025685
0.027753
0.029918
0.032184
0.034551
0.037024
0.039603
0.042291
0.045091
0.048004
0.051033
0.054180
0.057447
0.060837
0.064352
0.067995
0.071767
0.075670
0.079708
0.083881
0.088193
0.092646
0.097241
0.101982
0.106870
0.111909
0.117099
0.122443
0.127944
0.133604
0.139424
0.145408
0.151558
0.157875
0.164363
0.171023
0.177858
0.184869
0.192060
0.199432
0.206987
0.214729
0.222659
0.230779
0.239092
0.247600
0.256305
0.265209
0.274315
0.283625
0.293142
0.302867
0.312803
0.322952
0.333316
0.343898
0.354699
0.365722
0.376970
0.388444
0.400147
0.412081
0.424249
0.436651
0.449292
0.462172
0.475295
0.488662
0.502276
-0.001784
-0.001776
-0.001707
-0.001581
-0.001405
-0.001183
-0.000919
-0.000612
-0.000262
0.000131
0.000570
0.001054
0.001587
0.002168
0.002802
0.003488
0.004230
0.005028
0.005886
0.006805
0.007787
0.008833
0.009947
0.011130
0.012384
0.013711
0.015114
0.016593
0.018152
0.019792
0.021516
0.023325
0.025222
0.027209
0.029287
0.031459
0.033727
0.036092
0.038558
0.041126
0.043798
0.046576
0.049462
0.052459
0.055568
0.058792
0.062133
0.065592
0.069172
0.072874
0.076702
0.080656
0.084740
0.088954
0.093301
0.097784
0.102404
0.107164
0.112064
0.117109
0.122299
0.127636
0.133123
0.138762
0.144555
0.150504
0.156611
0.162878
0.169307
0.175900
0.182660
0.189588
0.196686
0.203957
0.211402
0.219024
0.226825
0.234806
0.242970
0.251319
0.259855
0.268581
0.277497
0.286607
0.295912
0.305414
0.315116
0.325018
0.335125
0.345437
0.355956
0.366685
0.377626
0.388781
0.400151
0.411740
0.423548
0.435578
0.447832
0.460312
-0.001874
-0.001876
-0.001819
-0.001707
-0.001547
-0.001346
-0.001106
-0.000827
-0.000509
-0.000151
0.000247
0.000687
0.001171
0.001699
0.002274
0.002898
0.003571
0.004297
0.005076
0.005910
0.006801
0.007752
0.008763
0.009837
0.010976
0.012180
0.013453
0.014797
0.016212
0.017701
0.019265
0.020908
0.022629
0.024432
0.026318
0.028289
0.030348
0.032495
0.034732
0.037062
0.039487
0.042008
0.044627
0.047347
0.050168
0.053093
0.056125
0.059263
0.062512
0.065871
0.069344
0.072932
0.076637
0.080460
0.084405
0.088472
0.092663
0.096981
0.101428
0.106004
0.110712
0.115555
0.120533
0.125648
0.130903
0.136300
0.141840
0.147525
0.153357
0.159338
0.165470
0.171755
0.178194
0.184789
0.191543
0.198457
0.205533
0.212773
0.220178
0.227751
0.235494
0.243409
0.251496
0.259759
0.268199
0.276818
0.285618
0.294600
0.303766
0.313119
0.322660
0.332392
0.342315
0.352432
0.362744
0.373254
0.383964
0.394874
0.405988
0.417306
-0.001964
-0.001979
-0.001934
-0.001835
-0.001692
-0.001512
-0.001297
-0.001046
-0.000761
-0.000440
-0.000083
0.000312
0.000746
0.001220
0.001736
0.002295
0.002899
0.003549
0.004248
0.004996
0.005795
0.006647
0.007553
0.008516
0.009536
0.010616
0.011757
0.012961
0.014229
0.015563
0.016965
0.018437
0.019979
0.021595
0.023284
0.025051
0.026894
0.028818
0.030822
0.032910
0.035082
0.037340
0.039686
0.042122
0.044649
0.047270
0.049984
0.052796
0.055705
0.058714
0.061824
0.065038
0.068356
0.071780
0.075312
0.078955
0.082708
0.086575
0.090557
0.094655
0.098871
0.103207
0.107665
0.112246
0.116951
0.121784
0.126744
0.131835
0.137057
0.142412
0.147902
0.153529
0.159295
0.165200
0.171247
0.177437
0.183772
0.190254
0.196885
0.203665
0.210597
0.217683
0.224924
0.232321
0.239877
0.247593
0.255471
0.263512
0.271718
0.280091
0.288632
0.297344
0.306227
0.315283
0.324514
0.333923
0.343509
0.353276
0.363224
0.373355
-0.002053
-0.002084
-0.002051
-0.001965
-0.001840
-0.001681
-0.001491
-0.001270
-0.001018
-0.000735
-0.000419
-0.000070
0.000313
0.000731
0.001187
0.001680
0.002213
0.002787
0.003404
0.004064
0.004769
0.005521
0.006320
0.007169
0.008069
0.009022
0.010028
0.011090
0.012208
0.013385
0.014621
0.015918
0.017278
0.018703
0.020192
0.021749
0.023375
0.025070
0.026837
0.028677
0.030592
0.032582
0.034650
0.036797
0.039024
0.041333
0.043726
0.046203
0.048767
0.051419
0.054160
0.056991
0.059915
0.062932
0.066045
0.069254
0.072561
0.075968
0.079476
0.083087
0.086802
0.090622
0.094549
0.098584
0.102730
0.106987
0.111357
0.115841
0.120442
0.125159
0.129996
0.134953
0.140031
0.145233
0.150560
0.156012
0.161593
0.167302
0.173142
0.179114
0.185220
0.191461
0.197838
0.204354
0.211009
0.217805
0.224743
0.231825
0.239052
0.246426
0.253949
0.261620
0.269443
0.277419
0.285549
0.293834
0.302276
0.310876
0.319637
0.328558
-0.002140
-0.002191
-0.002170
-0.002098
-0.001991
-0.001853
-0.001689
-0.001497
-0.001279
-0.001034
-0.000761
-0.000459
-0.000127
0.000235
0.000629
0.001056
0.001517
0.002013
0.002546
0.003117
0.003726
0.004376
0.005067
0.005801
0.006578
0.007401
0.008271
0.009188
0.010154
0.011170
0.012238
0.013358
0.014533
0.015762
0.017049
0.018393
0.019796
0.021260
0.022786
0.024374
0.026027
0.027745
0.029530
0.031383
0.033305
0.035298
0.037363
0.039501
0.041714
0.044002
0.046367
0.048810
0.051333
0.053937
0.056622
0.059391
0.062245
0.065184
0.068211
0.071326
0.074531
0.077826
0.081214
0.084696
0.088272
0.091944
0.095714
0.099582
0.103550
0.107619
0.111791
0.116066
0.120447
0.124934
0.129528
0.134230
0.139043
0.143967
0.149004
0.154154
0.159420
0.164803
0.170302
0.175921
0.181660
0.187521
0.193504
0.199611
0.205843
0.212201
0.218688
0.225303
0.232049
0.238926
0.245935
0.253079
0.260357
0.267773
0.275325
0.283017
-0.002224
-0.002301
-0.002292
-0.002233
-0.002143
-0.002028
-0.001889
-0.001727
-0.001544
-0.001337
-0.001107
-0.000852
-0.000573
-0.000268
0.000063
0.000423
0.000810
0.001228
0.001676
0.002156
0.002669
0.003215
0.003796
0.004413
0.005066
0.005758
0.006488
0.007259
0.008070
0.008924
0.009821
0.010762
0.011748
0.012781
0.013861
0.014989
0.016168
0.017396
0.018677
0.020010
0.021397
0.022839
0.024337
0.025892
0.027506
0.029178
0.030911
0.032705
0.034561
0.036480
0.038465
0.040514
0.042630
0.044814
0.047067
0.049390
0.051783
0.054248
0.056787
0.059399
0.062087
0.064850
0.067691
0.070611
0.073609
0.076689
0.079849
0.083093
0.086420
0.089832
0.093329
0.096913
0.100586
0.104347
0.108198
0.112141
0.116175
0.120303
0.124525
0.128843
0.133256
0.137768
0.142378
0.147087
0.151898
0.156809
0.161824
0.166942
0.172165
0.177494
0.182930
0.188474
0.194127
0.199890
0.205764
0.211750
0.217849
0.224062
0.230390
0.236834
-0.002303
-0.002413
-0.002416
-0.002370
-0.002298
-0.002204
-0.002091
-0.001960
-0.001811
-0.001643
-0.001457
-0.001251
-0.001025
-0.000777
-0.000509
-0.000218
0.000096
0.000434
0.000796
0.001184
0.001599
0.002040
0.002510
0.003008
0.003536
0.004095
0.004685
0.005307
0.005962
0.006652
0.007375
0.008135
0.008931
0.009764
0.010636
0.011546
0.012497
0.013488
0.014520
0.015595
0.016714
0.017877
0.019084
0.020338
0.021638
0.022986
0.024383
0.025828
0.027324
0.028871
0.030470
0.032121
0.033826
0.035585
0.037400
0.039271
0.041199
0.043184
0.045229
0.047333
0.049497
0.051723
0.054011
0.056361
0.058776
0.061255
0.063800
0.066411
0.069089
0.071836
0.074652
0.077537
0.080493
0.083521
0.086621
0.089794
0.093041
0.096363
0.099761
0.103235
0.106787
0.110418
0.114128
0.117917
0.121788
0.125740
0.129775
0.133893
0.138095
0.142383
0.146756
0.151216
0.155764
0.160400
0.165125
0.169940
0.174845
0.179843
0.184932
0.190115
-0.002376
-0.002530
-0.002542
-0.002509
-0.002453
-0.002382
-0.002296
-0.002195
-0.002081
-0.001953
-0.001810
-0.001653
-0.001480
-0.001291
-0.001086
-0.000864
-0.000625
-0.000368
-0.000092
0.000204
0.000519
0.000855
0.001212
0.001591
0.001993
0.002417
0.002865
0.003338
0.003835
0.004358
0.004908
0.005484
0.006088
0.006720
0.007381
0.008071
0.008791
0.009542
0.010325
0.011140
0.011987
0.012868
0.013782
0.014732
0.015716
0.016737
0.017794
0.018888
0.020020
0.021191
0.022401
0.023650
0.024940
0.026271
0.027643
0.029058
0.030516
0.032018
0.033564
0.035155
0.036791
0.038473
0.040203
0.041979
0.043804
0.045678
0.047601
0.049574
0.051598
0.053674
0.055801
0.057981
0.060214
0.062501
0.064843
0.067239
0.069692
0.072201
0.074767
0.077391
0.080073
0.082815
0.085616
0.088477
0.091399
0.094383
0.097429
0.100538
0.103710
0.106947
0.110248
0.113614
0.117046
0.120545
0.124111
0.127744
0.131446
0.135216
0.139056
0.142965
-0.002439
-0.002651
-0.002670
-0.002648
-0.002611
-0.002561
-0.002501
-0.002432
-0.002353
-0.002264
-0.002166
-0.002057
-0.001938
-0.001809
-0.001668
-0.001515
-0.001351
-0.001175
-0.000986
-0.000784
-0.000568
-0.000338
-0.000094
0.000164
0.000438
0.000727
0.001033
0.001354
0.001693
0.002049
0.002423
0.002814
0.003225
0.003654
0.004103
0.004571
0.005060
0.005570
0.006101
0.006653
0.007227
0.007824
0.008444
0.009086
0.009753
0.010444
0.011159
0.011900
0.012666
0.013457
0.014275
0.015120
0.015992
0.016891
0.017819
0.018775
0.019760
0.020774
0.021818
0.022892
0.023996
0.025132
0.026299
0.027498
0.028729
0.029993
0.031290
0.032621
0.033986
0.035385
0.036819
0.038289
0.039794
0.041336
0.042914
0.044529
0.046181
0.047871
0.049600
0.051367
0.053174
0.055020
0.056906
0.058833
0.060801
0.062809
0.064860
0.066952
0.069087
0.071265
0.073487
0.075752
0.078061
0.080415
0.082814
0.085258
0.087747
0.090282
0.092864
0.095492
-0.002490
-0.002779
-0.002799
-0.002789
-0.002768
-0.002741
-0.002708
-0.002670
-0.002626
-0.002577
-0.002523
-0.002464
-0.002399
-0.002328
-0.002252
-0.002170
-0.002081
-0.001986
-0.001884
-0.001776
-0.001660
-0.001537
-0.001407
-0.001270
-0.001124
-0.000970
-0.000809
-0.000638
-0.000459
-0.000271
-0.000074
0.000132
0.000348
0.000574
0.000810
0.001055
0.001312
0.001579
0.001856
0.002145
0.002445
0.002757
0.003080
0.003415
0.003762
0.004122
0.004494
0.004879
0.005277
0.005688
0.006112
0.006550
0.007002
0.007468
0.007949
0.008444
0.008953
0.009477
0.010017
0.010572
0.011142
0.011729
0.012331
0.012949
0.013584
0.014236
0.014904
0.015589
0.016292
0.017012
0.017750
0.018506
0.019280
0.020072
0.020883
0.021713
0.022562
0.023429
0.024317
0.025224
0.026150
0.027097
0.028064
0.029052
0.030060
0.031090
0.032140
0.033212
0.034305
0.035420
0.036557
0.037716
0.038897
0.040101
0.041328
0.042577
0.043849
0.045144
0.046462
0.047802
-0.002522
-0.002917
-0.002930
-0.002930
-0.002927
-0.002922
-0.002915
-0.002908
-0.002900
-0.002891
-0.002882
-0.002872
-0.002861
-0.002849
-0.002838
-0.002825
-0.002812
-0.002799
-0.002785
-0.002770
-0.002755
-0.002740
-0.002723
-0.002707
-0.002690
-0.002672
-0.002654
-0.002636
-0.002616
-0.002597
-0.002577
-0.002556
-0.002535
-0.002513
-0.002491
-0.002469
-0.002446
-0.002422
-0.002398
-0.002373
-0.002348
-0.002323
-0.002297
-0.002270
-0.002243
-0.002215
-0.002187
-0.002159
-0.002130
-0.002100
-0.002070
-0.002039
-0.002008
-0.001977
-0.001945
-0.001912
-0.001879
-0.001846
-0.001811
-0.001777
-0.001742
-0.001706
-0.001670
-0.001634
-0.001597
-0.001559
-0.001521
-0.001483
-0.001444
-0.001404
-0.001364
-0.001323
-0.001282
-0.001241
-0.001199
-0.001156
-0.001113
-0.001070
-0.001026
-0.000981
-0.000936
-0.000891
-0.000845
-0.000798
-0.000751
-0.000704
-0.000656
-0.000607
-0.000558
-0.000509
-0.000459
-0.000409
-0.000358
-0.000306
-0.000254
-0.000202
-0.000149
-0.000096
-0.000043
0.000004
