-0.847525
-0.846393
-0.843514
-0.839248
-0.833854
-0.827526
-0.820410
-0.812619
-0.804240
-0.795346
-0.785993
-0.776228
-0.766090
-0.755612
-0.744820
-0.733737
-0.722383
-0.710774
-0.698924
-0.686845
-0.674547
-0.662039
-0.649328
-0.636420
-0.623321
-0.610035
-0.596566
-0.582916
-0.569087
-0.555082
-0.540902
-0.526547
-0.512018
-0.497315
-0.482437
-0.467383
-0.452154
-0.436746
-0.421160
-0.405393
-0.389444
-0.373309
-0.356988
-0.340476
-0.323773
-0.306875
-0.289779
-0.272481
-0.254980
-0.237271
-0.219351
-0.201217
-0.182864
-0.164291
-0.145491
-0.126463
-0.107202
-0.087703
-0.067963
-0.047979
-0.027744
-0.007256
0.013489
0.034497
0.055772
0.077317
0.099138
0.121239
0.143625
0.166299
0.189267
0.212534
0.236103
0.259980
0.284169
0.308675
0.333503
0.358658
0.384144
0.409966
0.436129
0.462638
0.489498
0.516713
0.544290
0.572231
0.600543
0.629230
0.658297
0.687749
0.717592
0.747829
0.778467
0.809509
0.840961
0.872829
0.905116
0.937827
0.970969
1.004545
-0.847559
-0.846428
-0.843550
-0.839284
-0.833891
-0.827565
-0.820450
-0.812661
-0.804284
-0.795392
-0.786041
-0.776278
-0.766143
-0.755666
-0.744877
-0.733797
-0.722446
-0.710839
-0.698992
-0.686916
-0.674621
-0.662116
-0.649408
-0.636504
-0.623408
-0.610126
-0.596660
-0.583014
-0.569189
-0.555189
-0.541012
-0.526662
-0.512138
-0.497439
-0.482566
-0.467518
-0.452294
-0.436892
-0.421311
-0.405550
-0.389607
-0.373479
-0.357164
-0.340660
-0.323964
-0.307073
-0.289984
-0.272695
-0.255201
-0.237501
-0.219590
-0.201464
-0.183122
-0.164557
-0.145768
-0.126750
-0.107499
-0.088011
-0.068283
-0.048310
-0.028087
-0.007612
0.013122
0.034117
0.055378
0.076910
0.098717
0.120803
0.143174
0.165833
0.188785
0.212036
0.235588
0.259448
0.283620
0.308108
0.332918
0.358054
0.383521
0.409324
0.435467
0.461955
0.488794
0.515988
0.543542
0.571462
0.599751
0.628414
0.657457
0.686885
0.716703
0.746914
0.777526
0.808542
0.839967
0.871807
0.904066
0.936749
0.969861
1.003408
-0.847662
-0.846532
-0.843656
-0.839393
-0.834004
-0.827682
-0.820572
-0.812787
-0.804417
-0.795530
-0.786185
-0.776429
-0.766300
-0.755831
-0.745049
-0.733976
-0.722633
-0.711034
-0.699196
-0.687128
-0.674842
-0.662347
-0.649649
-0.636754
-0.623669
-0.610397
-0.596943
-0.583308
-0.569496
-0.555507
-0.541344
-0.527007
-0.512496
-0.497812
-0.482954
-0.467922
-0.452714
-0.437329
-0.421765
-0.406022
-0.390097
-0.373989
-0.357694
-0.341210
-0.324535
-0.307666
-0.290601
-0.273335
-0.255866
-0.238191
-0.220306
-0.202208
-0.183892
-0.165357
-0.146598
-0.127610
-0.108391
-0.088936
-0.069241
-0.049302
-0.029115
-0.008676
0.012019
0.032975
0.054197
0.075688
0.097452
0.119495
0.141821
0.164435
0.187340
0.210542
0.234045
0.257855
0.281974
0.306410
0.331165
0.356245
0.381654
0.407398
0.433482
0.459909
0.486685
0.513815
0.541303
0.569155
0.597375
0.625968
0.654940
0.684295
0.714037
0.744173
0.774706
0.805642
0.836987
0.868743
0.900918
0.933515
0.966539
0.999997
-0.847835
-0.846706
-0.843833
-0.839574
-0.834191
-0.827876
-0.820774
-0.812999
-0.804637
-0.795760
-0.786426
-0.776681
-0.766563
-0.756105
-0.745335
-0.734275
-0.722945
-0.711360
-0.699535
-0.687482
-0.675211
-0.662732
-0.650050
-0.637172
-0.624104
-0.610850
-0.597414
-0.583799
-0.570006
-0.556038
-0.541897
-0.527582
-0.513094
-0.498434
-0.483601
-0.468594
-0.453413
-0.438056
-0.422521
-0.406808
-0.390914
-0.374837
-0.358575
-0.342126
-0.325487
-0.308655
-0.291627
-0.274401
-0.256973
-0.239339
-0.221498
-0.203445
-0.185176
-0.166688
-0.147978
-0.129042
-0.109875
-0.090474
-0.070835
-0.050954
-0.030826
-0.010448
0.010184
0.031076
0.052231
0.073653
0.095348
0.117319
0.139571
0.162108
0.184935
0.208057
0.231478
0.255203
0.279236
0.303583
0.328247
0.353234
0.378549
0.404195
0.430178
0.456503
0.483174
0.510197
0.537576
0.565316
0.593421
0.621898
0.650750
0.679983
0.709601
0.739610
0.770013
0.800817
0.832026
0.863645
0.895679
0.928133
0.961012
0.994321
-0.848076
-0.846949
-0.844080
-0.839829
-0.834454
-0.828149
-0.821058
-0.813294
-0.804945
-0.796083
-0.786762
-0.777033
-0.766930
-0.756489
-0.745736
-0.734693
-0.723381
-0.711815
-0.700010
-0.687977
-0.675728
-0.663270
-0.650610
-0.637756
-0.624712
-0.611483
-0.598073
-0.584484
-0.570720
-0.556781
-0.542669
-0.528385
-0.513930
-0.499304
-0.484505
-0.469534
-0.454391
-0.439072
-0.423578
-0.407906
-0.392055
-0.376023
-0.359808
-0.343406
-0.326817
-0.310036
-0.293062
-0.275891
-0.258519
-0.240945
-0.223164
-0.205174
-0.186970
-0.168549
-0.149908
-0.131043
-0.111949
-0.092624
-0.073063
-0.053262
-0.033217
-0.012925
0.007620
0.028422
0.049484
0.070811
0.092407
0.114278
0.136426
0.158857
0.181575
0.204585
0.227892
0.251499
0.275411
0.299634
0.324171
0.349028
0.374209
0.399719
0.425563
0.451745
0.478271
0.505144
0.532370
0.559954
0.587900
0.616213
0.644898
0.673961
0.703405
0.733236
0.763458
0.794077
0.825097
0.856524
0.888362
0.920616
0.953291
0.986392
-0.848385
-0.847261
-0.844398
-0.840155
-0.834791
-0.828499
-0.821422
-0.813674
-0.805342
-0.796497
-0.787195
-0.777484
-0.767402
-0.756982
-0.746251
-0.735231
-0.723942
-0.712400
-0.700620
-0.688614
-0.676391
-0.663961
-0.651330
-0.638506
-0.625493
-0.612296
-0.598919
-0.585365
-0.571636
-0.557735
-0.543661
-0.529418
-0.515004
-0.500420
-0.485666
-0.470742
-0.455646
-0.440377
-0.424934
-0.409316
-0.393520
-0.377546
-0.361389
-0.345049
-0.328524
-0.311809
-0.294903
-0.277802
-0.260503
-0.243004
-0.225301
-0.207391
-0.189271
-0.170936
-0.152383
-0.133609
-0.114610
-0.095381
-0.075920
-0.056223
-0.036284
-0.016100
0.004332
0.025018
0.045961
0.067166
0.088637
0.110378
0.132394
0.154689
0.177268
0.200134
0.223293
0.246749
0.270507
0.294571
0.318946
0.343636
0.368647
0.393982
0.419647
0.445646
0.471984
0.498666
0.525696
0.553080
0.580822
0.608925
0.637397
0.666241
0.695462
0.725065
0.755055
0.785437
0.816216
0.847396
0.878983
0.910980
0.943394
0.976229
-0.848764
-0.847642
-0.844786
-0.840554
-0.835203
-0.828926
-0.821867
-0.814137
-0.805826
-0.797002
-0.787723
-0.778036
-0.767979
-0.757584
-0.746880
-0.735888
-0.724627
-0.713115
-0.701365
-0.689391
-0.677200
-0.664804
-0.652209
-0.639421
-0.626446
-0.613288
-0.599952
-0.586439
-0.572755
-0.558898
-0.544872
-0.530677
-0.516313
-0.501782
-0.487082
-0.472214
-0.457177
-0.441968
-0.426588
-0.411035
-0.395307
-0.379402
-0.363318
-0.347053
-0.330605
-0.313970
-0.297147
-0.280132
-0.262922
-0.245515
-0.227907
-0.210094
-0.192075
-0.173844
-0.155399
-0.136736
-0.117851
-0.098741
-0.079402
-0.059829
-0.040020
-0.019969
0.000327
0.020872
0.041671
0.062727
0.084045
0.105629
0.127483
0.149612
0.172021
0.194713
0.217693
0.240965
0.264534
0.288405
0.312582
0.337070
0.361873
0.386995
0.412443
0.438219
0.464329
0.490778
0.517570
0.544709
0.572202
0.600051
0.628263
0.656841
0.685790
0.715117
0.744824
0.774918
0.805402
0.836282
0.867562
0.899248
0.931344
0.963854
-0.849210
-0.848092
-0.845244
-0.841025
-0.835690
-0.829431
-0.822392
-0.814685
-0.806397
-0.797599
-0.788347
-0.778688
-0.768660
-0.758295
-0.747622
-0.736663
-0.725436
-0.713958
-0.702245
-0.690307
-0.678156
-0.665800
-0.653246
-0.640501
-0.627571
-0.614459
-0.601170
-0.587708
-0.574074
-0.560271
-0.546300
-0.532162
-0.517858
-0.503388
-0.488753
-0.473951
-0.458982
-0.443844
-0.428538
-0.413061
-0.397413
-0.381590
-0.365591
-0.349414
-0.333056
-0.316516
-0.299791
-0.282877
-0.265771
-0.248472
-0.230975
-0.213278
-0.195377
-0.177269
-0.158951
-0.140418
-0.121668
-0.102697
-0.083501
-0.064075
-0.044418
-0.024523
-0.004388
0.015992
0.036620
0.057501
0.078639
0.100039
0.121703
0.143638
0.165846
0.188332
0.211102
0.234158
0.257506
0.281150
0.305094
0.329343
0.353902
0.378775
0.403966
0.429480
0.455322
0.481496
0.508008
0.534861
0.562060
0.589610
0.617515
0.645781
0.674412
0.703413
0.732788
0.762542
0.792680
0.823207
0.854127
0.885446
0.917167
0.949296
-0.849725
-0.848610
-0.845773
-0.841568
-0.836251
-0.830013
-0.822998
-0.815316
-0.807056
-0.798287
-0.789066
-0.779439
-0.769445
-0.759115
-0.748478
-0.737556
-0.726368
-0.714930
-0.703258
-0.691364
-0.679257
-0.666947
-0.654441
-0.641745
-0.628866
-0.615807
-0.602574
-0.589168
-0.575593
-0.561851
-0.547944
-0.533871
-0.519636
-0.505237
-0.490674
-0.475949
-0.461058
-0.446003
-0.430781
-0.415392
-0.399835
-0.384106
-0.368204
-0.352129
-0.335876
-0.319444
-0.302830
-0.286032
-0.269046
-0.251870
-0.234502
-0.216936
-0.199172
-0.181205
-0.163032
-0.144649
-0.126053
-0.107241
-0.088209
-0.068953
-0.049469
-0.029754
-0.009804
0.010386
0.030820
0.051500
0.072432
0.093619
0.115066
0.136777
0.158756
0.181007
0.203534
0.226343
0.249437
0.272820
0.296497
0.320473
0.344751
0.369337
0.394234
0.419448
0.444982
0.470842
0.497032
0.523556
0.550419
0.577625
0.605180
0.633088
0.661352
0.689979
0.718973
0.748338
0.778078
0.808200
0.838707
0.869605
0.900896
0.932588
-0.850307
-0.849197
-0.846371
-0.842182
-0.836886
-0.830672
-0.823684
-0.816031
-0.807802
-0.799066
-0.789880
-0.780289
-0.770333
-0.760043
-0.749446
-0.738566
-0.727422
-0.716030
-0.704405
-0.692559
-0.680503
-0.668244
-0.655792
-0.643152
-0.630331
-0.617332
-0.604160
-0.590819
-0.577311
-0.563637
-0.549801
-0.535803
-0.521645
-0.507325
-0.492846
-0.478206
-0.463404
-0.448441
-0.433315
-0.418025
-0.402569
-0.386947
-0.371155
-0.355193
-0.339058
-0.322748
-0.306260
-0.289593
-0.272742
-0.255705
-0.238480
-0.221064
-0.203453
-0.185644
-0.167634
-0.149421
-0.130999
-0.112366
-0.093519
-0.074453
-0.055165
-0.035652
-0.015909
0.004067
0.024281
0.044735
0.065435
0.086384
0.107585
0.129045
0.150765
0.172751
0.195006
0.217536
0.240343
0.263433
0.286810
0.310478
0.334441
0.358703
0.383270
0.408145
0.433333
0.458839
0.484666
0.510820
0.537304
0.564124
0.591284
0.618788
0.646641
0.674846
0.703410
0.732337
0.761630
0.791295
0.821337
0.851760
0.882568
0.913767
-0.850958
-0.849852
-0.847038
-0.842868
-0.837595
-0.831407
-0.824448
-0.816829
-0.808635
-0.799936
-0.790788
-0.781238
-0.771325
-0.761078
-0.750527
-0.739694
-0.728599
-0.717257
-0.705684
-0.693893
-0.681892
-0.669692
-0.657300
-0.644722
-0.631964
-0.619032
-0.605929
-0.592659
-0.579225
-0.565628
-0.551872
-0.537956
-0.523883
-0.509652
-0.495265
-0.480720
-0.466017
-0.451156
-0.436136
-0.420955
-0.405613
-0.390109
-0.374439
-0.358603
-0.342599
-0.326424
-0.310076
-0.293553
-0.276852
-0.259970
-0.242905
-0.225653
-0.208213
-0.190580
-0.172751
-0.154724
-0.136496
-0.118062
-0.099419
-0.080565
-0.061494
-0.042205
-0.022692
-0.002953
0.017017
0.037221
0.057663
0.078347
0.099277
0.120456
0.141890
0.163582
0.185535
0.207755
0.230246
0.253010
0.276053
0.299379
0.322992
0.346897
0.371097
0.395597
0.420401
0.445513
0.470939
0.496682
0.522747
0.549137
0.575858
0.602914
0.630309
0.658048
0.686136
0.714576
0.743373
0.772532
0.802057
0.831953
0.862225
0.892876
-0.851676
-0.850576
-0.847775
-0.843625
-0.838377
-0.832219
-0.825293
-0.817709
-0.809554
-0.800896
-0.791791
-0.782286
-0.772418
-0.762221
-0.751720
-0.740939
-0.729897
-0.718611
-0.707096
-0.695364
-0.683425
-0.671288
-0.658962
-0.646452
-0.633765
-0.620906
-0.607879
-0.594687
-0.581334
-0.567822
-0.554152
-0.540327
-0.526348
-0.512215
-0.497928
-0.483487
-0.468892
-0.454143
-0.439240
-0.424180
-0.408963
-0.393587
-0.378051
-0.362354
-0.346493
-0.330466
-0.314272
-0.297907
-0.281370
-0.264657
-0.247767
-0.230697
-0.213443
-0.196002
-0.178373
-0.160551
-0.142534
-0.124318
-0.105900
-0.087277
-0.068445
-0.049401
-0.030140
-0.010661
0.009042
0.028971
0.049130
0.069524
0.090156
0.111030
0.132150
0.153519
0.175142
0.197022
0.219165
0.241573
0.264250
0.287202
0.310431
0.333943
0.357741
0.381829
0.406212
0.430894
0.455879
0.481172
0.506776
0.532696
0.558937
0.585502
0.612396
0.639623
0.667188
0.695094
0.723347
0.751951
0.780910
0.810229
0.839911
0.869962
-0.852461
-0.851366
-0.848581
-0.844452
-0.839232
-0.833107
-0.826217
-0.818672
-0.810559
-0.801945
-0.792887
-0.783431
-0.773614
-0.763470
-0.753024
-0.742299
-0.731316
-0.720091
-0.708638
-0.696971
-0.685100
-0.673032
-0.660777
-0.648342
-0.635732
-0.622952
-0.610007
-0.596901
-0.583636
-0.570216
-0.556641
-0.542915
-0.529037
-0.515009
-0.500832
-0.486505
-0.472028
-0.457401
-0.442623
-0.427694
-0.412612
-0.397377
-0.381986
-0.366439
-0.350734
-0.334868
-0.318840
-0.302648
-0.286288
-0.269760
-0.253060
-0.236185
-0.219134
-0.201903
-0.184489
-0.166890
-0.149102
-0.131123
-0.112949
-0.094577
-0.076003
-0.057225
-0.038239
-0.019041
0.000371
0.020002
0.039856
0.059935
0.080243
0.100785
0.121564
0.142583
0.163847
0.185359
0.207124
0.229145
0.251426
0.273971
0.296784
0.319869
0.343231
0.366873
0.390799
0.415013
0.439521
0.464324
0.489429
0.514838
0.540557
0.566589
0.592939
0.619610
0.646608
0.673936
0.701598
0.729599
0.757943
0.786635
0.815679
0.845078
-0.853312
-0.852224
-0.849455
-0.845351
-0.840160
-0.834069
-0.827219
-0.819717
-0.811649
-0.803084
-0.794077
-0.784674
-0.774912
-0.764825
-0.754438
-0.743775
-0.732855
-0.721696
-0.710311
-0.698714
-0.686915
-0.674923
-0.662745
-0.650390
-0.637863
-0.625169
-0.612313
-0.599299
-0.586130
-0.572808
-0.559336
-0.545715
-0.531948
-0.518034
-0.503975
-0.489770
-0.475420
-0.460923
-0.446282
-0.431493
-0.416557
-0.401473
-0.386239
-0.370854
-0.355316
-0.339623
-0.323775
-0.307767
-0.291600
-0.275269
-0.258774
-0.242110
-0.225277
-0.208271
-0.191089
-0.173730
-0.156189
-0.138464
-0.120552
-0.102450
-0.084155
-0.065663
-0.046972
-0.028078
-0.008977
0.010333
0.029857
0.049597
0.069558
0.089742
0.110154
0.130797
0.151674
0.172791
0.194149
0.215753
0.237607
0.259715
0.282080
0.304707
0.327599
0.350760
0.374195
0.397906
0.421899
0.446177
0.470744
0.495603
0.520760
0.546219
0.571982
0.598056
0.624442
0.651147
0.678174
0.705526
0.733209
0.761226
0.789581
0.818279
-0.854230
-0.853149
-0.850397
-0.846319
-0.841161
-0.835108
-0.828299
-0.820843
-0.812825
-0.804312
-0.795359
-0.786013
-0.776311
-0.766286
-0.755963
-0.745365
-0.734514
-0.723425
-0.712113
-0.700592
-0.688870
-0.676958
-0.664864
-0.652595
-0.640157
-0.627555
-0.614795
-0.601879
-0.588812
-0.575596
-0.562234
-0.548727
-0.535077
-0.521285
-0.507352
-0.493278
-0.479063
-0.464707
-0.450211
-0.435573
-0.420793
-0.405871
-0.390804
-0.375591
-0.360232
-0.344725
-0.329068
-0.313259
-0.297296
-0.281177
-0.264899
-0.248462
-0.231861
-0.215095
-0.198162
-0.181058
-0.163781
-0.146328
-0.128696
-0.110883
-0.092885
-0.074699
-0.056323
-0.037753
-0.018985
-0.000017
0.019154
0.038533
0.058122
0.077924
0.097944
0.118185
0.138650
0.159343
0.180267
0.201427
0.222825
0.244465
0.266352
0.288488
0.310879
0.333526
0.356435
0.379610
0.403053
0.426768
0.450760
0.475033
0.499590
0.524436
0.549573
0.575008
0.600742
0.626781
0.653127
0.679787
0.706762
0.734058
0.761678
0.789626
-0.855213
-0.854140
-0.851407
-0.847356
-0.842233
-0.836221
-0.829457
-0.822051
-0.814085
-0.805628
-0.796734
-0.787449
-0.777811
-0.767851
-0.757596
-0.747069
-0.736291
-0.725277
-0.714043
-0.702602
-0.690964
-0.679138
-0.667133
-0.654955
-0.642612
-0.630108
-0.617449
-0.604638
-0.591680
-0.578577
-0.565332
-0.551946
-0.538421
-0.524759
-0.510960
-0.497025
-0.482954
-0.468748
-0.454406
-0.439928
-0.425314
-0.410563
-0.395673
-0.380644
-0.365476
-0.350165
-0.334711
-0.319112
-0.303366
-0.287472
-0.271427
-0.255228
-0.238875
-0.222365
-0.205694
-0.188862
-0.171865
-0.154701
-0.137366
-0.119859
-0.102177
-0.084316
-0.066273
-0.048047
-0.029633
-0.011029
0.007769
0.026763
0.045958
0.065355
0.084960
0.104773
0.124801
0.145044
0.165508
0.186195
0.207109
0.228253
0.249632
0.271249
0.293106
0.315209
0.337560
0.360164
0.383024
0.406142
0.429525
0.453174
0.477094
0.501289
0.525763
0.550518
0.575559
0.600891
0.626516
0.652439
0.678663
0.705194
0.732033
0.759185
-0.856262
-0.855197
-0.852484
-0.848463
-0.843377
-0.837408
-0.830693
-0.823338
-0.815430
-0.807032
-0.798200
-0.788981
-0.779410
-0.769520
-0.759338
-0.748886
-0.738185
-0.727252
-0.716101
-0.704745
-0.693195
-0.681460
-0.669549
-0.657468
-0.645226
-0.632827
-0.620275
-0.607576
-0.594733
-0.581749
-0.568627
-0.555369
-0.541977
-0.528451
-0.514794
-0.501007
-0.487088
-0.473040
-0.458861
-0.444552
-0.430113
-0.415543
-0.400841
-0.386007
-0.371038
-0.355936
-0.340696
-0.325320
-0.309803
-0.294145
-0.278345
-0.262400
-0.246307
-0.230066
-0.213674
-0.197128
-0.180426
-0.163566
-0.146546
-0.129362
-0.112012
-0.094494
-0.076805
-0.058941
-0.040900
-0.022680
-0.004276
0.014313
0.033091
0.052061
0.071226
0.090590
0.110155
0.129924
0.149902
0.170090
0.190494
0.211115
0.231957
0.253025
0.274320
0.295848
0.317610
0.339612
0.361855
0.384345
0.407083
0.430074
0.453322
0.476830
0.500601
0.524641
0.548951
0.573536
0.598399
0.623545
0.648977
0.674698
0.700713
0.727024
-0.857376
-0.856319
-0.853628
-0.849639
-0.844592
-0.838669
-0.832005
-0.824707
-0.816857
-0.808524
-0.799758
-0.790607
-0.781108
-0.771293
-0.761188
-0.750815
-0.740196
-0.729348
-0.718285
-0.707019
-0.695562
-0.683924
-0.672112
-0.660134
-0.647997
-0.635708
-0.623270
-0.610688
-0.597967
-0.585109
-0.572117
-0.558993
-0.545740
-0.532359
-0.518852
-0.505218
-0.491461
-0.477578
-0.463571
-0.449440
-0.435185
-0.420806
-0.406301
-0.391670
-0.376913
-0.362028
-0.347015
-0.331871
-0.316595
-0.301186
-0.285643
-0.269963
-0.254145
-0.238187
-0.222086
-0.205841
-0.189450
-0.172910
-0.156219
-0.139374
-0.122374
-0.105215
-0.087896
-0.070413
-0.052764
-0.034947
-0.016957
0.001206
0.019548
0.038069
0.056773
0.075663
0.094743
0.114015
0.133482
0.153147
0.173014
0.193085
0.213365
0.233856
0.254561
0.275485
0.296629
0.317998
0.339595
0.361422
0.383484
0.405785
0.428326
0.451113
0.474147
0.497434
0.520976
0.544777
0.568840
0.593170
0.617769
0.642640
0.667788
0.693216
-0.858555
-0.857507
-0.854838
-0.850882
-0.845878
-0.840003
-0.833394
-0.826155
-0.818368
-0.810101
-0.801406
-0.792328
-0.782904
-0.773168
-0.763144
-0.752855
-0.742323
-0.731564
-0.720593
-0.709423
-0.698064
-0.686526
-0.674819
-0.662949
-0.650924
-0.638750
-0.626431
-0.613973
-0.601379
-0.588652
-0.575797
-0.562815
-0.549708
-0.536478
-0.523127
-0.509656
-0.496066
-0.482357
-0.468530
-0.454586
-0.440524
-0.426343
-0.412045
-0.397627
-0.383091
-0.368434
-0.353656
-0.338756
-0.323732
-0.308584
-0.293309
-0.277907
-0.262375
-0.246713
-0.230917
-0.214987
-0.198919
-0.182713
-0.166366
-0.149877
-0.133242
-0.116459
-0.099527
-0.082442
-0.065203
-0.047806
-0.030249
-0.012530
0.005354
0.023406
0.041629
0.060025
0.078598
0.097349
0.116282
0.135401
0.154707
0.174204
0.193896
0.213784
0.233872
0.254164
0.274662
0.295370
0.316290
0.337426
0.358781
0.380359
0.402162
0.424194
0.446459
0.468959
0.491697
0.514678
0.537905
0.561381
0.585108
0.609092
0.633334
0.657838
-0.859797
-0.858758
-0.856114
-0.852193
-0.847233
-0.841410
-0.834858
-0.827681
-0.819961
-0.811765
-0.803143
-0.794142
-0.784798
-0.775144
-0.765205
-0.755005
-0.744564
-0.733898
-0.723024
-0.711954
-0.700698
-0.689267
-0.677669
-0.665912
-0.654004
-0.641950
-0.629756
-0.617427
-0.604966
-0.592378
-0.579665
-0.566830
-0.553876
-0.540804
-0.527616
-0.514315
-0.500899
-0.487372
-0.473733
-0.459982
-0.446121
-0.432149
-0.418065
-0.403869
-0.389562
-0.375144
-0.360611
-0.345965
-0.331204
-0.316326
-0.301332
-0.286218
-0.270985
-0.255629
-0.240151
-0.224548
-0.208818
-0.192960
-0.176971
-0.160851
-0.144596
-0.128204
-0.111675
-0.095004
-0.078191
-0.061232
-0.044126
-0.026869
-0.009460
0.008104
0.025825
0.043707
0.061752
0.079962
0.098340
0.116889
0.135612
0.154511
0.173590
0.192851
0.212297
0.231931
0.251757
0.271776
0.291993
0.312409
0.333028
0.353854
0.374888
0.396135
0.417597
0.439278
0.461180
0.483307
0.505663
0.528249
0.551070
0.574128
0.597427
0.620969
-0.861102
-0.860074
-0.857455
-0.853572
-0.848658
-0.842889
-0.836397
-0.829286
-0.821636
-0.813513
-0.804969
-0.796049
-0.786789
-0.777221
-0.767372
-0.757264
-0.746918
-0.736351
-0.725578
-0.714612
-0.703464
-0.692143
-0.680660
-0.669021
-0.657234
-0.645306
-0.633242
-0.621048
-0.608726
-0.596281
-0.583716
-0.571035
-0.558240
-0.545332
-0.532314
-0.519188
-0.505955
-0.492616
-0.479172
-0.465623
-0.451970
-0.438213
-0.424353
-0.410388
-0.396319
-0.382147
-0.367869
-0.353486
-0.338997
-0.324401
-0.309696
-0.294883
-0.279958
-0.264922
-0.249772
-0.234509
-0.219128
-0.203631
-0.188014
-0.172275
-0.156415
-0.140429
-0.124316
-0.108075
-0.091703
-0.075199
-0.058559
-0.041782
-0.024866
-0.007808
0.009394
0.026743
0.044240
0.061889
0.079692
0.097651
0.115769
0.134048
0.152492
0.171103
0.189883
0.208836
0.227964
0.247269
0.266756
0.286426
0.306282
0.326327
0.346565
0.366997
0.387627
0.408458
0.429493
0.450735
0.472187
0.493851
0.515731
0.537829
0.560150
0.582694
-0.862471
-0.861453
-0.858861
-0.855016
-0.850152
-0.844440
-0.838011
-0.830968
-0.823392
-0.815347
-0.806884
-0.798047
-0.788875
-0.779398
-0.769642
-0.759631
-0.749384
-0.738920
-0.728252
-0.717395
-0.706359
-0.695154
-0.683789
-0.672274
-0.660614
-0.648817
-0.636888
-0.624832
-0.612654
-0.600358
-0.587948
-0.575426
-0.562795
-0.550058
-0.537216
-0.524273
-0.511228
-0.498084
-0.484842
-0.471501
-0.458064
-0.444530
-0.430900
-0.417173
-0.403352
-0.389434
-0.375420
-0.361310
-0.347102
-0.332796
-0.318391
-0.303886
-0.289281
-0.274574
-0.259765
-0.244851
-0.229832
-0.214707
-0.199474
-0.184131
-0.168677
-0.153109
-0.137428
-0.121630
-0.105714
-0.089679
-0.073521
-0.057239
-0.040832
-0.024297
-0.007631
0.009167
0.026099
0.043168
0.060376
0.077726
0.095219
0.112858
0.130646
0.148585
0.166678
0.184926
0.203334
0.221902
0.240634
0.259533
0.278601
0.297840
0.317254
0.336844
0.356615
0.376568
0.396707
0.417033
0.437551
0.458262
0.479170
0.500277
0.521586
0.543099
-0.863901
-0.862895
-0.860330
-0.856527
-0.851714
-0.846061
-0.839698
-0.832727
-0.825228
-0.817264
-0.808886
-0.800137
-0.791056
-0.781673
-0.772015
-0.762104
-0.751961
-0.741603
-0.731046
-0.720301
-0.709382
-0.698297
-0.687056
-0.675668
-0.664139
-0.652478
-0.640689
-0.628777
-0.616749
-0.604607
-0.592356
-0.579998
-0.567538
-0.554977
-0.542317
-0.529562
-0.516712
-0.503769
-0.490734
-0.477609
-0.464394
-0.451090
-0.437698
-0.424217
-0.410649
-0.396995
-0.383252
-0.369422
-0.355504
-0.341497
-0.327401
-0.313215
-0.298939
-0.284571
-0.270111
-0.255558
-0.240912
-0.226169
-0.211331
-0.196394
-0.181359
-0.166223
-0.150985
-0.135644
-0.120197
-0.104644
-0.088983
-0.073211
-0.057327
-0.041329
-0.025216
-0.008985
0.007366
0.023838
0.040434
0.057156
0.074006
0.090987
0.108100
0.125347
0.142731
0.160255
0.177921
0.195730
0.213686
0.231790
0.250046
0.268455
0.287021
0.305745
0.324630
0.343679
0.362894
0.382278
0.401834
0.421564
0.441470
0.461555
0.481822
0.502273
-0.865394
-0.864398
-0.861863
-0.858103
-0.853343
-0.847753
-0.841458
-0.834563
-0.827143
-0.819264
-0.810974
-0.802317
-0.793331
-0.784046
-0.774489
-0.764683
-0.754648
-0.744401
-0.733957
-0.723330
-0.712531
-0.701570
-0.690458
-0.679201
-0.667809
-0.656287
-0.644642
-0.632880
-0.621006
-0.609023
-0.596936
-0.584749
-0.572463
-0.560084
-0.547612
-0.535050
-0.522400
-0.509664
-0.496843
-0.483939
-0.470953
-0.457886
-0.444737
-0.431510
-0.418203
-0.404818
-0.391355
-0.377813
-0.364192
-0.350492
-0.336712
-0.322854
-0.308915
-0.294895
-0.280794
-0.266612
-0.252346
-0.237997
-0.223564
-0.209045
-0.194439
-0.179745
-0.164962
-0.150089
-0.135124
-0.120066
-0.104913
-0.089665
-0.074318
-0.058872
-0.043325
-0.027676
-0.011922
0.003938
0.019907
0.035985
0.052175
0.068479
0.084899
0.101437
0.118095
0.134875
0.151779
0.168809
0.185968
0.203257
0.220680
0.238237
0.255932
0.273767
0.291743
0.309864
0.328131
0.346548
0.365116
0.383837
0.402715
0.421752
0.440949
0.460310
-0.866947
-0.865963
-0.863459
-0.859743
-0.855039
-0.849513
-0.843291
-0.836474
-0.829138
-0.821346
-0.813148
-0.804587
-0.795700
-0.786516
-0.777064
-0.767367
-0.757443
-0.747311
-0.736985
-0.726479
-0.715804
-0.704972
-0.693992
-0.682871
-0.671619
-0.660242
-0.648746
-0.637138
-0.625422
-0.613603
-0.601685
-0.589672
-0.577567
-0.565374
-0.553095
-0.540732
-0.528287
-0.515764
-0.503162
-0.490485
-0.477733
-0.464908
-0.452010
-0.439041
-0.426003
-0.412894
-0.399716
-0.386469
-0.373152
-0.359766
-0.346311
-0.332787
-0.319193
-0.305530
-0.291796
-0.277992
-0.264117
-0.250171
-0.236151
-0.222059
-0.207892
-0.193651
-0.179333
-0.164939
-0.150466
-0.135915
-0.121282
-0.106568
-0.091771
-0.076890
-0.061922
-0.046868
-0.031724
-0.016490
-0.001164
0.014256
0.029771
0.045384
0.061095
0.076907
0.092822
0.108840
0.124965
0.141199
0.157542
0.173997
0.190567
0.207253
0.224057
0.240981
0.258027
0.275198
0.292495
0.309922
0.327479
0.345169
0.362994
0.380957
0.399060
0.417304
-0.868559
-0.867588
-0.865116
-0.861447
-0.856801
-0.851343
-0.845196
-0.838460
-0.831211
-0.823510
-0.815407
-0.806945
-0.798160
-0.789082
-0.779739
-0.770153
-0.760345
-0.750331
-0.740127
-0.729746
-0.719201
-0.708501
-0.697656
-0.686676
-0.675568
-0.664340
-0.652998
-0.641547
-0.629994
-0.618343
-0.606599
-0.594765
-0.582845
-0.570843
-0.558760
-0.546601
-0.534366
-0.522060
-0.509683
-0.497238
-0.484726
-0.472148
-0.459507
-0.446803
-0.434037
-0.421211
-0.408324
-0.395378
-0.382372
-0.369307
-0.356182
-0.342999
-0.329758
-0.316458
-0.303099
-0.289681
-0.276204
-0.262668
-0.249071
-0.235414
-0.221695
-0.207915
-0.194072
-0.180166
-0.166195
-0.152160
-0.138058
-0.123889
-0.109653
-0.095347
-0.080970
-0.066522
-0.052000
-0.037405
-0.022733
-0.007985
0.006842
0.021749
0.036737
0.051809
0.066965
0.082207
0.097538
0.112958
0.128470
0.144074
0.159774
0.175570
0.191465
0.207460
0.223557
0.239759
0.256066
0.272482
0.289007
0.305645
0.322396
0.339263
0.356248
0.373353
-0.870231
-0.869273
-0.866834
-0.863214
-0.858628
-0.853240
-0.847171
-0.840520
-0.833361
-0.825754
-0.817750
-0.809390
-0.800711
-0.791742
-0.782511
-0.773041
-0.763352
-0.753461
-0.743382
-0.733130
-0.722718
-0.712154
-0.701450
-0.690614
-0.679654
-0.668578
-0.657393
-0.646105
-0.634718
-0.623240
-0.611673
-0.600022
-0.588291
-0.576484
-0.564603
-0.552651
-0.540632
-0.528547
-0.516399
-0.504191
-0.491923
-0.479598
-0.467218
-0.454783
-0.442296
-0.429757
-0.417168
-0.404528
-0.391838
-0.379098
-0.366311
-0.353475
-0.340592
-0.327662
-0.314684
-0.301659
-0.288587
-0.275467
-0.262300
-0.249085
-0.235822
-0.222511
-0.209150
-0.195741
-0.182281
-0.168770
-0.155208
-0.141594
-0.127927
-0.114206
-0.100430
-0.086598
-0.072710
-0.058764
-0.044758
-0.030693
-0.016566
-0.002377
0.011877
0.026195
0.040580
0.055033
0.069555
0.084148
0.098814
0.113553
0.128367
0.143259
0.158229
0.173279
0.188410
0.203625
0.218926
0.234313
0.249788
0.265354
0.281012
0.296764
0.312611
0.328556
-0.871962
-0.871017
-0.868613
-0.865043
-0.860520
-0.855205
-0.849217
-0.842653
-0.835587
-0.828078
-0.820176
-0.811922
-0.803352
-0.794496
-0.785381
-0.776030
-0.766464
-0.756698
-0.746749
-0.736630
-0.726353
-0.715930
-0.705369
-0.694681
-0.683873
-0.672953
-0.661929
-0.650807
-0.639591
-0.628288
-0.616903
-0.605439
-0.593901
-0.582292
-0.570617
-0.558877
-0.547076
-0.535217
-0.523303
-0.511335
-0.499316
-0.487249
-0.475134
-0.462973
-0.450769
-0.438522
-0.426233
-0.413904
-0.401535
-0.389127
-0.376681
-0.364198
-0.351679
-0.339123
-0.326532
-0.313906
-0.301244
-0.288547
-0.275816
-0.263050
-0.250249
-0.237413
-0.224542
-0.211635
-0.198693
-0.185715
-0.172700
-0.159648
-0.146558
-0.133431
-0.120264
-0.107058
-0.093811
-0.080523
-0.067193
-0.053820
-0.040403
-0.026942
-0.013434
0.000121
0.013724
0.027376
0.041078
0.054832
0.068639
0.082500
0.096416
0.110390
0.124421
0.138512
0.152664
0.166878
0.181156
0.195499
0.209909
0.224387
0.238935
0.253555
0.268247
0.283014
-0.873750
-0.872820
-0.870451
-0.866933
-0.862476
-0.857236
-0.851332
-0.844858
-0.837888
-0.830481
-0.822684
-0.814539
-0.806082
-0.797342
-0.788347
-0.779119
-0.769678
-0.760042
-0.750225
-0.740242
-0.730105
-0.719825
-0.709412
-0.698875
-0.688223
-0.677463
-0.666604
-0.655650
-0.644609
-0.633486
-0.622285
-0.611012
-0.599670
-0.588264
-0.576797
-0.565272
-0.553694
-0.542064
-0.530387
-0.518664
-0.506898
-0.495091
-0.483245
-0.471362
-0.459445
-0.447493
-0.435509
-0.423495
-0.411451
-0.399378
-0.387278
-0.375153
-0.363001
-0.350825
-0.338625
-0.326401
-0.314155
-0.301886
-0.289595
-0.277283
-0.264949
-0.252594
-0.240218
-0.227821
-0.215402
-0.202962
-0.190500
-0.178017
-0.165511
-0.152983
-0.140432
-0.127858
-0.115260
-0.102638
-0.089992
-0.077319
-0.064620
-0.051895
-0.039141
-0.026359
-0.013548
-0.000706
0.012167
0.025072
0.038010
0.050983
0.063991
0.077035
0.090116
0.103236
0.116397
0.129598
0.142841
0.156127
0.169459
0.182836
0.196261
0.209734
0.223257
0.236832
-0.875596
-0.874680
-0.872348
-0.868884
-0.864495
-0.859333
-0.853516
-0.847135
-0.840264
-0.832961
-0.825273
-0.817240
-0.808899
-0.800279
-0.791407
-0.782305
-0.772993
-0.763490
-0.753809
-0.743966
-0.733972
-0.723839
-0.713576
-0.703194
-0.692701
-0.682104
-0.671412
-0.660631
-0.649768
-0.638828
-0.627815
-0.616735
-0.605593
-0.594392
-0.583137
-0.571831
-0.560478
-0.549081
-0.537644
-0.526169
-0.514658
-0.503115
-0.491541
-0.479939
-0.468311
-0.456658
-0.444983
-0.433287
-0.421571
-0.409837
-0.398087
-0.386321
-0.374541
-0.362748
-0.350942
-0.339125
-0.327298
-0.315461
-0.303615
-0.291761
-0.279898
-0.268028
-0.256151
-0.244267
-0.232376
-0.220478
-0.208575
-0.196664
-0.184748
-0.172825
-0.160896
-0.148959
-0.137016
-0.125066
-0.113108
-0.101142
-0.089167
-0.077184
-0.065192
-0.053189
-0.041176
-0.029152
-0.017116
-0.005068
0.006994
0.019070
0.031161
0.043267
0.055390
0.067531
0.079689
0.091868
0.104066
0.116286
0.128528
0.140794
0.153084
0.165400
0.177742
0.190113
-0.877497
-0.876596
-0.874303
-0.870895
-0.866576
-0.861495
-0.855767
-0.849482
-0.842713
-0.835518
-0.827941
-0.820025
-0.811803
-0.803306
-0.794560
-0.785587
-0.776408
-0.767041
-0.757499
-0.747799
-0.737952
-0.727969
-0.717860
-0.707636
-0.697304
-0.686873
-0.676352
-0.665747
-0.655064
-0.644309
-0.633487
-0.622604
-0.611664
-0.600672
-0.589631
-0.578547
-0.567422
-0.556260
-0.545066
-0.533841
-0.522588
-0.511312
-0.500013
-0.488694
-0.477358
-0.466006
-0.454642
-0.443267
-0.431882
-0.420490
-0.409091
-0.397688
-0.386282
-0.374874
-0.363465
-0.352058
-0.340652
-0.329250
-0.317851
-0.306457
-0.295069
-0.283687
-0.272311
-0.260944
-0.249584
-0.238232
-0.226890
-0.215556
-0.204232
-0.192918
-0.181613
-0.170319
-0.159034
-0.147759
-0.136495
-0.125239
-0.113994
-0.102758
-0.091531
-0.080313
-0.069103
-0.057902
-0.046708
-0.035522
-0.024342
-0.013169
-0.002002
0.009161
0.020319
0.031473
0.042623
0.053772
0.064918
0.076064
0.087209
0.098355
0.109503
0.120653
0.131806
0.142963
-0.879454
-0.878569
-0.876315
-0.872965
-0.868718
-0.863720
-0.858085
-0.851899
-0.845236
-0.838151
-0.830689
-0.822892
-0.814793
-0.806422
-0.797805
-0.788965
-0.779922
-0.770693
-0.761294
-0.751739
-0.742042
-0.732212
-0.722260
-0.712197
-0.702030
-0.691768
-0.681421
-0.670994
-0.660494
-0.649927
-0.639299
-0.628614
-0.617879
-0.607097
-0.596274
-0.585413
-0.574519
-0.563595
-0.552645
-0.541673
-0.530681
-0.519672
-0.508649
-0.497616
-0.486573
-0.475525
-0.464474
-0.453421
-0.442369
-0.431320
-0.420275
-0.409236
-0.398205
-0.387185
-0.376175
-0.365179
-0.354196
-0.343230
-0.332280
-0.321348
-0.310436
-0.299543
-0.288672
-0.277822
-0.266995
-0.256191
-0.245412
-0.234657
-0.223927
-0.213223
-0.202546
-0.191895
-0.181271
-0.170674
-0.160105
-0.149563
-0.139049
-0.128563
-0.118104
-0.107674
-0.097270
-0.086895
-0.076547
-0.066226
-0.055932
-0.045665
-0.035425
-0.025210
-0.015021
-0.004858
0.005280
0.015394
0.025484
0.035551
0.045594
0.055616
0.065615
0.075594
0.085551
0.095489
-0.881465
-0.880595
-0.878383
-0.875093
-0.870920
-0.866009
-0.860468
-0.854385
-0.847830
-0.840859
-0.833516
-0.825840
-0.817866
-0.809625
-0.801140
-0.792436
-0.783532
-0.774445
-0.765191
-0.755786
-0.746241
-0.736566
-0.726774
-0.716874
-0.706875
-0.696786
-0.686614
-0.676368
-0.666053
-0.655677
-0.645244
-0.634761
-0.624232
-0.613664
-0.603059
-0.592424
-0.581762
-0.571077
-0.560374
-0.549656
-0.538925
-0.528186
-0.517442
-0.506694
-0.495947
-0.485204
-0.474466
-0.463737
-0.453019
-0.442313
-0.431623
-0.420949
-0.410295
-0.399662
-0.389052
-0.378467
-0.367908
-0.357378
-0.346878
-0.336409
-0.325972
-0.315570
-0.305202
-0.294871
-0.284577
-0.274322
-0.264106
-0.253930
-0.243795
-0.233702
-0.223652
-0.213646
-0.203683
-0.193765
-0.183892
-0.174064
-0.164282
-0.154546
-0.144857
-0.135214
-0.125618
-0.116069
-0.106568
-0.097114
-0.087707
-0.078347
-0.069035
-0.059770
-0.050552
-0.041381
-0.032257
-0.023180
-0.014148
-0.005163
0.003776
0.012670
0.021519
0.030324
0.039083
0.047799
-0.883529
-0.882676
-0.880506
-0.877277
-0.873182
-0.868359
-0.862916
-0.856938
-0.850494
-0.843640
-0.836418
-0.828868
-0.821023
-0.812914
-0.804564
-0.795999
-0.787237
-0.778295
-0.769190
-0.759936
-0.750546
-0.741031
-0.731401
-0.721667
-0.711838
-0.701922
-0.691929
-0.681866
-0.671739
-0.661555
-0.651320
-0.641040
-0.630720
-0.620366
-0.609982
-0.599574
-0.589146
-0.578701
-0.568246
-0.557782
-0.547314
-0.536846
-0.526379
-0.515919
-0.505468
-0.495030
-0.484607
-0.474202
-0.463817
-0.453455
-0.443119
-0.432810
-0.422532
-0.412287
-0.402076
-0.391902
-0.381767
-0.371673
-0.361621
-0.351614
-0.341653
-0.331740
-0.321875
-0.312061
-0.302300
-0.292591
-0.282937
-0.273340
-0.263799
-0.254316
-0.244892
-0.235528
-0.226226
-0.216985
-0.207806
-0.198691
-0.189640
-0.180654
-0.171733
-0.162877
-0.154087
-0.145364
-0.136708
-0.128120
-0.119599
-0.111146
-0.102761
-0.094445
-0.086197
-0.078017
-0.069907
-0.061865
-0.053892
-0.045987
-0.038151
-0.030384
-0.022685
-0.015055
-0.007493
0.000001
-0.885645
-0.884810
-0.882683
-0.879518
-0.875501
-0.870770
-0.865428
-0.859558
-0.853229
-0.846494
-0.839397
-0.831975
-0.824262
-0.816288
-0.808077
-0.799653
-0.791036
-0.782242
-0.773289
-0.764189
-0.754956
-0.745602
-0.736137
-0.726571
-0.716914
-0.707175
-0.697363
-0.687484
-0.677546
-0.667557
-0.657521
-0.647446
-0.637336
-0.627197
-0.617036
-0.606856
-0.596662
-0.586459
-0.576252
-0.566044
-0.555838
-0.545640
-0.535453
-0.525280
-0.515125
-0.504992
-0.494883
-0.484801
-0.474750
-0.464731
-0.454748
-0.444804
-0.434900
-0.425041
-0.415228
-0.405464
-0.395751
-0.386091
-0.376486
-0.366939
-0.357451
-0.348025
-0.338661
-0.329363
-0.320131
-0.310967
-0.301873
-0.292850
-0.283901
-0.275025
-0.266225
-0.257501
-0.248856
-0.240289
-0.231802
-0.223397
-0.215074
-0.206834
-0.198677
-0.190605
-0.182619
-0.174718
-0.166904
-0.159178
-0.151540
-0.143990
-0.136529
-0.129158
-0.121877
-0.114686
-0.107585
-0.100576
-0.093657
-0.086830
-0.080095
-0.073451
-0.066900
-0.060440
-0.054072
-0.047797
-0.887812
-0.886995
-0.884913
-0.881814
-0.877879
-0.873240
-0.868002
-0.862244
-0.856032
-0.849420
-0.842450
-0.835159
-0.827581
-0.819745
-0.811676
-0.803397
-0.794927
-0.786284
-0.777484
-0.768541
-0.759468
-0.750278
-0.740979
-0.731585
-0.722102
-0.712542
-0.702912
-0.693219
-0.683472
-0.673679
-0.663844
-0.653974
-0.644075
-0.634154
-0.624215
-0.614264
-0.604305
-0.594344
-0.584385
-0.574432
-0.564490
-0.554562
-0.544654
-0.534767
-0.524908
-0.515079
-0.505282
-0.495523
-0.485803
-0.476126
-0.466494
-0.456912
-0.447382
-0.437907
-0.428490
-0.419132
-0.409838
-0.400610
-0.391450
-0.382360
-0.373342
-0.364399
-0.355533
-0.346746
-0.338040
-0.329417
-0.320878
-0.312427
-0.304064
-0.295792
-0.287610
-0.279522
-0.271529
-0.263632
-0.255832
-0.248132
-0.240531
-0.233032
-0.225635
-0.218342
-0.211153
-0.204069
-0.197092
-0.190223
-0.183462
-0.176810
-0.170267
-0.163835
-0.157515
-0.151306
-0.145210
-0.139227
-0.133357
-0.127602
-0.121961
-0.116435
-0.111024
-0.105729
-0.100550
-0.095487
-0.890030
-0.889231
-0.887195
-0.884163
-0.880312
-0.875770
-0.870638
-0.864994
-0.858903
-0.852416
-0.845576
-0.838420
-0.830979
-0.823285
-0.815359
-0.807228
-0.798908
-0.790419
-0.781776
-0.772991
-0.764081
-0.755056
-0.745927
-0.736705
-0.727399
-0.718018
-0.708572
-0.699068
-0.689514
-0.679917
-0.670284
-0.660620
-0.650934
-0.641230
-0.631514
-0.621792
-0.612069
-0.602349
-0.592638
-0.582940
-0.573260
-0.563603
-0.553971
-0.544371
-0.534805
-0.525278
-0.515793
-0.506353
-0.496963
-0.487625
-0.478343
-0.469120
-0.459960
-0.450866
-0.441841
-0.432887
-0.424009
-0.415208
-0.406488
-0.397850
-0.389298
-0.380834
-0.372461
-0.364180
-0.355995
-0.347907
-0.339920
-0.332034
-0.324252
-0.316576
-0.309008
-0.301550
-0.294202
-0.286968
-0.279849
-0.272846
-0.265962
-0.259196
-0.252552
-0.246029
-0.239631
-0.233356
-0.227209
-0.221188
-0.215296
-0.209534
-0.203902
-0.198402
-0.193033
-0.187799
-0.182699
-0.177733
-0.172904
-0.168211
-0.163656
-0.159238
-0.154959
-0.150820
-0.146820
-0.142960
-0.892297
-0.891516
-0.889528
-0.886566
-0.882800
-0.878358
-0.873335
-0.867808
-0.861840
-0.855482
-0.848775
-0.841756
-0.834456
-0.826905
-0.819127
-0.811145
-0.802978
-0.794645
-0.786160
-0.777538
-0.768792
-0.759935
-0.750977
-0.741929
-0.732801
-0.723602
-0.714341
-0.705027
-0.695666
-0.686267
-0.676836
-0.667380
-0.657906
-0.648420
-0.638928
-0.629435
-0.619946
-0.610467
-0.601004
-0.591560
-0.582141
-0.572752
-0.563397
-0.554080
-0.544806
-0.535578
-0.526402
-0.517280
-0.508217
-0.499215
-0.490279
-0.481412
-0.472618
-0.463901
-0.455264
-0.446710
-0.438242
-0.429864
-0.421578
-0.413388
-0.405295
-0.397304
-0.389418
-0.381637
-0.373967
-0.366408
-0.358964
-0.351636
-0.344428
-0.337342
-0.330379
-0.323542
-0.316832
-0.310253
-0.303806
-0.297492
-0.291314
-0.285274
-0.279373
-0.273612
-0.267994
-0.262520
-0.257191
-0.252010
-0.246977
-0.242094
-0.237362
-0.232782
-0.228356
-0.224084
-0.219969
-0.216010
-0.212210
-0.208568
-0.205087
-0.201766
-0.198607
-0.195611
-0.192779
-0.190110
-0.894611
-0.893850
-0.891911
-0.889020
-0.885343
-0.881002
-0.876091
-0.870685
-0.864842
-0.858616
-0.852045
-0.845166
-0.838009
-0.830605
-0.822977
-0.815147
-0.807136
-0.798961
-0.790637
-0.782178
-0.773600
-0.764912
-0.756127
-0.747254
-0.738306
-0.729290
-0.720216
-0.711092
-0.701926
-0.692725
-0.683497
-0.674249
-0.664988
-0.655720
-0.646450
-0.637186
-0.627931
-0.618692
-0.609475
-0.600284
-0.591125
-0.582002
-0.572920
-0.563885
-0.554900
-0.545969
-0.537099
-0.528291
-0.519551
-0.510881
-0.502287
-0.493771
-0.485339
-0.476994
-0.468740
-0.460579
-0.452517
-0.444555
-0.436697
-0.428947
-0.421308
-0.413784
-0.406376
-0.399089
-0.391925
-0.384886
-0.377977
-0.371200
-0.364557
-0.358050
-0.351683
-0.345458
-0.339377
-0.333442
-0.327656
-0.322022
-0.316540
-0.311213
-0.306044
-0.301034
-0.296185
-0.291499
-0.286977
-0.282623
-0.278437
-0.274420
-0.270575
-0.266903
-0.263405
-0.260083
-0.256939
-0.253973
-0.251188
-0.248583
-0.246162
-0.243923
-0.241870
-0.240003
-0.238322
-0.236829
-0.896972
-0.896231
-0.894342
-0.891525
-0.887939
-0.883702
-0.878906
-0.873623
-0.867909
-0.861817
-0.855386
-0.848649
-0.841639
-0.834383
-0.826907
-0.819233
-0.811380
-0.803365
-0.795204
-0.786911
-0.778501
-0.769985
-0.761374
-0.752679
-0.743911
-0.735080
-0.726194
-0.717261
-0.708289
-0.699287
-0.690263
-0.681223
-0.672174
-0.663123
-0.654076
-0.645039
-0.636017
-0.627017
-0.618045
-0.609105
-0.600203
-0.591345
-0.582534
-0.573776
-0.565077
-0.556440
-0.547872
-0.539374
-0.530952
-0.522610
-0.514353
-0.506184
-0.498107
-0.490128
-0.482250
-0.474477
-0.466813
-0.459260
-0.451824
-0.444507
-0.437313
-0.430246
-0.423309
-0.416506
-0.409839
-0.403312
-0.396928
-0.390690
-0.384601
-0.378664
-0.372882
-0.367257
-0.361793
-0.356491
-0.351355
-0.346387
-0.341589
-0.336964
-0.332513
-0.328240
-0.324146
-0.320234
-0.316506
-0.312963
-0.309609
-0.306444
-0.303471
-0.300691
-0.298106
-0.295718
-0.293528
-0.291540
-0.289752
-0.288168
-0.286789
-0.285616
-0.284650
-0.283894
-0.283347
-0.283012
-0.899378
-0.898658
-0.896821
-0.894080
-0.890587
-0.886457
-0.881778
-0.876621
-0.871040
-0.865085
-0.858795
-0.852204
-0.845342
-0.838239
-0.830917
-0.823401
-0.815707
-0.807855
-0.799859
-0.791734
-0.783494
-0.775151
-0.766716
-0.758200
-0.749614
-0.740968
-0.732271
-0.723529
-0.714753
-0.705951
-0.697130
-0.688297
-0.679460
-0.670626
-0.661800
-0.652990
-0.644200
-0.635436
-0.626707
-0.618015
-0.609368
-0.600771
-0.592228
-0.583745
-0.575328
-0.566981
-0.558709
-0.550517
-0.542409
-0.534389
-0.526462
-0.518633
-0.510907
-0.503287
-0.495778
-0.488385
-0.481111
-0.473959
-0.466936
-0.460043
-0.453285
-0.446667
-0.440190
-0.433861
-0.427681
-0.421654
-0.415784
-0.410074
-0.404528
-0.399148
-0.393938
-0.388901
-0.384040
-0.379358
-0.374857
-0.370541
-0.366413
-0.362473
-0.358727
-0.355175
-0.351821
-0.348667
-0.345715
-0.342968
-0.340429
-0.338099
-0.335980
-0.334074
-0.332384
-0.330911
-0.329658
-0.328627
-0.327819
-0.327236
-0.326879
-0.326751
-0.326853
-0.327186
-0.327752
-0.328553
-0.901829
-0.901129
-0.899347
-0.896683
-0.893286
-0.889265
-0.884708
-0.879679
-0.874232
-0.868418
-0.862272
-0.855829
-0.849119
-0.842170
-0.835006
-0.827649
-0.820118
-0.812430
-0.804601
-0.796646
-0.788578
-0.780409
-0.772151
-0.763815
-0.755412
-0.746952
-0.738444
-0.729895
-0.721314
-0.712711
-0.704093
-0.695467
-0.686842
-0.678223
-0.669618
-0.661032
-0.652472
-0.643943
-0.635454
-0.627008
-0.618613
-0.610273
-0.601995
-0.593782
-0.585643
-0.577580
-0.569601
-0.561709
-0.553908
-0.546204
-0.538602
-0.531107
-0.523722
-0.516454
-0.509307
-0.502285
-0.495392
-0.488633
-0.482012
-0.475534
-0.469202
-0.463020
-0.456994
-0.451126
-0.445421
-0.439882
-0.434514
-0.429319
-0.424302
-0.419466
-0.414814
-0.410350
-0.406078
-0.402000
-0.398119
-0.394440
-0.390964
-0.387694
-0.384634
-0.381786
-0.379154
-0.376740
-0.374546
-0.372576
-0.370833
-0.369317
-0.368033
-0.366981
-0.366166
-0.365588
-0.365250
-0.365154
-0.365303
-0.365699
-0.366342
-0.367236
-0.368382
-0.369782
-0.371437
-0.373350
-0.904322
-0.903645
-0.901917
-0.899333
-0.896034
-0.892127
-0.887692
-0.882795
-0.877486
-0.871814
-0.865816
-0.859524
-0.852968
-0.846175
-0.839171
-0.831976
-0.824609
-0.817088
-0.809428
-0.801644
-0.793749
-0.785757
-0.777677
-0.769522
-0.761303
-0.753029
-0.744710
-0.736353
-0.727969
-0.719565
-0.711149
-0.702730
-0.694315
-0.685911
-0.677524
-0.669161
-0.660828
-0.652532
-0.644279
-0.636076
-0.627929
-0.619843
-0.611825
-0.603879
-0.596012
-0.588229
-0.580537
-0.572938
-0.565439
-0.558044
-0.550759
-0.543589
-0.536539
-0.529614
-0.522819
-0.516158
-0.509638
-0.503261
-0.497032
-0.490957
-0.485040
-0.479284
-0.473695
-0.468277
-0.463034
-0.457969
-0.453088
-0.448394
-0.443891
-0.439584
-0.435474
-0.431567
-0.427867
-0.424376
-0.421098
-0.418037
-0.415195
-0.412576
-0.410184
-0.408022
-0.406091
-0.404396
-0.402941
-0.401726
-0.400757
-0.400035
-0.399563
-0.399343
-0.399379
-0.399672
-0.400226
-0.401042
-0.402124
-0.403473
-0.405091
-0.406982
-0.409146
-0.411586
-0.414304
-0.417302
-0.906857
-0.906202
-0.904532
-0.902030
-0.898831
-0.895039
-0.890731
-0.885967
-0.880800
-0.875273
-0.869425
-0.863287
-0.856887
-0.850254
-0.843411
-0.836381
-0.829180
-0.821826
-0.814337
-0.806726
-0.799007
-0.791191
-0.783292
-0.775319
-0.767283
-0.759197
-0.751068
-0.742903
-0.734714
-0.726508
-0.718295
-0.710081
-0.701875
-0.693684
-0.685513
-0.677370
-0.669262
-0.661196
-0.653178
-0.645214
-0.637311
-0.629475
-0.621712
-0.614027
-0.606428
-0.598919
-0.591506
-0.584194
-0.576989
-0.569896
-0.562920
-0.556067
-0.549342
-0.542751
-0.536299
-0.529990
-0.523830
-0.517824
-0.511977
-0.506293
-0.500777
-0.495434
-0.490269
-0.485287
-0.480491
-0.475886
-0.471476
-0.467267
-0.463263
-0.459466
-0.455882
-0.452515
-0.449368
-0.446446
-0.443751
-0.441289
-0.439062
-0.437074
-0.435329
-0.433829
-0.432579
-0.431582
-0.430841
-0.430360
-0.430141
-0.430189
-0.430504
-0.431091
-0.431953
-0.433092
-0.434511
-0.436213
-0.438200
-0.440475
-0.443041
-0.445899
-0.449053
-0.452504
-0.456255
-0.460308
-0.909433
-0.908801
-0.907189
-0.904771
-0.901676
-0.898002
-0.893822
-0.889196
-0.884172
-0.878794
-0.873099
-0.867116
-0.860875
-0.854404
-0.847725
-0.840861
-0.833829
-0.826645
-0.819329
-0.811892
-0.804349
-0.796712
-0.788992
-0.781202
-0.773352
-0.765453
-0.757513
-0.749541
-0.741547
-0.733539
-0.725527
-0.717517
-0.709519
-0.701538
-0.693581
-0.685657
-0.677771
-0.669930
-0.662143
-0.654415
-0.646752
-0.639161
-0.631648
-0.624219
-0.616881
-0.609639
-0.602499
-0.595467
-0.588548
-0.581748
-0.575073
-0.568527
-0.562118
-0.555851
-0.549731
-0.543764
-0.537953
-0.532306
-0.526827
-0.521521
-0.516393
-0.511449
-0.506693
-0.502131
-0.497766
-0.493605
-0.489651
-0.485910
-0.482385
-0.479082
-0.476005
-0.473157
-0.470545
-0.468171
-0.466039
-0.464154
-0.462520
-0.461141
-0.460020
-0.459161
-0.458566
-0.458242
-0.458192
-0.458419
-0.458926
-0.459716
-0.460793
-0.462159
-0.463819
-0.465776
-0.468032
-0.470590
-0.473454
-0.476625
-0.480107
-0.483903
-0.488015
-0.492445
-0.497196
-0.502271
-0.912046
-0.911439
-0.909887
-0.907555
-0.904566
-0.901013
-0.896966
-0.892479
-0.887602
-0.882375
-0.876835
-0.871011
-0.864932
-0.858624
-0.852112
-0.845416
-0.838554
-0.831543
-0.824400
-0.817139
-0.809773
-0.802315
-0.794777
-0.787170
-0.779506
-0.771794
-0.764043
-0.756264
-0.748464
-0.740654
-0.732841
-0.725034
-0.717241
-0.709469
-0.701724
-0.694015
-0.686348
-0.678730
-0.671170
-0.663672
-0.656245
-0.648894
-0.641625
-0.634446
-0.627363
-0.620381
-0.613507
-0.606747
-0.600106
-0.593590
-0.587205
-0.580958
-0.574855
-0.568901
-0.563102
-0.557463
-0.551990
-0.546688
-0.541564
-0.536622
-0.531867
-0.527306
-0.522944
-0.518786
-0.514836
-0.511101
-0.507584
-0.504292
-0.501229
-0.498400
-0.495809
-0.493461
-0.491361
-0.489514
-0.487922
-0.486592
-0.485527
-0.484732
-0.484211
-0.483967
-0.484004
-0.484327
-0.484940
-0.485847
-0.487051
-0.488556
-0.490366
-0.492483
-0.494911
-0.497655
-0.500717
-0.504100
-0.507807
-0.511843
-0.516209
-0.520908
-0.525943
-0.531318
-0.537035
-0.543097
-0.914698
-0.914115
-0.912624
-0.910381
-0.907502
-0.904073
-0.900160
-0.895816
-0.891088
-0.886016
-0.880634
-0.874971
-0.869055
-0.862914
-0.856570
-0.850044
-0.843354
-0.836517
-0.829549
-0.822466
-0.815278
-0.808000
-0.800644
-0.793221
-0.785742
-0.778217
-0.770656
-0.763068
-0.755463
-0.747849
-0.740234
-0.732629
-0.725039
-0.717473
-0.709937
-0.702440
-0.694989
-0.687590
-0.680252
-0.672981
-0.665784
-0.658667
-0.651637
-0.644701
-0.637866
-0.631137
-0.624521
-0.618024
-0.611652
-0.605410
-0.599307
-0.593348
-0.587539
-0.581886
-0.576396
-0.571073
-0.565925
-0.560955
-0.556170
-0.551577
-0.547181
-0.542987
-0.539002
-0.535230
-0.531677
-0.528349
-0.525250
-0.522388
-0.519766
-0.517389
-0.515263
-0.513393
-0.511783
-0.510438
-0.509363
-0.508563
-0.508042
-0.507806
-0.507857
-0.508201
-0.508842
-0.509784
-0.511032
-0.512591
-0.514462
-0.516652
-0.519162
-0.521998
-0.525163
-0.528661
-0.532495
-0.536670
-0.541187
-0.546051
-0.551265
-0.556832
-0.562756
-0.569038
-0.575682
-0.582692
-0.917386
-0.916828
-0.915401
-0.913249
-0.910481
-0.907179
-0.903404
-0.899205
-0.894629
-0.889714
-0.884493
-0.878994
-0.873245
-0.867272
-0.861098
-0.854744
-0.848228
-0.841566
-0.834775
-0.827869
-0.820861
-0.813765
-0.806592
-0.799353
-0.792059
-0.784721
-0.777350
-0.769953
-0.762541
-0.755122
-0.747704
-0.740297
-0.732909
-0.725546
-0.718216
-0.710929
-0.703689
-0.696505
-0.689386
-0.682336
-0.675363
-0.668475
-0.661677
-0.654978
-0.648383
-0.641899
-0.635532
-0.629290
-0.623177
-0.617201
-0.611368
-0.605686
-0.600160
-0.594796
-0.589601
-0.584581
-0.579742
-0.575090
-0.570630
-0.566370
-0.562315
-0.558471
-0.554845
-0.551441
-0.548266
-0.545325
-0.542625
-0.540170
-0.537968
-0.536021
-0.534337
-0.532920
-0.531776
-0.530909
-0.530325
-0.530029
-0.530026
-0.530320
-0.530917
-0.531820
-0.533035
-0.534566
-0.536419
-0.538597
-0.541104
-0.543946
-0.547125
-0.550646
-0.554513
-0.558730
-0.563302
-0.568231
-0.573521
-0.579177
-0.585201
-0.591597
-0.598369
-0.605519
-0.613050
-0.620968
-0.920108
-0.919576
-0.918214
-0.916156
-0.913502
-0.910330
-0.906695
-0.902646
-0.898224
-0.893469
-0.888411
-0.883078
-0.877498
-0.871696
-0.865695
-0.859515
-0.853174
-0.846688
-0.840076
-0.833349
-0.826522
-0.819607
-0.812617
-0.805563
-0.798455
-0.791304
-0.784121
-0.776915
-0.769695
-0.762469
-0.755247
-0.748036
-0.740847
-0.733685
-0.726559
-0.719476
-0.712445
-0.705472
-0.698565
-0.691732
-0.684978
-0.678312
-0.671740
-0.665270
-0.658907
-0.652660
-0.646534
-0.640536
-0.634673
-0.628951
-0.623379
-0.617961
-0.612706
-0.607618
-0.602706
-0.597974
-0.593429
-0.589078
-0.584928
-0.580984
-0.577253
-0.573741
-0.570454
-0.567399
-0.564581
-0.562007
-0.559683
-0.557615
-0.555809
-0.554269
-0.553002
-0.552014
-0.551309
-0.550895
-0.550775
-0.550954
-0.551440
-0.552236
-0.553348
-0.554780
-0.556538
-0.558627
-0.561051
-0.563816
-0.566926
-0.570384
-0.574196
-0.578366
-0.582899
-0.587799
-0.593070
-0.598715
-0.604740
-0.611147
-0.617941
-0.625126
-0.632703
-0.640679
-0.649055
-0.657836
-0.922863
-0.922358
-0.921063
-0.919101
-0.916565
-0.913526
-0.910034
-0.906136
-0.901873
-0.897280
-0.892388
-0.887224
-0.881814
-0.876185
-0.870359
-0.864354
-0.858190
-0.851883
-0.845450
-0.838903
-0.832258
-0.825525
-0.818719
-0.811850
-0.804927
-0.797963
-0.790968
-0.783951
-0.776922
-0.769889
-0.762860
-0.755844
-0.748850
-0.741886
-0.734960
-0.728080
-0.721253
-0.714486
-0.707787
-0.701164
-0.694623
-0.688173
-0.681820
-0.675571
-0.669433
-0.663414
-0.657519
-0.651756
-0.646132
-0.640654
-0.635330
-0.630165
-0.625167
-0.620342
-0.615697
-0.611239
-0.606974
-0.602908
-0.599049
-0.595404
-0.591978
-0.588779
-0.585813
-0.583085
-0.580604
-0.578375
-0.576405
-0.574699
-0.573265
-0.572107
-0.571232
-0.570646
-0.570354
-0.570363
-0.570678
-0.571305
-0.572249
-0.573516
-0.575112
-0.577041
-0.579309
-0.581921
-0.584884
-0.588200
-0.591876
-0.595916
-0.600324
-0.605105
-0.610265
-0.615807
-0.621738
-0.628059
-0.634777
-0.641893
-0.649414
-0.657344
-0.665684
-0.674440
-0.683616
-0.693214
-0.925649
-0.925172
-0.923945
-0.922082
-0.919667
-0.916764
-0.913419
-0.909676
-0.905573
-0.901145
-0.896422
-0.891429
-0.886192
-0.880738
-0.875088
-0.869261
-0.863276
-0.857149
-0.850895
-0.844529
-0.838067
-0.831518
-0.824896
-0.818211
-0.811474
-0.804696
-0.797889
-0.791061
-0.784221
-0.777378
-0.770540
-0.763717
-0.756916
-0.750148
-0.743418
-0.736736
-0.730108
-0.723542
-0.717046
-0.710628
-0.704294
-0.698053
-0.691911
-0.685875
-0.679954
-0.674153
-0.668480
-0.662943
-0.657547
-0.652302
-0.647213
-0.642288
-0.637534
-0.632958
-0.628566
-0.624365
-0.620363
-0.616566
-0.612981
-0.609616
-0.606476
-0.603570
-0.600903
-0.598483
-0.596316
-0.594409
-0.592768
-0.591401
-0.590313
-0.589511
-0.589001
-0.588789
-0.588882
-0.589286
-0.590006
-0.591048
-0.592420
-0.594126
-0.596172
-0.598564
-0.601308
-0.604409
-0.607872
-0.611704
-0.615908
-0.620490
-0.625455
-0.630808
-0.636555
-0.642699
-0.649247
-0.656201
-0.663568
-0.671350
-0.679553
-0.688182
-0.697239
-0.706728
-0.716655
-0.727022
-0.928465
-0.928017
-0.926860
-0.925099
-0.922807
-0.920043
-0.916848
-0.913263
-0.909323
-0.905064
-0.900511
-0.895692
-0.890631
-0.885354
-0.879882
-0.874234
-0.868429
-0.862483
-0.856411
-0.850227
-0.843948
-0.837583
-0.831145
-0.824645
-0.818093
-0.811502
-0.804881
-0.798241
-0.791589
-0.784934
-0.778286
-0.771652
-0.765042
-0.758466
-0.751929
-0.745441
-0.739008
-0.732639
-0.726340
-0.720120
-0.713987
-0.707947
-0.702009
-0.696179
-0.690465
-0.684874
-0.679412
-0.674089
-0.668911
-0.663886
-0.659021
-0.654323
-0.649799
-0.645457
-0.641302
-0.637344
-0.633587
-0.630041
-0.626712
-0.623607
-0.620734
-0.618100
-0.615711
-0.613575
-0.611699
-0.610090
-0.608755
-0.607700
-0.606932
-0.606459
-0.606285
-0.606419
-0.606867
-0.607635
-0.608729
-0.610155
-0.611921
-0.614032
-0.616495
-0.619314
-0.622497
-0.626049
-0.629976
-0.634284
-0.638977
-0.644061
-0.649542
-0.655425
-0.661716
-0.668419
-0.675539
-0.683082
-0.691052
-0.699454
-0.708292
-0.717571
-0.727296
-0.737470
-0.748098
-0.759183
-0.931309
-0.930890
-0.929806
-0.928150
-0.925985
-0.923363
-0.920321
-0.916896
-0.913123
-0.909035
-0.904656
-0.900012
-0.895129
-0.890031
-0.884739
-0.879272
-0.873649
-0.867885
-0.861996
-0.855995
-0.849899
-0.843719
-0.837466
-0.831150
-0.824784
-0.818378
-0.811944
-0.805490
-0.799024
-0.792556
-0.786094
-0.779648
-0.773226
-0.766838
-0.760490
-0.754192
-0.747950
-0.741771
-0.735664
-0.729637
-0.723698
-0.717853
-0.712110
-0.706477
-0.700961
-0.695570
-0.690311
-0.685191
-0.680219
-0.675402
-0.670748
-0.666263
-0.661955
-0.657831
-0.653899
-0.650165
-0.646637
-0.643323
-0.640230
-0.637367
-0.634740
-0.632356
-0.630223
-0.628349
-0.626740
-0.625403
-0.624347
-0.623579
-0.623104
-0.622930
-0.623064
-0.623514
-0.624286
-0.625385
-0.626821
-0.628598
-0.630724
-0.633205
-0.636047
-0.639257
-0.642841
-0.646805
-0.651156
-0.655900
-0.661040
-0.666586
-0.672539
-0.678909
-0.685699
-0.692915
-0.700563
-0.708647
-0.717173
-0.726146
-0.735570
-0.745450
-0.755791
-0.766598
-0.777874
-0.789625
-0.934178
-0.933790
-0.932781
-0.931233
-0.929197
-0.926722
-0.923836
-0.920575
-0.916972
-0.913057
-0.908854
-0.904389
-0.899685
-0.894768
-0.889658
-0.884374
-0.878934
-0.873353
-0.867648
-0.861832
-0.855920
-0.849924
-0.843856
-0.837725
-0.831543
-0.825323
-0.819074
-0.812805
-0.806524
-0.800240
-0.793963
-0.787702
-0.781465
-0.775262
-0.769100
-0.762987
-0.756930
-0.750937
-0.745016
-0.739175
-0.733423
-0.727765
-0.722210
-0.716765
-0.711439
-0.706239
-0.701171
-0.696244
-0.691466
-0.686845
-0.682387
-0.678102
-0.673994
-0.670074
-0.666347
-0.662821
-0.659504
-0.656404
-0.653528
-0.650885
-0.648482
-0.646327
-0.644427
-0.642789
-0.641423
-0.640334
-0.639531
-0.639020
-0.638810
-0.638907
-0.639319
-0.640052
-0.641115
-0.642515
-0.644257
-0.646350
-0.648800
-0.651614
-0.654799
-0.658361
-0.662307
-0.666643
-0.671377
-0.676514
-0.682060
-0.688022
-0.694405
-0.701215
-0.708458
-0.716141
-0.724268
-0.732845
-0.741877
-0.751370
-0.761328
-0.771757
-0.782662
-0.794047
-0.805918
-0.818277
-0.937073
-0.936715
-0.935784
-0.934346
-0.932444
-0.930117
-0.927392
-0.924298
-0.920867
-0.917129
-0.913104
-0.908820
-0.904298
-0.899564
-0.894638
-0.889538
-0.884282
-0.878886
-0.873366
-0.867735
-0.862008
-0.856198
-0.850314
-0.844367
-0.838370
-0.832334
-0.826269
-0.820184
-0.814086
-0.807985
-0.801891
-0.795812
-0.789757
-0.783736
-0.777755
-0.771823
-0.765947
-0.760134
-0.754394
-0.748733
-0.743160
-0.737682
-0.732307
-0.727042
-0.721896
-0.716875
-0.711988
-0.707243
-0.702647
-0.698209
-0.693935
-0.689834
-0.685913
-0.682179
-0.678641
-0.675305
-0.672181
-0.669275
-0.666597
-0.664153
-0.661953
-0.660003
-0.658312
-0.656887
-0.655738
-0.654870
-0.654291
-0.654011
-0.654036
-0.654373
-0.655030
-0.656016
-0.657338
-0.659003
-0.661017
-0.663390
-0.666126
-0.669235
-0.672724
-0.676598
-0.680865
-0.685532
-0.690606
-0.696094
-0.702000
-0.708333
-0.715098
-0.722302
-0.729951
-0.738050
-0.746607
-0.755625
-0.765112
-0.775073
-0.785513
-0.796436
-0.807850
-0.819758
-0.832165
-0.845076
-0.939988
-0.939664
-0.938813
-0.937489
-0.935724
-0.933549
-0.930987
-0.928064
-0.924809
-0.921249
-0.917406
-0.913304
-0.908967
-0.904418
-0.899678
-0.894763
-0.889693
-0.884483
-0.879149
-0.873704
-0.868163
-0.862538
-0.856839
-0.851076
-0.845264
-0.839411
-0.833530
-0.827626
-0.821710
-0.815790
-0.809876
-0.803976
-0.798100
-0.792257
-0.786454
-0.780698
-0.774998
-0.769360
-0.763794
-0.758307
-0.752906
-0.747600
-0.742397
-0.737303
-0.732328
-0.727478
-0.722761
-0.718185
-0.713760
-0.709491
-0.705387
-0.701456
-0.697706
-0.694143
-0.690776
-0.687613
-0.684662
-0.681931
-0.679429
-0.677164
-0.675144
-0.673376
-0.671870
-0.670633
-0.669673
-0.668999
-0.668618
-0.668538
-0.668767
-0.669314
-0.670185
-0.671390
-0.672936
-0.674830
-0.677081
-0.679695
-0.682681
-0.686046
-0.689798
-0.693943
-0.698489
-0.703443
-0.708814
-0.714606
-0.720828
-0.727485
-0.734585
-0.742133
-0.750136
-0.758602
-0.767537
-0.776945
-0.786833
-0.797207
-0.808072
-0.819435
-0.831299
-0.843672
-0.856557
-0.869961
-0.942925
-0.942634
-0.941866
-0.940659
-0.939034
-0.937016
-0.934620
-0.931871
-0.928795
-0.925417
-0.921758
-0.917841
-0.913691
-0.909328
-0.904775
-0.900048
-0.895165
-0.890143
-0.884996
-0.879738
-0.874382
-0.868942
-0.863428
-0.857850
-0.852222
-0.846552
-0.840852
-0.835130
-0.829394
-0.823652
-0.817916
-0.812193
-0.806494
-0.800825
-0.795195
-0.789611
-0.784082
-0.778614
-0.773215
-0.767895
-0.762660
-0.757519
-0.752479
-0.747547
-0.742733
-0.738043
-0.733485
-0.729069
-0.724800
-0.720689
-0.716741
-0.712965
-0.709369
-0.705961
-0.702749
-0.699740
-0.696943
-0.694367
-0.692021
-0.689912
-0.688049
-0.686440
-0.685094
-0.684018
-0.683222
-0.682713
-0.682500
-0.682591
-0.682994
-0.683718
-0.684770
-0.686160
-0.687895
-0.689983
-0.692432
-0.695250
-0.698445
-0.702026
-0.705999
-0.710373
-0.715154
-0.720352
-0.725973
-0.732024
-0.738513
-0.745446
-0.752830
-0.760673
-0.768980
-0.777760
-0.787019
-0.796762
-0.806996
-0.817726
-0.828960
-0.840703
-0.852961
-0.865738
-0.879041
-0.892875
-0.945879
-0.945623
-0.944941
-0.943855
-0.942375
-0.940517
-0.938292
-0.935720
-0.932825
-0.929631
-0.926159
-0.922429
-0.918467
-0.914294
-0.909930
-0.905391
-0.900698
-0.895863
-0.890904
-0.885833
-0.880665
-0.875411
-0.870081
-0.864688
-0.859243
-0.853756
-0.848237
-0.842694
-0.837136
-0.831571
-0.826011
-0.820462
-0.814935
-0.809438
-0.803977
-0.798561
-0.793197
-0.787893
-0.782657
-0.777497
-0.772421
-0.767436
-0.762551
-0.757773
-0.753110
-0.748570
-0.744161
-0.739891
-0.735768
-0.731800
-0.727994
-0.724359
-0.720902
-0.717632
-0.714556
-0.711683
-0.709022
-0.706580
-0.704368
-0.702393
-0.700664
-0.699190
-0.697978
-0.697037
-0.696377
-0.696005
-0.695931
-0.696162
-0.696708
-0.697576
-0.698775
-0.700314
-0.702202
-0.704447
-0.707057
-0.710040
-0.713404
-0.717158
-0.721310
-0.725869
-0.730841
-0.736235
-0.742061
-0.748323
-0.755029
-0.762188
-0.769806
-0.777891
-0.786449
-0.795489
-0.805017
-0.815038
-0.825561
-0.836591
-0.848135
-0.860198
-0.872787
-0.885908
-0.899565
-0.913766
-0.948849
-0.948630
-0.948036
-0.947075
-0.945745
-0.944050
-0.941999
-0.939608
-0.936898
-0.933891
-0.930607
-0.927068
-0.923296
-0.919313
-0.915140
-0.910792
-0.906288
-0.901643
-0.896872
-0.891991
-0.887010
-0.881942
-0.876797
-0.871588
-0.866326
-0.861020
-0.855681
-0.850316
-0.844935
-0.839546
-0.834158
-0.828782
-0.823424
-0.818094
-0.812799
-0.807546
-0.802343
-0.797197
-0.792117
-0.787111
-0.782187
-0.777351
-0.772613
-0.767980
-0.763459
-0.759058
-0.754787
-0.750652
-0.746661
-0.742824
-0.739146
-0.735636
-0.732302
-0.729153
-0.726196
-0.723441
-0.720895
-0.718568
-0.716469
-0.714606
-0.712987
-0.711622
-0.710519
-0.709687
-0.709135
-0.708872
-0.708905
-0.709246
-0.709901
-0.710880
-0.712192
-0.713846
-0.715850
-0.718213
-0.720944
-0.724051
-0.727543
-0.731428
-0.735716
-0.740414
-0.745531
-0.751076
-0.757056
-0.763480
-0.770354
-0.777688
-0.785487
-0.793760
-0.802515
-0.811758
-0.821499
-0.831742
-0.842494
-0.853764
-0.865557
-0.877879
-0.890737
-0.904137
-0.918085
-0.932587
-0.951834
-0.951652
-0.951151
-0.950319
-0.949141
-0.947615
-0.945741
-0.943534
-0.941012
-0.938195
-0.935102
-0.931755
-0.928176
-0.924386
-0.920405
-0.916250
-0.911937
-0.907482
-0.902901
-0.898208
-0.893415
-0.888534
-0.883574
-0.878550
-0.873470
-0.868345
-0.863185
-0.857997
-0.852791
-0.847575
-0.842359
-0.837151
-0.831959
-0.826793
-0.821659
-0.816565
-0.811518
-0.806526
-0.801597
-0.796738
-0.791958
-0.787264
-0.782665
-0.778168
-0.773779
-0.769508
-0.765363
-0.761351
-0.757481
-0.753760
-0.750196
-0.746797
-0.743571
-0.740526
-0.737671
-0.735014
-0.732564
-0.730331
-0.728323
-0.726549
-0.725017
-0.723736
-0.722717
-0.721966
-0.721494
-0.721309
-0.721421
-0.721839
-0.722571
-0.723628
-0.725016
-0.726748
-0.728831
-0.731274
-0.734086
-0.737275
-0.740852
-0.744826
-0.749204
-0.753996
-0.759211
-0.764858
-0.770944
-0.777479
-0.784469
-0.791924
-0.799851
-0.808257
-0.817152
-0.826543
-0.836438
-0.846843
-0.857765
-0.869213
-0.881193
-0.893710
-0.906773
-0.920388
-0.934560
-0.949296
-0.954830
-0.954687
-0.954281
-0.953583
-0.952562
-0.951208
-0.949516
-0.947496
-0.945166
-0.942542
-0.939643
-0.936490
-0.933106
-0.929511
-0.925724
-0.921762
-0.917642
-0.913379
-0.908988
-0.904485
-0.899880
-0.895186
-0.890411
-0.885571
-0.880674
-0.875729
-0.870746
-0.865734
-0.860702
-0.855657
-0.850610
-0.845568
-0.840540
-0.835534
-0.830558
-0.825618
-0.820723
-0.815879
-0.811094
-0.806377
-0.801735
-0.797176
-0.792707
-0.788336
-0.784071
-0.779919
-0.775890
-0.771991
-0.768228
-0.764611
-0.761147
-0.757843
-0.754709
-0.751752
-0.748980
-0.746404
-0.744030
-0.741870
-0.739931
-0.738223
-0.736754
-0.735533
-0.734571
-0.733874
-0.733454
-0.733318
-0.733477
-0.733940
-0.734716
-0.735815
-0.737245
-0.739017
-0.741140
-0.743624
-0.746476
-0.749707
-0.753326
-0.757343
-0.761766
-0.766605
-0.771869
-0.777568
-0.783711
-0.790304
-0.797358
-0.804881
-0.812879
-0.821363
-0.830341
-0.839820
-0.849810
-0.860316
-0.871347
-0.882909
-0.895012
-0.907661
-0.920862
-0.934624
-0.948953
-0.963854
-0.957835
-0.957733
-0.957427
-0.956866
-0.956008
-0.954831
-0.953324
-0.951495
-0.949359
-0.946930
-0.944228
-0.941273
-0.938085
-0.934686
-0.931094
-0.927328
-0.923401
-0.919331
-0.915132
-0.910819
-0.906404
-0.901896
-0.897308
-0.892651
-0.887936
-0.883170
-0.878365
-0.873527
-0.868667
-0.863792
-0.858912
-0.854033
-0.849166
-0.844318
-0.839495
-0.834706
-0.829957
-0.825256
-0.820611
-0.816028
-0.811518
-0.807086
-0.802740
-0.798488
-0.794336
-0.790294
-0.786370
-0.782571
-0.778904
-0.775378
-0.771999
-0.768777
-0.765718
-0.762832
-0.760127
-0.757612
-0.755296
-0.753188
-0.751297
-0.749632
-0.748202
-0.747016
-0.746084
-0.745414
-0.745017
-0.744900
-0.745075
-0.745552
-0.746338
-0.747444
-0.748879
-0.750654
-0.752779
-0.755263
-0.758114
-0.761343
-0.764960
-0.768974
-0.773396
-0.778235
-0.783499
-0.789200
-0.795347
-0.801947
-0.809009
-0.816545
-0.824560
-0.833063
-0.842064
-0.851572
-0.861595
-0.872141
-0.883216
-0.894830
-0.906990
-0.919703
-0.932977
-0.946818
-0.961233
-0.976228
-0.960847
-0.960788
-0.960585
-0.960167
-0.959477
-0.958480
-0.957163
-0.955529
-0.953590
-0.951360
-0.948856
-0.946100
-0.943111
-0.939911
-0.936517
-0.932947
-0.929215
-0.925339
-0.921333
-0.917211
-0.912985
-0.908665
-0.904263
-0.899790
-0.895256
-0.890669
-0.886040
-0.881376
-0.876686
-0.871979
-0.867263
-0.862547
-0.857838
-0.853143
-0.848470
-0.843827
-0.839221
-0.834658
-0.830147
-0.825694
-0.821308
-0.816996
-0.812766
-0.808623
-0.804577
-0.800635
-0.796806
-0.793096
-0.789513
-0.786064
-0.782757
-0.779601
-0.776603
-0.773772
-0.771116
-0.768644
-0.766365
-0.764290
-0.762425
-0.760781
-0.759365
-0.758189
-0.757261
-0.756591
-0.756187
-0.756060
-0.756220
-0.756677
-0.757439
-0.758517
-0.759921
-0.761661
-0.763749
-0.766191
-0.769000
-0.772184
-0.775754
-0.779720
-0.784094
-0.788883
-0.794098
-0.799749
-0.805847
-0.812399
-0.819416
-0.826907
-0.834880
-0.843344
-0.852310
-0.861785
-0.871780
-0.882301
-0.893357
-0.904956
-0.917107
-0.929816
-0.943093
-0.956943
-0.971373
-0.986392
-0.963863
-0.963849
-0.963754
-0.963484
-0.962966
-0.962156
-0.961033
-0.959597
-0.957857
-0.955829
-0.953527
-0.950972
-0.948184
-0.945184
-0.941989
-0.938618
-0.935082
-0.931401
-0.927589
-0.923659
-0.919623
-0.915491
-0.911275
-0.906986
-0.902632
-0.898224
-0.893770
-0.889279
-0.884759
-0.880218
-0.875665
-0.871107
-0.866553
-0.862010
-0.857484
-0.852984
-0.848516
-0.844087
-0.839704
-0.835375
-0.831108
-0.826909
-0.822786
-0.818745
-0.814796
-0.810944
-0.807199
-0.803568
-0.800057
-0.796673
-0.793426
-0.790321
-0.787368
-0.784576
-0.781952
-0.779505
-0.777245
-0.775181
-0.773321
-0.771675
-0.770251
-0.769059
-0.768109
-0.767411
-0.766972
-0.766805
-0.766918
-0.767322
-0.768026
-0.769041
-0.770377
-0.772045
-0.774054
-0.776416
-0.779139
-0.782234
-0.785712
-0.789584
-0.793860
-0.798550
-0.803665
-0.809215
-0.815211
-0.821661
-0.828575
-0.835964
-0.843836
-0.852201
-0.861070
-0.870450
-0.880352
-0.890784
-0.901754
-0.913272
-0.925345
-0.937982
-0.951191
-0.964978
-0.979353
-0.994320
-0.966880
-0.966913
-0.966931
-0.966814
-0.966475
-0.965855
-0.964931
-0.963697
-0.962161
-0.960337
-0.958240
-0.955888
-0.953303
-0.950506
-0.947511
-0.944339
-0.941001
-0.937517
-0.933899
-0.930162
-0.926316
-0.922373
-0.918343
-0.914237
-0.910065
-0.905834
-0.901556
-0.897237
-0.892885
-0.888509
-0.884116
-0.879716
-0.875314
-0.870919
-0.866538
-0.862177
-0.857843
-0.853543
-0.849284
-0.845073
-0.840918
-0.836826
-0.832803
-0.828857
-0.824995
-0.821226
-0.817556
-0.813992
-0.810541
-0.807211
-0.804009
-0.800943
-0.798020
-0.795251
-0.792641
-0.790202
-0.787942
-0.785869
-0.783993
-0.782323
-0.780867
-0.779635
-0.778637
-0.777882
-0.777381
-0.777143
-0.777179
-0.777498
-0.778110
-0.779026
-0.780257
-0.781813
-0.783706
-0.785944
-0.788539
-0.791501
-0.794842
-0.798572
-0.802703
-0.807244
-0.812206
-0.817602
-0.823440
-0.829732
-0.836487
-0.843716
-0.851427
-0.859632
-0.868341
-0.877563
-0.887307
-0.897584
-0.908401
-0.919769
-0.931695
-0.944189
-0.957258
-0.970910
-0.985154
-0.999997
-0.969896
-0.969979
-0.970114
-0.970158
-0.970002
-0.969579
-0.968857
-0.967829
-0.966500
-0.964883
-0.962993
-0.960847
-0.958467
-0.955873
-0.953081
-0.950109
-0.946971
-0.943685
-0.940262
-0.936718
-0.933064
-0.929310
-0.925467
-0.921544
-0.917552
-0.913500
-0.909396
-0.905248
-0.901063
-0.896851
-0.892618
-0.888372
-0.884121
-0.879872
-0.875631
-0.871406
-0.867203
-0.863028
-0.858888
-0.854790
-0.850742
-0.846750
-0.842821
-0.838962
-0.835181
-0.831484
-0.827879
-0.824373
-0.820972
-0.817683
-0.814514
-0.811472
-0.808566
-0.805804
-0.803194
-0.800744
-0.798465
-0.796365
-0.794452
-0.792735
-0.791224
-0.789928
-0.788856
-0.788019
-0.787426
-0.787088
-0.787014
-0.787216
-0.787702
-0.788485
-0.789573
-0.790980
-0.792715
-0.794789
-0.797212
-0.799997
-0.803154
-0.806695
-0.810630
-0.814971
-0.819730
-0.824917
-0.830544
-0.836620
-0.843158
-0.850167
-0.857657
-0.865640
-0.874125
-0.883123
-0.892645
-0.902699
-0.913295
-0.924442
-0.936150
-0.948429
-0.961285
-0.974728
-0.988766
-1.003407
-0.972908
-0.973042
-0.973301
-0.973511
-0.973545
-0.973324
-0.972810
-0.971991
-0.970872
-0.969466
-0.967785
-0.965847
-0.963675
-0.961287
-0.958698
-0.955929
-0.952991
-0.949903
-0.946677
-0.943328
-0.939866
-0.936301
-0.932645
-0.928906
-0.925095
-0.921220
-0.917290
-0.913312
-0.909294
-0.905244
-0.901169
-0.897077
-0.892974
-0.888869
-0.884766
-0.880673
-0.876597
-0.872543
-0.868519
-0.864530
-0.860583
-0.856686
-0.852844
-0.849065
-0.845356
-0.841724
-0.838175
-0.834717
-0.831355
-0.828096
-0.824948
-0.821918
-0.819014
-0.816245
-0.813618
-0.811142
-0.808826
-0.806678
-0.804708
-0.802924
-0.801335
-0.799951
-0.798780
-0.797834
-0.797122
-0.796654
-0.796440
-0.796492
-0.796818
-0.797432
-0.798342
-0.799560
-0.801097
-0.802966
-0.805174
-0.807737
-0.810663
-0.813967
-0.817658
-0.821748
-0.826249
-0.831174
-0.836533
-0.842337
-0.848598
-0.855327
-0.862535
-0.870231
-0.878428
-0.887137
-0.896367
-0.906130
-0.916435
-0.927291
-0.938710
-0.950699
-0.963269
-0.976427
-0.990184
-1.004545
-0.975912
-0.976101
-0.976491
-0.976874
-0.977104
-0.977090
-0.976789
-0.976183
-0.975278
-0.974084
-0.972615
-0.970888
-0.968925
-0.966744
-0.964361
-0.961796
-0.959059
-0.956172
-0.953143
-0.949989
-0.946720
-0.943345
-0.939877
-0.936322
-0.932692
-0.928994
-0.925238
-0.921430
-0.917578
-0.913689
-0.909770
-0.905830
-0.901874
-0.897910
-0.893944
-0.889981
-0.886029
-0.882092
-0.878179
-0.874293
-0.870443
-0.866635
-0.862875
-0.859170
-0.855526
-0.851950
-0.848450
-0.845030
-0.841698
-0.838458
-0.835320
-0.832289
-0.829375
-0.826584
-0.823925
-0.821406
-0.819036
-0.816823
-0.814776
-0.812904
-0.811215
-0.809719
-0.808425
-0.807343
-0.806484
-0.805858
-0.805474
-0.805344
-0.805478
-0.805886
-0.806581
-0.807572
-0.808873
-0.810494
-0.812445
-0.814739
-0.817389
-0.820407
-0.823803
-0.827591
-0.831782
-0.836389
-0.841424
-0.846898
-0.852823
-0.859211
-0.866071
-0.873418
-0.881262
-0.889613
-0.898485
-0.907887
-0.917829
-0.928322
-0.939377
-0.951004
-0.963211
-0.976008
-0.989404
-1.003408
-0.978905
-0.979153
-0.979679
-0.980244
-0.980677
-0.980876
-0.980792
-0.980403
-0.979715
-0.978738
-0.977483
-0.975969
-0.974217
-0.972245
-0.970070
-0.967709
-0.965176
-0.962489
-0.959660
-0.956702
-0.953626
-0.950442
-0.947162
-0.943792
-0.940343
-0.936823
-0.933240
-0.929601
-0.925914
-0.922185
-0.918423
-0.914632
-0.910822
-0.906998
-0.903165
-0.899330
-0.895499
-0.891677
-0.887870
-0.884085
-0.880327
-0.876603
-0.872919
-0.869281
-0.865696
-0.862171
-0.858710
-0.855320
-0.852008
-0.848778
-0.845638
-0.842596
-0.839658
-0.836833
-0.834127
-0.831550
-0.829110
-0.826814
-0.824672
-0.822691
-0.820881
-0.819251
-0.817809
-0.816567
-0.815534
-0.814721
-0.814137
-0.813794
-0.813702
-0.813871
-0.814313
-0.815041
-0.816064
-0.817396
-0.819046
-0.821029
-0.823355
-0.826039
-0.829091
-0.832524
-0.836351
-0.840585
-0.845238
-0.850323
-0.855852
-0.861836
-0.868287
-0.875218
-0.882641
-0.890568
-0.899011
-0.907981
-0.917489
-0.927546
-0.938162
-0.949350
-0.961117
-0.973474
-0.986431
-0.999997
-0.981884
-0.982194
-0.982865
-0.983619
-0.984262
-0.984680
-0.984818
-0.984652
-0.984185
-0.983426
-0.982388
-0.981089
-0.979550
-0.977789
-0.975822
-0.973668
-0.971339
-0.968855
-0.966225
-0.963465
-0.960584
-0.957592
-0.954499
-0.951314
-0.948046
-0.944704
-0.941294
-0.937825
-0.934302
-0.930734
-0.927126
-0.923486
-0.919819
-0.916132
-0.912432
-0.908723
-0.905010
-0.901300
-0.897597
-0.893908
-0.890239
-0.886595
-0.882982
-0.879406
-0.875874
-0.872391
-0.868963
-0.865596
-0.862295
-0.859065
-0.855915
-0.852849
-0.849877
-0.847003
-0.844238
-0.841588
-0.839062
-0.836667
-0.834411
-0.832303
-0.830351
-0.828564
-0.826953
-0.825526
-0.824293
-0.823266
-0.822453
-0.821866
-0.821515
-0.821411
-0.821566
-0.821992
-0.822699
-0.823700
-0.825007
-0.826633
-0.828589
-0.830890
-0.833547
-0.836573
-0.839982
-0.843788
-0.848002
-0.852638
-0.857709
-0.863226
-0.869203
-0.875653
-0.882588
-0.890021
-0.897965
-0.906431
-0.915431
-0.924976
-0.935078
-0.945749
-0.956999
-0.968837
-0.981275
-0.994321
-0.984845
-0.985221
-0.986045
-0.986997
-0.987859
-0.988502
-0.988868
-0.988927
-0.988684
-0.988146
-0.987328
-0.986246
-0.984922
-0.983374
-0.981617
-0.979671
-0.977549
-0.975268
-0.972839
-0.970278
-0.967591
-0.964792
-0.961889
-0.958889
-0.955803
-0.952638
-0.949402
-0.946103
-0.942744
-0.939335
-0.935882
-0.932390
-0.928866
-0.925316
-0.921746
-0.918161
-0.914565
-0.910963
-0.907362
-0.903767
-0.900182
-0.896615
-0.893068
-0.889550
-0.886066
-0.882619
-0.879218
-0.875865
-0.872568
-0.869331
-0.866160
-0.863061
-0.860043
-0.857111
-0.854273
-0.851537
-0.848909
-0.846399
-0.844013
-0.841759
-0.839646
-0.837683
-0.835879
-0.834243
-0.832786
-0.831517
-0.830447
-0.829586
-0.828946
-0.828536
-0.828368
-0.828455
-0.828808
-0.829439
-0.830359
-0.831583
-0.833123
-0.834993
-0.837204
-0.839772
-0.842709
-0.846029
-0.849747
-0.853874
-0.858425
-0.863412
-0.868850
-0.874751
-0.881130
-0.887998
-0.895372
-0.903260
-0.911677
-0.920635
-0.930146
-0.940221
-0.950874
-0.962112
-0.973948
-0.986392
-0.987783
-0.988231
-0.989218
-0.990378
-0.991466
-0.992341
-0.992939
-0.993228
-0.993213
-0.992899
-0.992303
-0.991440
-0.990333
-0.988999
-0.987455
-0.985719
-0.983804
-0.981727
-0.979501
-0.977139
-0.974649
-0.972043
-0.969329
-0.966516
-0.963612
-0.960625
-0.957563
-0.954433
-0.951239
-0.947990
-0.944690
-0.941347
-0.937965
-0.934551
-0.931110
-0.927647
-0.924167
-0.920672
-0.917170
-0.913666
-0.910163
-0.906668
-0.903185
-0.899719
-0.896278
-0.892864
-0.889482
-0.886139
-0.882838
-0.879585
-0.876386
-0.873246
-0.870171
-0.867170
-0.864248
-0.861413
-0.858671
-0.856030
-0.853498
-0.851081
-0.848789
-0.846630
-0.844612
-0.842745
-0.841040
-0.839505
-0.838150
-0.836987
-0.836026
-0.835277
-0.834753
-0.834465
-0.834425
-0.834645
-0.835137
-0.835916
-0.836994
-0.838385
-0.840101
-0.842157
-0.844568
-0.847347
-0.850509
-0.854067
-0.858036
-0.862429
-0.867261
-0.872546
-0.878298
-0.884531
-0.891260
-0.898497
-0.906256
-0.914549
-0.923389
-0.932790
-0.942764
-0.953320
-0.964472
-0.976229
-0.990695
-0.991220
-0.992380
-0.993758
-0.995081
-0.996195
-0.997031
-0.997555
-0.997770
-0.997684
-0.997312
-0.996670
-0.995782
-0.994664
-0.993334
-0.991809
-0.990103
-0.988232
-0.986209
-0.984048
-0.981755
-0.979343
-0.976820
-0.974194
-0.971473
-0.968665
-0.965778
-0.962817
-0.959788
-0.956698
-0.953552
-0.950357
-0.947117
-0.943839
-0.940526
-0.937185
-0.933818
-0.930429
-0.927025
-0.923608
-0.920185
-0.916760
-0.913337
-0.909922
-0.906519
-0.903132
-0.899766
-0.896426
-0.893116
-0.889841
-0.886605
-0.883416
-0.880278
-0.877197
-0.874180
-0.871234
-0.868365
-0.865581
-0.862888
-0.860293
-0.857805
-0.855431
-0.853180
-0.851062
-0.849085
-0.847260
-0.845595
-0.844102
-0.842791
-0.841673
-0.840759
-0.840061
-0.839591
-0.839361
-0.839385
-0.839674
-0.840244
-0.841108
-0.842279
-0.843773
-0.845602
-0.847784
-0.850331
-0.853260
-0.856584
-0.860318
-0.864478
-0.869078
-0.874133
-0.879658
-0.885668
-0.892178
-0.899200
-0.906749
-0.914840
-0.923485
-0.932696
-0.942487
-0.952869
-0.963855
-0.993574
-0.994184
-0.995529
-0.997137
-0.998704
-1.000064
-1.001143
-1.001906
-1.002355
-1.002499
-1.002353
-1.001935
-1.001267
-1.000368
-0.999253
-0.997940
-0.996445
-0.994781
-0.992964
-0.991004
-0.988910
-0.986693
-0.984362
-0.981923
-0.979386
-0.976758
-0.974045
-0.971254
-0.968391
-0.965461
-0.962470
-0.959422
-0.956324
-0.953181
-0.949996
-0.946775
-0.943521
-0.940238
-0.936929
-0.933600
-0.930255
-0.926897
-0.923532
-0.920163
-0.916797
-0.913434
-0.910080
-0.906738
-0.903414
-0.900111
-0.896833
-0.893587
-0.890377
-0.887209
-0.884088
-0.881022
-0.878015
-0.875074
-0.872207
-0.869420
-0.866720
-0.864116
-0.861614
-0.859224
-0.856955
-0.854816
-0.852817
-0.850968
-0.849279
-0.847761
-0.846425
-0.845284
-0.844349
-0.843631
-0.843145
-0.842904
-0.842921
-0.843211
-0.843787
-0.844666
-0.845861
-0.847388
-0.849263
-0.851501
-0.854117
-0.857127
-0.860546
-0.864391
-0.868677
-0.873421
-0.878638
-0.884342
-0.890550
-0.897275
-0.904534
-0.912339
-0.920705
-0.929645
-0.939171
-0.949297
-0.996417
-0.997120
-0.998662
-1.000512
-1.002334
-1.003947
-1.005274
-1.006280
-1.006967
-1.007344
-1.007427
-1.007234
-1.006789
-1.006109
-1.005211
-1.004112
-1.002830
-1.001374
-0.999763
-0.998007
-0.996112
-0.994092
-0.991953
-0.989703
-0.987351
-0.984902
-0.982366
-0.979745
-0.977048
-0.974279
-0.971442
-0.968543
-0.965587
-0.962579
-0.959523
-0.956422
-0.953280
-0.950101
-0.946889
-0.943646
-0.940377
-0.937086
-0.933777
-0.930453
-0.927120
-0.923778
-0.920433
-0.917087
-0.913744
-0.910408
-0.907084
-0.903775
-0.900487
-0.897224
-0.893991
-0.890795
-0.887641
-0.884535
-0.881482
-0.878489
-0.875564
-0.872713
-0.869944
-0.867265
-0.864684
-0.862211
-0.859855
-0.857625
-0.855532
-0.853587
-0.851799
-0.850182
-0.848747
-0.847505
-0.846470
-0.845656
-0.845076
-0.844746
-0.844679
-0.844892
-0.845398
-0.846215
-0.847358
-0.848844
-0.850689
-0.852908
-0.855519
-0.858539
-0.861984
-0.865871
-0.870217
-0.875038
-0.880351
-0.886170
-0.892513
-0.899394
-0.906828
-0.914829
-0.923412
-0.932589
-0.999218
-1.000022
-1.001777
-1.003883
-1.005969
-1.007843
-1.009424
-1.010678
-1.011605
-1.012218
-1.012532
-1.012567
-1.012346
-1.011886
-1.011208
-1.010325
-1.009255
-1.008011
-1.006607
-1.005054
-1.003361
-1.001538
-0.999593
-0.997533
-0.995366
-0.993099
-0.990740
-0.988291
-0.985761
-0.983152
-0.980471
-0.977722
-0.974908
-0.972036
-0.969108
-0.966128
-0.963099
-0.960025
-0.956907
-0.953751
-0.950558
-0.947333
-0.944079
-0.940799
-0.937497
-0.934175
-0.930836
-0.927483
-0.924118
-0.920747
-0.917372
-0.913996
-0.910625
-0.907261
-0.903910
-0.900578
-0.897268
-0.893987
-0.890739
-0.887530
-0.884367
-0.881257
-0.878205
-0.875221
-0.872311
-0.869485
-0.866751
-0.864118
-0.861597
-0.859197
-0.856929
-0.854805
-0.852837
-0.851035
-0.849414
-0.847987
-0.846769
-0.845774
-0.845016
-0.844511
-0.844276
-0.844326
-0.844680
-0.845352
-0.846361
-0.847724
-0.849457
-0.851580
-0.854110
-0.857064
-0.860462
-0.864319
-0.868654
-0.873484
-0.878825
-0.884695
-0.891109
-0.898082
-0.905631
-0.913768
-1.001970
-1.002886
-1.004871
-1.007248
-1.009610
-1.011753
-1.013593
-1.015098
-1.016269
-1.017120
-1.017667
-1.017932
-1.017937
-1.017700
-1.017242
-1.016576
-1.015722
-1.014689
-1.013493
-1.012147
-1.010655
-1.009031
-1.007281
-1.005413
-1.003432
-1.001348
-0.999167
-0.996892
-0.994529
-0.992083
-0.989558
-0.986959
-0.984289
-0.981554
-0.978755
-0.975897
-0.972981
-0.970011
-0.966990
-0.963919
-0.960803
-0.957645
-0.954445
-0.951208
-0.947937
-0.944634
-0.941300
-0.937938
-0.934551
-0.931142
-0.927713
-0.924268
-0.920809
-0.917341
-0.913867
-0.910393
-0.906921
-0.903458
-0.900007
-0.896573
-0.893162
-0.889780
-0.886434
-0.883130
-0.879876
-0.876680
-0.873549
-0.870493
-0.867521
-0.864643
-0.861869
-0.859209
-0.856677
-0.854283
-0.852040
-0.849962
-0.848063
-0.846359
-0.844863
-0.843592
-0.842562
-0.841791
-0.841296
-0.841095
-0.841203
-0.841642
-0.842429
-0.843581
-0.845121
-0.847065
-0.849434
-0.852246
-0.855520
-0.859274
-0.863526
-0.868295
-0.873599
-0.879452
-0.885873
-0.892877
-1.004668
-1.005707
-1.007942
-1.010606
-1.013254
-1.015674
-1.017779
-1.019539
-1.020958
-1.022049
-1.022832
-1.023328
-1.023561
-1.023549
-1.023313
-1.022866
-1.022227
-1.021408
-1.020422
-1.019282
-1.017995
-1.016571
-1.015018
-1.013342
-1.011550
-1.009650
-1.007648
-1.005547
-1.003354
-1.001071
-0.998703
-0.996256
-0.993732
-0.991134
-0.988466
-0.985730
-0.982929
-0.980065
-0.977141
-0.974158
-0.971119
-0.968027
-0.964883
-0.961690
-0.958450
-0.955165
-0.951837
-0.948467
-0.945056
-0.941608
-0.938124
-0.934608
-0.931060
-0.927484
-0.923885
-0.920264
-0.916626
-0.912975
-0.909315
-0.905648
-0.901981
-0.898321
-0.894669
-0.891035
-0.887423
-0.883842
-0.880299
-0.876801
-0.873359
-0.869980
-0.866675
-0.863455
-0.860329
-0.857311
-0.854412
-0.851647
-0.849029
-0.846574
-0.844295
-0.842209
-0.840334
-0.838686
-0.837285
-0.836147
-0.835293
-0.834740
-0.834508
-0.834619
-0.835091
-0.835946
-0.837205
-0.838887
-0.841013
-0.843603
-0.846676
-0.850253
-0.854352
-0.858992
-0.864190
-0.869963
-1.007302
-1.008481
-1.010987
-1.013955
-1.016903
-1.019608
-1.021983
-1.024002
-1.025671
-1.027006
-1.028026
-1.028755
-1.029218
-1.029432
-1.029419
-1.029192
-1.028772
-1.028167
-1.027393
-1.026461
-1.025378
-1.024156
-1.022801
-1.021319
-1.019717
-1.018003
-1.016182
-1.014257
-1.012235
-1.010117
-1.007909
-1.005615
-1.003238
-1.000779
-0.998243
-0.995632
-0.992947
-0.990191
-0.987365
-0.984471
-0.981511
-0.978487
-0.975400
-0.972251
-0.969044
-0.965780
-0.962458
-0.959080
-0.955647
-0.952160
-0.948622
-0.945034
-0.941396
-0.937712
-0.933985
-0.930217
-0.926409
-0.922568
-0.918694
-0.914790
-0.910862
-0.906914
-0.902950
-0.898976
-0.894997
-0.891019
-0.887050
-0.883096
-0.879166
-0.875268
-0.871411
-0.867605
-0.863862
-0.860191
-0.856605
-0.853118
-0.849744
-0.846497
-0.843391
-0.840444
-0.837673
-0.835096
-0.832731
-0.830597
-0.828714
-0.827102
-0.825782
-0.824775
-0.824103
-0.823788
-0.823853
-0.824319
-0.825208
-0.826542
-0.828344
-0.830633
-0.833431
-0.836759
-0.840635
-0.845079
-1.009865
-1.011201
-1.014004
-1.017295
-1.020555
-1.023554
-1.026204
-1.028486
-1.030407
-1.031988
-1.033248
-1.034212
-1.034906
-1.035349
-1.035560
-1.035555
-1.035354
-1.034965
-1.034404
-1.033681
-1.032806
-1.031787
-1.030632
-1.029345
-1.027935
-1.026408
-1.024769
-1.023023
-1.021173
-1.019223
-1.017175
-1.015036
-1.012808
-1.010491
-1.008090
-1.005605
-1.003039
-1.000392
-0.997667
-0.994865
-0.991985
-0.989032
-0.986004
-0.982903
-0.979731
-0.976489
-0.973175
-0.969791
-0.966337
-0.962814
-0.959223
-0.955564
-0.951838
-0.948047
-0.944192
-0.940276
-0.936300
-0.932266
-0.928177
-0.924034
-0.919841
-0.915602
-0.911320
-0.907000
-0.902645
-0.898262
-0.893856
-0.889434
-0.885002
-0.880569
-0.876142
-0.871731
-0.867346
-0.862998
-0.858697
-0.854457
-0.850291
-0.846215
-0.842241
-0.838388
-0.834672
-0.831112
-0.827728
-0.824537
-0.821562
-0.818823
-0.816343
-0.814143
-0.812248
-0.810681
-0.809466
-0.808627
-0.808187
-0.808171
-0.808604
-0.809507
-0.810905
-0.812818
-0.815270
-0.818281
-1.012348
-1.013862
-1.016990
-1.020626
-1.024211
-1.027511
-1.030442
-1.032990
-1.035167
-1.036996
-1.038497
-1.039699
-1.040625
-1.041298
-1.041735
-1.041953
-1.041972
-1.041801
-1.041455
-1.040944
-1.040277
-1.039462
-1.038508
-1.037419
-1.036203
-1.034865
-1.033411
-1.031844
-1.030169
-1.028388
-1.026504
-1.024522
-1.022445
-1.020272
-1.018008
-1.015652
-1.013207
-1.010673
-1.008052
-1.005343
-1.002548
-0.999668
-0.996702
-0.993652
-0.990519
-0.987301
-0.984000
-0.980613
-0.977142
-0.973586
-0.969944
-0.966219
-0.962407
-0.958510
-0.954531
-0.950469
-0.946325
-0.942100
-0.937797
-0.933415
-0.928957
-0.924426
-0.919823
-0.915153
-0.910419
-0.905624
-0.900774
-0.895875
-0.890931
-0.885950
-0.880939
-0.875906
-0.870861
-0.865812
-0.860771
-0.855750
-0.850762
-0.845821
-0.840941
-0.836139
-0.831432
-0.826839
-0.822380
-0.818074
-0.813944
-0.810010
-0.806297
-0.802828
-0.799629
-0.796725
-0.794142
-0.791905
-0.790042
-0.788579
-0.787541
-0.786955
-0.786846
-0.787240
-0.788159
-0.789628
-1.014738
-1.016458
-1.019943
-1.023947
-1.027871
-1.031480
-1.034697
-1.037515
-1.039950
-1.042028
-1.043773
-1.045213
-1.046375
-1.047278
-1.047943
-1.048386
-1.048626
-1.048675
-1.048545
-1.048247
-1.047790
-1.047182
-1.046431
-1.045541
-1.044520
-1.043373
-1.042106
-1.040721
-1.039223
-1.037613
-1.035895
-1.034074
-1.032150
-1.030124
-1.028000
-1.025776
-1.023455
-1.021037
-1.018523
-1.015912
-1.013205
-1.010402
-1.007503
-1.004508
-1.001417
-0.998229
-0.994944
-0.991559
-0.988075
-0.984490
-0.980804
-0.977015
-0.973122
-0.969125
-0.965025
-0.960821
-0.956514
-0.952102
-0.947587
-0.942969
-0.938248
-0.933426
-0.928504
-0.923483
-0.918369
-0.913160
-0.907863
-0.902482
-0.897020
-0.891482
-0.885876
-0.880208
-0.874487
-0.868720
-0.862918
-0.857092
-0.851253
-0.845417
-0.839595
-0.833805
-0.828064
-0.822390
-0.816803
-0.811325
-0.805975
-0.800780
-0.795761
-0.790946
-0.786360
-0.782032
-0.777990
-0.774261
-0.770875
-0.767860
-0.765247
-0.763064
-0.761339
-0.760100
-0.759374
-0.759187
-1.017024
-1.018983
-1.022863
-1.027257
-1.031535
-1.035461
-1.038969
-1.042060
-1.044755
-1.047085
-1.049074
-1.050756
-1.052153
-1.053288
-1.054182
-1.054851
-1.055314
-1.055584
-1.055672
-1.055589
-1.055344
-1.054945
-1.054398
-1.053710
-1.052885
-1.051932
-1.050854
-1.049654
-1.048335
-1.046899
-1.045350
-1.043691
-1.041924
-1.040049
-1.038067
-1.035980
-1.033787
-1.031489
-1.029086
-1.026577
-1.023962
-1.021241
-1.018413
-1.015478
-1.012434
-1.009282
-1.006019
-1.002643
-0.999151
-0.995544
-0.991818
-0.987972
-0.984005
-0.979914
-0.975700
-0.971361
-0.966896
-0.962304
-0.957583
-0.952733
-0.947754
-0.942647
-0.937409
-0.932042
-0.926549
-0.920929
-0.915186
-0.909321
-0.903337
-0.897240
-0.891033
-0.884722
-0.878314
-0.871815
-0.865235
-0.858584
-0.851872
-0.845113
-0.838318
-0.831505
-0.824688
-0.817889
-0.811124
-0.804416
-0.797787
-0.791262
-0.784866
-0.778626
-0.772570
-0.766729
-0.761132
-0.755812
-0.750799
-0.746126
-0.741826
-0.737931
-0.734472
-0.731482
-0.728990
-0.727026
-1.019190
-1.021430
-1.025747
-1.030559
-1.035203
-1.039455
-1.043257
-1.046625
-1.049582
-1.052165
-1.054401
-1.056324
-1.057959
-1.059328
-1.060453
-1.061350
-1.062037
-1.062529
-1.062836
-1.062970
-1.062938
-1.062749
-1.062410
-1.061924
-1.061300
-1.060542
-1.059655
-1.058643
-1.057505
-1.056247
-1.054869
-1.053377
-1.051770
-1.050048
-1.048213
-1.046266
-1.044206
-1.042032
-1.039744
-1.037342
-1.034825
-1.032191
-1.029440
-1.026571
-1.023582
-1.020471
-1.017237
-1.013875
-1.010384
-1.006762
-1.003004
-0.999110
-0.995076
-0.990900
-0.986580
-0.982114
-0.977500
-0.972735
-0.967818
-0.962746
-0.957518
-0.952132
-0.946586
-0.940881
-0.935015
-0.928989
-0.922803
-0.916459
-0.909957
-0.903300
-0.896490
-0.889533
-0.882433
-0.875195
-0.867826
-0.860335
-0.852732
-0.845028
-0.837234
-0.829366
-0.821439
-0.813471
-0.805481
-0.797491
-0.789524
-0.781603
-0.773757
-0.766013
-0.758401
-0.750955
-0.743707
-0.736691
-0.729942
-0.723496
-0.717391
-0.711661
-0.706344
-0.701475
-0.697089
-0.693218
-1.021220
-1.023793
-1.028596
-1.033853
-1.038879
-1.043462
-1.047564
-1.051209
-1.054431
-1.057268
-1.059753
-1.061919
-1.063793
-1.065397
-1.066753
-1.067879
-1.068793
-1.069508
-1.070037
-1.070388
-1.070573
-1.070596
-1.070465
-1.070185
-1.069763
-1.069203
-1.068510
-1.067687
-1.066735
-1.065656
-1.064454
-1.063131
-1.061687
-1.060123
-1.058440
-1.056636
-1.054713
-1.052669
-1.050503
-1.048213
-1.045799
-1.043259
-1.040592
-1.037795
-1.034867
-1.031806
-1.028608
-1.025270
-1.021788
-1.018159
-1.014379
-1.010446
-1.006355
-1.002104
-0.997689
-0.993107
-0.988355
-0.983430
-0.978328
-0.973045
-0.967579
-0.961926
-0.956083
-0.950050
-0.943823
-0.937401
-0.930782
-0.923967
-0.916953
-0.909742
-0.902335
-0.894734
-0.886942
-0.878962
-0.870800
-0.862462
-0.853955
-0.845290
-0.836477
-0.827528
-0.818459
-0.809287
-0.800029
-0.790708
-0.781344
-0.771965
-0.762597
-0.753270
-0.744016
-0.734870
-0.725869
-0.717048
-0.708448
-0.700108
-0.692070
-0.684375
-0.677064
-0.670178
-0.663757
-0.657840
-1.023094
-1.026065
-1.031409
-1.037141
-1.042561
-1.047483
-1.051888
-1.055814
-1.059301
-1.062394
-1.065128
-1.067539
-1.069652
-1.071493
-1.073083
-1.074440
-1.075581
-1.076521
-1.077272
-1.077844
-1.078246
-1.078482
-1.078562
-1.078490
-1.078273
-1.077914
-1.077417
-1.076786
-1.076023
-1.075127
-1.074104
-1.072954
-1.071678
-1.070276
-1.068748
-1.067094
-1.065314
-1.063404
-1.061364
-1.059193
-1.056889
-1.054450
-1.051873
-1.049157
-1.046299
-1.043296
-1.040143
-1.036839
-1.033375
-1.029750
-1.025960
-1.021999
-1.017863
-1.013548
-1.009051
-1.004367
-0.999491
-0.994419
-0.989145
-0.983666
-0.977977
-0.972073
-0.965949
-0.959603
-0.953030
-0.946226
-0.939189
-0.931916
-0.924403
-0.916650
-0.908656
-0.900420
-0.891943
-0.883226
-0.874272
-0.865085
-0.855670
-0.846036
-0.836190
-0.826143
-0.815908
-0.805500
-0.794937
-0.784239
-0.773427
-0.762528
-0.751569
-0.740580
-0.729597
-0.718654
-0.707793
-0.697054
-0.686479
-0.676114
-0.666007
-0.656204
-0.646752
-0.637698
-0.629090
-0.620972
-1.024788
-1.028239
-1.034188
-1.040425
-1.046253
-1.051519
-1.056229
-1.060437
-1.064191
-1.067542
-1.070526
-1.073182
-1.075537
-1.077616
-1.079440
-1.081030
-1.082400
-1.083566
-1.084542
-1.085336
-1.085956
-1.086409
-1.086702
-1.086840
-1.086829
-1.086674
-1.086377
-1.085941
-1.085369
-1.084661
-1.083820
-1.082848
-1.081744
-1.080508
-1.079141
-1.077642
-1.076009
-1.074239
-1.072333
-1.070287
-1.068101
-1.065770
-1.063292
-1.060665
-1.057885
-1.054950
-1.051853
-1.048591
-1.045158
-1.041549
-1.037760
-1.033785
-1.029618
-1.025254
-1.020690
-1.015918
-1.010935
-1.005732
-1.000305
-0.994647
-0.988753
-0.982616
-0.976230
-0.969590
-0.962690
-0.955524
-0.948088
-0.940377
-0.932385
-0.924108
-0.915544
-0.906688
-0.897541
-0.888099
-0.878363
-0.868335
-0.858017
-0.847412
-0.836528
-0.825372
-0.813955
-0.802290
-0.790392
-0.778279
-0.765972
-0.753496
-0.740879
-0.728152
-0.715350
-0.702512
-0.689681
-0.676902
-0.664221
-0.651692
-0.639365
-0.627297
-0.615541
-0.604153
-0.593187
-0.582696
-1.026271
-1.030309
-1.036935
-1.043708
-1.049956
-1.055571
-1.060590
-1.065081
-1.069103
-1.072712
-1.075947
-1.078849
-1.081446
-1.083764
-1.085825
-1.087648
-1.089248
-1.090643
-1.091845
-1.092862
-1.093704
-1.094375
-1.094883
-1.095234
-1.095432
-1.095483
-1.095388
-1.095151
-1.094774
-1.094257
-1.093602
-1.092811
-1.091884
-1.090821
-1.089619
-1.088280
-1.086801
-1.085178
-1.083412
-1.081499
-1.079437
-1.077223
-1.074853
-1.072325
-1.069633
-1.066776
-1.063747
-1.060540
-1.057149
-1.053570
-1.049796
-1.045821
-1.041638
-1.037242
-1.032627
-1.027786
-1.022713
-1.017400
-1.011840
-1.006024
-0.999947
-0.993600
-0.986974
-0.980064
-0.972862
-0.965359
-0.957549
-0.949424
-0.940977
-0.932202
-0.923091
-0.913640
-0.903845
-0.893699
-0.883200
-0.872347
-0.861138
-0.849574
-0.837657
-0.825392
-0.812787
-0.799852
-0.786598
-0.773040
-0.759199
-0.745097
-0.730760
-0.716220
-0.701513
-0.686679
-0.671764
-0.656817
-0.641890
-0.627042
-0.612333
-0.597825
-0.583583
-0.569672
-0.556157
-0.543101
-1.027509
-1.032269
-1.039654
-1.046994
-1.053674
-1.059640
-1.064969
-1.069744
-1.074034
-1.077902
-1.081390
-1.084538
-1.087379
-1.089937
-1.092235
-1.094292
-1.096125
-1.097751
-1.099180
-1.100422
-1.101487
-1.102378
-1.103104
-1.103670
-1.104080
-1.104340
-1.104451
-1.104416
-1.104238
-1.103915
-1.103451
-1.102846
-1.102101
-1.101214
-1.100184
-1.099011
-1.097692
-1.096223
-1.094604
-1.092832
-1.090903
-1.088814
-1.086562
-1.084142
-1.081550
-1.078783
-1.075833
-1.072694
-1.069360
-1.065824
-1.062081
-1.058122
-1.053940
-1.049530
-1.044884
-1.039994
-1.034853
-1.029451
-1.023780
-1.017832
-1.011596
-1.005064
-0.998227
-0.991075
-0.983599
-0.975789
-0.967636
-0.959129
-0.950258
-0.941016
-0.931392
-0.921378
-0.910965
-0.900146
-0.888914
-0.877262
-0.865186
-0.852684
-0.839751
-0.826390
-0.812604
-0.798398
-0.783779
-0.768760
-0.753355
-0.737586
-0.721475
-0.705054
-0.688358
-0.671429
-0.654312
-0.637063
-0.619738
-0.602403
-0.585128
-0.567985
-0.551050
-0.534402
-0.518118
-0.502276
-1.028457
-1.034117
-1.042352
-1.050289
-1.057408
-1.063729
-1.069367
-1.074426
-1.078985
-1.083113
-1.086853
-1.090249
-1.093333
-1.096133
-1.098669
-1.100963
-1.103029
-1.104887
-1.106546
-1.108015
-1.109304
-1.110418
-1.111365
-1.112147
-1.112773
-1.113244
-1.113564
-1.113735
-1.113759
-1.113635
-1.113366
-1.112952
-1.112393
-1.111689
-1.110836
-1.109835
-1.108682
-1.107375
-1.105912
-1.104288
-1.102502
-1.100548
-1.098424
-1.096124
-1.093643
-1.090977
-1.088120
-1.085063
-1.081800
-1.078324
-1.074627
-1.070702
-1.066541
-1.062137
-1.057480
-1.052564
-1.047377
-1.041911
-1.036157
-1.030102
-1.023736
-1.017051
-1.010033
-1.002672
-0.994956
-0.986874
-0.978413
-0.969561
-0.960307
-0.950638
-0.940540
-0.930003
-0.919014
-0.907563
-0.895636
-0.883225
-0.870320
-0.856913
-0.842997
-0.828567
-0.813621
-0.798159
-0.782182
-0.765698
-0.748716
-0.731252
-0.713326
-0.694964
-0.676201
-0.657078
-0.637641
-0.617949
-0.598064
-0.578058
-0.558012
-0.538012
-0.518147
-0.498512
-0.479202
-0.460312
-1.029061
-1.035852
-1.045036
-1.053599
-1.061162
-1.067838
-1.073786
-1.079128
-1.083956
-1.088343
-1.092336
-1.095981
-1.099310
-1.102352
-1.105127
-1.107659
-1.109960
-1.112051
-1.113941
-1.115639
-1.117155
-1.118494
-1.119663
-1.120666
-1.121508
-1.122195
-1.122728
-1.123108
-1.123338
-1.123416
-1.123347
-1.123129
-1.122762
-1.122245
-1.121576
-1.120754
-1.119775
-1.118637
-1.117337
-1.115871
-1.114237
-1.112428
-1.110443
-1.108273
-1.105916
-1.103365
-1.100614
-1.097655
-1.094478
-1.091078
-1.087447
-1.083576
-1.079455
-1.075078
-1.070434
-1.065515
-1.060309
-1.054807
-1.048997
-1.042866
-1.036403
-1.029597
-1.022433
-1.014900
-1.006983
-0.998669
-0.989944
-0.980792
-0.971198
-0.961149
-0.950627
-0.939616
-0.928103
-0.916070
-0.903502
-0.890384
-0.876701
-0.862440
-0.847587
-0.832132
-0.816066
-0.799381
-0.782073
-0.764140
-0.745586
-0.726418
-0.706651
-0.686305
-0.665409
-0.644001
-0.622129
-0.599848
-0.577228
-0.554349
-0.531302
-0.508187
-0.485113
-0.462196
-0.439554
-0.417306
-1.029252
-1.037475
-1.047717
-1.056929
-1.064940
-1.071970
-1.078225
-1.083850
-1.088946
-1.093592
-1.097839
-1.101732
-1.105307
-1.108592
-1.111608
-1.114377
-1.116916
-1.119241
-1.121365
-1.123294
-1.125039
-1.126605
-1.127998
-1.129224
-1.130287
-1.131191
-1.131939
-1.132533
-1.132972
-1.133259
-1.133394
-1.133376
-1.133206
-1.132883
-1.132405
-1.131768
-1.130970
-1.130009
-1.128881
-1.127583
-1.126110
-1.124458
-1.122621
-1.120596
-1.118374
-1.115952
-1.113322
-1.110476
-1.107403
-1.104098
-1.100551
-1.096753
-1.092695
-1.088368
-1.083762
-1.078866
-1.073670
-1.068160
-1.062325
-1.056152
-1.049627
-1.042737
-1.035467
-1.027803
-1.019729
-1.011228
-1.002286
-0.992885
-0.983005
-0.972630
-0.961741
-0.950317
-0.938340
-0.925789
-0.912644
-0.898885
-0.884491
-0.869443
-0.853720
-0.837304
-0.820179
-0.802328
-0.783738
-0.764399
-0.744302
-0.723447
-0.701838
-0.679485
-0.656410
-0.632643
-0.608225
-0.583213
-0.557676
-0.531702
-0.505392
-0.478863
-0.452249
-0.425692
-0.399343
-0.373355
-1.028942
-1.038999
-1.050411
-1.060289
-1.068746
-1.076126
-1.082685
-1.088590
-1.093955
-1.098859
-1.103359
-1.107502
-1.111323
-1.114852
-1.118109
-1.121119
-1.123896
-1.126457
-1.128815
-1.130977
-1.132953
-1.134748
-1.136369
-1.137820
-1.139106
-1.140231
-1.141198
-1.142008
-1.142662
-1.143161
-1.143504
-1.143693
-1.143726
-1.143603
-1.143321
-1.142877
-1.142268
-1.141492
-1.140545
-1.139423
-1.138123
-1.136637
-1.134962
-1.133093
-1.131021
-1.128742
-1.126249
-1.123532
-1.120582
-1.117390
-1.113948
-1.110246
-1.106273
-1.102021
-1.097478
-1.092634
-1.087476
-1.081991
-1.076165
-1.069985
-1.063435
-1.056502
-1.049168
-1.041418
-1.033236
-1.024601
-1.015495
-1.005900
-0.995794
-0.985157
-0.973966
-0.962198
-0.949830
-0.936838
-0.923194
-0.908875
-0.893853
-0.878103
-0.861595
-0.844306
-0.826208
-0.807275
-0.787482
-0.766808
-0.745233
-0.722741
-0.699323
-0.674976
-0.649705
-0.623529
-0.596479
-0.568602
-0.539964
-0.510655
-0.480786
-0.450493
-0.419937
-0.389298
-0.358770
-0.328558
-1.028021
-1.040441
-1.053136
-1.063688
-1.072583
-1.080306
-1.087166
-1.093350
-1.098981
-1.104144
-1.108897
-1.113290
-1.117357
-1.121131
-1.124630
-1.127881
-1.130899
-1.133697
-1.136291
-1.138688
-1.140896
-1.142923
-1.144774
-1.146453
-1.147965
-1.149315
-1.150504
-1.151535
-1.152407
-1.153121
-1.153679
-1.154079
-1.154321
-1.154404
-1.154325
-1.154081
-1.153669
-1.153087
-1.152330
-1.151394
-1.150276
-1.148969
-1.147468
-1.145767
-1.143860
-1.141740
-1.139400
-1.136829
-1.134019
-1.130960
-1.127645
-1.124060
-1.120198
-1.116046
-1.111595
-1.106832
-1.101744
-1.096317
-1.090536
-1.084387
-1.077853
-1.070920
-1.063569
-1.055783
-1.047543
-1.038828
-1.029619
-1.019893
-1.009627
-0.998798
-0.987380
-0.975346
-0.962671
-0.949324
-0.935274
-0.920491
-0.904943
-0.888595
-0.871413
-0.853361
-0.834403
-0.814503
-0.793622
-0.771725
-0.748775
-0.724741
-0.699594
-0.673311
-0.645877
-0.617288
-0.587556
-0.556708
-0.524798
-0.491908
-0.458151
-0.423682
-0.388691
-0.353406
-0.318089
-0.283017
-1.026343
-1.041836
-1.055915
-1.067134
-1.076456
-1.084515
-1.091669
-1.098130
-1.104025
-1.109446
-1.114452
-1.119095
-1.123409
-1.127428
-1.131170
-1.134664
-1.137922
-1.140960
-1.143790
-1.146424
-1.148868
-1.151129
-1.153211
-1.155121
-1.156863
-1.158440
-1.159855
-1.161110
-1.162205
-1.163140
-1.163917
-1.164533
-1.164990
-1.165285
-1.165416
-1.165380
-1.165173
-1.164794
-1.164236
-1.163496
-1.162572
-1.161454
-1.160139
-1.158621
-1.156892
-1.154946
-1.152776
-1.150370
-1.147719
-1.144814
-1.141646
-1.138204
-1.134476
-1.130453
-1.126122
-1.121471
-1.116485
-1.111151
-1.105453
-1.099376
-1.092902
-1.086015
-1.078695
-1.070925
-1.062684
-1.053949
-1.044699
-1.034911
-1.024557
-1.013614
-1.002052
-0.989841
-0.976951
-0.963349
-0.948998
-0.933863
-0.917907
-0.901087
-0.883362
-0.864686
-0.845013
-0.824294
-0.802478
-0.779513
-0.755345
-0.729920
-0.703186
-0.675093
-0.645598
-0.614664
-0.582268
-0.548404
-0.513093
-0.476392
-0.438400
-0.399275
-0.359236
-0.318573
-0.277639
-0.236834
-1.023722
-1.043239
-1.058774
-1.070638
-1.080368
-1.088751
-1.096195
-1.102928
-1.109086
-1.114763
-1.120022
-1.124915
-1.129477
-1.133741
-1.137728
-1.141465
-1.144964
-1.148243
-1.151313
-1.154185
-1.156866
-1.159363
-1.161680
-1.163823
-1.165797
-1.167605
-1.169250
-1.170733
-1.172054
-1.173215
-1.174215
-1.175054
-1.175731
-1.176245
-1.176593
-1.176772
-1.176779
-1.176610
-1.176261
-1.175729
-1.175008
-1.174093
-1.172977
-1.171654
-1.170119
-1.168363
-1.166379
-1.164157
-1.161685
-1.158955
-1.155957
-1.152681
-1.149114
-1.145247
-1.141066
-1.136558
-1.131710
-1.126505
-1.120930
-1.114965
-1.108596
-1.101803
-1.094567
-1.086868
-1.078686
-1.069994
-1.060772
-1.050993
-1.040630
-1.029656
-1.018039
-1.005746
-0.992745
-0.978997
-0.964464
-0.949105
-0.932876
-0.915730
-0.897616
-0.878482
-0.858269
-0.836919
-0.814364
-0.790537
-0.765363
-0.738766
-0.710666
-0.680980
-0.649624
-0.616520
-0.581592
-0.544778
-0.506037
-0.465367
-0.422816
-0.378508
-0.332668
-0.285646
-0.237927
-0.190115
-1.019912
-1.044733
-1.061746
-1.074210
-1.084322
-1.093017
-1.100744
-1.107744
-1.114163
-1.120096
-1.125607
-1.130750
-1.135560
-1.140070
-1.144303
-1.148283
-1.152025
-1.155546
-1.158857
-1.161969
-1.164889
-1.167624
-1.170178
-1.172558
-1.174767
-1.176808
-1.178686
-1.180401
-1.181954
-1.183344
-1.184574
-1.185640
-1.186543
-1.187282
-1.187854
-1.188257
-1.188484
-1.188536
-1.188406
-1.188090
-1.187585
-1.186884
-1.185980
-1.184868
-1.183540
-1.181991
-1.180211
-1.178190
-1.175917
-1.173383
-1.170579
-1.167494
-1.164115
-1.160432
-1.156431
-1.152100
-1.147424
-1.142387
-1.136973
-1.131166
-1.124948
-1.118299
-1.111199
-1.103629
-1.095566
-1.086985
-1.077862
-1.068169
-1.057880
-1.046963
-1.035387
-1.023115
-1.010113
-0.996341
-0.981755
-0.966311
-0.949960
-0.932650
-0.914325
-0.894923
-0.874378
-0.852619
-0.829567
-0.805137
-0.779236
-0.751763
-0.722609
-0.691655
-0.658773
-0.623827
-0.586673
-0.547167
-0.505167
-0.460555
-0.413257
-0.363277
-0.310759
-0.256054
-0.199801
-0.142965
-1.014591
-1.046448
-1.064863
-1.077858
-1.088322
-1.097314
-1.105315
-1.112578
-1.119255
-1.125443
-1.131205
-1.136598
-1.141657
-1.146414
-1.150892
-1.155117
-1.159104
-1.162867
-1.166421
-1.169775
-1.172936
-1.175911
-1.178704
-1.181322
-1.183769
-1.186049
-1.188162
-1.190114
-1.191901
-1.193526
-1.194989
-1.196289
-1.197425
-1.198396
-1.199199
-1.199832
-1.200289
-1.200569
-1.200668
-1.200580
-1.200301
-1.199826
-1.199147
-1.198259
-1.197154
-1.195827
-1.194269
-1.192468
-1.190415
-1.188100
-1.185512
-1.182642
-1.179478
-1.176008
-1.172219
-1.168098
-1.163629
-1.158799
-1.153589
-1.147982
-1.141962
-1.135509
-1.128601
-1.121219
-1.113338
-1.104936
-1.095985
-1.086460
-1.076329
-1.065563
-1.054127
-1.041986
-1.029101
-1.015431
-1.000929
-0.985550
-0.969242
-0.951948
-0.933605
-0.914149
-0.893506
-0.871596
-0.848328
-0.823605
-0.797319
-0.769346
-0.739552
-0.707781
-0.673862
-0.637600
-0.598773
-0.557131
-0.512396
-0.464265
-0.412427
-0.356596
-0.296597
-0.232516
-0.164973
-0.095492
-1.007329
-1.048574
-1.068160
-1.081591
-1.092368
-1.101640
-1.109907
-1.117430
-1.124363
-1.130802
-1.136816
-1.142458
-1.147766
-1.152770
-1.157495
-1.161965
-1.166197
-1.170206
-1.174004
-1.177600
-1.181005
-1.184222
-1.187256
-1.190116
-1.192803
-1.195323
-1.197677
-1.199868
-1.201894
-1.203759
-1.205461
-1.207000
-1.208374
-1.209583
-1.210624
-1.211494
-1.212189
-1.212707
-1.213044
-1.213194
-1.213153
-1.212916
-1.212475
-1.211825
-1.210959
-1.209871
-1.208551
-1.206989
-1.205175
-1.203100
-1.200754
-1.198125
-1.195202
-1.191975
-1.188429
-1.184550
-1.180326
-1.175740
-1.170775
-1.165414
-1.159641
-1.153434
-1.146774
-1.139639
-1.132007
-1.123852
-1.115150
-1.105872
-1.095988
-1.085468
-1.074275
-1.062375
-1.049729
-1.036293
-1.022022
-1.006866
-0.990773
-0.973684
-0.955534
-0.936255
-0.915768
-0.893988
-0.870821
-0.846159
-0.819883
-0.791857
-0.761926
-0.729913
-0.695611
-0.658778
-0.619126
-0.576308
-0.529900
-0.479381
-0.424101
-0.363253
-0.295872
-0.220936
-0.137819
-0.047802
-0.997556
-1.051394
-1.071664
-1.085412
-1.096463
-1.105996
-1.114521
-1.122298
-1.129483
-1.136174
-1.142438
-1.148329
-1.153886
-1.159138
-1.164110
-1.168827
-1.173306
-1.177559
-1.181603
-1.185444
-1.189093
-1.192554
-1.195833
-1.198936
-1.201868
-1.204630
-1.207229
-1.209662
-1.211932
-1.214040
-1.215987
-1.217769
-1.219387
-1.220841
-1.222127
-1.223242
-1.224184
-1.224948
-1.225532
-1.225930
-1.226139
-1.226151
-1.225961
-1.225564
-1.224951
-1.224118
-1.223054
-1.221750
-1.220195
-1.218382
-1.216299
-1.213937
-1.211283
-1.208326
-1.205054
-1.201453
-1.197508
-1.193205
-1.188527
-1.183457
-1.177978
-1.172070
-1.165712
-1.158886
-1.151566
-1.143730
-1.135351
-1.126402
-1.116853
-1.106674
-1.095830
-1.084285
-1.072000
-1.058933
-1.045039
-1.030269
-1.014568
-0.997880
-0.980138
-0.961275
-0.941211
-0.919862
-0.897130
-0.872908
-0.847074
-0.819488
-0.789991
-0.758399
-0.724494
-0.688018
-0.648660
-0.606032
-0.559643
-0.508849
-0.452765
-0.390102
-0.318841
-0.235527
-0.133677
-0.000004
