-0.022037
-0.021935
-0.021672
-0.021273
-0.020754
-0.020124
-0.019387
-0.018547
-0.017603
-0.016556
-0.015403
-0.014143
-0.012773
-0.011289
-0.009690
-0.007970
-0.006126
-0.004155
-0.002053
0.000184
0.002561
0.005081
0.007748
0.010567
0.013543
0.016678
0.019978
0.023446
0.027088
0.030907
0.034907
0.039094
0.043471
0.048044
0.052815
0.057790
0.062973
0.068369
0.073981
0.079815
0.085875
0.092165
0.098689
0.105453
0.112461
0.119716
0.127224
0.134989
0.143015
0.151307
0.159870
0.168708
0.177824
0.187225
0.196914
0.206896
0.217176
0.227757
0.238644
0.249843
0.261356
0.273190
0.285348
0.297835
0.310655
0.323813
0.337314
0.351161
0.365360
0.379915
0.394830
0.410111
0.425760
0.441785
0.458187
0.474973
0.492146
0.509712
0.527674
0.546038
0.564807
0.583987
0.603582
0.623596
0.644034
0.664900
0.686199
0.707936
0.730115
0.752740
0.775816
0.799348
0.823339
0.847796
0.872722
0.898121
0.923999
0.950359
0.977206
1.004545
-0.022040
-0.021938
-0.021675
-0.021277
-0.020758
-0.020128
-0.019393
-0.018553
-0.017610
-0.016564
-0.015413
-0.014154
-0.012785
-0.011303
-0.009704
-0.007986
-0.006144
-0.004175
-0.002075
0.000160
0.002534
0.005051
0.007716
0.010532
0.013504
0.016636
0.019933
0.023398
0.027035
0.030850
0.034847
0.039029
0.043402
0.047969
0.052735
0.057705
0.062883
0.068273
0.073879
0.079707
0.085760
0.092043
0.098561
0.105317
0.112317
0.119564
0.127064
0.134820
0.142838
0.151121
0.159674
0.168502
0.177609
0.187000
0.196678
0.206649
0.216917
0.227487
0.238362
0.249548
0.261049
0.272869
0.285014
0.297487
0.310293
0.323436
0.336922
0.350754
0.364937
0.379476
0.394375
0.409638
0.425271
0.441277
0.457661
0.474428
0.491583
0.509129
0.527071
0.545414
0.564162
0.583320
0.602893
0.622885
0.643300
0.664143
0.685418
0.707131
0.729285
0.751884
0.774935
0.798440
0.822405
0.846834
0.871732
0.897103
0.922952
0.949282
0.976099
1.003408
-0.022050
-0.021948
-0.021686
-0.021288
-0.020771
-0.020143
-0.019409
-0.018572
-0.017632
-0.016588
-0.015440
-0.014185
-0.012820
-0.011342
-0.009748
-0.008035
-0.006199
-0.004236
-0.002142
0.000086
0.002453
0.004963
0.007620
0.010427
0.013390
0.016512
0.019798
0.023252
0.026879
0.030682
0.034665
0.038835
0.043193
0.047746
0.052497
0.057451
0.062612
0.067984
0.073573
0.079382
0.085415
0.091678
0.098174
0.104909
0.111886
0.119109
0.126585
0.134316
0.142307
0.150563
0.159088
0.167887
0.176964
0.186323
0.195970
0.205908
0.216142
0.226677
0.237516
0.248665
0.260128
0.271909
0.284013
0.296445
0.309208
0.322308
0.335749
0.349535
0.363670
0.378161
0.393010
0.408222
0.423802
0.439755
0.456084
0.472795
0.489892
0.507380
0.525262
0.543543
0.562229
0.581323
0.600830
0.620754
0.641101
0.661873
0.683077
0.704717
0.726796
0.749320
0.772293
0.795719
0.819603
0.843950
0.868764
0.894050
0.919811
0.946053
0.972780
0.999997
-0.022065
-0.021964
-0.021703
-0.021307
-0.020792
-0.020167
-0.019436
-0.018603
-0.017667
-0.016629
-0.015486
-0.014236
-0.012878
-0.011407
-0.009821
-0.008117
-0.006289
-0.004336
-0.002253
-0.000036
0.002319
0.004816
0.007459
0.010252
0.013200
0.016306
0.019575
0.023011
0.026618
0.030401
0.034364
0.038511
0.042846
0.047375
0.052100
0.057028
0.062161
0.067505
0.073063
0.078840
0.084841
0.091070
0.097531
0.104229
0.111168
0.118353
0.125787
0.133476
0.141424
0.149634
0.158113
0.166863
0.175890
0.185198
0.194791
0.204675
0.214853
0.225329
0.236108
0.247196
0.258595
0.270311
0.282348
0.294711
0.307403
0.320430
0.333796
0.347505
0.361562
0.375972
0.390738
0.405865
0.421359
0.437223
0.453461
0.470078
0.487079
0.504469
0.522251
0.540431
0.559012
0.577999
0.597396
0.617209
0.637441
0.658097
0.679182
0.700700
0.722655
0.745053
0.767896
0.791191
0.814941
0.839151
0.863825
0.888969
0.914585
0.940680
0.967257
0.994321
-0.022087
-0.021986
-0.021727
-0.021333
-0.020822
-0.020200
-0.019474
-0.018646
-0.017717
-0.016685
-0.015550
-0.014309
-0.012959
-0.011499
-0.009923
-0.008231
-0.006416
-0.004477
-0.002408
-0.000207
0.002132
0.004611
0.007235
0.010008
0.012934
0.016017
0.019262
0.022673
0.026254
0.030008
0.033942
0.038058
0.042361
0.046856
0.051546
0.056437
0.061531
0.066834
0.072351
0.078084
0.084040
0.090221
0.096633
0.103280
0.110166
0.117296
0.124673
0.132303
0.140189
0.148337
0.156750
0.165433
0.174390
0.183626
0.193146
0.202952
0.213051
0.223446
0.234142
0.245143
0.256454
0.268079
0.280022
0.292288
0.304882
0.317807
0.331068
0.344671
0.358618
0.372915
0.387565
0.402574
0.417946
0.433686
0.449796
0.466283
0.483151
0.500404
0.518046
0.536082
0.554517
0.573355
0.592600
0.612257
0.632330
0.652823
0.673741
0.695089
0.716871
0.739092
0.761756
0.784866
0.808428
0.832447
0.856927
0.881872
0.907286
0.933175
0.959542
0.986392
-0.022115
-0.022015
-0.021757
-0.021367
-0.020859
-0.020243
-0.019523
-0.018702
-0.017780
-0.016757
-0.015631
-0.014401
-0.013063
-0.011616
-0.010054
-0.008377
-0.006578
-0.004656
-0.002607
-0.000425
0.001891
0.004347
0.006947
0.009694
0.012593
0.015647
0.018862
0.022240
0.025787
0.029506
0.033401
0.037478
0.041740
0.046191
0.050836
0.055679
0.060724
0.065975
0.071438
0.077115
0.083012
0.089133
0.095482
0.102063
0.108881
0.115940
0.123245
0.130799
0.138607
0.146674
0.155003
0.163600
0.172468
0.181612
0.191036
0.200744
0.210742
0.221033
0.231622
0.242512
0.253709
0.265217
0.277040
0.289183
0.301649
0.314444
0.327572
0.341037
0.354844
0.368996
0.383498
0.398356
0.413572
0.429152
0.445099
0.461419
0.478115
0.495193
0.512656
0.530509
0.548756
0.567403
0.586452
0.605908
0.625777
0.646062
0.666768
0.687898
0.709458
0.731452
0.753884
0.776759
0.800081
0.823855
0.848085
0.872775
0.897930
0.923554
0.949653
0.976229
-0.022149
-0.022050
-0.021795
-0.021408
-0.020906
-0.020295
-0.019583
-0.018770
-0.017857
-0.016845
-0.015731
-0.014514
-0.013190
-0.011758
-0.010214
-0.008555
-0.006776
-0.004876
-0.002849
-0.000692
0.001599
0.004027
0.006597
0.009312
0.012178
0.015197
0.018374
0.021713
0.025218
0.028893
0.032743
0.036772
0.040983
0.045381
0.049971
0.054756
0.059741
0.064929
0.070326
0.075935
0.081761
0.087808
0.094080
0.100582
0.107317
0.114290
0.121506
0.128968
0.136681
0.144649
0.152877
0.161368
0.170127
0.179159
0.188467
0.198056
0.207931
0.218095
0.228553
0.239309
0.250368
0.261733
0.273410
0.285402
0.297714
0.310350
0.323315
0.336613
0.350248
0.364224
0.378546
0.393219
0.408245
0.423631
0.439380
0.455496
0.471984
0.488848
0.506093
0.523723
0.541742
0.560155
0.578966
0.598179
0.617799
0.637830
0.658276
0.679142
0.700432
0.722149
0.744300
0.766888
0.789917
0.813393
0.837318
0.861699
0.886538
0.911842
0.937612
0.963854
-0.022188
-0.022091
-0.021839
-0.021457
-0.020960
-0.020357
-0.019653
-0.018850
-0.017948
-0.016949
-0.015849
-0.014647
-0.013340
-0.011926
-0.010402
-0.008764
-0.007009
-0.005133
-0.003133
-0.001006
0.001254
0.003650
0.006185
0.008863
0.011689
0.014667
0.017800
0.021092
0.024549
0.028173
0.031969
0.035940
0.040092
0.044429
0.048953
0.053670
0.058584
0.063699
0.069018
0.074547
0.080290
0.086249
0.092431
0.098839
0.105477
0.112349
0.119460
0.126814
0.134415
0.142267
0.150374
0.158742
0.167373
0.176273
0.185445
0.194893
0.204623
0.214638
0.224942
0.235540
0.246436
0.257634
0.269139
0.280954
0.293085
0.305534
0.318307
0.331409
0.344842
0.358611
0.372720
0.387175
0.401979
0.417136
0.432651
0.448528
0.464771
0.481384
0.498373
0.515741
0.533491
0.551629
0.570159
0.589086
0.608413
0.628145
0.648286
0.668840
0.689811
0.711205
0.733025
0.755275
0.777961
0.801085
0.824653
0.848669
0.873137
0.898062
0.923446
0.949296
-0.022234
-0.022138
-0.021889
-0.021512
-0.021022
-0.020428
-0.019733
-0.018941
-0.018053
-0.017067
-0.015983
-0.014799
-0.013512
-0.012119
-0.010618
-0.009004
-0.007276
-0.005429
-0.003460
-0.001366
0.000859
0.003216
0.005711
0.008347
0.011128
0.014058
0.017141
0.020380
0.023780
0.027346
0.031080
0.034986
0.039070
0.043335
0.047785
0.052424
0.057256
0.062286
0.067517
0.072954
0.078600
0.084460
0.090538
0.096838
0.103364
0.110121
0.117112
0.124341
0.131814
0.139533
0.147503
0.155728
0.164212
0.172960
0.181976
0.191263
0.200827
0.210670
0.220798
0.231215
0.241924
0.252930
0.264237
0.275849
0.287771
0.300006
0.312560
0.325435
0.338636
0.352168
0.366034
0.380239
0.394787
0.409682
0.424929
0.440530
0.456492
0.472818
0.489512
0.506578
0.524020
0.541844
0.560052
0.578649
0.597641
0.617030
0.636820
0.657017
0.677624
0.698645
0.720085
0.741948
0.764238
0.786960
0.810117
0.833714
0.857756
0.882246
0.907188
0.932588
-0.022286
-0.022191
-0.021946
-0.021575
-0.021093
-0.020507
-0.019824
-0.019045
-0.018171
-0.017201
-0.016135
-0.014971
-0.013705
-0.012336
-0.010861
-0.009275
-0.007577
-0.005763
-0.003829
-0.001771
0.000413
0.002728
0.005178
0.007766
0.010496
0.013372
0.016398
0.019578
0.022915
0.026414
0.030078
0.033912
0.037919
0.042103
0.046469
0.051020
0.055761
0.060695
0.065826
0.071159
0.076697
0.082445
0.088406
0.094584
0.100985
0.107611
0.114467
0.121556
0.128883
0.136452
0.144267
0.152333
0.160652
0.169229
0.178068
0.187174
0.196551
0.206201
0.216131
0.226343
0.236842
0.247631
0.258716
0.270099
0.281786
0.293780
0.306085
0.318706
0.331647
0.344911
0.358502
0.372426
0.386686
0.401285
0.416229
0.431522
0.447167
0.463168
0.479530
0.496257
0.513352
0.530821
0.548667
0.566894
0.585507
0.604509
0.623905
0.643699
0.663895
0.684497
0.705509
0.726936
0.748781
0.771048
0.793743
0.816869
0.840430
0.864431
0.888875
0.913767
-0.022344
-0.022250
-0.022010
-0.021645
-0.021171
-0.020596
-0.019925
-0.019160
-0.018302
-0.017350
-0.016304
-0.015161
-0.013920
-0.012577
-0.011130
-0.009576
-0.007912
-0.006133
-0.004238
-0.002222
-0.000082
0.002187
0.004586
0.007121
0.009795
0.012611
0.015574
0.018687
0.021954
0.025379
0.028966
0.032718
0.036640
0.040735
0.045008
0.049462
0.054100
0.058928
0.063949
0.069166
0.074584
0.080207
0.086039
0.092083
0.098343
0.104825
0.111530
0.118464
0.125631
0.133033
0.140676
0.148564
0.156699
0.165087
0.173731
0.182635
0.191804
0.201240
0.210949
0.220934
0.231200
0.241749
0.252587
0.263716
0.275142
0.286868
0.298898
0.311237
0.323888
0.336855
0.350142
0.363753
0.377693
0.391965
0.406574
0.421522
0.436816
0.452457
0.468451
0.484801
0.501511
0.518586
0.536030
0.553846
0.572039
0.590613
0.609571
0.628917
0.648657
0.668794
0.689331
0.710273
0.731624
0.753388
0.775569
0.798172
0.821200
0.844657
0.868548
0.892876
-0.022407
-0.022315
-0.022079
-0.021722
-0.021257
-0.020693
-0.020035
-0.019286
-0.018445
-0.017514
-0.016489
-0.015371
-0.014156
-0.012842
-0.011427
-0.009907
-0.008279
-0.006540
-0.004687
-0.002716
-0.000624
0.001592
0.003937
0.006413
0.009025
0.011776
0.014670
0.017710
0.020900
0.024244
0.027746
0.031409
0.035238
0.039235
0.043405
0.047752
0.052279
0.056990
0.061889
0.066980
0.072267
0.077753
0.083442
0.089338
0.095446
0.101768
0.108309
0.115073
0.122063
0.129283
0.136737
0.144430
0.152364
0.160544
0.168974
0.177657
0.186597
0.195799
0.205266
0.215002
0.225011
0.235297
0.245864
0.256715
0.267855
0.279287
0.291016
0.303044
0.315378
0.328019
0.340972
0.354241
0.367830
0.381743
0.395983
0.410555
0.425462
0.440708
0.456298
0.472235
0.488524
0.505167
0.522169
0.539535
0.557267
0.575371
0.593849
0.612705
0.631944
0.651570
0.671587
0.691997
0.712807
0.734018
0.755636
0.777665
0.800108
0.822969
0.846253
0.869962
-0.022476
-0.022386
-0.022155
-0.021805
-0.021350
-0.020799
-0.020156
-0.019423
-0.018602
-0.017691
-0.016691
-0.015598
-0.014412
-0.013130
-0.011749
-0.010265
-0.008678
-0.006982
-0.005175
-0.003253
-0.001214
0.000946
0.003231
0.005644
0.008189
0.010868
0.013687
0.016648
0.019755
0.023011
0.026421
0.029987
0.033714
0.037605
0.041664
0.045895
0.050300
0.054885
0.059652
0.064606
0.069749
0.075087
0.080621
0.086358
0.092299
0.098449
0.104811
0.111389
0.118188
0.125210
0.132459
0.139940
0.147655
0.155610
0.163806
0.172249
0.180942
0.189889
0.199094
0.208560
0.218290
0.228290
0.238562
0.249111
0.259940
0.271053
0.282455
0.294147
0.306135
0.318423
0.331013
0.343910
0.357118
0.370641
0.384481
0.398643
0.413132
0.427949
0.443101
0.458589
0.474419
0.490594
0.507117
0.523993
0.541225
0.558818
0.576774
0.595098
0.613794
0.632866
0.652316
0.672150
0.692371
0.712983
0.733989
0.755394
0.777202
0.799416
0.822040
0.845078
-0.022550
-0.022462
-0.022237
-0.021895
-0.021451
-0.020913
-0.020286
-0.019571
-0.018770
-0.017883
-0.016908
-0.015844
-0.014689
-0.013440
-0.012096
-0.010652
-0.009107
-0.007458
-0.005700
-0.003832
-0.001850
0.000250
0.002471
0.004815
0.007288
0.009891
0.012629
0.015504
0.018521
0.021683
0.024993
0.028455
0.032073
0.035850
0.039789
0.043894
0.048169
0.052617
0.057243
0.062048
0.067038
0.072215
0.077584
0.083147
0.088909
0.094873
0.101043
0.107422
0.114014
0.120823
0.127852
0.135104
0.142584
0.150296
0.158242
0.166426
0.174852
0.183525
0.192446
0.201621
0.211052
0.220744
0.230699
0.240922
0.251417
0.262187
0.273235
0.284565
0.296182
0.308089
0.320288
0.332785
0.345583
0.358685
0.372094
0.385816
0.399853
0.414209
0.428888
0.443894
0.459229
0.474899
0.490907
0.507255
0.523949
0.540992
0.558387
0.576137
0.594248
0.612722
0.631563
0.650776
0.670363
0.690329
0.710676
0.731410
0.752533
0.774050
0.795964
0.818279
-0.022630
-0.022544
-0.022324
-0.021992
-0.021559
-0.021036
-0.020425
-0.019730
-0.018951
-0.018088
-0.017140
-0.016106
-0.014984
-0.013772
-0.012467
-0.011066
-0.009567
-0.007967
-0.006263
-0.004451
-0.002530
-0.000495
0.001657
0.003929
0.006324
0.008845
0.011496
0.014281
0.017202
0.020262
0.023466
0.026817
0.030318
0.033972
0.037783
0.041755
0.045890
0.050193
0.054666
0.059313
0.064138
0.069145
0.074335
0.079714
0.085284
0.091050
0.097014
0.103180
0.109551
0.116132
0.122925
0.129933
0.137162
0.144613
0.152291
0.160199
0.168341
0.176719
0.185339
0.194202
0.203313
0.212675
0.222292
0.232167
0.242304
0.252706
0.263377
0.274321
0.285541
0.297040
0.308821
0.320890
0.333249
0.345901
0.358851
0.372101
0.385656
0.399518
0.413692
0.428181
0.442989
0.458119
0.473575
0.489360
0.505478
0.521932
0.538726
0.555864
0.573349
0.591185
0.609375
0.627923
0.646833
0.666108
0.685751
0.705767
0.726159
0.746930
0.768085
0.789626
-0.022714
-0.022631
-0.022418
-0.022094
-0.021675
-0.021166
-0.020573
-0.019898
-0.019143
-0.018306
-0.017388
-0.016386
-0.015299
-0.014125
-0.012862
-0.011506
-0.010056
-0.008508
-0.006861
-0.005110
-0.003252
-0.001286
0.000793
0.002987
0.005299
0.007734
0.010293
0.012981
0.015799
0.018753
0.021844
0.025076
0.028453
0.031977
0.035652
0.039481
0.043468
0.047616
0.051928
0.056407
0.061057
0.065882
0.070883
0.076066
0.081433
0.086987
0.092733
0.098672
0.104809
0.111147
0.117689
0.124439
0.131400
0.138576
0.145969
0.153583
0.161422
0.169488
0.177786
0.186319
0.195090
0.204102
0.213359
0.222864
0.232621
0.242633
0.252904
0.263436
0.274234
0.285300
0.296638
0.308252
0.320145
0.332320
0.344780
0.357530
0.370572
0.383910
0.397548
0.411488
0.425735
0.440291
0.455161
0.470347
0.485854
0.501683
0.517840
0.534326
0.551147
0.568304
0.585803
0.603645
0.621834
0.640375
0.659270
0.678523
0.698138
0.718118
0.738466
0.759185
-0.022804
-0.022724
-0.022517
-0.022203
-0.021796
-0.021304
-0.020730
-0.020077
-0.019346
-0.018537
-0.017649
-0.016681
-0.015632
-0.014498
-0.013279
-0.011971
-0.010573
-0.009081
-0.007493
-0.005806
-0.004017
-0.002123
-0.000121
0.001991
0.004217
0.006559
0.009021
0.011606
0.014317
0.017157
0.020129
0.023236
0.026481
0.029868
0.033399
0.037079
0.040909
0.044893
0.049034
0.053336
0.057801
0.062434
0.067236
0.072211
0.077363
0.082695
0.088209
0.093909
0.099798
0.105880
0.112158
0.118634
0.125312
0.132196
0.139288
0.146592
0.154111
0.161849
0.169807
0.177991
0.186402
0.195044
0.203921
0.213036
0.222391
0.231991
0.241838
0.251936
0.262288
0.272897
0.283767
0.294900
0.306300
0.317970
0.329914
0.342135
0.354636
0.367420
0.380491
0.393852
0.407506
0.421457
0.435707
0.450261
0.465121
0.480291
0.495773
0.511572
0.527690
0.544131
0.560898
0.577994
0.595424
0.613189
0.631294
0.649742
0.668535
0.687678
0.707173
0.727024
-0.022899
-0.022821
-0.022621
-0.022318
-0.021925
-0.021449
-0.020895
-0.020265
-0.019560
-0.018780
-0.017924
-0.016992
-0.015982
-0.014891
-0.013718
-0.012461
-0.011117
-0.009683
-0.008158
-0.006538
-0.004820
-0.003003
-0.001083
0.000943
0.003078
0.005323
0.007684
0.010161
0.012758
0.015479
0.018325
0.021301
0.024408
0.027650
0.031031
0.034552
0.038217
0.042030
0.045992
0.050107
0.054378
0.058808
0.063401
0.068158
0.073084
0.078181
0.083452
0.088901
0.094530
0.100343
0.106342
0.112531
0.118912
0.125489
0.132265
0.139243
0.146426
0.153817
0.161419
0.169235
0.177268
0.185522
0.193999
0.202703
0.211637
0.220803
0.230206
0.239847
0.249730
0.259858
0.270235
0.280863
0.291746
0.302886
0.314287
0.325952
0.337884
0.350085
0.362561
0.375312
0.388344
0.401657
0.415257
0.429146
0.443327
0.457802
0.472576
0.487652
0.503032
0.518719
0.534718
0.551031
0.567660
0.584611
0.601885
0.619485
0.637416
0.655679
0.674278
0.693216
-0.022999
-0.022924
-0.022730
-0.022438
-0.022060
-0.021601
-0.021068
-0.020462
-0.019784
-0.019035
-0.018213
-0.017318
-0.016349
-0.015303
-0.014179
-0.012974
-0.011687
-0.010314
-0.008854
-0.007305
-0.005662
-0.003925
-0.002089
-0.000154
0.001885
0.004030
0.006283
0.008647
0.011126
0.013722
0.016437
0.019275
0.022238
0.025329
0.028551
0.031907
0.035400
0.039032
0.042807
0.046727
0.050795
0.055014
0.059387
0.063916
0.068605
0.073457
0.078474
0.083660
0.089017
0.094547
0.100255
0.106143
0.112214
0.118470
0.124915
0.131552
0.138383
0.145411
0.152640
0.160071
0.167710
0.175557
0.183616
0.191890
0.200382
0.209095
0.218032
0.227195
0.236588
0.246214
0.256075
0.266174
0.276515
0.287101
0.297933
0.309016
0.320353
0.331945
0.343797
0.355912
0.368291
0.380938
0.393857
0.407050
0.420520
0.434269
0.448302
0.462621
0.477228
0.492128
0.507322
0.522815
0.538608
0.554705
0.571110
0.587824
0.604851
0.622194
0.639855
0.657838
-0.023103
-0.023031
-0.022845
-0.022564
-0.022200
-0.021760
-0.021249
-0.020668
-0.020018
-0.019301
-0.018514
-0.017659
-0.016732
-0.015733
-0.014659
-0.013509
-0.012281
-0.010973
-0.009581
-0.008104
-0.006540
-0.004886
-0.003139
-0.001298
0.000641
0.002681
0.004822
0.007069
0.009424
0.011890
0.014468
0.017163
0.019975
0.022909
0.025966
0.029150
0.032463
0.035908
0.039487
0.043203
0.047059
0.051058
0.055202
0.059494
0.063937
0.068533
0.073285
0.078197
0.083270
0.088507
0.093911
0.099486
0.105232
0.111154
0.117254
0.123535
0.130000
0.136650
0.143490
0.150521
0.157747
0.165171
0.172794
0.180621
0.188653
0.196893
0.205344
0.214010
0.222892
0.231993
0.241317
0.250866
0.260643
0.270650
0.280891
0.291367
0.302083
0.313041
0.324244
0.335693
0.347393
0.359346
0.371555
0.384023
0.396752
0.409745
0.423005
0.436535
0.450338
0.464416
0.478772
0.493410
0.508332
0.523540
0.539038
0.554828
0.570914
0.587298
0.603982
0.620969
-0.023211
-0.023142
-0.022964
-0.022695
-0.022347
-0.021926
-0.021437
-0.020882
-0.020262
-0.019577
-0.018828
-0.018012
-0.017130
-0.016179
-0.015158
-0.014066
-0.012899
-0.011657
-0.010336
-0.008936
-0.007453
-0.005885
-0.004230
-0.002486
-0.000651
0.001279
0.003305
0.005430
0.007657
0.009987
0.012423
0.014969
0.017625
0.020395
0.023282
0.026287
0.029413
0.032663
0.036039
0.039544
0.043180
0.046950
0.050857
0.054902
0.059089
0.063420
0.067897
0.072524
0.077302
0.082235
0.087324
0.092573
0.097983
0.103558
0.109300
0.115212
0.121295
0.127554
0.133990
0.140606
0.147404
0.154388
0.161559
0.168920
0.176474
0.184224
0.192172
0.200321
0.208672
0.217230
0.225996
0.234973
0.244164
0.253571
0.263197
0.273045
0.283117
0.293415
0.303943
0.314703
0.325698
0.336930
0.348403
0.360117
0.372077
0.384285
0.396743
0.409455
0.422422
0.435647
0.449133
0.462884
0.476900
0.491186
0.505743
0.520574
0.535683
0.551070
0.566740
0.582694
-0.023324
-0.023258
-0.023088
-0.022832
-0.022499
-0.022098
-0.021632
-0.021104
-0.020514
-0.019864
-0.019153
-0.018379
-0.017543
-0.016642
-0.015676
-0.014642
-0.013539
-0.012365
-0.011118
-0.009796
-0.008397
-0.006919
-0.005360
-0.003717
-0.001988
-0.000172
0.001735
0.003733
0.005827
0.008017
0.010307
0.012698
0.015193
0.017794
0.020503
0.023323
0.026256
0.029305
0.032471
0.035757
0.039166
0.042700
0.046360
0.050151
0.054073
0.058129
0.062322
0.066654
0.071128
0.075745
0.080508
0.085420
0.090483
0.095699
0.101070
0.106600
0.112290
0.118143
0.124161
0.130347
0.136703
0.143231
0.149935
0.156815
0.163875
0.171118
0.178544
0.186158
0.193961
0.201956
0.210145
0.218531
0.227116
0.235902
0.244893
0.254090
0.263495
0.273112
0.282943
0.292989
0.303255
0.313741
0.324451
0.335387
0.346552
0.357947
0.369576
0.381440
0.393542
0.405886
0.418472
0.431304
0.444385
0.457715
0.471299
0.485139
0.499236
0.513593
0.528214
0.543099
-0.023441
-0.023378
-0.023216
-0.022972
-0.022657
-0.022276
-0.021834
-0.021334
-0.020776
-0.020160
-0.019488
-0.018758
-0.017969
-0.017120
-0.016210
-0.015237
-0.014200
-0.013097
-0.011926
-0.010685
-0.009373
-0.007987
-0.006526
-0.004987
-0.003369
-0.001669
0.000114
0.001983
0.003939
0.005985
0.008123
0.010355
0.012683
0.015110
0.017637
0.020266
0.023000
0.025841
0.028790
0.031851
0.035026
0.038315
0.041723
0.045250
0.048899
0.052672
0.056572
0.060601
0.064760
0.069052
0.073479
0.078044
0.082748
0.087593
0.092583
0.097719
0.103003
0.108438
0.114026
0.119768
0.125668
0.131727
0.137948
0.144333
0.150883
0.157603
0.164492
0.171555
0.178792
0.186207
0.193801
0.201578
0.209538
0.217684
0.226019
0.234545
0.243263
0.252177
0.261289
0.270600
0.280113
0.289831
0.299755
0.309888
0.320232
0.330790
0.341563
0.352554
0.363766
0.375200
0.386858
0.398743
0.410858
0.423205
0.435785
0.448602
0.461657
0.474952
0.488490
0.502273
-0.023561
-0.023502
-0.023349
-0.023118
-0.022819
-0.022460
-0.022043
-0.021570
-0.021045
-0.020466
-0.019834
-0.019148
-0.018408
-0.017612
-0.016760
-0.015850
-0.014880
-0.013850
-0.012756
-0.011599
-0.010376
-0.009085
-0.007725
-0.006293
-0.004789
-0.003210
-0.001553
0.000182
0.001997
0.003895
0.005877
0.007946
0.010103
0.012350
0.014689
0.017122
0.019651
0.022279
0.025006
0.027835
0.030768
0.033807
0.036954
0.040211
0.043579
0.047062
0.050660
0.054376
0.058213
0.062171
0.066252
0.070460
0.074795
0.079261
0.083858
0.088589
0.093456
0.098461
0.103606
0.108893
0.114324
0.119901
0.125626
0.131501
0.137528
0.143709
0.150047
0.156543
0.163199
0.170018
0.177001
0.184150
0.191468
0.198957
0.206618
0.214454
0.222467
0.230658
0.239031
0.247586
0.256326
0.265253
0.274370
0.283678
0.293179
0.302876
0.312770
0.322863
0.333159
0.343657
0.354362
0.365275
0.376397
0.387732
0.399281
0.411046
0.423030
0.435233
0.447660
0.460310
-0.023685
-0.023629
-0.023485
-0.023268
-0.022987
-0.022648
-0.022257
-0.021814
-0.021321
-0.020780
-0.020189
-0.019549
-0.018859
-0.018118
-0.017325
-0.016479
-0.015578
-0.014622
-0.013609
-0.012537
-0.011406
-0.010212
-0.008955
-0.007634
-0.006246
-0.004789
-0.003263
-0.001666
0.000005
0.001751
0.003574
0.005475
0.007456
0.009519
0.011666
0.013898
0.016218
0.018626
0.021125
0.023717
0.026403
0.029185
0.032065
0.035044
0.038126
0.041310
0.044599
0.047996
0.051501
0.055116
0.058844
0.062686
0.066644
0.070719
0.074914
0.079230
0.083670
0.088234
0.092926
0.097746
0.102696
0.107779
0.112996
0.118349
0.123839
0.129470
0.135242
0.141157
0.147218
0.153425
0.159782
0.166289
0.172949
0.179763
0.186734
0.193863
0.201152
0.208603
0.216218
0.223999
0.231947
0.240065
0.248353
0.256816
0.265453
0.274267
0.283260
0.292434
0.301791
0.311331
0.321059
0.330974
0.341080
0.351378
0.361869
0.372557
0.383443
0.394528
0.405814
0.417304
-0.023813
-0.023760
-0.023625
-0.023421
-0.023158
-0.022842
-0.022476
-0.022064
-0.021605
-0.021101
-0.020553
-0.019959
-0.019320
-0.018635
-0.017903
-0.017122
-0.016293
-0.015413
-0.014482
-0.013498
-0.012459
-0.011365
-0.010214
-0.009005
-0.007736
-0.006406
-0.005013
-0.003555
-0.002032
-0.000441
0.001218
0.002948
0.004749
0.006625
0.008575
0.010602
0.012707
0.014891
0.017157
0.019506
0.021940
0.024459
0.027066
0.029763
0.032550
0.035430
0.038403
0.041473
0.044640
0.047905
0.051271
0.054739
0.058311
0.061988
0.065772
0.069664
0.073667
0.077781
0.082009
0.086351
0.090811
0.095389
0.100086
0.104906
0.109848
0.114915
0.120109
0.125431
0.130883
0.136466
0.142183
0.148033
0.154021
0.160146
0.166412
0.172818
0.179368
0.186063
0.192904
0.199892
0.207031
0.214321
0.221764
0.229362
0.237117
0.245029
0.253102
0.261336
0.269732
0.278294
0.287023
0.295919
0.304986
0.314224
0.323636
0.333222
0.342986
0.352927
0.363049
0.373353
-0.023944
-0.023895
-0.023768
-0.023579
-0.023334
-0.023040
-0.022701
-0.022319
-0.021895
-0.021430
-0.020925
-0.020379
-0.019792
-0.019164
-0.018493
-0.017780
-0.017023
-0.016221
-0.015373
-0.014478
-0.013535
-0.012542
-0.011499
-0.010405
-0.009257
-0.008055
-0.006797
-0.005483
-0.004110
-0.002678
-0.001185
0.000370
0.001989
0.003672
0.005422
0.007240
0.009126
0.011083
0.013111
0.015212
0.017388
0.019640
0.021969
0.024377
0.026865
0.029434
0.032086
0.034822
0.037644
0.040553
0.043550
0.046637
0.049815
0.053086
0.056451
0.059911
0.063469
0.067124
0.070880
0.074736
0.078695
0.082758
0.086927
0.091202
0.095586
0.100079
0.104684
0.109401
0.114232
0.119179
0.124243
0.129425
0.134727
0.140151
0.145697
0.151367
0.157164
0.163087
0.169139
0.175321
0.181635
0.188081
0.194662
0.201380
0.208234
0.215228
0.222362
0.229638
0.237057
0.244621
0.252331
0.260190
0.268197
0.276356
0.284666
0.293131
0.301750
0.310527
0.319461
0.328556
-0.024077
-0.024032
-0.023915
-0.023740
-0.023514
-0.023243
-0.022931
-0.022579
-0.022191
-0.021766
-0.021304
-0.020807
-0.020273
-0.019702
-0.019095
-0.018450
-0.017766
-0.017043
-0.016280
-0.015476
-0.014630
-0.013740
-0.012807
-0.011829
-0.010805
-0.009733
-0.008614
-0.007445
-0.006225
-0.004954
-0.003630
-0.002253
-0.000820
0.000669
0.002215
0.003819
0.005483
0.007208
0.008995
0.010845
0.012759
0.014739
0.016785
0.018899
0.021082
0.023336
0.025661
0.028058
0.030529
0.033075
0.035698
0.038397
0.041176
0.044034
0.046973
0.049994
0.053099
0.056288
0.059563
0.062925
0.066376
0.069915
0.073546
0.077269
0.081084
0.084994
0.089000
0.093102
0.097303
0.101603
0.106004
0.110506
0.115111
0.119821
0.124636
0.129559
0.134589
0.139728
0.144978
0.150340
0.155815
0.161405
0.167109
0.172931
0.178871
0.184930
0.191111
0.197413
0.203838
0.210388
0.217063
0.223866
0.230797
0.237857
0.245049
0.252373
0.259830
0.267421
0.275149
0.283014
-0.024214
-0.024172
-0.024065
-0.023904
-0.023697
-0.023449
-0.023164
-0.022845
-0.022492
-0.022107
-0.021690
-0.021242
-0.020762
-0.020250
-0.019706
-0.019130
-0.018521
-0.017879
-0.017201
-0.016489
-0.015742
-0.014957
-0.014135
-0.013275
-0.012376
-0.011437
-0.010458
-0.009436
-0.008372
-0.007264
-0.006112
-0.004915
-0.003671
-0.002380
-0.001040
0.000348
0.001787
0.003277
0.004818
0.006413
0.008062
0.009766
0.011525
0.013342
0.015216
0.017149
0.019142
0.021196
0.023312
0.025490
0.027732
0.030039
0.032412
0.034852
0.037359
0.039935
0.042580
0.045297
0.048085
0.050946
0.053880
0.056889
0.059975
0.063137
0.066376
0.069695
0.073093
0.076572
0.080134
0.083778
0.087506
0.091319
0.095218
0.099204
0.103278
0.107441
0.111694
0.116039
0.120476
0.125006
0.129631
0.134351
0.139167
0.144081
0.149093
0.154206
0.159418
0.164733
0.170150
0.175671
0.181298
0.187030
0.192869
0.198817
0.204873
0.211040
0.217318
0.223709
0.230213
0.236832
-0.024353
-0.024315
-0.024217
-0.024071
-0.023883
-0.023659
-0.023402
-0.023114
-0.022798
-0.022453
-0.022082
-0.021683
-0.021258
-0.020806
-0.020327
-0.019821
-0.019287
-0.018726
-0.018136
-0.017517
-0.016869
-0.016190
-0.015481
-0.014741
-0.013968
-0.013164
-0.012325
-0.011453
-0.010546
-0.009604
-0.008625
-0.007610
-0.006557
-0.005466
-0.004336
-0.003166
-0.001955
-0.000703
0.000590
0.001927
0.003307
0.004732
0.006201
0.007717
0.009278
0.010888
0.012545
0.014252
0.016008
0.017814
0.019672
0.021581
0.023544
0.025560
0.027630
0.029755
0.031937
0.034175
0.036470
0.038824
0.041237
0.043710
0.046243
0.048838
0.051495
0.054215
0.056999
0.059848
0.062762
0.065743
0.068790
0.071906
0.075090
0.078345
0.081669
0.085065
0.088533
0.092073
0.095688
0.099377
0.103141
0.106981
0.110899
0.114895
0.118969
0.123123
0.127357
0.131673
0.136071
0.140551
0.145116
0.149765
0.154500
0.159322
0.164230
0.169227
0.174313
0.179489
0.184755
0.190113
-0.024495
-0.024460
-0.024372
-0.024241
-0.024072
-0.023872
-0.023643
-0.023388
-0.023108
-0.022804
-0.022478
-0.022130
-0.021760
-0.021368
-0.020954
-0.020519
-0.020062
-0.019582
-0.019080
-0.018556
-0.018008
-0.017437
-0.016841
-0.016222
-0.015578
-0.014908
-0.014213
-0.013491
-0.012743
-0.011968
-0.011164
-0.010333
-0.009473
-0.008584
-0.007665
-0.006715
-0.005735
-0.004723
-0.003680
-0.002604
-0.001495
-0.000352
0.000825
0.002036
0.003283
0.004565
0.005884
0.007240
0.008633
0.010064
0.011533
0.013042
0.014590
0.016179
0.017808
0.019479
0.021192
0.022947
0.024746
0.026588
0.028474
0.030405
0.032382
0.034404
0.036474
0.038590
0.040754
0.042967
0.045228
0.047539
0.049900
0.052312
0.054776
0.057291
0.059859
0.062480
0.065155
0.067884
0.070669
0.073509
0.076405
0.079358
0.082369
0.085438
0.088565
0.091752
0.094999
0.098307
0.101676
0.105107
0.108600
0.112157
0.115778
0.119463
0.123213
0.127029
0.130911
0.134861
0.138878
0.142963
-0.024638
-0.024608
-0.024529
-0.024413
-0.024264
-0.024088
-0.023887
-0.023664
-0.023421
-0.023159
-0.022879
-0.022582
-0.022267
-0.021936
-0.021588
-0.021224
-0.020843
-0.020447
-0.020034
-0.019604
-0.019157
-0.018694
-0.018213
-0.017716
-0.017200
-0.016667
-0.016116
-0.015546
-0.014958
-0.014350
-0.013724
-0.013078
-0.012412
-0.011726
-0.011019
-0.010292
-0.009544
-0.008774
-0.007982
-0.007169
-0.006333
-0.005474
-0.004592
-0.003687
-0.002757
-0.001804
-0.000827
0.000176
0.001203
0.002256
0.003335
0.004440
0.005572
0.006730
0.007916
0.009129
0.010370
0.011639
0.012937
0.014264
0.015620
0.017006
0.018422
0.019869
0.021346
0.022854
0.024395
0.025967
0.027571
0.029208
0.030878
0.032582
0.034319
0.036091
0.037897
0.039738
0.041615
0.043527
0.045476
0.047462
0.049484
0.051544
0.053641
0.055777
0.057952
0.060165
0.062418
0.064711
0.067044
0.069418
0.071833
0.074290
0.076788
0.079329
0.081913
0.084540
0.087211
0.089926
0.092685
0.095489
-0.024784
-0.024757
-0.024689
-0.024587
-0.024458
-0.024306
-0.024133
-0.023943
-0.023738
-0.023517
-0.023283
-0.023037
-0.022778
-0.022508
-0.022226
-0.021934
-0.021631
-0.021317
-0.020993
-0.020659
-0.020314
-0.019960
-0.019594
-0.019219
-0.018833
-0.018437
-0.018030
-0.017613
-0.017186
-0.016747
-0.016298
-0.015838
-0.015368
-0.014886
-0.014393
-0.013889
-0.013374
-0.012847
-0.012308
-0.011758
-0.011197
-0.010623
-0.010037
-0.009439
-0.008829
-0.008207
-0.007572
-0.006924
-0.006264
-0.005590
-0.004904
-0.004205
-0.003492
-0.002766
-0.002026
-0.001273
-0.000506
0.000276
0.001071
0.001880
0.002704
0.003542
0.004395
0.005263
0.006146
0.007044
0.007957
0.008886
0.009830
0.010790
0.011766
0.012758
0.013766
0.014791
0.015832
0.016890
0.017965
0.019057
0.020167
0.021294
0.022438
0.023601
0.024781
0.025980
0.027197
0.028433
0.029687
0.030961
0.032253
0.033566
0.034897
0.036249
0.037621
0.039012
0.040425
0.041857
0.043311
0.044786
0.046282
0.047799
-0.024931
-0.024908
-0.024849
-0.024763
-0.024654
-0.024526
-0.024382
-0.024225
-0.024056
-0.023878
-0.023691
-0.023495
-0.023293
-0.023083
-0.022868
-0.022648
-0.022422
-0.022192
-0.021958
-0.021719
-0.021477
-0.021231
-0.020981
-0.020728
-0.020473
-0.020214
-0.019952
-0.019688
-0.019422
-0.019153
-0.018882
-0.018609
-0.018334
-0.018057
-0.017778
-0.017498
-0.017216
-0.016933
-0.016648
-0.016362
-0.016076
-0.015788
-0.015499
-0.015209
-0.014919
-0.014628
-0.014336
-0.014044
-0.013752
-0.013459
-0.013166
-0.012873
-0.012580
-0.012287
-0.011994
-0.011702
-0.011410
-0.011118
-0.010826
-0.010535
-0.010245
-0.009956
-0.009667
-0.009379
-0.009092
-0.008806
-0.008521
-0.008237
-0.007954
-0.007673
-0.007393
-0.007114
-0.006836
-0.006560
-0.006286
-0.006013
-0.005741
-0.005471
-0.005203
-0.004936
-0.004671
-0.004408
-0.004147
-0.003887
-0.003629
-0.003374
-0.003120
-0.002868
-0.002618
-0.002369
-0.002123
-0.001879
-0.001637
-0.001397
-0.001159
-0.000923
-0.000689
-0.000457
-0.000227
0.000001
-0.025079
-0.025060
-0.025012
-0.024940
-0.024851
-0.024747
-0.024632
-0.024508
-0.024377
-0.024240
-0.024099
-0.023955
-0.023809
-0.023661
-0.023513
-0.023364
-0.023216
-0.023070
-0.022925
-0.022782
-0.022642
-0.022505
-0.022371
-0.022241
-0.022115
-0.021994
-0.021878
-0.021767
-0.021662
-0.021562
-0.021469
-0.021383
-0.021304
-0.021232
-0.021167
-0.021111
-0.021063
-0.021023
-0.020992
-0.020971
-0.020959
-0.020957
-0.020965
-0.020984
-0.021013
-0.021053
-0.021105
-0.021169
-0.021245
-0.021332
-0.021433
-0.021546
-0.021673
-0.021813
-0.021967
-0.022136
-0.022318
-0.022515
-0.022728
-0.022956
-0.023199
-0.023458
-0.023734
-0.024026
-0.024334
-0.024660
-0.025003
-0.025364
-0.025743
-0.026140
-0.026555
-0.026989
-0.027442
-0.027915
-0.028406
-0.028918
-0.029450
-0.030002
-0.030575
-0.031168
-0.031783
-0.032419
-0.033077
-0.033756
-0.034458
-0.035182
-0.035928
-0.036698
-0.037490
-0.038306
-0.039145
-0.040008
-0.040895
-0.041807
-0.042743
-0.043703
-0.044689
-0.045699
-0.046735
-0.047797
-0.025229
-0.025214
-0.025175
-0.025119
-0.025049
-0.024970
-0.024883
-0.024792
-0.024699
-0.024604
-0.024510
-0.024417
-0.024326
-0.024240
-0.024158
-0.024081
-0.024011
-0.023948
-0.023893
-0.023845
-0.023807
-0.023779
-0.023761
-0.023753
-0.023758
-0.023774
-0.023803
-0.023844
-0.023900
-0.023970
-0.024055
-0.024155
-0.024271
-0.024403
-0.024553
-0.024720
-0.024905
-0.025108
-0.025331
-0.025573
-0.025836
-0.026119
-0.026424
-0.026750
-0.027098
-0.027470
-0.027864
-0.028283
-0.028725
-0.029193
-0.029686
-0.030205
-0.030750
-0.031323
-0.031923
-0.032550
-0.033207
-0.033892
-0.034607
-0.035352
-0.036128
-0.036935
-0.037773
-0.038643
-0.039546
-0.040482
-0.041452
-0.042456
-0.043495
-0.044568
-0.045678
-0.046823
-0.048005
-0.049224
-0.050481
-0.051775
-0.053108
-0.054481
-0.055892
-0.057344
-0.058836
-0.060369
-0.061943
-0.063560
-0.065218
-0.066920
-0.068664
-0.070453
-0.072285
-0.074162
-0.076084
-0.078052
-0.080066
-0.082126
-0.084233
-0.086387
-0.088590
-0.090840
-0.093139
-0.095487
-0.025380
-0.025368
-0.025339
-0.025298
-0.025248
-0.025193
-0.025135
-0.025077
-0.025021
-0.024968
-0.024920
-0.024878
-0.024844
-0.024818
-0.024803
-0.024798
-0.024805
-0.024825
-0.024859
-0.024907
-0.024971
-0.025051
-0.025148
-0.025263
-0.025396
-0.025549
-0.025722
-0.025917
-0.026133
-0.026371
-0.026633
-0.026919
-0.027229
-0.027565
-0.027928
-0.028317
-0.028735
-0.029180
-0.029655
-0.030160
-0.030696
-0.031263
-0.031863
-0.032495
-0.033161
-0.033862
-0.034598
-0.035369
-0.036178
-0.037023
-0.037907
-0.038830
-0.039792
-0.040795
-0.041838
-0.042924
-0.044052
-0.045223
-0.046438
-0.047698
-0.049003
-0.050355
-0.051753
-0.053200
-0.054694
-0.056238
-0.057831
-0.059475
-0.061171
-0.062918
-0.064718
-0.066571
-0.068478
-0.070441
-0.072458
-0.074532
-0.076663
-0.078852
-0.081098
-0.083404
-0.085769
-0.088195
-0.090682
-0.093230
-0.095842
-0.098516
-0.101254
-0.104056
-0.106924
-0.109857
-0.112857
-0.115924
-0.119060
-0.122263
-0.125536
-0.128879
-0.132292
-0.135776
-0.139332
-0.142960
-0.025531
-0.025523
-0.025504
-0.025478
-0.025448
-0.025417
-0.025388
-0.025363
-0.025343
-0.025332
-0.025330
-0.025339
-0.025360
-0.025396
-0.025446
-0.025513
-0.025597
-0.025699
-0.025822
-0.025965
-0.026130
-0.026317
-0.026529
-0.026765
-0.027027
-0.027316
-0.027633
-0.027979
-0.028354
-0.028760
-0.029198
-0.029668
-0.030172
-0.030711
-0.031285
-0.031895
-0.032543
-0.033230
-0.033955
-0.034721
-0.035528
-0.036378
-0.037270
-0.038207
-0.039189
-0.040216
-0.041291
-0.042414
-0.043585
-0.044806
-0.046078
-0.047402
-0.048778
-0.050207
-0.051692
-0.053232
-0.054828
-0.056482
-0.058194
-0.059965
-0.061797
-0.063689
-0.065644
-0.067662
-0.069744
-0.071891
-0.074104
-0.076383
-0.078731
-0.081147
-0.083633
-0.086189
-0.088817
-0.091517
-0.094290
-0.097138
-0.100061
-0.103060
-0.106136
-0.109290
-0.112522
-0.115834
-0.119227
-0.122702
-0.126258
-0.129899
-0.133623
-0.137433
-0.141328
-0.145310
-0.149381
-0.153540
-0.157788
-0.162128
-0.166558
-0.171081
-0.175696
-0.180406
-0.185210
-0.190110
-0.025683
-0.025679
-0.025670
-0.025659
-0.025648
-0.025641
-0.025640
-0.025647
-0.025665
-0.025695
-0.025739
-0.025798
-0.025875
-0.025971
-0.026086
-0.026224
-0.026384
-0.026569
-0.026779
-0.027017
-0.027282
-0.027576
-0.027901
-0.028258
-0.028648
-0.029072
-0.029531
-0.030027
-0.030560
-0.031132
-0.031744
-0.032398
-0.033094
-0.033833
-0.034617
-0.035446
-0.036323
-0.037248
-0.038222
-0.039246
-0.040323
-0.041452
-0.042635
-0.043873
-0.045167
-0.046519
-0.047930
-0.049400
-0.050931
-0.052524
-0.054181
-0.055901
-0.057688
-0.059541
-0.061462
-0.063452
-0.065512
-0.067644
-0.069848
-0.072126
-0.074479
-0.076908
-0.079414
-0.081998
-0.084662
-0.087406
-0.090233
-0.093142
-0.096136
-0.099215
-0.102380
-0.105632
-0.108974
-0.112405
-0.115927
-0.119542
-0.123249
-0.127051
-0.130948
-0.134942
-0.139034
-0.143224
-0.147515
-0.151906
-0.156400
-0.160998
-0.165699
-0.170506
-0.175420
-0.180442
-0.185573
-0.190813
-0.196165
-0.201629
-0.207206
-0.212898
-0.218705
-0.224628
-0.230670
-0.236829
-0.025835
-0.025835
-0.025835
-0.025839
-0.025848
-0.025865
-0.025892
-0.025931
-0.025985
-0.026056
-0.026145
-0.026255
-0.026386
-0.026542
-0.026722
-0.026930
-0.027166
-0.027432
-0.027730
-0.028060
-0.028425
-0.028825
-0.029263
-0.029739
-0.030255
-0.030812
-0.031412
-0.032056
-0.032746
-0.033482
-0.034267
-0.035102
-0.035987
-0.036925
-0.037916
-0.038962
-0.040065
-0.041226
-0.042446
-0.043726
-0.045068
-0.046474
-0.047944
-0.049480
-0.051084
-0.052756
-0.054499
-0.056313
-0.058199
-0.060160
-0.062197
-0.064310
-0.066502
-0.068774
-0.071127
-0.073562
-0.076081
-0.078685
-0.081376
-0.084154
-0.087022
-0.089981
-0.093032
-0.096176
-0.099415
-0.102750
-0.106183
-0.109715
-0.113347
-0.117080
-0.120917
-0.124858
-0.128905
-0.133058
-0.137321
-0.141693
-0.146176
-0.150771
-0.155480
-0.160304
-0.165245
-0.170303
-0.175481
-0.180779
-0.186199
-0.191742
-0.197410
-0.203203
-0.209123
-0.215172
-0.221350
-0.227660
-0.234102
-0.240678
-0.247389
-0.254236
-0.261220
-0.268344
-0.275607
-0.283012
-0.025987
-0.025990
-0.026001
-0.026019
-0.026047
-0.026087
-0.026142
-0.026214
-0.026304
-0.026415
-0.026549
-0.026708
-0.026894
-0.027108
-0.027353
-0.027630
-0.027941
-0.028287
-0.028671
-0.029093
-0.029556
-0.030061
-0.030609
-0.031203
-0.031844
-0.032533
-0.033272
-0.034063
-0.034907
-0.035806
-0.036761
-0.037774
-0.038846
-0.039979
-0.041176
-0.042436
-0.043762
-0.045155
-0.046617
-0.048150
-0.049755
-0.051433
-0.053186
-0.055017
-0.056925
-0.058914
-0.060984
-0.063137
-0.065374
-0.067698
-0.070109
-0.072610
-0.075202
-0.077886
-0.080664
-0.083538
-0.086510
-0.089580
-0.092750
-0.096022
-0.099398
-0.102880
-0.106467
-0.110164
-0.113970
-0.117887
-0.121918
-0.126063
-0.130325
-0.134704
-0.139203
-0.143822
-0.148564
-0.153431
-0.158422
-0.163541
-0.168789
-0.174167
-0.179676
-0.185319
-0.191096
-0.197010
-0.203063
-0.209255
-0.215587
-0.222063
-0.228683
-0.235448
-0.242361
-0.249422
-0.256634
-0.263998
-0.271515
-0.279187
-0.287015
-0.295001
-0.303146
-0.311453
-0.319921
-0.328553
-0.026139
-0.026146
-0.026166
-0.026199
-0.026246
-0.026309
-0.026391
-0.026494
-0.026620
-0.026771
-0.026950
-0.027158
-0.027397
-0.027669
-0.027977
-0.028322
-0.028707
-0.029132
-0.029601
-0.030114
-0.030673
-0.031281
-0.031939
-0.032649
-0.033412
-0.034231
-0.035107
-0.036042
-0.037038
-0.038097
-0.039219
-0.040408
-0.041665
-0.042991
-0.044389
-0.045860
-0.047405
-0.049027
-0.050728
-0.052509
-0.054372
-0.056319
-0.058351
-0.060470
-0.062679
-0.064979
-0.067371
-0.069857
-0.072440
-0.075120
-0.077901
-0.080782
-0.083767
-0.086857
-0.090054
-0.093360
-0.096776
-0.100304
-0.103947
-0.107705
-0.111580
-0.115575
-0.119691
-0.123930
-0.128294
-0.132784
-0.137403
-0.142152
-0.147032
-0.152047
-0.157196
-0.162483
-0.167909
-0.173476
-0.179185
-0.185038
-0.191038
-0.197185
-0.203481
-0.209929
-0.216530
-0.223285
-0.230198
-0.237268
-0.244499
-0.251892
-0.259448
-0.267169
-0.275058
-0.283115
-0.291343
-0.299743
-0.308317
-0.317067
-0.325994
-0.335101
-0.344388
-0.353857
-0.363511
-0.373350
-0.026290
-0.026301
-0.026330
-0.026377
-0.026443
-0.026529
-0.026638
-0.026772
-0.026933
-0.027124
-0.027346
-0.027602
-0.027893
-0.028223
-0.028593
-0.029006
-0.029462
-0.029966
-0.030517
-0.031119
-0.031774
-0.032483
-0.033248
-0.034072
-0.034956
-0.035903
-0.036913
-0.037990
-0.039136
-0.040351
-0.041638
-0.043000
-0.044437
-0.045953
-0.047548
-0.049226
-0.050987
-0.052834
-0.054769
-0.056794
-0.058910
-0.061120
-0.063426
-0.065830
-0.068333
-0.070937
-0.073646
-0.076459
-0.079381
-0.082411
-0.085554
-0.088809
-0.092180
-0.095668
-0.099276
-0.103005
-0.106857
-0.110835
-0.114940
-0.119175
-0.123540
-0.128039
-0.132674
-0.137445
-0.142356
-0.147408
-0.152603
-0.157944
-0.163432
-0.169069
-0.174857
-0.180799
-0.186895
-0.193149
-0.199562
-0.206136
-0.212872
-0.219774
-0.226843
-0.234080
-0.241488
-0.249069
-0.256825
-0.264758
-0.272869
-0.281161
-0.289636
-0.298295
-0.307140
-0.316174
-0.325399
-0.334816
-0.344427
-0.354234
-0.364239
-0.374444
-0.384851
-0.395462
-0.406278
-0.417302
-0.026441
-0.026455
-0.026494
-0.026555
-0.026639
-0.026748
-0.026883
-0.027048
-0.027243
-0.027472
-0.027737
-0.028040
-0.028383
-0.028769
-0.029200
-0.029679
-0.030206
-0.030786
-0.031419
-0.032109
-0.032857
-0.033665
-0.034535
-0.035471
-0.036473
-0.037545
-0.038687
-0.039903
-0.041194
-0.042563
-0.044012
-0.045543
-0.047158
-0.048859
-0.050648
-0.052528
-0.054500
-0.056567
-0.058732
-0.060995
-0.063359
-0.065827
-0.068401
-0.071082
-0.073874
-0.076777
-0.079795
-0.082929
-0.086182
-0.089555
-0.093051
-0.096672
-0.100421
-0.104299
-0.108308
-0.112452
-0.116731
-0.121149
-0.125707
-0.130407
-0.135252
-0.140244
-0.145385
-0.150678
-0.156124
-0.161726
-0.167485
-0.173405
-0.179487
-0.185733
-0.192146
-0.198728
-0.205480
-0.212406
-0.219507
-0.226786
-0.234244
-0.241884
-0.249708
-0.257717
-0.265915
-0.274303
-0.282884
-0.291660
-0.300633
-0.309805
-0.319178
-0.328754
-0.338536
-0.348525
-0.358725
-0.369136
-0.379762
-0.390603
-0.401663
-0.412943
-0.424446
-0.436172
-0.448126
-0.460308
-0.026591
-0.026609
-0.026656
-0.026731
-0.026833
-0.026964
-0.027125
-0.027320
-0.027549
-0.027816
-0.028122
-0.028472
-0.028865
-0.029306
-0.029797
-0.030340
-0.030937
-0.031591
-0.032305
-0.033080
-0.033918
-0.034824
-0.035797
-0.036842
-0.037960
-0.039153
-0.040425
-0.041776
-0.043211
-0.044730
-0.046336
-0.048032
-0.049820
-0.051702
-0.053681
-0.055758
-0.057937
-0.060219
-0.062607
-0.065103
-0.067710
-0.070430
-0.073265
-0.076217
-0.079290
-0.082485
-0.085805
-0.089252
-0.092828
-0.096535
-0.100377
-0.104355
-0.108472
-0.112730
-0.117132
-0.121680
-0.126376
-0.131222
-0.136222
-0.141377
-0.146690
-0.152163
-0.157799
-0.163600
-0.169568
-0.175705
-0.182015
-0.188500
-0.195161
-0.202002
-0.209024
-0.216230
-0.223623
-0.231204
-0.238976
-0.246942
-0.255104
-0.263464
-0.272024
-0.280787
-0.289755
-0.298931
-0.308317
-0.317915
-0.327728
-0.337759
-0.348008
-0.358479
-0.369174
-0.380095
-0.391246
-0.402627
-0.414242
-0.426093
-0.438181
-0.450510
-0.463081
-0.475896
-0.488959
-0.502271
-0.026740
-0.026761
-0.026817
-0.026905
-0.027025
-0.027178
-0.027364
-0.027588
-0.027850
-0.028154
-0.028501
-0.028896
-0.029339
-0.029833
-0.030382
-0.030988
-0.031653
-0.032380
-0.033172
-0.034030
-0.034958
-0.035957
-0.037031
-0.038182
-0.039413
-0.040726
-0.042123
-0.043606
-0.045180
-0.046845
-0.048605
-0.050462
-0.052419
-0.054477
-0.056640
-0.058910
-0.061289
-0.063781
-0.066387
-0.069110
-0.071953
-0.074918
-0.078007
-0.081224
-0.084570
-0.088049
-0.091663
-0.095414
-0.099304
-0.103337
-0.107515
-0.111841
-0.116316
-0.120944
-0.125727
-0.130669
-0.135770
-0.141034
-0.146463
-0.152061
-0.157829
-0.163770
-0.169886
-0.176181
-0.182657
-0.189316
-0.196161
-0.203195
-0.210420
-0.217838
-0.225453
-0.233267
-0.241282
-0.249501
-0.257926
-0.266560
-0.275406
-0.284467
-0.293743
-0.303239
-0.312956
-0.322897
-0.333066
-0.343464
-0.354095
-0.364959
-0.376061
-0.387402
-0.398985
-0.410813
-0.422888
-0.435213
-0.447790
-0.460622
-0.473710
-0.487059
-0.500669
-0.514544
-0.528686
-0.543097
-0.026887
-0.026912
-0.026977
-0.027078
-0.027215
-0.027388
-0.027600
-0.027852
-0.028146
-0.028486
-0.028873
-0.029311
-0.029802
-0.030349
-0.030955
-0.031622
-0.032353
-0.033151
-0.034018
-0.034958
-0.035972
-0.037063
-0.038235
-0.039490
-0.040830
-0.042258
-0.043777
-0.045389
-0.047098
-0.048906
-0.050815
-0.052828
-0.054948
-0.057178
-0.059520
-0.061976
-0.064551
-0.067245
-0.070063
-0.073006
-0.076078
-0.079281
-0.082617
-0.086090
-0.089703
-0.093457
-0.097355
-0.101401
-0.105597
-0.109946
-0.114450
-0.119112
-0.123936
-0.128922
-0.134076
-0.139398
-0.144893
-0.150561
-0.156408
-0.162434
-0.168643
-0.175038
-0.181621
-0.188395
-0.195363
-0.202528
-0.209892
-0.217458
-0.225229
-0.233208
-0.241398
-0.249800
-0.258418
-0.267255
-0.276314
-0.285596
-0.295105
-0.304844
-0.314815
-0.325021
-0.335464
-0.346148
-0.357076
-0.368249
-0.379672
-0.391346
-0.403273
-0.415458
-0.427902
-0.440608
-0.453580
-0.466820
-0.480329
-0.494112
-0.508171
-0.522508
-0.537126
-0.552028
-0.567215
-0.582692
-0.027034
-0.027061
-0.027135
-0.027248
-0.027402
-0.027596
-0.027831
-0.028111
-0.028437
-0.028811
-0.029238
-0.029718
-0.030256
-0.030854
-0.031514
-0.032241
-0.033036
-0.033902
-0.034843
-0.035861
-0.036959
-0.038140
-0.039406
-0.040761
-0.042207
-0.043747
-0.045384
-0.047121
-0.048961
-0.050906
-0.052960
-0.055124
-0.057403
-0.059799
-0.062314
-0.064951
-0.067714
-0.070606
-0.073628
-0.076784
-0.080078
-0.083510
-0.087086
-0.090807
-0.094676
-0.098696
-0.102871
-0.107202
-0.111693
-0.116347
-0.121166
-0.126154
-0.131314
-0.136648
-0.142159
-0.147850
-0.153724
-0.159784
-0.166033
-0.172474
-0.179110
-0.185943
-0.192977
-0.200214
-0.207658
-0.215311
-0.223176
-0.231257
-0.239557
-0.248077
-0.256821
-0.265792
-0.274994
-0.284428
-0.294098
-0.304006
-0.314156
-0.324551
-0.335193
-0.346085
-0.357230
-0.368631
-0.380292
-0.392215
-0.404403
-0.416858
-0.429584
-0.442583
-0.455859
-0.469415
-0.483253
-0.497376
-0.511787
-0.526489
-0.541485
-0.556778
-0.572369
-0.588263
-0.604461
-0.620968
-0.027178
-0.027209
-0.027290
-0.027416
-0.027586
-0.027800
-0.028059
-0.028365
-0.028721
-0.029130
-0.029593
-0.030115
-0.030698
-0.031345
-0.032059
-0.032843
-0.033700
-0.034632
-0.035644
-0.036738
-0.037917
-0.039184
-0.040542
-0.041993
-0.043542
-0.045191
-0.046942
-0.048799
-0.050765
-0.052843
-0.055036
-0.057347
-0.059778
-0.062334
-0.065016
-0.067828
-0.070773
-0.073854
-0.077074
-0.080436
-0.083943
-0.087597
-0.091403
-0.095363
-0.099480
-0.103757
-0.108197
-0.112803
-0.117579
-0.122527
-0.127650
-0.132952
-0.138435
-0.144103
-0.149959
-0.156005
-0.162245
-0.168682
-0.175319
-0.182159
-0.189205
-0.196461
-0.203929
-0.211612
-0.219514
-0.227637
-0.235985
-0.244562
-0.253370
-0.262411
-0.271690
-0.281209
-0.290972
-0.300981
-0.311239
-0.321750
-0.332518
-0.343543
-0.354831
-0.366383
-0.378204
-0.390296
-0.402663
-0.415307
-0.428231
-0.441439
-0.454933
-0.468717
-0.482794
-0.497167
-0.511839
-0.526813
-0.542092
-0.557679
-0.573577
-0.589789
-0.606318
-0.623167
-0.640338
-0.657836
-0.027320
-0.027354
-0.027444
-0.027582
-0.027767
-0.028000
-0.028281
-0.028614
-0.028999
-0.029440
-0.029940
-0.030502
-0.031128
-0.031822
-0.032587
-0.033427
-0.034343
-0.035340
-0.036421
-0.037588
-0.038845
-0.040194
-0.041640
-0.043185
-0.044832
-0.046585
-0.048446
-0.050419
-0.052507
-0.054713
-0.057040
-0.059491
-0.062069
-0.064778
-0.067621
-0.070601
-0.073721
-0.076984
-0.080394
-0.083953
-0.087665
-0.091533
-0.095560
-0.099749
-0.104104
-0.108627
-0.113323
-0.118193
-0.123242
-0.128472
-0.133887
-0.139490
-0.145284
-0.151273
-0.157459
-0.163846
-0.170437
-0.177236
-0.184245
-0.191468
-0.198908
-0.206569
-0.214453
-0.222564
-0.230905
-0.239480
-0.248291
-0.257343
-0.266638
-0.276179
-0.285971
-0.296015
-0.306316
-0.316877
-0.327700
-0.338789
-0.350147
-0.361778
-0.373685
-0.385871
-0.398340
-0.411094
-0.424138
-0.437473
-0.451104
-0.465034
-0.479265
-0.493801
-0.508646
-0.523802
-0.539274
-0.555064
-0.571175
-0.587610
-0.604373
-0.621468
-0.638896
-0.656661
-0.674766
-0.693214
-0.027461
-0.027498
-0.027595
-0.027744
-0.027945
-0.028196
-0.028499
-0.028856
-0.029270
-0.029742
-0.030277
-0.030877
-0.031545
-0.032285
-0.033099
-0.033992
-0.034966
-0.036024
-0.037171
-0.038408
-0.039740
-0.041169
-0.042699
-0.044333
-0.046075
-0.047928
-0.049894
-0.051978
-0.054182
-0.056510
-0.058966
-0.061551
-0.064271
-0.067127
-0.070124
-0.073264
-0.076552
-0.079989
-0.083580
-0.087328
-0.091237
-0.095308
-0.099547
-0.103956
-0.108538
-0.113297
-0.118237
-0.123359
-0.128669
-0.134169
-0.139863
-0.145754
-0.151845
-0.158141
-0.164643
-0.171356
-0.178282
-0.185426
-0.192791
-0.200380
-0.208196
-0.216244
-0.224526
-0.233045
-0.241806
-0.250812
-0.260066
-0.269572
-0.279332
-0.289351
-0.299632
-0.310178
-0.320993
-0.332080
-0.343442
-0.355083
-0.367006
-0.379216
-0.391714
-0.404505
-0.417592
-0.430979
-0.444669
-0.458665
-0.472970
-0.487589
-0.502524
-0.517778
-0.533356
-0.549261
-0.565496
-0.582065
-0.598971
-0.616216
-0.633806
-0.651743
-0.670029
-0.688669
-0.707666
-0.727022
-0.027599
-0.027639
-0.027743
-0.027904
-0.028119
-0.028388
-0.028711
-0.029092
-0.029533
-0.030036
-0.030604
-0.031240
-0.031949
-0.032732
-0.033594
-0.034537
-0.035566
-0.036683
-0.037892
-0.039197
-0.040600
-0.042105
-0.043716
-0.045436
-0.047268
-0.049216
-0.051283
-0.053472
-0.055788
-0.058233
-0.060811
-0.063525
-0.066378
-0.069375
-0.072519
-0.075812
-0.079259
-0.082863
-0.086627
-0.090555
-0.094650
-0.098916
-0.103356
-0.107974
-0.112773
-0.117757
-0.122928
-0.128292
-0.133850
-0.139607
-0.145566
-0.151731
-0.158105
-0.164692
-0.171495
-0.178518
-0.185764
-0.193236
-0.200939
-0.208876
-0.217050
-0.225466
-0.234126
-0.243034
-0.252194
-0.261609
-0.271284
-0.281221
-0.291425
-0.301897
-0.312643
-0.323666
-0.334970
-0.346557
-0.358432
-0.370597
-0.383058
-0.395816
-0.408877
-0.422243
-0.435918
-0.449905
-0.464209
-0.478833
-0.493780
-0.509053
-0.524657
-0.540594
-0.556869
-0.573486
-0.590447
-0.607756
-0.625417
-0.643433
-0.661808
-0.680545
-0.699648
-0.719120
-0.738964
-0.759183
-0.027735
-0.027777
-0.027888
-0.028060
-0.028289
-0.028574
-0.028918
-0.029322
-0.029788
-0.030320
-0.030920
-0.031592
-0.032338
-0.033163
-0.034070
-0.035062
-0.036143
-0.037316
-0.038585
-0.039953
-0.041425
-0.043002
-0.044690
-0.046491
-0.048409
-0.050447
-0.052609
-0.054900
-0.057321
-0.059877
-0.062571
-0.065407
-0.068388
-0.071518
-0.074801
-0.078239
-0.081838
-0.085599
-0.089527
-0.093626
-0.097899
-0.102349
-0.106980
-0.111796
-0.116800
-0.121996
-0.127388
-0.132979
-0.138773
-0.144773
-0.150984
-0.157408
-0.164050
-0.170913
-0.178001
-0.185317
-0.192864
-0.200648
-0.208671
-0.216937
-0.225450
-0.234214
-0.243232
-0.252508
-0.262045
-0.271849
-0.281921
-0.292266
-0.302888
-0.313790
-0.324976
-0.336450
-0.348216
-0.360276
-0.372635
-0.385297
-0.398265
-0.411544
-0.425136
-0.439045
-0.453275
-0.467831
-0.482716
-0.497933
-0.513486
-0.529379
-0.545615
-0.562198
-0.579132
-0.596421
-0.614069
-0.632078
-0.650454
-0.669198
-0.688316
-0.707810
-0.727685
-0.747943
-0.768589
-0.789625
-0.027868
-0.027913
-0.028031
-0.028212
-0.028454
-0.028756
-0.029119
-0.029544
-0.030035
-0.030594
-0.031225
-0.031930
-0.032712
-0.033577
-0.034526
-0.035564
-0.036695
-0.037921
-0.039247
-0.040676
-0.042211
-0.043858
-0.045618
-0.047495
-0.049495
-0.051619
-0.053872
-0.056257
-0.058778
-0.061438
-0.064242
-0.067193
-0.070295
-0.073551
-0.076965
-0.080541
-0.084282
-0.088192
-0.092275
-0.096535
-0.100975
-0.105598
-0.110410
-0.115412
-0.120610
-0.126007
-0.131606
-0.137412
-0.143427
-0.149657
-0.156105
-0.162773
-0.169667
-0.176790
-0.184146
-0.191738
-0.199570
-0.207646
-0.215971
-0.224547
-0.233379
-0.242470
-0.251824
-0.261446
-0.271339
-0.281507
-0.291953
-0.302683
-0.313698
-0.325004
-0.336603
-0.348501
-0.360701
-0.373207
-0.386022
-0.399150
-0.412595
-0.426362
-0.440454
-0.454874
-0.469627
-0.484717
-0.500148
-0.515923
-0.532045
-0.548520
-0.565351
-0.582541
-0.600095
-0.618016
-0.636309
-0.654977
-0.674024
-0.693454
-0.713270
-0.733476
-0.754076
-0.775074
-0.796474
-0.818277
-0.027999
-0.028046
-0.028170
-0.028361
-0.028616
-0.028933
-0.029313
-0.029760
-0.030274
-0.030859
-0.031518
-0.032254
-0.033071
-0.033973
-0.034963
-0.036044
-0.037221
-0.038498
-0.039877
-0.041363
-0.042959
-0.044670
-0.046498
-0.048448
-0.050524
-0.052729
-0.055066
-0.057541
-0.060156
-0.062915
-0.065822
-0.068881
-0.072096
-0.075470
-0.079007
-0.082712
-0.086587
-0.090637
-0.094865
-0.099276
-0.103872
-0.108659
-0.113639
-0.118817
-0.124196
-0.129780
-0.135574
-0.141580
-0.147804
-0.154248
-0.160917
-0.167815
-0.174945
-0.182311
-0.189917
-0.197768
-0.205866
-0.214216
-0.222822
-0.231688
-0.240818
-0.250215
-0.259885
-0.269830
-0.280055
-0.290563
-0.301359
-0.312447
-0.323831
-0.335514
-0.347500
-0.359794
-0.372399
-0.385321
-0.398561
-0.412125
-0.426016
-0.440239
-0.454797
-0.469695
-0.484936
-0.500525
-0.516466
-0.532761
-0.549417
-0.566435
-0.583821
-0.601578
-0.619711
-0.638223
-0.657119
-0.676402
-0.696076
-0.716145
-0.736614
-0.757485
-0.778763
-0.800452
-0.822555
-0.845076
-0.028127
-0.028176
-0.028306
-0.028506
-0.028772
-0.029104
-0.029501
-0.029967
-0.030503
-0.031112
-0.031798
-0.032564
-0.033414
-0.034350
-0.035378
-0.036500
-0.037721
-0.039045
-0.040474
-0.042013
-0.043667
-0.045438
-0.047330
-0.049348
-0.051495
-0.053775
-0.056192
-0.058750
-0.061452
-0.064303
-0.067307
-0.070467
-0.073787
-0.077271
-0.080924
-0.084748
-0.088748
-0.092928
-0.097292
-0.101843
-0.106586
-0.111524
-0.116661
-0.122002
-0.127550
-0.133309
-0.139283
-0.145477
-0.151893
-0.158537
-0.165413
-0.172523
-0.179872
-0.187464
-0.195303
-0.203393
-0.211739
-0.220343
-0.229211
-0.238346
-0.247752
-0.257434
-0.267395
-0.277641
-0.288173
-0.298998
-0.310119
-0.321539
-0.333264
-0.345297
-0.357641
-0.370303
-0.383285
-0.396591
-0.410226
-0.424194
-0.438498
-0.453144
-0.468135
-0.483475
-0.499168
-0.515220
-0.531633
-0.548412
-0.565561
-0.583084
-0.600984
-0.619267
-0.637936
-0.656996
-0.676450
-0.696303
-0.716559
-0.737221
-0.758295
-0.779783
-0.801690
-0.824019
-0.846775
-0.869961
-0.028251
-0.028303
-0.028438
-0.028647
-0.028924
-0.029269
-0.029683
-0.030166
-0.030723
-0.031355
-0.032066
-0.032860
-0.033739
-0.034709
-0.035772
-0.036932
-0.038194
-0.039561
-0.041037
-0.042626
-0.044332
-0.046159
-0.048111
-0.050191
-0.052405
-0.054755
-0.057245
-0.059881
-0.062665
-0.065601
-0.068694
-0.071947
-0.075365
-0.078951
-0.082710
-0.086646
-0.090761
-0.095062
-0.099550
-0.104231
-0.109109
-0.114187
-0.119469
-0.124961
-0.130664
-0.136585
-0.142726
-0.149092
-0.155687
-0.162515
-0.169580
-0.176886
-0.184438
-0.192238
-0.200292
-0.208603
-0.217176
-0.226014
-0.235123
-0.244506
-0.254167
-0.264110
-0.274341
-0.284862
-0.295678
-0.306794
-0.318213
-0.329939
-0.341977
-0.354332
-0.367006
-0.380005
-0.393333
-0.406994
-0.420991
-0.435330
-0.450015
-0.465049
-0.480437
-0.496184
-0.512293
-0.528769
-0.545617
-0.562840
-0.580442
-0.598428
-0.616802
-0.635567
-0.654729
-0.674292
-0.694260
-0.714637
-0.735427
-0.756635
-0.778264
-0.800319
-0.822803
-0.845721
-0.869077
-0.892875
-0.028373
-0.028427
-0.028567
-0.028783
-0.029071
-0.029429
-0.029857
-0.030358
-0.030933
-0.031587
-0.032321
-0.033140
-0.034048
-0.035048
-0.036143
-0.037339
-0.038638
-0.040046
-0.041565
-0.043200
-0.044955
-0.046833
-0.048840
-0.050978
-0.053253
-0.055667
-0.058226
-0.060932
-0.063791
-0.066805
-0.069980
-0.073319
-0.076827
-0.080507
-0.084363
-0.088400
-0.092622
-0.097032
-0.101636
-0.106436
-0.111437
-0.116643
-0.122059
-0.127687
-0.133534
-0.139602
-0.145895
-0.152419
-0.159177
-0.166173
-0.173412
-0.180897
-0.188633
-0.196624
-0.204873
-0.213386
-0.222166
-0.231218
-0.240547
-0.250155
-0.260049
-0.270230
-0.280706
-0.291478
-0.302553
-0.313933
-0.325623
-0.337629
-0.349953
-0.362600
-0.375574
-0.388880
-0.402523
-0.416506
-0.430834
-0.445510
-0.460540
-0.475928
-0.491678
-0.507794
-0.524281
-0.541144
-0.558387
-0.576013
-0.594028
-0.612435
-0.631238
-0.650443
-0.670053
-0.690074
-0.710509
-0.731362
-0.752639
-0.774342
-0.796476
-0.819047
-0.842057
-0.865510
-0.889412
-0.913766
-0.028491
-0.028547
-0.028692
-0.028915
-0.029213
-0.029582
-0.030024
-0.030540
-0.031133
-0.031806
-0.032563
-0.033405
-0.034339
-0.035366
-0.036492
-0.037720
-0.039054
-0.040498
-0.042057
-0.043734
-0.045533
-0.047459
-0.049515
-0.051707
-0.054037
-0.056510
-0.059130
-0.061901
-0.064828
-0.067914
-0.071163
-0.074580
-0.078169
-0.081934
-0.085880
-0.090009
-0.094327
-0.098837
-0.103544
-0.108452
-0.113565
-0.118888
-0.124423
-0.130177
-0.136152
-0.142354
-0.148785
-0.155452
-0.162357
-0.169505
-0.176900
-0.184547
-0.192449
-0.200611
-0.209038
-0.217732
-0.226700
-0.235944
-0.245470
-0.255282
-0.265385
-0.275781
-0.286477
-0.297476
-0.308783
-0.320401
-0.332336
-0.344592
-0.357172
-0.370083
-0.383327
-0.396909
-0.410835
-0.425108
-0.439731
-0.454711
-0.470051
-0.485757
-0.501831
-0.518280
-0.535107
-0.552316
-0.569914
-0.587903
-0.606287
-0.625073
-0.644262
-0.663861
-0.683874
-0.704306
-0.725160
-0.746441
-0.768154
-0.790302
-0.812891
-0.835924
-0.859406
-0.883341
-0.907733
-0.932587
-0.028606
-0.028663
-0.028813
-0.029043
-0.029349
-0.029729
-0.030184
-0.030714
-0.031323
-0.032014
-0.032790
-0.033654
-0.034611
-0.035664
-0.036817
-0.038074
-0.039439
-0.040917
-0.042512
-0.044227
-0.046066
-0.048035
-0.050137
-0.052375
-0.054756
-0.057282
-0.059957
-0.062787
-0.065775
-0.068925
-0.072241
-0.075728
-0.079390
-0.083232
-0.087256
-0.091469
-0.095872
-0.100472
-0.105272
-0.110277
-0.115490
-0.120916
-0.126559
-0.132424
-0.138514
-0.144835
-0.151389
-0.158183
-0.165219
-0.172503
-0.180038
-0.187828
-0.195879
-0.204193
-0.212777
-0.221633
-0.230767
-0.240182
-0.249884
-0.259877
-0.270164
-0.280752
-0.291643
-0.302843
-0.314355
-0.326185
-0.338336
-0.350814
-0.363622
-0.376765
-0.390248
-0.404075
-0.418251
-0.432780
-0.447666
-0.462914
-0.478529
-0.494515
-0.510877
-0.527618
-0.544745
-0.562262
-0.580173
-0.598482
-0.617194
-0.636314
-0.655845
-0.675793
-0.696162
-0.716956
-0.738181
-0.759840
-0.781939
-0.804481
-0.827471
-0.850914
-0.874813
-0.899174
-0.924000
-0.949296
-0.028717
-0.028776
-0.028930
-0.029166
-0.029480
-0.029870
-0.030335
-0.030879
-0.031503
-0.032210
-0.033004
-0.033887
-0.034865
-0.035940
-0.037118
-0.038401
-0.039795
-0.041303
-0.042929
-0.044678
-0.046554
-0.048560
-0.050702
-0.052983
-0.055408
-0.057981
-0.060706
-0.063587
-0.066629
-0.069836
-0.073212
-0.076761
-0.080487
-0.084396
-0.088491
-0.092776
-0.097256
-0.101935
-0.106816
-0.111906
-0.117207
-0.122724
-0.128462
-0.134424
-0.140616
-0.147040
-0.153703
-0.160608
-0.167759
-0.175161
-0.182818
-0.190734
-0.198914
-0.207362
-0.216083
-0.225080
-0.234359
-0.243924
-0.253779
-0.263929
-0.274378
-0.285131
-0.296193
-0.307567
-0.319259
-0.331272
-0.343611
-0.356282
-0.369288
-0.382633
-0.396323
-0.410362
-0.424755
-0.439506
-0.454620
-0.470101
-0.485954
-0.502183
-0.518794
-0.535790
-0.553177
-0.570959
-0.589142
-0.607729
-0.626725
-0.646134
-0.665961
-0.686210
-0.706888
-0.727997
-0.749543
-0.771530
-0.793962
-0.816846
-0.840184
-0.863981
-0.888243
-0.912973
-0.938175
-0.963854
-0.028825
-0.028885
-0.029043
-0.029284
-0.029605
-0.030004
-0.030480
-0.031035
-0.031672
-0.032393
-0.033202
-0.034103
-0.035100
-0.036195
-0.037395
-0.038701
-0.040120
-0.041654
-0.043308
-0.045087
-0.046994
-0.049034
-0.051211
-0.053529
-0.055993
-0.058607
-0.061375
-0.064301
-0.067390
-0.070646
-0.074073
-0.077676
-0.081459
-0.085426
-0.089581
-0.093929
-0.098475
-0.103221
-0.108174
-0.113336
-0.118713
-0.124309
-0.130128
-0.136174
-0.142452
-0.148967
-0.155722
-0.162722
-0.169972
-0.177475
-0.185236
-0.193260
-0.201551
-0.210112
-0.218950
-0.228068
-0.237470
-0.247161
-0.257147
-0.267431
-0.278018
-0.288912
-0.300118
-0.311640
-0.323484
-0.335652
-0.348151
-0.360985
-0.374158
-0.387675
-0.401540
-0.415758
-0.430335
-0.445274
-0.460580
-0.476257
-0.492310
-0.508745
-0.525566
-0.542776
-0.560383
-0.578390
-0.596801
-0.615622
-0.634857
-0.654511
-0.674587
-0.695092
-0.716029
-0.737403
-0.759220
-0.781484
-0.804199
-0.827370
-0.851001
-0.875098
-0.899665
-0.924706
-0.950226
-0.976228
-0.028929
-0.028991
-0.029151
-0.029398
-0.029725
-0.030131
-0.030616
-0.031181
-0.031829
-0.032564
-0.033387
-0.034303
-0.035315
-0.036429
-0.037647
-0.038973
-0.040413
-0.041970
-0.043648
-0.045453
-0.047387
-0.049455
-0.051662
-0.054012
-0.056510
-0.059158
-0.061963
-0.064927
-0.068056
-0.071354
-0.074824
-0.078472
-0.082302
-0.086318
-0.090525
-0.094926
-0.099526
-0.104330
-0.109342
-0.114565
-0.120006
-0.125667
-0.131554
-0.137670
-0.144020
-0.150610
-0.157442
-0.164521
-0.171853
-0.179440
-0.187288
-0.195401
-0.203782
-0.212438
-0.221372
-0.230589
-0.240093
-0.249890
-0.259982
-0.270376
-0.281076
-0.292086
-0.303410
-0.315054
-0.327021
-0.339317
-0.351947
-0.364914
-0.378223
-0.391880
-0.405888
-0.420252
-0.434979
-0.450070
-0.465532
-0.481369
-0.497586
-0.514188
-0.531179
-0.548564
-0.566348
-0.584537
-0.603135
-0.622146
-0.641575
-0.661427
-0.681706
-0.702417
-0.723565
-0.745155
-0.767192
-0.789680
-0.812624
-0.836028
-0.859898
-0.884238
-0.909053
-0.934347
-0.960126
-0.986392
-0.029030
-0.029092
-0.029255
-0.029506
-0.029839
-0.030251
-0.030744
-0.031318
-0.031976
-0.032721
-0.033556
-0.034485
-0.035511
-0.036640
-0.037873
-0.039217
-0.040675
-0.042251
-0.043950
-0.045775
-0.047732
-0.049824
-0.052056
-0.054432
-0.056957
-0.059634
-0.062468
-0.065464
-0.068626
-0.071957
-0.075464
-0.079149
-0.083017
-0.087073
-0.091321
-0.095765
-0.100410
-0.105259
-0.110319
-0.115592
-0.121083
-0.126797
-0.132738
-0.138910
-0.145318
-0.151966
-0.158860
-0.166003
-0.173399
-0.181052
-0.188969
-0.197152
-0.205606
-0.214336
-0.223346
-0.232640
-0.242224
-0.252103
-0.262279
-0.272759
-0.283547
-0.294647
-0.306064
-0.317802
-0.329866
-0.342260
-0.354991
-0.368061
-0.381476
-0.395240
-0.409359
-0.423836
-0.438677
-0.453887
-0.469469
-0.485428
-0.501770
-0.518500
-0.535622
-0.553141
-0.571062
-0.589390
-0.608130
-0.627287
-0.646864
-0.666868
-0.687302
-0.708171
-0.729481
-0.751236
-0.773441
-0.796100
-0.819220
-0.842803
-0.866856
-0.891383
-0.916388
-0.941876
-0.967852
-0.994320
-0.029127
-0.029190
-0.029355
-0.029609
-0.029946
-0.030365
-0.030864
-0.031445
-0.032112
-0.032866
-0.033711
-0.034650
-0.035688
-0.036828
-0.038075
-0.039432
-0.040905
-0.042496
-0.044211
-0.046054
-0.048028
-0.050139
-0.052391
-0.054788
-0.057334
-0.060033
-0.062891
-0.065911
-0.069098
-0.072457
-0.075990
-0.079704
-0.083601
-0.087688
-0.091967
-0.096444
-0.101123
-0.106008
-0.111103
-0.116413
-0.121942
-0.127696
-0.133677
-0.139891
-0.146342
-0.153035
-0.159974
-0.167163
-0.174607
-0.182310
-0.190277
-0.198511
-0.207018
-0.215801
-0.224867
-0.234218
-0.243860
-0.253797
-0.264035
-0.274576
-0.285427
-0.296591
-0.308074
-0.319879
-0.332011
-0.344476
-0.357278
-0.370421
-0.383910
-0.397750
-0.411946
-0.426502
-0.441424
-0.456715
-0.472381
-0.488426
-0.504855
-0.521674
-0.538887
-0.556498
-0.574514
-0.592938
-0.611777
-0.631034
-0.650714
-0.670822
-0.691363
-0.712341
-0.733763
-0.755631
-0.777953
-0.800731
-0.823972
-0.847679
-0.871858
-0.896515
-0.921652
-0.947275
-0.973389
-0.999997
-0.029219
-0.029283
-0.029450
-0.029707
-0.030048
-0.030471
-0.030975
-0.031563
-0.032236
-0.032997
-0.033850
-0.034797
-0.035844
-0.036994
-0.038251
-0.039619
-0.041102
-0.042705
-0.044432
-0.046288
-0.048276
-0.050401
-0.052667
-0.055078
-0.057640
-0.060356
-0.063231
-0.066269
-0.069474
-0.072850
-0.076403
-0.080137
-0.084055
-0.088163
-0.092464
-0.096963
-0.101665
-0.106573
-0.111693
-0.117028
-0.122583
-0.128363
-0.134371
-0.140613
-0.147092
-0.153814
-0.160782
-0.168002
-0.175476
-0.183211
-0.191209
-0.199476
-0.208016
-0.216834
-0.225933
-0.235320
-0.244997
-0.254971
-0.265245
-0.275824
-0.286713
-0.297916
-0.309437
-0.321282
-0.333455
-0.345961
-0.358804
-0.371990
-0.385522
-0.399406
-0.413646
-0.428247
-0.443214
-0.458552
-0.474264
-0.490357
-0.506836
-0.523704
-0.540967
-0.558630
-0.576698
-0.595175
-0.614068
-0.633381
-0.653117
-0.673283
-0.693882
-0.714921
-0.736403
-0.758334
-0.780719
-0.803563
-0.826871
-0.850646
-0.874895
-0.899623
-0.924833
-0.950531
-0.976721
-1.003407
-0.029308
-0.029373
-0.029541
-0.029800
-0.030144
-0.030570
-0.031079
-0.031671
-0.032349
-0.033115
-0.033974
-0.034927
-0.035981
-0.037137
-0.038401
-0.039776
-0.041267
-0.042878
-0.044613
-0.046477
-0.048474
-0.050608
-0.052883
-0.055304
-0.057876
-0.060602
-0.063487
-0.066535
-0.069751
-0.073138
-0.076702
-0.080447
-0.084377
-0.088496
-0.092810
-0.097321
-0.102035
-0.106956
-0.112088
-0.117436
-0.123005
-0.128797
-0.134819
-0.141074
-0.147567
-0.154302
-0.161284
-0.168517
-0.176005
-0.183753
-0.191765
-0.200046
-0.208600
-0.217431
-0.226544
-0.235944
-0.245635
-0.255622
-0.265909
-0.276502
-0.287403
-0.298619
-0.310153
-0.322010
-0.334195
-0.346713
-0.359569
-0.372766
-0.386310
-0.400205
-0.414456
-0.429068
-0.444046
-0.459394
-0.475117
-0.491220
-0.507708
-0.524587
-0.541860
-0.559532
-0.577610
-0.596098
-0.615000
-0.634323
-0.654069
-0.674245
-0.694855
-0.715903
-0.737396
-0.759338
-0.781735
-0.804591
-0.827910
-0.851698
-0.875960
-0.900701
-0.925925
-0.951638
-0.977843
-1.004545
-0.029393
-0.029458
-0.029627
-0.029888
-0.030234
-0.030662
-0.031174
-0.031769
-0.032450
-0.033220
-0.034082
-0.035040
-0.036097
-0.037257
-0.038525
-0.039905
-0.041400
-0.043015
-0.044754
-0.046622
-0.048623
-0.050761
-0.053040
-0.055465
-0.058041
-0.060770
-0.063659
-0.066711
-0.069930
-0.073320
-0.076887
-0.080635
-0.084567
-0.088689
-0.093005
-0.097518
-0.102234
-0.107156
-0.112289
-0.117638
-0.123206
-0.128999
-0.135020
-0.141274
-0.147766
-0.154499
-0.161479
-0.168709
-0.176194
-0.183938
-0.191945
-0.200221
-0.208768
-0.217593
-0.226699
-0.236091
-0.245773
-0.255751
-0.266028
-0.276609
-0.287498
-0.298701
-0.310221
-0.322063
-0.334233
-0.346734
-0.359571
-0.372749
-0.386273
-0.400147
-0.414376
-0.428966
-0.443919
-0.459242
-0.474939
-0.491014
-0.507474
-0.524323
-0.541566
-0.559206
-0.577251
-0.595706
-0.614573
-0.633860
-0.653570
-0.673708
-0.694280
-0.715290
-0.736742
-0.758644
-0.780999
-0.803812
-0.827089
-0.850833
-0.875051
-0.899747
-0.924926
-0.950593
-0.976752
-1.003408
-0.029475
-0.029539
-0.029709
-0.029970
-0.030317
-0.030747
-0.031260
-0.031857
-0.032540
-0.033311
-0.034175
-0.035134
-0.036193
-0.037355
-0.038624
-0.040004
-0.041500
-0.043115
-0.044855
-0.046722
-0.048723
-0.050860
-0.053138
-0.055561
-0.058134
-0.060862
-0.063747
-0.066795
-0.070010
-0.073397
-0.076958
-0.080700
-0.084626
-0.088741
-0.093049
-0.097554
-0.102260
-0.107173
-0.112295
-0.117632
-0.123188
-0.128968
-0.134975
-0.141214
-0.147689
-0.154405
-0.161367
-0.168578
-0.176042
-0.183765
-0.191749
-0.200001
-0.208523
-0.217321
-0.226399
-0.235762
-0.245413
-0.255358
-0.265602
-0.276147
-0.286999
-0.298163
-0.309643
-0.321443
-0.333568
-0.346024
-0.358814
-0.371942
-0.385415
-0.399236
-0.413410
-0.427942
-0.442836
-0.458098
-0.473732
-0.489743
-0.506135
-0.522915
-0.540087
-0.557655
-0.575624
-0.594001
-0.612790
-0.631996
-0.651623
-0.671676
-0.692161
-0.713082
-0.734444
-0.756253
-0.778513
-0.801231
-0.824409
-0.848054
-0.872171
-0.896764
-0.921839
-0.947399
-0.973450
-0.999997
-0.029552
-0.029617
-0.029786
-0.030048
-0.030395
-0.030825
-0.031338
-0.031935
-0.032618
-0.033389
-0.034253
-0.035211
-0.036269
-0.037429
-0.038696
-0.040074
-0.041567
-0.043179
-0.044915
-0.046778
-0.048773
-0.050905
-0.053176
-0.055592
-0.058158
-0.060876
-0.063752
-0.066789
-0.069993
-0.073367
-0.076916
-0.080643
-0.084554
-0.088652
-0.092942
-0.097429
-0.102116
-0.107007
-0.112107
-0.117421
-0.122952
-0.128705
-0.134684
-0.140894
-0.147338
-0.154022
-0.160950
-0.168125
-0.175552
-0.183235
-0.191179
-0.199388
-0.207865
-0.216617
-0.225646
-0.234958
-0.244557
-0.254447
-0.264633
-0.275118
-0.285909
-0.297008
-0.308421
-0.320152
-0.332206
-0.344587
-0.357299
-0.370349
-0.383739
-0.397474
-0.411560
-0.426002
-0.440803
-0.455968
-0.471502
-0.487410
-0.503698
-0.520369
-0.537429
-0.554882
-0.572735
-0.590991
-0.609657
-0.628736
-0.648233
-0.668154
-0.688503
-0.709286
-0.730507
-0.752172
-0.774286
-0.796853
-0.819879
-0.843369
-0.867327
-0.891759
-0.916670
-0.942064
-0.967946
-0.994321
-0.029625
-0.029690
-0.029859
-0.030119
-0.030466
-0.030895
-0.031407
-0.032003
-0.032685
-0.033454
-0.034315
-0.035271
-0.036325
-0.037481
-0.038743
-0.040116
-0.041602
-0.043207
-0.044935
-0.046789
-0.048775
-0.050895
-0.053155
-0.055559
-0.058110
-0.060813
-0.063673
-0.066693
-0.069878
-0.073232
-0.076760
-0.080464
-0.084351
-0.088424
-0.092687
-0.097144
-0.101800
-0.106660
-0.111726
-0.117004
-0.122498
-0.128211
-0.134149
-0.140316
-0.146715
-0.153351
-0.160229
-0.167353
-0.174726
-0.182352
-0.190237
-0.198384
-0.206798
-0.215483
-0.224443
-0.233683
-0.243207
-0.253020
-0.263125
-0.273528
-0.284231
-0.295241
-0.306561
-0.318196
-0.330150
-0.342428
-0.355034
-0.367974
-0.381250
-0.394869
-0.408835
-0.423151
-0.437824
-0.452857
-0.468256
-0.484025
-0.500168
-0.516692
-0.533600
-0.550899
-0.568592
-0.586685
-0.605182
-0.624090
-0.643412
-0.663153
-0.683319
-0.703914
-0.724943
-0.746412
-0.768327
-0.790691
-0.813510
-0.836788
-0.860531
-0.884744
-0.909432
-0.934600
-0.960252
-0.986392
-0.029694
-0.029758
-0.029927
-0.030186
-0.030531
-0.030959
-0.031468
-0.032062
-0.032740
-0.033506
-0.034362
-0.035313
-0.036361
-0.037510
-0.038764
-0.040128
-0.041605
-0.043199
-0.044915
-0.046757
-0.048728
-0.050833
-0.053076
-0.055461
-0.057993
-0.060675
-0.063512
-0.066508
-0.069667
-0.072993
-0.076491
-0.080165
-0.084018
-0.088056
-0.092282
-0.096701
-0.101316
-0.106132
-0.111154
-0.116384
-0.121828
-0.127489
-0.133372
-0.139482
-0.145821
-0.152395
-0.159208
-0.166263
-0.173565
-0.181118
-0.188927
-0.196994
-0.205325
-0.213923
-0.222794
-0.231941
-0.241369
-0.251082
-0.261084
-0.271379
-0.281972
-0.292867
-0.304068
-0.315580
-0.327407
-0.339554
-0.352026
-0.364825
-0.377958
-0.391429
-0.405241
-0.419400
-0.433911
-0.448777
-0.464004
-0.479596
-0.495558
-0.511896
-0.528613
-0.545715
-0.563207
-0.581093
-0.599380
-0.618071
-0.637172
-0.656686
-0.676620
-0.696979
-0.717767
-0.738989
-0.760652
-0.782759
-0.805316
-0.828328
-0.851799
-0.875736
-0.900143
-0.925024
-0.950384
-0.976229
-0.029760
-0.029823
-0.029990
-0.030247
-0.030590
-0.031015
-0.031521
-0.032110
-0.032784
-0.033544
-0.034394
-0.035337
-0.036377
-0.037516
-0.038760
-0.040112
-0.041576
-0.043156
-0.044856
-0.046680
-0.048632
-0.050717
-0.052938
-0.055300
-0.057806
-0.060461
-0.063269
-0.066233
-0.069359
-0.072651
-0.076111
-0.079746
-0.083558
-0.087551
-0.091731
-0.096101
-0.100665
-0.105427
-0.110392
-0.115563
-0.120944
-0.126541
-0.132356
-0.138394
-0.144660
-0.151157
-0.157889
-0.164860
-0.172075
-0.179538
-0.187251
-0.195221
-0.203450
-0.211943
-0.220705
-0.229738
-0.239049
-0.248640
-0.258515
-0.268680
-0.279138
-0.289893
-0.300950
-0.312313
-0.323987
-0.335975
-0.348283
-0.360913
-0.373872
-0.387163
-0.400790
-0.414759
-0.429074
-0.443739
-0.458759
-0.474138
-0.489881
-0.505994
-0.522481
-0.539346
-0.556595
-0.574233
-0.592265
-0.610696
-0.629529
-0.648771
-0.668426
-0.688499
-0.708996
-0.729921
-0.751281
-0.773078
-0.795319
-0.818009
-0.841153
-0.864756
-0.888823
-0.913359
-0.938368
-0.963855
-0.029821
-0.029884
-0.030049
-0.030304
-0.030643
-0.031064
-0.031565
-0.032149
-0.032816
-0.033569
-0.034411
-0.035344
-0.036373
-0.037501
-0.038731
-0.040068
-0.041515
-0.043077
-0.044757
-0.046560
-0.048489
-0.050549
-0.052743
-0.055075
-0.057550
-0.060172
-0.062944
-0.065871
-0.068957
-0.072206
-0.075622
-0.079208
-0.082970
-0.086911
-0.091035
-0.095346
-0.099848
-0.104546
-0.109442
-0.114543
-0.119850
-0.125369
-0.131103
-0.137057
-0.143235
-0.149640
-0.156276
-0.163148
-0.170260
-0.177614
-0.185217
-0.193070
-0.201179
-0.209548
-0.218180
-0.227080
-0.236252
-0.245699
-0.255427
-0.265438
-0.275738
-0.286329
-0.297217
-0.308405
-0.319898
-0.331700
-0.343816
-0.356249
-0.369004
-0.382084
-0.395496
-0.409242
-0.423328
-0.437757
-0.452535
-0.467665
-0.483153
-0.499004
-0.515221
-0.531810
-0.548776
-0.566123
-0.583858
-0.601983
-0.620505
-0.639428
-0.658757
-0.678497
-0.698653
-0.719231
-0.740235
-0.761671
-0.783543
-0.805856
-0.828617
-0.851830
-0.875500
-0.899631
-0.924228
-0.949297
-0.029879
-0.029941
-0.030103
-0.030354
-0.030690
-0.031105
-0.031601
-0.032178
-0.032837
-0.033581
-0.034413
-0.035334
-0.036350
-0.037463
-0.038677
-0.039996
-0.041424
-0.042964
-0.044620
-0.046398
-0.048299
-0.050329
-0.052491
-0.054789
-0.057227
-0.059810
-0.062540
-0.065423
-0.068462
-0.071661
-0.075024
-0.078554
-0.082257
-0.086136
-0.090195
-0.094438
-0.098869
-0.103491
-0.108309
-0.113327
-0.118548
-0.123977
-0.129617
-0.135473
-0.141549
-0.147848
-0.154374
-0.161131
-0.168123
-0.175354
-0.182828
-0.190548
-0.198519
-0.206744
-0.215228
-0.223974
-0.232987
-0.242270
-0.251827
-0.261663
-0.271780
-0.282184
-0.292878
-0.303866
-0.315153
-0.326742
-0.338638
-0.350845
-0.363367
-0.376208
-0.389372
-0.402864
-0.416688
-0.430849
-0.445350
-0.460196
-0.475392
-0.490943
-0.506853
-0.523127
-0.539769
-0.556785
-0.574180
-0.591958
-0.610124
-0.628682
-0.647639
-0.666997
-0.686765
-0.706945
-0.727544
-0.748566
-0.770016
-0.791900
-0.814222
-0.836989
-0.860204
-0.883872
-0.907999
-0.932589
-0.029933
-0.029993
-0.030153
-0.030400
-0.030730
-0.031140
-0.031629
-0.032198
-0.032848
-0.033581
-0.034400
-0.035308
-0.036308
-0.037403
-0.038598
-0.039896
-0.041301
-0.042816
-0.044445
-0.046193
-0.048062
-0.050058
-0.052183
-0.054441
-0.056838
-0.059375
-0.062058
-0.064890
-0.067874
-0.071016
-0.074319
-0.077786
-0.081422
-0.085230
-0.089215
-0.093380
-0.097729
-0.102266
-0.106994
-0.111918
-0.117042
-0.122369
-0.127903
-0.133648
-0.139608
-0.145787
-0.152188
-0.158815
-0.165673
-0.172763
-0.180092
-0.187662
-0.195476
-0.203540
-0.211856
-0.220429
-0.229263
-0.238361
-0.247726
-0.257364
-0.267277
-0.277470
-0.287946
-0.298709
-0.309764
-0.321114
-0.332764
-0.344717
-0.356977
-0.369549
-0.382436
-0.395643
-0.409174
-0.423033
-0.437223
-0.451751
-0.466620
-0.481835
-0.497400
-0.513320
-0.529600
-0.546244
-0.563258
-0.580645
-0.598411
-0.616561
-0.635099
-0.654030
-0.673361
-0.693095
-0.713238
-0.733795
-0.754772
-0.776172
-0.798002
-0.820266
-0.842970
-0.866118
-0.889716
-0.913768
-0.029983
-0.030042
-0.030198
-0.030441
-0.030765
-0.031168
-0.031649
-0.032208
-0.032847
-0.033568
-0.034373
-0.035265
-0.036247
-0.037323
-0.038496
-0.039770
-0.041148
-0.042635
-0.044233
-0.045947
-0.047780
-0.049737
-0.051820
-0.054034
-0.056383
-0.058869
-0.061498
-0.064273
-0.067197
-0.070275
-0.073509
-0.076905
-0.080466
-0.084195
-0.088097
-0.092175
-0.096432
-0.100873
-0.105502
-0.110322
-0.115336
-0.120549
-0.125964
-0.131586
-0.137417
-0.143462
-0.149724
-0.156207
-0.162914
-0.169849
-0.177016
-0.184418
-0.192059
-0.199943
-0.208074
-0.216455
-0.225089
-0.233981
-0.243135
-0.252553
-0.262239
-0.272198
-0.282433
-0.292948
-0.303746
-0.314832
-0.326209
-0.337881
-0.349852
-0.362126
-0.374707
-0.387598
-0.400805
-0.414330
-0.428178
-0.442354
-0.456861
-0.471705
-0.486888
-0.502417
-0.518295
-0.534528
-0.551120
-0.568075
-0.585399
-0.603096
-0.621171
-0.639629
-0.658475
-0.677715
-0.697354
-0.717396
-0.737847
-0.758711
-0.779995
-0.801703
-0.823840
-0.846411
-0.869422
-0.892877
-0.030030
-0.030087
-0.030239
-0.030477
-0.030794
-0.031190
-0.031661
-0.032210
-0.032836
-0.033543
-0.034331
-0.035205
-0.036167
-0.037221
-0.038370
-0.039617
-0.040966
-0.042421
-0.043984
-0.045661
-0.047454
-0.049367
-0.051404
-0.053568
-0.055864
-0.058294
-0.060863
-0.063574
-0.066431
-0.069438
-0.072598
-0.075915
-0.079392
-0.083034
-0.086844
-0.090825
-0.094982
-0.099318
-0.103836
-0.108540
-0.113434
-0.118522
-0.123807
-0.129292
-0.134982
-0.140879
-0.146988
-0.153312
-0.159854
-0.166618
-0.173608
-0.180826
-0.188277
-0.195964
-0.203891
-0.212061
-0.220477
-0.229144
-0.238065
-0.247243
-0.256681
-0.266384
-0.276355
-0.286598
-0.297115
-0.307912
-0.318991
-0.330356
-0.342011
-0.353959
-0.366205
-0.378752
-0.391604
-0.404765
-0.418238
-0.432029
-0.446141
-0.460578
-0.475345
-0.490446
-0.505885
-0.521668
-0.537798
-0.554281
-0.571121
-0.588322
-0.605890
-0.623830
-0.642146
-0.660844
-0.679930
-0.699407
-0.719282
-0.739559
-0.760244
-0.781342
-0.802858
-0.824796
-0.847163
-0.869963
-0.030073
-0.030128
-0.030276
-0.030507
-0.030818
-0.031204
-0.031666
-0.032202
-0.032815
-0.033505
-0.034276
-0.035130
-0.036070
-0.037099
-0.038221
-0.039438
-0.040755
-0.042174
-0.043700
-0.045335
-0.047084
-0.048949
-0.050935
-0.053045
-0.055283
-0.057651
-0.060155
-0.062796
-0.065580
-0.068509
-0.071586
-0.074817
-0.078204
-0.081750
-0.085459
-0.089336
-0.093383
-0.097603
-0.102001
-0.106579
-0.111342
-0.116293
-0.121435
-0.126772
-0.132308
-0.138045
-0.143987
-0.150138
-0.156501
-0.163079
-0.169876
-0.176895
-0.184139
-0.191612
-0.199318
-0.207259
-0.215439
-0.223862
-0.232530
-0.241447
-0.250617
-0.260043
-0.269728
-0.279676
-0.289889
-0.300372
-0.311129
-0.322161
-0.333474
-0.345070
-0.356954
-0.369128
-0.381596
-0.394363
-0.407431
-0.420805
-0.434489
-0.448487
-0.462802
-0.477440
-0.492404
-0.507699
-0.523329
-0.539300
-0.555615
-0.572279
-0.589297
-0.606674
-0.624415
-0.642525
-0.661011
-0.679875
-0.699124
-0.718762
-0.738797
-0.759232
-0.780072
-0.801323
-0.822991
-0.845079
-0.030113
-0.030166
-0.030309
-0.030533
-0.030835
-0.031212
-0.031662
-0.032185
-0.032783
-0.033456
-0.034207
-0.035039
-0.035955
-0.036957
-0.038049
-0.039234
-0.040516
-0.041896
-0.043380
-0.044971
-0.046671
-0.048485
-0.050416
-0.052466
-0.054641
-0.056942
-0.059374
-0.061941
-0.064644
-0.067489
-0.070478
-0.073615
-0.076903
-0.080346
-0.083947
-0.087710
-0.091637
-0.095733
-0.100001
-0.104444
-0.109065
-0.113868
-0.118857
-0.124034
-0.129403
-0.134967
-0.140730
-0.146694
-0.152864
-0.159242
-0.165831
-0.172635
-0.179656
-0.186899
-0.194366
-0.202061
-0.209987
-0.218147
-0.226544
-0.235182
-0.244063
-0.253191
-0.262568
-0.272199
-0.282087
-0.292234
-0.302644
-0.313320
-0.324265
-0.335484
-0.346978
-0.358752
-0.370809
-0.383152
-0.395785
-0.408713
-0.421937
-0.435463
-0.449294
-0.463434
-0.477887
-0.492658
-0.507752
-0.523172
-0.538922
-0.555008
-0.571435
-0.588206
-0.605328
-0.622805
-0.640643
-0.658847
-0.677421
-0.696372
-0.715705
-0.735425
-0.755537
-0.776047
-0.796960
-0.818281
-0.030150
-0.030200
-0.030337
-0.030555
-0.030848
-0.031214
-0.031651
-0.032160
-0.032741
-0.033395
-0.034126
-0.034934
-0.035823
-0.036796
-0.037856
-0.039006
-0.040249
-0.041588
-0.043027
-0.044569
-0.046218
-0.047976
-0.049846
-0.051833
-0.053940
-0.056169
-0.058525
-0.061010
-0.063628
-0.066382
-0.069275
-0.072312
-0.075494
-0.078826
-0.082311
-0.085952
-0.089751
-0.093714
-0.097842
-0.102139
-0.106609
-0.111254
-0.116077
-0.121083
-0.126274
-0.131653
-0.137223
-0.142988
-0.148951
-0.155115
-0.161482
-0.168056
-0.174840
-0.181836
-0.189049
-0.196481
-0.204136
-0.212015
-0.220123
-0.228462
-0.237035
-0.245845
-0.254895
-0.264188
-0.273728
-0.283517
-0.293557
-0.303854
-0.314408
-0.325224
-0.336304
-0.347652
-0.359271
-0.371163
-0.383333
-0.395784
-0.408519
-0.421542
-0.434857
-0.448466
-0.462375
-0.476587
-0.491108
-0.505940
-0.521088
-0.536557
-0.552351
-0.568475
-0.584934
-0.601734
-0.618880
-0.636376
-0.654229
-0.672443
-0.691024
-0.709978
-0.729310
-0.749025
-0.769130
-0.789628
-0.030184
-0.030231
-0.030362
-0.030571
-0.030855
-0.031209
-0.031633
-0.032127
-0.032690
-0.033324
-0.034031
-0.034814
-0.035675
-0.036616
-0.037642
-0.038754
-0.039956
-0.041251
-0.042642
-0.044132
-0.045724
-0.047423
-0.049230
-0.051148
-0.053182
-0.055334
-0.057608
-0.060007
-0.062533
-0.065190
-0.067982
-0.070911
-0.073981
-0.077194
-0.080555
-0.084065
-0.087729
-0.091549
-0.095529
-0.099671
-0.103979
-0.108455
-0.113104
-0.117927
-0.122928
-0.128111
-0.133477
-0.139030
-0.144773
-0.150708
-0.156840
-0.163170
-0.169701
-0.176437
-0.183380
-0.190533
-0.197899
-0.205481
-0.213282
-0.221304
-0.229551
-0.238024
-0.246727
-0.255663
-0.264834
-0.274244
-0.283894
-0.293788
-0.303928
-0.314318
-0.324960
-0.335857
-0.347012
-0.358428
-0.370107
-0.382054
-0.394271
-0.406762
-0.419530
-0.432577
-0.445909
-0.459530
-0.473442
-0.487651
-0.502160
-0.516973
-0.532096
-0.547532
-0.563288
-0.579368
-0.595777
-0.612521
-0.629604
-0.647034
-0.664815
-0.682953
-0.701453
-0.720322
-0.739565
-0.759187
-0.030215
-0.030258
-0.030382
-0.030583
-0.030856
-0.031199
-0.031609
-0.032085
-0.032629
-0.033241
-0.033924
-0.034680
-0.035510
-0.036418
-0.037407
-0.038479
-0.039637
-0.040885
-0.042225
-0.043660
-0.045193
-0.046827
-0.048566
-0.050413
-0.052369
-0.054440
-0.056627
-0.058933
-0.061362
-0.063917
-0.066601
-0.069416
-0.072366
-0.075454
-0.078683
-0.082056
-0.085576
-0.089245
-0.093068
-0.097046
-0.101182
-0.105481
-0.109944
-0.114574
-0.119375
-0.124349
-0.129499
-0.134828
-0.140339
-0.146034
-0.151917
-0.157989
-0.164253
-0.170713
-0.177372
-0.184231
-0.191293
-0.198562
-0.206039
-0.213727
-0.221630
-0.229748
-0.238086
-0.246645
-0.255429
-0.264439
-0.273678
-0.283149
-0.292853
-0.302795
-0.312976
-0.323399
-0.334066
-0.344980
-0.356144
-0.367560
-0.379232
-0.391163
-0.403355
-0.415811
-0.428536
-0.441532
-0.454804
-0.468356
-0.482190
-0.496312
-0.510725
-0.525435
-0.540447
-0.555764
-0.571394
-0.587341
-0.603611
-0.620209
-0.637141
-0.654414
-0.672033
-0.690004
-0.708333
-0.727026
-0.030243
-0.030282
-0.030399
-0.030591
-0.030853
-0.031183
-0.031577
-0.032036
-0.032559
-0.033149
-0.033806
-0.034532
-0.035330
-0.036203
-0.037153
-0.038182
-0.039294
-0.040492
-0.041777
-0.043154
-0.044624
-0.046192
-0.047859
-0.049629
-0.051504
-0.053488
-0.055583
-0.057793
-0.060119
-0.062566
-0.065135
-0.067831
-0.070655
-0.073611
-0.076701
-0.079929
-0.083297
-0.086808
-0.090464
-0.094270
-0.098226
-0.102337
-0.106605
-0.111032
-0.115622
-0.120377
-0.125301
-0.130394
-0.135661
-0.141103
-0.146724
-0.152525
-0.158510
-0.164681
-0.171040
-0.177590
-0.184333
-0.191273
-0.198411
-0.205750
-0.213291
-0.221038
-0.228993
-0.237158
-0.245535
-0.254127
-0.262935
-0.271963
-0.281212
-0.290685
-0.300383
-0.310310
-0.320467
-0.330856
-0.341480
-0.352342
-0.363443
-0.374788
-0.386377
-0.398214
-0.410303
-0.422646
-0.435246
-0.448108
-0.461234
-0.474630
-0.488298
-0.502244
-0.516472
-0.530988
-0.545797
-0.560904
-0.576315
-0.592036
-0.608073
-0.624432
-0.641120
-0.658143
-0.675507
-0.693218
-0.030269
-0.030304
-0.030412
-0.030594
-0.030845
-0.031161
-0.031539
-0.031979
-0.032481
-0.033046
-0.033676
-0.034371
-0.035136
-0.035971
-0.036880
-0.037864
-0.038928
-0.040072
-0.041301
-0.042616
-0.044021
-0.045517
-0.047109
-0.048799
-0.050588
-0.052481
-0.054480
-0.056588
-0.058807
-0.061140
-0.063590
-0.066159
-0.068852
-0.071669
-0.074614
-0.077689
-0.080898
-0.084242
-0.087725
-0.091349
-0.095117
-0.099032
-0.103095
-0.107310
-0.111679
-0.116205
-0.120891
-0.125738
-0.130749
-0.135927
-0.141274
-0.146793
-0.152485
-0.158353
-0.164399
-0.170627
-0.177038
-0.183634
-0.190417
-0.197391
-0.204556
-0.211915
-0.219470
-0.227224
-0.235178
-0.243333
-0.251693
-0.260260
-0.269034
-0.278018
-0.287214
-0.296624
-0.306250
-0.316093
-0.326155
-0.336440
-0.346947
-0.357681
-0.368643
-0.379835
-0.391261
-0.402922
-0.414822
-0.426965
-0.439352
-0.451988
-0.464878
-0.478024
-0.491432
-0.505107
-0.519055
-0.533280
-0.547789
-0.562588
-0.577683
-0.593082
-0.608790
-0.624815
-0.641162
-0.657840
-0.030292
-0.030322
-0.030422
-0.030593
-0.030832
-0.031133
-0.031495
-0.031915
-0.032395
-0.032934
-0.033535
-0.034198
-0.034927
-0.035723
-0.036589
-0.037527
-0.038539
-0.039628
-0.040797
-0.042048
-0.043383
-0.044806
-0.046319
-0.047924
-0.049624
-0.051422
-0.053321
-0.055322
-0.057428
-0.059643
-0.061968
-0.064406
-0.066960
-0.069632
-0.072425
-0.075342
-0.078385
-0.081556
-0.084857
-0.088293
-0.091864
-0.095573
-0.099423
-0.103417
-0.107556
-0.111843
-0.116281
-0.120871
-0.125617
-0.130519
-0.135581
-0.140804
-0.146192
-0.151745
-0.157467
-0.163359
-0.169423
-0.175662
-0.182077
-0.188671
-0.195445
-0.202402
-0.209542
-0.216868
-0.224382
-0.232086
-0.239981
-0.248068
-0.256350
-0.264828
-0.273503
-0.282378
-0.291453
-0.300730
-0.310211
-0.319897
-0.329789
-0.339891
-0.350202
-0.360726
-0.371463
-0.382418
-0.393591
-0.404986
-0.416606
-0.428453
-0.440531
-0.452844
-0.465397
-0.478195
-0.491242
-0.504546
-0.518110
-0.531943
-0.546051
-0.560441
-0.575121
-0.590098
-0.605379
-0.620972
-0.030314
-0.030337
-0.030428
-0.030588
-0.030814
-0.031101
-0.031444
-0.031844
-0.032300
-0.032813
-0.033383
-0.034014
-0.034705
-0.035460
-0.036281
-0.037170
-0.038128
-0.039160
-0.040266
-0.041450
-0.042714
-0.044060
-0.045491
-0.047008
-0.048615
-0.050314
-0.052108
-0.053998
-0.055987
-0.058078
-0.060273
-0.062575
-0.064985
-0.067507
-0.070142
-0.072893
-0.075763
-0.078754
-0.081867
-0.085106
-0.088473
-0.091969
-0.095598
-0.099361
-0.103262
-0.107301
-0.111481
-0.115805
-0.120274
-0.124891
-0.129657
-0.134575
-0.139646
-0.144873
-0.150258
-0.155802
-0.161508
-0.167377
-0.173411
-0.179611
-0.185981
-0.192520
-0.199231
-0.206116
-0.213176
-0.220412
-0.227826
-0.235419
-0.243192
-0.251147
-0.259285
-0.267607
-0.276114
-0.284808
-0.293688
-0.302757
-0.312016
-0.321465
-0.331105
-0.340939
-0.350968
-0.361192
-0.371615
-0.382238
-0.393063
-0.404093
-0.415330
-0.426779
-0.438444
-0.450329
-0.462440
-0.474782
-0.487361
-0.500185
-0.513260
-0.526595
-0.540198
-0.554077
-0.568240
-0.582696
-0.030335
-0.030350
-0.030431
-0.030580
-0.030792
-0.031063
-0.031388
-0.031767
-0.032198
-0.032683
-0.033222
-0.033818
-0.034471
-0.035183
-0.035957
-0.036795
-0.037698
-0.038670
-0.039712
-0.040826
-0.042015
-0.043281
-0.044626
-0.046053
-0.047563
-0.049159
-0.050844
-0.052619
-0.054487
-0.056450
-0.058510
-0.060670
-0.062932
-0.065297
-0.067769
-0.070349
-0.073040
-0.075844
-0.078762
-0.081798
-0.084953
-0.088229
-0.091628
-0.095154
-0.098807
-0.102589
-0.106504
-0.110552
-0.114736
-0.119057
-0.123518
-0.128119
-0.132864
-0.137754
-0.142790
-0.147975
-0.153311
-0.158798
-0.164438
-0.170233
-0.176185
-0.182295
-0.188564
-0.194993
-0.201585
-0.208340
-0.215258
-0.222342
-0.229593
-0.237010
-0.244596
-0.252350
-0.260274
-0.268367
-0.276632
-0.285067
-0.293674
-0.302454
-0.311406
-0.320532
-0.329832
-0.339307
-0.348958
-0.358787
-0.368794
-0.378982
-0.389352
-0.399909
-0.410655
-0.421595
-0.432734
-0.444077
-0.455631
-0.467403
-0.479401
-0.491634
-0.504111
-0.516841
-0.529835
-0.543101
-0.030354
-0.030361
-0.030430
-0.030567
-0.030766
-0.031021
-0.031327
-0.031684
-0.032089
-0.032545
-0.033052
-0.033611
-0.034224
-0.034892
-0.035618
-0.036403
-0.037249
-0.038159
-0.039133
-0.040176
-0.041287
-0.042471
-0.043728
-0.045060
-0.046471
-0.047961
-0.049533
-0.051189
-0.052932
-0.054763
-0.056684
-0.058697
-0.060805
-0.063009
-0.065312
-0.067716
-0.070222
-0.072833
-0.075550
-0.078376
-0.081312
-0.084361
-0.087524
-0.090804
-0.094202
-0.097720
-0.101360
-0.105124
-0.109014
-0.113031
-0.117176
-0.121452
-0.125861
-0.130404
-0.135082
-0.139897
-0.144851
-0.149945
-0.155181
-0.160559
-0.166082
-0.171750
-0.177564
-0.183527
-0.189638
-0.195898
-0.202309
-0.208871
-0.215585
-0.222452
-0.229472
-0.236645
-0.243971
-0.251452
-0.259086
-0.266874
-0.274815
-0.282911
-0.291159
-0.299561
-0.308117
-0.316826
-0.325688
-0.334704
-0.343874
-0.353198
-0.362679
-0.372319
-0.382119
-0.392084
-0.402218
-0.412527
-0.423016
-0.433695
-0.444571
-0.455654
-0.466955
-0.478484
-0.490254
-0.502276
-0.030374
-0.030369
-0.030426
-0.030551
-0.030736
-0.030974
-0.031261
-0.031594
-0.031974
-0.032400
-0.032874
-0.033395
-0.033967
-0.034589
-0.035265
-0.035995
-0.036782
-0.037628
-0.038534
-0.039502
-0.040534
-0.041632
-0.042798
-0.044033
-0.045341
-0.046722
-0.048178
-0.049712
-0.051326
-0.053020
-0.054798
-0.056661
-0.058610
-0.060649
-0.062778
-0.065000
-0.067316
-0.069728
-0.072238
-0.074848
-0.077560
-0.080375
-0.083295
-0.086322
-0.089458
-0.092704
-0.096063
-0.099535
-0.103122
-0.106826
-0.110648
-0.114590
-0.118653
-0.122839
-0.127150
-0.131586
-0.136149
-0.140840
-0.145660
-0.150612
-0.155694
-0.160910
-0.166259
-0.171743
-0.177362
-0.183117
-0.189009
-0.195038
-0.201204
-0.207508
-0.213950
-0.220530
-0.227248
-0.234103
-0.241095
-0.248224
-0.255488
-0.262888
-0.270421
-0.278087
-0.285886
-0.293816
-0.301876
-0.310064
-0.318381
-0.326826
-0.335399
-0.344100
-0.352931
-0.361895
-0.370995
-0.380236
-0.389625
-0.399168
-0.408876
-0.418760
-0.428832
-0.439105
-0.449594
-0.460312
-0.030393
-0.030375
-0.030419
-0.030532
-0.030702
-0.030923
-0.031190
-0.031500
-0.031853
-0.032248
-0.032687
-0.033170
-0.033699
-0.034275
-0.034899
-0.035573
-0.036300
-0.037079
-0.037914
-0.038806
-0.039756
-0.040766
-0.041839
-0.042975
-0.044176
-0.045445
-0.046783
-0.048191
-0.049672
-0.051227
-0.052857
-0.054565
-0.056352
-0.058221
-0.060172
-0.062207
-0.064328
-0.066536
-0.068834
-0.071223
-0.073704
-0.076280
-0.078951
-0.081719
-0.084586
-0.087554
-0.090623
-0.093796
-0.097073
-0.100457
-0.103948
-0.107548
-0.111257
-0.115079
-0.119012
-0.123060
-0.127223
-0.131503
-0.135899
-0.140413
-0.145047
-0.149800
-0.154674
-0.159669
-0.164787
-0.170026
-0.175389
-0.180874
-0.186483
-0.192214
-0.198069
-0.204046
-0.210145
-0.216365
-0.222706
-0.229166
-0.235744
-0.242439
-0.249248
-0.256170
-0.263203
-0.270345
-0.277593
-0.284945
-0.292399
-0.299952
-0.307603
-0.315351
-0.323196
-0.331137
-0.339178
-0.347322
-0.355574
-0.363942
-0.372436
-0.381070
-0.389856
-0.398812
-0.407956
-0.417306
-0.030414
-0.030379
-0.030409
-0.030509
-0.030665
-0.030868
-0.031114
-0.031400
-0.031725
-0.032089
-0.032493
-0.032936
-0.033422
-0.033949
-0.034521
-0.035138
-0.035802
-0.036514
-0.037276
-0.038089
-0.038956
-0.039877
-0.040853
-0.041887
-0.042981
-0.044134
-0.045350
-0.046630
-0.047975
-0.049387
-0.050866
-0.052416
-0.054037
-0.055731
-0.057500
-0.059344
-0.061266
-0.063266
-0.065347
-0.067509
-0.069755
-0.072085
-0.074501
-0.077005
-0.079598
-0.082280
-0.085055
-0.087922
-0.090883
-0.093939
-0.097092
-0.100342
-0.103691
-0.107139
-0.110689
-0.114341
-0.118096
-0.121955
-0.125919
-0.129988
-0.134163
-0.138446
-0.142836
-0.147334
-0.151941
-0.156656
-0.161480
-0.166413
-0.171456
-0.176606
-0.181865
-0.187231
-0.192703
-0.198281
-0.203963
-0.209748
-0.215633
-0.221617
-0.227696
-0.233868
-0.240131
-0.246481
-0.252913
-0.259424
-0.266011
-0.272668
-0.279391
-0.286178
-0.293024
-0.299929
-0.306892
-0.313914
-0.320998
-0.328152
-0.335386
-0.342714
-0.350153
-0.357723
-0.365449
-0.373355
-0.030436
-0.030380
-0.030396
-0.030483
-0.030624
-0.030810
-0.031035
-0.031296
-0.031593
-0.031925
-0.032292
-0.032695
-0.033136
-0.033614
-0.034132
-0.034690
-0.035290
-0.035934
-0.036621
-0.037355
-0.038136
-0.038965
-0.039844
-0.040774
-0.041756
-0.042793
-0.043884
-0.045033
-0.046239
-0.047504
-0.048831
-0.050219
-0.051670
-0.053187
-0.054769
-0.056419
-0.058137
-0.059925
-0.061784
-0.063715
-0.065721
-0.067801
-0.069958
-0.072192
-0.074504
-0.076897
-0.079370
-0.081926
-0.084564
-0.087287
-0.090095
-0.092989
-0.095970
-0.099040
-0.102199
-0.105448
-0.108787
-0.112219
-0.115742
-0.119359
-0.123069
-0.126873
-0.130771
-0.134764
-0.138853
-0.143036
-0.147315
-0.151689
-0.156157
-0.160719
-0.165375
-0.170124
-0.174964
-0.179894
-0.184912
-0.190016
-0.195205
-0.200474
-0.205822
-0.211243
-0.216735
-0.222293
-0.227911
-0.233583
-0.239304
-0.245067
-0.250865
-0.256691
-0.262539
-0.268402
-0.274277
-0.280161
-0.286053
-0.291958
-0.297884
-0.303848
-0.309868
-0.315971
-0.322190
-0.328558
-0.030462
-0.030379
-0.030379
-0.030453
-0.030580
-0.030748
-0.030952
-0.031188
-0.031456
-0.031755
-0.032085
-0.032447
-0.032842
-0.033271
-0.033733
-0.034232
-0.034767
-0.035340
-0.035952
-0.036604
-0.037297
-0.038033
-0.038812
-0.039636
-0.040506
-0.041423
-0.042388
-0.043403
-0.044468
-0.045585
-0.046755
-0.047978
-0.049257
-0.050593
-0.051986
-0.053437
-0.054948
-0.056520
-0.058154
-0.059851
-0.061612
-0.063438
-0.065330
-0.067290
-0.069318
-0.071415
-0.073583
-0.075821
-0.078132
-0.080516
-0.082974
-0.085506
-0.088114
-0.090799
-0.093560
-0.096400
-0.099318
-0.102315
-0.105392
-0.108550
-0.111788
-0.115107
-0.118507
-0.121989
-0.125553
-0.129198
-0.132924
-0.136732
-0.140621
-0.144589
-0.148637
-0.152763
-0.156966
-0.161244
-0.165596
-0.170018
-0.174508
-0.179063
-0.183679
-0.188352
-0.193077
-0.197848
-0.202658
-0.207500
-0.212366
-0.217246
-0.222131
-0.227009
-0.231869
-0.236701
-0.241492
-0.246234
-0.250921
-0.255550
-0.260126
-0.264661
-0.269179
-0.273714
-0.278309
-0.283017
-0.030494
-0.030375
-0.030359
-0.030421
-0.030534
-0.030684
-0.030866
-0.031076
-0.031315
-0.031580
-0.031873
-0.032193
-0.032542
-0.032919
-0.033326
-0.033764
-0.034233
-0.034735
-0.035269
-0.035839
-0.036443
-0.037084
-0.037762
-0.038478
-0.039234
-0.040029
-0.040866
-0.041745
-0.042667
-0.043633
-0.044643
-0.045700
-0.046804
-0.047956
-0.049156
-0.050407
-0.051708
-0.053060
-0.054465
-0.055924
-0.057437
-0.059005
-0.060629
-0.062311
-0.064050
-0.065848
-0.067705
-0.069623
-0.071602
-0.073642
-0.075745
-0.077910
-0.080140
-0.082434
-0.084793
-0.087218
-0.089710
-0.092268
-0.094893
-0.097585
-0.100345
-0.103174
-0.106071
-0.109036
-0.112069
-0.115170
-0.118340
-0.121577
-0.124881
-0.128252
-0.131687
-0.135187
-0.138750
-0.142374
-0.146057
-0.149796
-0.153589
-0.157431
-0.161320
-0.165249
-0.169214
-0.173208
-0.177223
-0.181250
-0.185279
-0.189298
-0.193294
-0.197250
-0.201152
-0.204979
-0.208712
-0.212333
-0.215822
-0.219166
-0.222359
-0.225404
-0.228323
-0.231155
-0.233965
-0.236834
-0.030532
-0.030367
-0.030336
-0.030386
-0.030484
-0.030616
-0.030776
-0.030961
-0.031170
-0.031401
-0.031656
-0.031934
-0.032235
-0.032561
-0.032911
-0.033287
-0.033690
-0.034119
-0.034576
-0.035061
-0.035576
-0.036120
-0.036696
-0.037303
-0.037942
-0.038615
-0.039321
-0.040063
-0.040839
-0.041652
-0.042502
-0.043390
-0.044316
-0.045282
-0.046288
-0.047334
-0.048423
-0.049553
-0.050727
-0.051944
-0.053206
-0.054513
-0.055867
-0.057266
-0.058713
-0.060208
-0.061752
-0.063345
-0.064987
-0.066680
-0.068423
-0.070219
-0.072066
-0.073965
-0.075918
-0.077924
-0.079983
-0.082097
-0.084266
-0.086489
-0.088767
-0.091100
-0.093489
-0.095932
-0.098431
-0.100984
-0.103593
-0.106255
-0.108971
-0.111740
-0.114561
-0.117433
-0.120354
-0.123322
-0.126336
-0.129393
-0.132491
-0.135625
-0.138791
-0.141985
-0.145200
-0.148431
-0.151668
-0.154901
-0.158119
-0.161308
-0.164452
-0.167530
-0.170521
-0.173397
-0.176129
-0.178683
-0.181023
-0.183112
-0.184919
-0.186426
-0.187636
-0.188588
-0.189369
-0.190115
-0.030581
-0.030355
-0.030309
-0.030349
-0.030432
-0.030546
-0.030684
-0.030843
-0.031022
-0.031219
-0.031435
-0.031670
-0.031924
-0.032197
-0.032491
-0.032804
-0.033139
-0.033494
-0.033872
-0.034273
-0.034697
-0.035144
-0.035616
-0.036113
-0.036635
-0.037183
-0.037758
-0.038360
-0.038990
-0.039648
-0.040336
-0.041053
-0.041800
-0.042578
-0.043387
-0.044228
-0.045101
-0.046008
-0.046947
-0.047921
-0.048930
-0.049973
-0.051052
-0.052168
-0.053320
-0.054509
-0.055736
-0.057000
-0.058304
-0.059646
-0.061027
-0.062448
-0.063909
-0.065411
-0.066953
-0.068536
-0.070161
-0.071827
-0.073535
-0.075286
-0.077078
-0.078912
-0.080789
-0.082707
-0.084668
-0.086670
-0.088714
-0.090798
-0.092924
-0.095089
-0.097293
-0.099535
-0.101813
-0.104126
-0.106473
-0.108850
-0.111255
-0.113685
-0.116137
-0.118604
-0.121083
-0.123566
-0.126045
-0.128510
-0.130949
-0.133347
-0.135688
-0.137947
-0.140099
-0.142110
-0.143938
-0.145533
-0.146835
-0.147773
-0.148270
-0.148253
-0.147664
-0.146500
-0.144855
-0.142965
-0.030643
-0.030337
-0.030279
-0.030308
-0.030379
-0.030475
-0.030590
-0.030723
-0.030871
-0.031034
-0.031211
-0.031403
-0.031609
-0.031829
-0.032064
-0.032315
-0.032581
-0.032863
-0.033162
-0.033477
-0.033809
-0.034158
-0.034525
-0.034911
-0.035315
-0.035737
-0.036180
-0.036642
-0.037124
-0.037626
-0.038150
-0.038695
-0.039261
-0.039850
-0.040460
-0.041094
-0.041751
-0.042431
-0.043136
-0.043864
-0.044617
-0.045395
-0.046198
-0.047027
-0.047882
-0.048763
-0.049671
-0.050605
-0.051567
-0.052556
-0.053572
-0.054616
-0.055689
-0.056790
-0.057919
-0.059077
-0.060264
-0.061480
-0.062725
-0.063999
-0.065303
-0.066635
-0.067997
-0.069388
-0.070808
-0.072257
-0.073734
-0.075239
-0.076771
-0.078331
-0.079917
-0.081528
-0.083164
-0.084823
-0.086503
-0.088202
-0.089920
-0.091651
-0.093395
-0.095146
-0.096900
-0.098652
-0.100394
-0.102118
-0.103813
-0.105465
-0.107058
-0.108571
-0.109975
-0.111234
-0.112301
-0.113114
-0.113589
-0.113615
-0.113047
-0.111703
-0.109373
-0.105862
-0.101122
-0.095492
-0.030724
-0.030310
-0.030245
-0.030266
-0.030323
-0.030401
-0.030495
-0.030601
-0.030719
-0.030847
-0.030985
-0.031132
-0.031290
-0.031457
-0.031635
-0.031822
-0.032019
-0.032227
-0.032445
-0.032674
-0.032914
-0.033165
-0.033426
-0.033700
-0.033985
-0.034282
-0.034590
-0.034911
-0.035245
-0.035591
-0.035949
-0.036321
-0.036706
-0.037104
-0.037515
-0.037941
-0.038380
-0.038833
-0.039300
-0.039782
-0.040278
-0.040789
-0.041315
-0.041856
-0.042412
-0.042984
-0.043571
-0.044173
-0.044791
-0.045425
-0.046075
-0.046741
-0.047423
-0.048121
-0.048836
-0.049567
-0.050314
-0.051078
-0.051858
-0.052654
-0.053467
-0.054296
-0.055142
-0.056003
-0.056881
-0.057774
-0.058683
-0.059607
-0.060546
-0.061500
-0.062467
-0.063448
-0.064441
-0.065446
-0.066461
-0.067486
-0.068518
-0.069557
-0.070599
-0.071642
-0.072683
-0.073719
-0.074743
-0.075750
-0.076733
-0.077681
-0.078583
-0.079421
-0.080174
-0.080813
-0.081296
-0.081565
-0.081536
-0.081080
-0.080003
-0.077994
-0.074560
-0.068951
-0.060190
-0.047802
-0.030830
-0.030272
-0.030208
-0.030222
-0.030266
-0.030326
-0.030398
-0.030477
-0.030564
-0.030657
-0.030756
-0.030860
-0.030969
-0.031083
-0.031202
-0.031325
-0.031454
-0.031587
-0.031725
-0.031867
-0.032014
-0.032166
-0.032322
-0.032483
-0.032649
-0.032819
-0.032994
-0.033174
-0.033358
-0.033546
-0.033740
-0.033938
-0.034140
-0.034347
-0.034559
-0.034775
-0.034996
-0.035221
-0.035451
-0.035685
-0.035924
-0.036167
-0.036415
-0.036667
-0.036923
-0.037184
-0.037450
-0.037719
-0.037993
-0.038271
-0.038553
-0.038840
-0.039130
-0.039425
-0.039724
-0.040026
-0.040333
-0.040643
-0.040957
-0.041275
-0.041596
-0.041921
-0.042249
-0.042580
-0.042915
-0.043252
-0.043592
-0.043935
-0.044279
-0.044626
-0.044975
-0.045325
-0.045677
-0.046029
-0.046381
-0.046732
-0.047083
-0.047431
-0.047777
-0.048119
-0.048455
-0.048785
-0.049105
-0.049414
-0.049709
-0.049984
-0.050236
-0.050457
-0.050639
-0.050769
-0.050829
-0.050794
-0.050626
-0.050261
-0.049588
-0.048385
-0.046140
-0.041490
-0.030401
-0.000004
