1.175567e-04
1.066953e-04
7.798052e-05
1.479460e-04
1.798766e-04
1.199658e-04
7.828361e-05
1.441828e-04
8.873270e-05
7.210908e-05
5.442137e-05
4.950325e-05
2.119777e-04
2.813678e-04
1.836340e-04
9.257546e-05
6.831690e-05
5.154368e-05
1.422430e-04
1.013230e-04
2.297223e-04
6.909921e-05
6.384482e-05
5.164202e-05
4.360788e-05
3.490359e-05
2.572030e-05
3.337458e-05
2.908071e-04
3.650484e-04
2.542991e-04
1.681956e-04
1.184211e-04
5.341430e-05
4.939051e-05
7.663541e-05
3.572136e-05
1.135140e-04
9.457195e-05
2.145491e-04
3.790248e-04
7.226041e-05
5.741170e-05
4.949813e-05
5.324435e-05
3.664078e-05
4.857378e-05
2.812066e-05
2.212711e-05
1.500708e-05
1.654551e-05
2.166587e-05
2.292655e-05
5.691159e-04
3.332229e-04
1.820119e-04
1.261837e-04
8.584564e-05
3.624602e-05
5.054377e-05
3.018389e-05
2.709078e-05
1.636725e-05
2.283236e-05
8.241818e-05
7.110023e-05
1.485931e-04
2.637539e-04
3.894313e-04
5.493084e-05
4.867098e-05
4.396190e-05
4.570919e-05
2.888212e-05
2.112562e-05
1.611238e-05
1.119753e-05
1.011906e-05
1.065259e-05
1.444320e-05
3.216476e-04
3.164780e-04
2.004252e-04
1.260883e-04
1.039097e-04
6.379065e-05
3.706489e-05
2.701044e-05
1.899927e-05
2.026240e-05
1.645343e-05
9.494277e-06
8.458432e-06
1.393026e-05
5.814839e-05
5.758872e-05
8.062348e-05
9.374839e-05
1.262024e-04
1.738918e-04
2.242198e-04
2.547718e-04
4.441084e-05
8.020295e-06
7.237603e-06
6.702404e-06
8.990097e-06
1.974827e-04
1.470549e-04
1.788038e-04
1.423182e-04
1.004438e-04
7.311832e-05
4.551954e-05
2.611586e-05
2.059617e-05
1.474374e-05
1.210842e-05
1.468304e-05
9.988968e-06
6.160264e-06
6.054026e-06
3.974792e-06
5.491893e-06
5.903182e-05
5.218136e-05
4.970741e-05
4.727536e-05
6.971922e-05
7.926379e-05
1.027148e-04
1.422521e-04
1.430843e-04
1.836828e-04
5.590864e-06
5.074532e-06
4.062548e-06
1.323857e-04
1.010103e-04
7.157305e-05
8.326850e-05
7.837974e-05
5.468819e-05
7.785334e-05
6.258509e-05
5.505477e-05
3.988603e-05
2.228735e-05
1.304638e-05
1.509302e-05
1.139804e-05
7.685323e-06
9.589875e-06
7.186677e-06
3.861648e-06
2.701863e-06
1.743805e-06
2.609023e-06
3.852030e-06
5.968258e-05
6.591522e-05
8.310500e-05
1.103832e-04
1.149205e-04
1.114068e-04
2.918233e-06
3.384663e-06
2.519974e-06
2.851010e-06
9.541025e-05
8.161298e-05
5.542773e-05
4.590277e-05
4.141927e-05
4.493560e-05
3.464708e-05
2.390810e-05
4.863480e-05
3.063787e-05
4.521425e-05
3.154127e-05
1.850062e-05
1.225309e-05
7.293040e-06
7.309428e-06
9.086124e-06
6.228966e-06
3.724511e-06
5.201946e-06
2.547497e-06
1.985957e-06
1.228031e-06
1.386612e-06
9.387947e-07
8.560904e-07
2.236577e-06
1.414860e-06
2.488336e-06
1.037226e-04
1.046515e-04
9.672870e-05
1.907149e-06
1.707523e-06
1.858053e-06
3.969090e-05
1.981884e-05
2.145646e-05
1.577156e-05
1.071011e-05
1.790306e-05
3.397340e-05
2.062705e-05
1.161454e-05
6.259360e-06
4.006320e-06
4.507001e-06
5.147248e-06
3.651894e-06
1.924638e-06
1.860302e-06
7.788423e-07
6.301292e-07
1.244976e-06
9.198624e-07
6.114233e-07
5.938330e-07
4.942292e-07
1.531488e-06
9.126395e-07
1.139567e-06
1.225264e-06
1.190893e-06
1.350332e-06
1.174834e-05
7.855447e-06
9.448397e-06
6.483604e-06
3.570997e-06
1.114884e-05
5.437824e-06
6.218908e-06
3.460995e-06
3.342670e-06
2.506616e-06
2.238865e-06
2.667646e-06
1.299891e-06
9.793405e-07
9.877783e-07
4.535806e-07
4.581316e-07
3.129094e-07
9.512784e-07
6.220632e-07
4.149538e-07
4.219245e-07
4.194228e-07
3.448267e-07
5.888697e-07
6.783678e-07
6.794247e-07
8.196895e-07
7.702348e-07
5.557789e-06
4.134501e-06
4.175080e-06
2.239292e-06
1.400794e-06
1.212840e-06
2.058542e-06
3.431233e-06
1.784778e-06
2.047883e-06
1.392280e-06
1.472168e-06
1.274950e-06
8.915792e-07
6.877042e-07
5.347055e-07
5.260917e-07
3.103836e-07
2.684584e-07
2.150780e-07
1.677314e-07
2.425769e-07
1.734253e-07
4.317665e-07
2.893162e-07
2.780007e-07
3.107208e-07
4.032868e-07
4.857921e-07
2.551475e-06
2.392797e-06
1.585355e-06
9.805159e-07
7.908017e-07
5.587732e-07
5.228634e-07
8.972255e-07
9.310031e-07
1.116368e-06
8.930475e-07
7.914482e-07
8.417001e-07
7.195676e-07
4.725164e-07
3.195825e-07
2.958032e-07
2.766073e-07
2.164470e-07
1.618818e-07
1.423027e-07
1.152521e-07
1.104947e-07
9.453621e-08
2.151866e-07
1.630818e-07
1.230521e-07
3.105856e-07
1.941854e-07
1.677465e-07
1.463072e-06
1.557806e-06
9.485217e-07
6.743370e-07
4.212105e-07
3.326865e-07
2.176128e-07
2.889479e-07
2.339948e-07
4.698987e-07
4.615108e-07
6.021012e-07
4.454484e-07
4.660312e-07
4.000762e-07
2.358178e-07
2.439429e-07
1.754848e-07
1.507244e-07
1.716930e-07
1.470727e-07
1.130260e-07
9.664971e-08
7.691699e-08
6.604247e-08
8.109278e-08
7.026903e-08
5.287272e-08
1.545143e-07
1.136473e-07
1.167172e-07
1.084563e-07
7.490782e-07
5.973476e-07
4.230819e-07
1.917857e-07
2.166720e-07
1.576349e-07
1.271876e-07
1.544285e-07
1.506568e-07
2.286722e-07
1.557024e-07
2.488136e-07
3.264617e-07
2.639292e-07
2.637355e-07
2.328353e-07
1.524808e-07
1.569583e-07
1.211000e-07
1.047719e-07
1.099231e-07
9.093050e-08
8.873266e-08
1.037407e-07
7.289071e-08
5.999594e-08
4.230141e-08
4.041643e-08
7.840668e-08
5.364268e-08
5.653374e-08
4.893361e-08
3.677093e-08
3.293124e-08
6.104402e-08
1.237704e-07
1.422528e-07
1.144116e-07
1.463543e-07
1.404478e-07
1.430596e-07
1.540314e-07
1.655026e-07
1.506538e-07
1.579377e-07
1.911318e-07
1.786130e-07
1.682009e-07
1.512206e-07
1.107595e-07
1.027210e-07
7.735431e-08
6.725645e-08
6.141108e-08
6.070637e-08
5.924193e-08
4.599870e-08
4.178308e-08
3.680281e-08
3.042436e-08
2.731604e-08
2.889756e-08
3.722847e-08
3.934170e-08
3.006058e-08
2.819995e-08
2.534558e-08
3.305158e-08
1.041367e-07
1.090640e-07
1.381108e-07
2.179486e-07
2.698012e-07
1.995778e-07
2.084456e-07
2.379380e-07
1.402396e-07
1.503140e-07
1.797696e-07
1.301775e-07
1.257644e-07
1.116123e-07
1.022561e-07
8.867915e-08
8.329198e-08
6.715073e-08
4.780608e-08
4.438963e-08
3.875784e-08
5.097994e-08
5.643662e-08
4.504618e-08
3.340673e-08
2.948290e-08
2.664819e-08
2.571446e-08
3.037326e-08
2.722615e-08
3.080249e-08
2.372586e-08
2.608008e-08
2.600057e-08
2.485978e-08
2.424461e-08
1.761900e-07
3.456666e-07
3.782685e-07
3.308858e-07
5.928767e-07
5.613489e-07
4.275174e-07
2.811839e-07
1.603312e-07
2.297518e-07
1.827896e-07
1.283064e-07
1.373251e-07
1.002377e-07
1.296308e-07
9.748999e-08
7.386923e-08
3.854956e-08
3.578013e-08
3.233441e-08
4.895889e-08
6.017613e-08
4.347302e-08
3.102017e-08
3.306465e-08
3.227214e-08
3.033139e-08
2.882355e-08
3.523030e-08
4.274408e-08
4.388092e-08
4.087719e-08
2.382630e-08
2.743328e-08
2.522321e-08
2.398789e-08
2.466674e-08
3.298439e-07
5.501896e-07
6.571459e-07
1.207907e-06
1.244813e-06
1.338400e-06
7.778786e-07
4.748290e-07
2.393440e-07
3.773559e-07
3.186096e-07
2.749158e-07
1.788315e-07
2.267766e-07
1.883980e-07
2.211784e-07
1.658065e-07
1.228210e-07
8.161549e-08
3.638696e-08
4.338586e-08
4.047528e-08
5.567746e-08
3.917691e-08
5.160230e-08
4.163221e-08
3.153537e-08
4.277188e-08
6.175477e-08
6.394360e-08
6.370427e-08
6.031636e-08
4.683798e-08
4.794137e-08
6.722306e-07
8.613214e-07
1.217394e-06
2.370193e-06
2.200428e-06
2.418194e-06
2.684539e-06
1.409601e-06
9.934014e-07
6.937169e-07
5.153672e-07
4.852886e-07
4.171217e-07
2.788796e-07
4.135946e-07
2.802944e-07
2.387913e-07
1.186271e-07
1.681240e-07
9.124137e-08
5.113785e-08
5.910677e-08
6.292915e-08
5.728852e-08
6.686467e-08
8.257788e-08
9.081743e-08
7.140003e-08
1.006796e-07
1.145036e-07
9.950762e-08
9.974838e-08
8.956903e-08
1.120975e-06
3.563310e-06
4.176835e-06
3.686820e-06
2.189530e-06
3.533655e-06
5.000184e-06
5.052092e-06
1.915260e-06
3.671621e-06
1.336768e-06
9.050560e-07
7.814587e-07
7.449124e-07
7.454334e-07
4.337710e-07
3.958071e-07
2.463555e-07
1.619319e-07
7.367491e-08
1.079963e-07
1.491888e-07
8.152120e-08
1.031555e-07
1.022025e-07
1.446458e-07
1.612846e-07
1.129127e-07
1.504367e-07
1.445556e-07
1.801658e-07
1.879115e-07
1.767503e-07
1.956455e-07
7.738269e-06
5.896340e-06
5.782352e-06
9.890450e-06
8.783539e-06
7.368917e-06
2.484409e-06
4.619033e-06
1.783850e-06
1.378808e-06
1.163955e-06
1.340938e-06
1.153871e-06
7.674262e-07
5.569102e-07
3.588892e-07
2.402468e-07
2.040022e-07
1.634506e-07
1.297483e-07
2.301356e-07
1.927867e-07
1.518201e-07
1.712699e-07
2.723371e-07
2.404465e-07
2.999229e-07
2.300509e-07
3.241633e-07
3.198987e-07
3.066330e-07
4.632992e-07
9.812027e-06
1.158620e-05
1.147737e-05
1.782859e-05
1.600872e-05
1.323438e-05
8.147440e-06
1.164006e-05
3.032468e-06
5.186641e-06
2.479079e-06
1.883791e-06
2.604508e-06
2.038062e-06
1.324326e-06
1.197345e-06
8.644415e-07
5.620015e-07
2.713069e-07
3.770145e-07
2.325557e-07
1.953887e-07
3.325822e-07
3.061707e-07
3.801089e-07
2.405028e-07
3.805690e-07
5.090779e-07
4.210623e-07
5.033734e-07
4.877066e-07
4.281990e-07
6.011562e-07
6.454950e-07
1.387252e-06
1.630234e-05
1.594363e-05
1.894899e-05
3.029617e-05
2.879450e-05
2.324934e-05
1.847483e-05
1.398708e-05
9.651387e-06
3.154733e-06
4.716293e-06
8.427525e-06
3.900333e-06
3.281381e-06
1.909532e-06
1.537746e-06
9.214216e-07
5.919150e-07
5.112886e-07
4.899027e-07
4.978257e-07
7.084418e-07
6.559956e-07
8.250697e-07
7.322975e-07
6.640945e-07
7.821056e-07
7.964964e-07
9.180024e-07
1.201358e-06
1.804754e-06
2.835726e-06
3.349177e-06
2.060984e-05
2.055121e-05
2.492484e-05
2.173834e-05
2.762292e-05
4.755123e-05
4.791297e-05
3.940312e-05
2.991798e-05
2.328791e-05
1.618061e-05
7.087466e-06
1.173770e-05
5.862390e-06
4.702480e-06
2.792926e-06
2.579956e-06
1.577419e-06
7.615188e-07
1.150476e-06
7.268879e-07
8.041951e-07
1.108686e-06
1.192957e-06
1.214158e-06
1.333611e-06
1.067260e-06
1.499927e-06
1.330772e-06
2.212717e-06
4.076598e-06
4.863587e-06
7.459584e-06
2.532799e-05
3.450298e-05
3.320814e-05
4.256658e-05
6.242174e-05
6.341016e-05
6.837856e-05
4.391869e-05
3.738950e-05
2.935825e-05
2.035740e-05
1.054992e-05
8.339580e-06
6.066210e-06
3.865941e-06
4.124851e-06
2.202544e-06
2.982558e-06
1.780577e-06
1.034002e-06
1.446848e-06
1.142836e-06
1.579910e-06
1.624446e-06
1.824069e-06
2.129887e-06
2.086785e-06
1.843035e-06
2.675096e-06
2.422125e-06
2.635190e-06
4.194455e-06
6.270446e-06
8.011396e-06
1.303280e-05
3.140150e-05
3.915157e-05
4.716548e-05
5.600644e-05
8.518968e-05
7.593907e-05
5.248265e-05
7.014733e-05
9.261741e-05
4.938161e-05
3.465515e-05
2.775167e-05
1.526148e-05
1.071594e-05
6.644722e-06
3.856589e-06
2.629744e-06
2.441046e-06
1.913488e-06
1.429472e-06
1.915837e-06
2.031112e-06
3.025586e-06
2.538724e-06
3.133367e-06
3.343043e-06
3.512938e-06
2.937559e-06
5.083488e-06
4.443099e-06
6.637511e-06
7.000013e-06
9.456781e-06
1.476715e-05
2.278713e-05
2.160767e-05
3.237711e-05
2.575624e-05
4.312408e-05
5.598285e-05
1.000675e-04
7.550146e-05
6.722660e-05
8.500047e-05
1.118072e-04
5.305634e-05
3.312672e-05
1.869998e-05
1.187193e-05
7.600745e-06
4.949362e-06
3.484375e-06
3.276930e-06
2.379043e-06
2.826107e-06
3.815263e-06
5.112929e-06
4.738488e-06
4.945876e-06
6.131654e-06
9.344126e-06
6.846854e-06
9.997418e-06
9.720518e-06
1.290750e-05
2.390187e-05
1.730544e-05
3.445783e-05
3.569640e-05
3.130452e-05
2.594830e-05
2.451585e-05
2.596368e-05
2.622326e-05
4.071655e-05
5.248100e-05
9.073387e-05
5.878267e-05
8.149726e-05
8.421826e-05
5.755076e-05
2.967273e-05
1.977773e-05
1.263060e-05
1.003077e-05
4.956658e-06
6.585958e-06
4.157380e-06
5.031257e-06
4.601595e-06
7.206939e-06
8.391387e-06
8.644377e-06
1.107957e-05
1.461235e-05
1.541541e-05
1.404626e-05
3.518396e-05
2.193455e-05
5.980750e-05
5.711478e-05
2.980651e-05
2.495849e-05
2.342023e-05
2.443662e-05
2.890711e-05
2.975910e-05
2.766529e-05
3.528310e-05
6.246351e-05
3.042413e-05
4.111274e-05
5.600085e-05
2.744511e-05
3.993940e-05
1.783370e-05
1.422103e-05
8.978929e-06
7.108072e-06
6.036819e-06
5.475242e-06
7.137082e-06
7.539367e-06
1.311450e-05
1.271499e-05
1.617307e-05
1.419615e-05
1.576109e-05
1.904773e-05
1.999748e-05
2.283160e-05
4.533168e-05
3.025813e-05
7.473887e-05
1.010226e-04
1.179465e-04
2.428798e-05
2.268229e-05
3.020600e-05
2.615941e-05
3.442242e-05
3.376419e-05
3.363557e-05
2.369146e-05
2.236285e-05
3.657156e-05
2.546211e-05
1.957808e-05
1.918802e-05
1.727062e-05
2.581043e-05
1.179094e-05
9.457520e-06
7.905158e-06
8.251375e-06
7.201596e-06
8.472574e-06
1.148381e-05
2.424311e-05
2.239979e-05
3.649422e-05
2.194705e-05
2.446471e-05
2.885234e-05
3.426397e-05
5.241474e-05
7.187602e-05
1.007180e-04
2.085087e-04
1.595147e-04
2.133423e-04
2.216091e-05
3.922861e-05
3.577225e-05
2.476202e-05
3.170864e-05
4.162533e-05
4.294398e-05
4.068922e-05
1.986835e-05
2.186215e-05
1.921322e-05
2.145106e-05
1.491294e-05
1.530331e-05
1.822511e-05
1.742746e-05
1.187898e-05
8.657106e-06
9.010426e-06
1.121358e-05
9.046425e-06
1.366275e-05
1.536739e-05
2.633593e-05
5.577241e-05
4.363033e-05
6.253846e-05
5.855025e-05
7.778614e-05
1.049076e-04
3.461907e-04
1.675239e-04
2.804284e-04
4.802278e-05
4.882088e-05
4.287885e-05
2.778939e-05
4.037784e-05
5.032217e-05
4.516448e-05
4.802487e-05
4.725083e-05
5.342074e-05
2.261779e-05
1.213147e-05
1.461150e-05
1.172596e-05
1.006496e-05
1.627680e-05
2.347902e-05
1.005686e-05
8.347702e-06
1.552317e-05
2.093710e-05
8.864371e-06
1.201228e-05
4.397568e-05
9.259578e-05
7.317596e-05
1.186440e-04
5.029898e-04
6.401261e-04
2.143840e-04
3.413773e-04
5.896481e-05
5.642846e-05
5.455543e-05
6.177123e-05
5.009852e-05
3.345535e-05
4.555357e-05
5.440947e-05
5.712744e-05
5.084488e-05
5.250261e-05
5.141738e-05
5.265120e-05
9.185407e-06
1.145904e-05
9.471873e-06
8.446926e-06
2.406187e-05
1.623524e-05
3.329977e-05
2.155099e-05
3.131111e-05
9.984700e-06
1.516622e-05
5.968431e-05
9.460868e-05
1.587663e-04
1.466378e-04
4.858241e-04
7.120424e-04
8.942098e-04
2.701902e-04
7.102674e-05
7.327054e-05
6.405044e-05
6.330468e-05
6.722245e-05
7.844688e-05
4.543690e-05
6.112204e-05
7.535862e-05
5.519023e-05
5.776133e-05
5.372862e-05
5.608025e-05
5.580899e-05
4.840271e-05
9.253334e-06
1.122049e-05
3.499363e-05
2.255851e-05
2.892016e-05
1.440637e-05
1.915524e-05
4.376448e-05
2.565705e-05
4.376284e-05
1.040674e-05
1.404368e-05
7.483629e-05
1.212482e-04
1.906883e-04
3.906198e-04
6.868156e-04
7.312460e-04
8.217122e-04
2.569901e-04
8.970913e-05
8.016209e-05
9.775611e-05
6.123111e-05
7.434693e-05
8.581247e-05
1.028852e-04
6.381942e-05
8.793698e-05
1.049110e-04
5.657890e-05
5.717589e-05
5.366364e-05
5.642327e-05
6.055813e-05
4.647374e-05
4.153762e-05
1.120167e-05
1.258750e-05
4.887396e-05
3.868128e-05
2.822438e-05
1.640253e-05
2.290762e-05
2.026099e-05
4.576903e-05
3.591957e-05
7.182530e-05
1.302214e-05
1.068380e-04
1.885595e-04
2.862760e-04
3.996171e-04
5.515854e-04
5.685917e-04
7.356195e-04
1.206901e-04
9.668647e-05
1.288420e-04
7.211563e-05
8.987191e-05
1.138920e-04
1.398504e-04
9.694958e-05
6.859909e-05
1.270370e-04
1.429557e-04
6.063544e-05
6.244303e-05
6.051252e-05
4.679924e-05
5.266893e-05
5.607371e-05
6.163738e-05
1.224725e-05
1.422654e-05
5.252349e-05
4.414193e-05
3.112132e-05
1.955229e-05
2.663674e-05
1.775529e-05
2.547571e-05
6.268918e-05
5.150930e-05
3.573059e-05
1.371959e-05
8.246597e-05
1.471404e-04
2.459956e-04
3.025749e-04
4.364401e-04
4.944076e-04
1.635321e-04
1.171575e-04
1.632569e-04
6.944040e-05
9.285508e-05
1.918993e-04
1.422975e-04
9.262894e-05
6.569362e-05
1.721267e-04
7.034214e-05
1.467498e-05
1.706218e-05
3.730195e-05
6.024477e-05
2.601038e-05
1.686863e-05
2.376302e-05
5.534973e-05
3.388248e-05
9.568706e-05
1.667480e-04
2.479198e-04
3.643904e-04
1.985088e-04
1.228332e-04
1.536187e-04
1.785372e-04
9.376030e-05
2.189565e-04
1.990561e-04
1.807165e-04
1.075468e-04
1.367406e-04
8.124571e-05
1.601476e-05
1.646614e-05
1.904604e-05
4.128049e-05
8.731013e-05
5.722859e-05
3.178883e-05
2.249217e-05
2.198780e-05
5.568947e-05
2.892525e-05
1.125599e-04
1.997700e-04
1.251149e-04
2.141909e-04
2.025432e-04
1.725175e-04
8.679060e-05
1.762313e-05
1.636676e-05
2.027460e-05
3.383764e-05
2.145770e-05
3.054430e-05
1.636210e-05
1.837380e-05
