0.001707
0.009212
0.029920
0.069776
0.134874
0.231276
0.365011
0.542071
0.768421
1.050000
0.001478
0.007977
0.025911
0.060428
0.116804
0.200291
0.316109
0.469447
0.665472
0.909327
0.000853
0.004606
0.014960
0.034888
0.067437
0.115638
0.182506
0.271036
0.384211
0.525001
0.000000
0.000000
0.000000
0.000000
0.000000
0.000001
0.000001
0.000001
0.000001
0.000001
-0.000853
-0.004606
-0.014960
-0.034888
-0.067436
-0.115637
-0.182505
-0.271034
-0.384209
-0.524998
-0.001478
-0.007977
-0.025911
-0.060427
-0.116803
-0.200290
-0.316108
-0.469446
-0.665471
-0.909325
-0.001706
-0.009211
-0.029919
-0.069776
-0.134873
-0.231276
-0.365010
-0.542071
-0.768421
-1.050000
-0.001478
-0.007977
-0.025911
-0.060427
-0.116804
-0.200291
-0.316109
-0.469448
-0.665473
-0.909328
-0.000853
-0.004606
-0.014960
-0.034888
-0.067437
-0.115638
-0.182506
-0.271036
-0.384212
-0.525003
0.000000
0.000000
0.000000
0.000000
0.000000
0.000000
0.000000
0.000000
0.000000
-0.000004
