0.000000
0.000735
0.001140
0.001559
0.002037
0.002585
0.003210
0.003915
0.004704
0.005581
0.006550
0.007615
0.008781
0.010051
0.011430
0.012923
0.014534
0.016268
0.018128
0.020120
0.022247
0.024516
0.026929
0.029493
0.032210
0.035086
0.038126
0.041333
0.044713
0.048270
0.052009
0.055934
0.060049
0.064360
0.068871
0.073586
0.078510
0.083648
0.089003
0.094582
0.100388
0.106425
0.112699
0.119214
0.125974
0.132984
0.140249
0.147773
0.155561
0.163617
0.171945
0.180552
0.189439
0.198614
0.208080
0.217841
0.227902
0.238268
0.248943
0.259932
0.271239
0.282870
0.294827
0.307117
0.319744
0.332711
0.346024
0.359688
0.373706
0.388084
0.402825
0.417935
0.433418
0.449279
0.465521
0.482151
0.499172
0.516588
0.534405
0.552627
0.571258
0.590303
0.609767
0.629654
0.649969
0.670716
0.691899
0.713524
0.735594
0.758115
0.781091
0.804526
0.828425
0.852793
0.877633
0.902952
0.928752
0.955039
0.981817
1.009091
0.000169
0.000740
0.001139
0.001557
0.002034
0.002582
0.003206
0.003910
0.004698
0.005574
0.006542
0.007606
0.008770
0.010039
0.011417
0.012908
0.014517
0.016249
0.018107
0.020096
0.022222
0.024488
0.026899
0.029459
0.032173
0.035046
0.038082
0.041286
0.044662
0.048215
0.051950
0.055870
0.059981
0.064287
0.068793
0.073502
0.078421
0.083553
0.088902
0.094475
0.100274
0.106304
0.112571
0.119078
0.125831
0.132833
0.140090
0.147606
0.155384
0.163431
0.171751
0.180347
0.189225
0.198389
0.207844
0.217594
0.227644
0.237998
0.248661
0.259637
0.270932
0.282549
0.294493
0.306769
0.319381
0.332334
0.345632
0.359280
0.373283
0.387644
0.402369
0.417462
0.432927
0.448770
0.464994
0.481604
0.498606
0.516003
0.533800
0.552001
0.570611
0.589634
0.609076
0.628940
0.649232
0.669956
0.691115
0.712715
0.734761
0.757256
0.780206
0.803614
0.827486
0.851826
0.876639
0.901929
0.927700
0.953957
0.980705
1.007948
0.000300
0.000750
0.001135
0.001550
0.002025
0.002571
0.003193
0.003894
0.004680
0.005553
0.006518
0.007578
0.008739
0.010003
0.011377
0.012863
0.014467
0.016192
0.018044
0.020027
0.022145
0.024403
0.026806
0.029358
0.032063
0.034926
0.037952
0.041145
0.044510
0.048051
0.051772
0.055679
0.059776
0.064068
0.068558
0.073252
0.078154
0.083268
0.088600
0.094153
0.099932
0.105942
0.112188
0.118673
0.125403
0.132381
0.139613
0.147103
0.154856
0.162875
0.171166
0.179733
0.188581
0.197714
0.207137
0.216853
0.226869
0.237188
0.247815
0.258754
0.270010
0.281588
0.293492
0.305726
0.318295
0.331204
0.344457
0.358058
0.372013
0.386326
0.401000
0.416042
0.431455
0.447243
0.463413
0.479967
0.496910
0.514248
0.531984
0.550124
0.568671
0.587630
0.607005
0.626802
0.647025
0.667677
0.688765
0.710291
0.732262
0.754681
0.777553
0.800882
0.824673
0.848930
0.873659
0.898862
0.924546
0.950714
0.977371
1.004522
0.000402
0.000761
0.001130
0.001539
0.002010
0.002553
0.003171
0.003869
0.004650
0.005518
0.006478
0.007532
0.008686
0.009944
0.011310
0.012788
0.014382
0.016098
0.017940
0.019911
0.022018
0.024263
0.026652
0.029189
0.031879
0.034726
0.037735
0.040910
0.044256
0.047777
0.051477
0.055362
0.059436
0.063703
0.068168
0.072835
0.077709
0.082794
0.088096
0.093617
0.099364
0.105340
0.111550
0.117999
0.124690
0.131629
0.138820
0.146268
0.153976
0.161950
0.170194
0.178712
0.187510
0.196591
0.205960
0.215622
0.225581
0.235841
0.246408
0.257285
0.268477
0.279989
0.291825
0.303990
0.316488
0.329323
0.342501
0.356025
0.369901
0.384132
0.398723
0.413679
0.429005
0.444704
0.460782
0.477241
0.494089
0.511328
0.528964
0.547000
0.565442
0.584293
0.603559
0.623243
0.643351
0.663886
0.684854
0.706258
0.728104
0.750396
0.773138
0.796335
0.819991
0.844110
0.868698
0.893759
0.919297
0.945317
0.971823
0.998820
0.000481
0.000770
0.001121
0.001523
0.001990
0.002527
0.003141
0.003833
0.004608
0.005470
0.006422
0.007468
0.008613
0.009861
0.011216
0.012682
0.014264
0.015967
0.017794
0.019750
0.021839
0.024067
0.026437
0.028954
0.031623
0.034447
0.037432
0.040582
0.043901
0.047394
0.051065
0.054919
0.058960
0.063193
0.067623
0.072253
0.077088
0.082133
0.087392
0.092870
0.098570
0.104499
0.110659
0.117056
0.123695
0.130578
0.137712
0.145100
0.152747
0.160657
0.168836
0.177286
0.186013
0.195022
0.204317
0.213901
0.223781
0.233959
0.244442
0.255232
0.266335
0.277755
0.289497
0.301565
0.313963
0.326696
0.339769
0.353185
0.366950
0.381068
0.395543
0.410380
0.425583
0.441157
0.457106
0.473435
0.490148
0.507250
0.524745
0.542637
0.560932
0.579633
0.598745
0.618272
0.638220
0.658591
0.679392
0.700625
0.722297
0.744411
0.766972
0.789983
0.813450
0.837377
0.861769
0.886631
0.911965
0.937778
0.964073
0.990855
0.000539
0.000777
0.001109
0.001503
0.001963
0.002495
0.003102
0.003787
0.004555
0.005408
0.006350
0.007386
0.008520
0.009755
0.011096
0.012547
0.014113
0.015798
0.017606
0.019543
0.021611
0.023816
0.026162
0.028653
0.031294
0.034089
0.037044
0.040161
0.043446
0.046903
0.050536
0.054351
0.058351
0.062540
0.066924
0.071506
0.076292
0.081285
0.086490
0.091911
0.097553
0.103421
0.109518
0.115849
0.122419
0.129231
0.136292
0.143604
0.151172
0.159001
0.167095
0.175458
0.184096
0.193011
0.202210
0.211696
0.221474
0.231548
0.241922
0.252601
0.263590
0.274892
0.286513
0.298456
0.310727
0.323329
0.336267
0.349545
0.363168
0.377141
0.391467
0.406151
0.421197
0.436611
0.452395
0.468556
0.485097
0.502022
0.519336
0.537045
0.555151
0.573659
0.592574
0.611900
0.631642
0.651804
0.672390
0.693405
0.714854
0.736739
0.759067
0.781842
0.805067
0.828748
0.852889
0.877494
0.902568
0.928115
0.954140
0.980646
0.000581
0.000779
0.001093
0.001477
0.001930
0.002455
0.003054
0.003731
0.004489
0.005332
0.006263
0.007286
0.008405
0.009625
0.010950
0.012383
0.013929
0.015593
0.017379
0.019290
0.021333
0.023510
0.025826
0.028286
0.030894
0.033654
0.036571
0.039649
0.042892
0.046306
0.049893
0.053659
0.057608
0.061745
0.066073
0.070597
0.075322
0.080252
0.085391
0.090744
0.096315
0.102108
0.108127
0.114378
0.120865
0.127591
0.134562
0.141782
0.149254
0.156984
0.164975
0.173233
0.181761
0.190563
0.199645
0.209011
0.218665
0.228611
0.238854
0.249398
0.260247
0.271406
0.282880
0.294671
0.306786
0.319229
0.332003
0.345113
0.358563
0.372359
0.386503
0.401001
0.415857
0.431075
0.446659
0.462615
0.478946
0.495657
0.512752
0.530235
0.548112
0.566385
0.585060
0.604142
0.623633
0.643540
0.663865
0.684613
0.705790
0.727398
0.749442
0.771928
0.794860
0.818241
0.842075
0.866369
0.891125
0.916349
0.942045
0.968216
0.000609
0.000776
0.001073
0.001447
0.001892
0.002408
0.002999
0.003666
0.004413
0.005243
0.006160
0.007168
0.008271
0.009473
0.010777
0.012189
0.013713
0.015352
0.017111
0.018994
0.021005
0.023150
0.025431
0.027854
0.030423
0.033141
0.036014
0.039046
0.042241
0.045603
0.049136
0.052845
0.056735
0.060809
0.065072
0.069528
0.074182
0.079037
0.084099
0.089371
0.094857
0.100563
0.106492
0.112649
0.119037
0.125662
0.132528
0.139638
0.146998
0.154611
0.162481
0.170614
0.179013
0.187683
0.196628
0.205853
0.215360
0.225156
0.235244
0.245629
0.256315
0.267305
0.278605
0.290219
0.302151
0.314405
0.326987
0.339899
0.353146
0.366733
0.380663
0.394942
0.409574
0.424562
0.439911
0.455626
0.471710
0.488169
0.505006
0.522225
0.539831
0.557829
0.576221
0.595014
0.614211
0.633817
0.653835
0.674270
0.695126
0.716408
0.738120
0.760267
0.782852
0.805880
0.829355
0.853282
0.877665
0.902508
0.927815
0.953592
0.000624
0.000767
0.001048
0.001412
0.001847
0.002355
0.002935
0.003590
0.004325
0.005141
0.006042
0.007033
0.008117
0.009298
0.010580
0.011967
0.013464
0.015075
0.016803
0.018653
0.020630
0.022737
0.024978
0.027359
0.029882
0.032553
0.035376
0.038354
0.041493
0.044796
0.048267
0.051912
0.055733
0.059735
0.063924
0.068301
0.072873
0.077643
0.082616
0.087795
0.093185
0.098790
0.104615
0.110663
0.116940
0.123448
0.130193
0.137178
0.144408
0.151887
0.159619
0.167609
0.175861
0.184378
0.193166
0.202227
0.211568
0.221192
0.231102
0.241304
0.251802
0.262599
0.273700
0.285109
0.296831
0.308870
0.321230
0.333914
0.346929
0.360276
0.373962
0.387989
0.402363
0.417088
0.432167
0.447605
0.463406
0.479575
0.496115
0.513031
0.530327
0.548008
0.566077
0.584539
0.603398
0.622658
0.642324
0.662399
0.682889
0.703797
0.725127
0.746883
0.769071
0.791694
0.814756
0.838261
0.862216
0.886622
0.911484
0.936808
0.000629
0.000753
0.001019
0.001372
0.001797
0.002294
0.002863
0.003506
0.004226
0.005026
0.005910
0.006881
0.007943
0.009101
0.010358
0.011717
0.013184
0.014763
0.016456
0.018270
0.020207
0.022271
0.024468
0.026801
0.029274
0.031891
0.034657
0.037575
0.040651
0.043887
0.047289
0.050860
0.054604
0.058526
0.062630
0.066919
0.071399
0.076073
0.080945
0.086020
0.091301
0.096794
0.102501
0.108427
0.114577
0.120954
0.127563
0.134407
0.141491
0.148819
0.156396
0.164224
0.172309
0.180655
0.189265
0.198144
0.207296
0.216726
0.226436
0.236432
0.246718
0.257297
0.268175
0.279354
0.290839
0.302635
0.314745
0.327174
0.339925
0.353003
0.366413
0.380157
0.394241
0.408668
0.423443
0.438569
0.454051
0.469894
0.486100
0.502675
0.519622
0.536946
0.554650
0.572739
0.591218
0.610089
0.629358
0.649028
0.669104
0.689590
0.710490
0.731808
0.753547
0.775714
0.798310
0.821342
0.844813
0.868727
0.893089
0.917902
0.000624
0.000734
0.000986
0.001326
0.001741
0.002226
0.002783
0.003411
0.004115
0.004898
0.005762
0.006712
0.007751
0.008882
0.010111
0.011440
0.012874
0.014416
0.016072
0.017844
0.019737
0.021755
0.023901
0.026181
0.028598
0.031156
0.033859
0.036711
0.039716
0.042879
0.046203
0.049692
0.053351
0.057183
0.061193
0.065385
0.069762
0.074330
0.079091
0.084050
0.089210
0.094577
0.100154
0.105945
0.111954
0.118186
0.124643
0.131331
0.138254
0.145414
0.152818
0.160467
0.168367
0.176522
0.184936
0.193612
0.202555
0.211769
0.221257
0.231025
0.241075
0.251413
0.262041
0.272965
0.284188
0.295714
0.307547
0.319692
0.332152
0.344931
0.358033
0.371463
0.385225
0.399322
0.413759
0.428540
0.443668
0.459148
0.474984
0.491180
0.507740
0.524667
0.541967
0.559643
0.577699
0.596139
0.614967
0.634187
0.653804
0.673822
0.694244
0.715075
0.736318
0.757977
0.780058
0.802563
0.825498
0.848866
0.872670
0.896916
0.000610
0.000708
0.000947
0.001276
0.001680
0.002152
0.002695
0.003308
0.003995
0.004758
0.005600
0.006526
0.007539
0.008642
0.009840
0.011135
0.012533
0.014037
0.015650
0.017377
0.019222
0.021188
0.023280
0.025502
0.027857
0.030349
0.032983
0.035762
0.038691
0.041772
0.045011
0.048411
0.051976
0.055711
0.059618
0.063702
0.067968
0.072418
0.077057
0.081889
0.086917
0.092146
0.097580
0.103223
0.109078
0.115149
0.121441
0.127958
0.134703
0.141680
0.148893
0.156347
0.164044
0.171990
0.180187
0.188641
0.197354
0.206332
0.215577
0.225094
0.234887
0.244959
0.255314
0.265958
0.276892
0.288123
0.299652
0.311485
0.323625
0.336076
0.348843
0.361929
0.375337
0.389073
0.403139
0.417540
0.432280
0.447363
0.462792
0.478572
0.494707
0.511200
0.528056
0.545278
0.562871
0.580838
0.599183
0.617910
0.637024
0.656528
0.676426
0.696721
0.717420
0.738524
0.760038
0.781966
0.804312
0.827081
0.850275
0.873899
0.000588
0.000677
0.000904
0.001221
0.001612
0.002072
0.002599
0.003196
0.003863
0.004605
0.005425
0.006325
0.007310
0.008382
0.009546
0.010805
0.012163
0.013624
0.015192
0.016870
0.018662
0.020573
0.022606
0.024764
0.027052
0.029473
0.032032
0.034732
0.037577
0.040571
0.043717
0.047020
0.050484
0.054112
0.057907
0.061875
0.066019
0.070342
0.074848
0.079542
0.084427
0.089506
0.094785
0.100266
0.105954
0.111852
0.117964
0.124294
0.130846
0.137624
0.144631
0.151872
0.159349
0.167067
0.175030
0.183242
0.191707
0.200427
0.209408
0.218653
0.228165
0.237950
0.248009
0.258348
0.268970
0.279879
0.291078
0.302573
0.314366
0.326461
0.338862
0.351573
0.364598
0.377941
0.391605
0.405594
0.419913
0.434564
0.449552
0.464880
0.480554
0.496575
0.512949
0.529678
0.546768
0.564221
0.582041
0.600233
0.618800
0.637746
0.657075
0.676790
0.696897
0.717397
0.738296
0.759597
0.781305
0.803422
0.825953
0.848902
0.000559
0.000640
0.000856
0.001161
0.001540
0.001985
0.002496
0.003074
0.003722
0.004442
0.005236
0.006108
0.007062
0.008101
0.009229
0.010449
0.011765
0.013180
0.014698
0.016324
0.018060
0.019910
0.021879
0.023969
0.026185
0.028530
0.031008
0.033623
0.036378
0.039277
0.042324
0.045523
0.048877
0.052390
0.056065
0.059907
0.063920
0.068106
0.072469
0.077014
0.081745
0.086663
0.091775
0.097082
0.102590
0.108301
0.114220
0.120349
0.126694
0.133256
0.140041
0.147052
0.154293
0.161766
0.169477
0.177429
0.185625
0.194069
0.202765
0.211716
0.220927
0.230401
0.240142
0.250153
0.260438
0.271001
0.281845
0.292975
0.304394
0.316106
0.328114
0.340422
0.353034
0.365954
0.379184
0.392730
0.406594
0.420780
0.435293
0.450136
0.465312
0.480825
0.496680
0.512879
0.529427
0.546326
0.563582
0.581196
0.599174
0.617519
0.636235
0.655326
0.674795
0.694646
0.714882
0.735508
0.756527
0.777943
0.799760
0.821981
0.000523
0.000598
0.000803
0.001097
0.001461
0.001892
0.002386
0.002945
0.003571
0.004266
0.005034
0.005877
0.006798
0.007802
0.008890
0.010068
0.011339
0.012705
0.014171
0.015740
0.017416
0.019202
0.021102
0.023120
0.025258
0.027522
0.029913
0.032437
0.035096
0.037894
0.040834
0.043921
0.047158
0.050548
0.054096
0.057803
0.061675
0.065715
0.069926
0.074312
0.078877
0.083624
0.088557
0.093678
0.098993
0.104505
0.110216
0.116131
0.122253
0.128587
0.135134
0.141900
0.148887
0.156099
0.163540
0.171213
0.179122
0.187271
0.195662
0.204300
0.213189
0.222331
0.231730
0.241391
0.251316
0.261509
0.271974
0.282715
0.293734
0.305035
0.316623
0.328500
0.340670
0.353137
0.365905
0.378976
0.392354
0.406044
0.420048
0.434371
0.449016
0.463986
0.479286
0.494918
0.510886
0.527194
0.543845
0.560843
0.578192
0.595895
0.613955
0.632378
0.651165
0.670321
0.689848
0.709752
0.730036
0.750702
0.771756
0.793199
0.000481
0.000551
0.000746
0.001027
0.001378
0.001792
0.002269
0.002807
0.003410
0.004080
0.004819
0.005630
0.006517
0.007483
0.008531
0.009664
0.010886
0.012200
0.013611
0.015120
0.016732
0.018450
0.020277
0.022217
0.024274
0.026450
0.028750
0.031177
0.033734
0.036424
0.039252
0.042220
0.045332
0.048592
0.052003
0.055568
0.059291
0.063175
0.067225
0.071442
0.075831
0.080395
0.085137
0.090062
0.095172
0.100471
0.105963
0.111650
0.117536
0.123625
0.129921
0.136425
0.143143
0.150077
0.157232
0.164609
0.172213
0.180048
0.188116
0.196421
0.204967
0.213757
0.222794
0.232082
0.241625
0.251425
0.261487
0.271813
0.282407
0.293273
0.304414
0.315833
0.327534
0.339521
0.351796
0.364363
0.377226
0.390388
0.403852
0.417623
0.431703
0.446096
0.460806
0.475836
0.491188
0.506867
0.522877
0.539220
0.555900
0.572920
0.590285
0.607997
0.626060
0.644477
0.663253
0.682389
0.701891
0.721761
0.742004
0.762620
0.000434
0.000500
0.000684
0.000953
0.001290
0.001687
0.002145
0.002662
0.003241
0.003883
0.004592
0.005370
0.006221
0.007146
0.008151
0.009237
0.010408
0.011667
0.013019
0.014465
0.016009
0.017654
0.019405
0.021264
0.023234
0.025319
0.027521
0.029846
0.032295
0.034872
0.037580
0.040423
0.043404
0.046526
0.049792
0.053207
0.056772
0.060492
0.064370
0.068409
0.072612
0.076983
0.081525
0.086241
0.091135
0.096210
0.101469
0.106915
0.112553
0.118384
0.124413
0.130642
0.137075
0.143716
0.150567
0.157632
0.164915
0.172417
0.180144
0.188097
0.196281
0.204699
0.213353
0.222248
0.231387
0.240772
0.250407
0.260296
0.270441
0.280847
0.291516
0.302451
0.313656
0.325135
0.336890
0.348925
0.361243
0.373847
0.386742
0.399929
0.413413
0.427196
0.441283
0.455676
0.470378
0.485393
0.500724
0.516375
0.532349
0.548648
0.565277
0.582239
0.599537
0.617175
0.635155
0.653481
0.672157
0.691186
0.710570
0.730314
0.000380
0.000443
0.000619
0.000875
0.001196
0.001577
0.002014
0.002509
0.003062
0.003676
0.004353
0.005097
0.005909
0.006793
0.007751
0.008788
0.009905
0.011107
0.012396
0.013776
0.015249
0.016819
0.018488
0.020261
0.022140
0.024129
0.026230
0.028446
0.030782
0.033240
0.035822
0.038533
0.041376
0.044353
0.047468
0.050724
0.054124
0.057672
0.061370
0.065221
0.069229
0.073397
0.077728
0.082225
0.086892
0.091731
0.096745
0.101939
0.107314
0.112874
0.118623
0.124563
0.130697
0.137029
0.143562
0.150299
0.157242
0.164396
0.171764
0.179347
0.187151
0.195177
0.203429
0.211911
0.220624
0.229573
0.238760
0.248189
0.257863
0.267784
0.277957
0.288384
0.299068
0.310013
0.321221
0.332697
0.344442
0.356460
0.368755
0.381329
0.394186
0.407328
0.420760
0.434484
0.448503
0.462820
0.477438
0.492361
0.507592
0.523134
0.538990
0.555163
0.571657
0.588474
0.605619
0.623093
0.640901
0.659044
0.677528
0.696353
0.000322
0.000382
0.000548
0.000792
0.001099
0.001461
0.001878
0.002349
0.002876
0.003460
0.004104
0.004811
0.005582
0.006422
0.007333
0.008318
0.009379
0.010521
0.011745
0.013055
0.014454
0.015944
0.017529
0.019212
0.020996
0.022884
0.024878
0.026982
0.029199
0.031532
0.033983
0.036556
0.039254
0.042080
0.045036
0.048127
0.051354
0.054720
0.058230
0.061885
0.065689
0.069644
0.073754
0.078022
0.082451
0.087043
0.091802
0.096731
0.101832
0.107109
0.112564
0.118201
0.124023
0.130032
0.136231
0.142624
0.149214
0.156003
0.162994
0.170191
0.177596
0.185213
0.193044
0.201093
0.209361
0.217854
0.226572
0.235520
0.244700
0.254115
0.263769
0.273664
0.283803
0.294189
0.304825
0.315715
0.326861
0.338266
0.349933
0.361866
0.374066
0.386538
0.399284
0.412308
0.425611
0.439197
0.453070
0.467232
0.481685
0.496434
0.511481
0.526829
0.542481
0.558441
0.574710
0.591293
0.608192
0.625410
0.642950
0.660815
0.000259
0.000316
0.000474
0.000706
0.000996
0.001340
0.001736
0.002182
0.002681
0.003234
0.003844
0.004512
0.005242
0.006037
0.006898
0.007828
0.008831
0.009910
0.011066
0.012304
0.013625
0.015033
0.016530
0.018119
0.019804
0.021586
0.023469
0.025456
0.027549
0.029752
0.032067
0.034496
0.037043
0.039711
0.042502
0.045420
0.048466
0.051645
0.054958
0.058408
0.061999
0.065733
0.069614
0.073643
0.077823
0.082158
0.086651
0.091304
0.096119
0.101100
0.106250
0.111572
0.117067
0.122740
0.128592
0.134627
0.140847
0.147256
0.153856
0.160649
0.167640
0.174830
0.182222
0.189819
0.197625
0.205641
0.213871
0.222317
0.230983
0.239871
0.248983
0.258324
0.267895
0.277699
0.287739
0.298018
0.308540
0.319306
0.330319
0.341583
0.353100
0.364873
0.376904
0.389198
0.401756
0.414581
0.427676
0.441044
0.454688
0.468610
0.482814
0.497302
0.512077
0.527142
0.542500
0.558154
0.574106
0.590359
0.606916
0.623779
0.000192
0.000247
0.000397
0.000615
0.000890
0.001215
0.001588
0.002009
0.002479
0.003000
0.003574
0.004203
0.004889
0.005636
0.006445
0.007320
0.008263
0.009276
0.010362
0.011524
0.012765
0.014087
0.015492
0.016985
0.018566
0.020239
0.022007
0.023872
0.025837
0.027904
0.030077
0.032357
0.034748
0.037252
0.039871
0.042609
0.045469
0.048452
0.051561
0.054799
0.058169
0.061674
0.065315
0.069096
0.073019
0.077087
0.081303
0.085669
0.090189
0.094863
0.099696
0.104689
0.109846
0.115169
0.120661
0.126324
0.132161
0.138175
0.144368
0.150743
0.157303
0.164050
0.170987
0.178116
0.185441
0.192963
0.200686
0.208611
0.216743
0.225083
0.233634
0.242399
0.251380
0.260580
0.270001
0.279647
0.289520
0.299622
0.309957
0.320526
0.331333
0.342381
0.353671
0.365207
0.376991
0.389026
0.401313
0.413858
0.426661
0.439725
0.453053
0.466648
0.480513
0.494650
0.509061
0.523750
0.538719
0.553970
0.569507
0.585331
0.000121
0.000174
0.000315
0.000521
0.000779
0.001084
0.001435
0.001829
0.002270
0.002758
0.003294
0.003883
0.004524
0.005222
0.005978
0.006794
0.007674
0.008620
0.009633
0.010718
0.011875
0.013108
0.014419
0.015811
0.017286
0.018846
0.020495
0.022234
0.024066
0.025993
0.028019
0.030144
0.032373
0.034708
0.037150
0.039702
0.042368
0.045148
0.048047
0.051066
0.054207
0.057474
0.060868
0.064392
0.068049
0.071842
0.075771
0.079841
0.084053
0.088411
0.092915
0.097570
0.102377
0.107338
0.112457
0.117736
0.123176
0.128782
0.134554
0.140496
0.146610
0.152899
0.159364
0.166009
0.172836
0.179847
0.187045
0.194433
0.202012
0.209785
0.217755
0.225925
0.234295
0.242870
0.251652
0.260642
0.269844
0.279260
0.288893
0.298744
0.308817
0.319114
0.329637
0.340389
0.351372
0.362589
0.374042
0.385734
0.397667
0.409844
0.422267
0.434938
0.447861
0.461037
0.474469
0.488160
0.502112
0.516327
0.530808
0.545556
0.000046
0.000098
0.000230
0.000423
0.000665
0.000950
0.001277
0.001644
0.002054
0.002508
0.003006
0.003552
0.004148
0.004795
0.005495
0.006252
0.007067
0.007943
0.008882
0.009886
0.010957
0.012099
0.013313
0.014601
0.015966
0.017410
0.018935
0.020544
0.022239
0.024022
0.025896
0.027863
0.029925
0.032085
0.034344
0.036705
0.039171
0.041743
0.044424
0.047216
0.050122
0.053143
0.056283
0.059543
0.062925
0.066433
0.070068
0.073832
0.077728
0.081758
0.085924
0.090229
0.094675
0.099264
0.103998
0.108880
0.113912
0.119096
0.124435
0.129931
0.135585
0.141401
0.147381
0.153527
0.159840
0.166325
0.172982
0.179814
0.186823
0.194013
0.201384
0.208939
0.216681
0.224611
0.232732
0.241047
0.249558
0.258266
0.267175
0.276286
0.285601
0.295124
0.304856
0.314800
0.324957
0.335331
0.345924
0.356737
0.367773
0.379035
0.390523
0.402242
0.414194
0.426380
0.438802
0.451464
0.464367
0.477513
0.490906
0.504546
-0.000033
0.000018
0.000143
0.000323
0.000547
0.000812
0.001114
0.001454
0.001833
0.002251
0.002710
0.003213
0.003761
0.004356
0.005000
0.005695
0.006444
0.007248
0.008110
0.009031
0.010014
0.011062
0.012175
0.013357
0.014609
0.015933
0.017332
0.018807
0.020362
0.021997
0.023715
0.025518
0.027409
0.029388
0.031460
0.033624
0.035884
0.038242
0.040700
0.043259
0.045923
0.048693
0.051570
0.054558
0.057659
0.060874
0.064205
0.067655
0.071226
0.074920
0.078738
0.082684
0.086759
0.090964
0.095303
0.099778
0.104390
0.109141
0.114034
0.119071
0.124253
0.129583
0.135064
0.140696
0.146483
0.152425
0.158526
0.164788
0.171212
0.177800
0.184556
0.191480
0.198575
0.205843
0.213286
0.220906
0.228706
0.236687
0.244851
0.253201
0.261738
0.270466
0.279385
0.288498
0.297807
0.307314
0.317022
0.326932
0.337046
0.347366
0.357896
0.368636
0.379588
0.390756
0.402141
0.413745
0.425570
0.437618
0.449892
0.462393
-0.000114
-0.000065
0.000052
0.000219
0.000426
0.000670
0.000948
0.001259
0.001606
0.001988
0.002407
0.002865
0.003364
0.003906
0.004492
0.005124
0.005805
0.006535
0.007318
0.008155
0.009048
0.009999
0.011009
0.012082
0.013218
0.014420
0.015689
0.017028
0.018438
0.019921
0.021480
0.023115
0.024830
0.026625
0.028504
0.030467
0.032516
0.034655
0.036883
0.039204
0.041620
0.044131
0.046740
0.049450
0.052261
0.055176
0.058197
0.061325
0.064563
0.067912
0.071374
0.074951
0.078646
0.082459
0.086393
0.090449
0.094631
0.098938
0.103375
0.107941
0.112639
0.117472
0.122440
0.127547
0.132793
0.138181
0.143712
0.149389
0.155213
0.161186
0.167310
0.173588
0.180020
0.186609
0.193357
0.200265
0.207336
0.214572
0.221973
0.229543
0.237283
0.245195
0.253281
0.261542
0.269982
0.278601
0.287402
0.296386
0.305555
0.314911
0.324457
0.334194
0.344123
0.354248
0.364569
0.375089
0.385809
0.396732
0.407859
0.419192
-0.000199
-0.000150
-0.000041
0.000113
0.000303
0.000525
0.000777
0.001060
0.001374
0.001719
0.002097
0.002510
0.002959
0.003446
0.003973
0.004541
0.005152
0.005807
0.006509
0.007260
0.008060
0.008913
0.009818
0.010779
0.011797
0.012873
0.014010
0.015209
0.016471
0.017800
0.019195
0.020659
0.022194
0.023802
0.025483
0.027240
0.029075
0.030988
0.032983
0.035060
0.037222
0.039469
0.041805
0.044229
0.046745
0.049354
0.052057
0.054856
0.057753
0.060750
0.063848
0.067049
0.070354
0.073766
0.077286
0.080916
0.084657
0.088512
0.092481
0.096567
0.100771
0.105094
0.109540
0.114109
0.118802
0.123623
0.128572
0.133651
0.138862
0.144206
0.149686
0.155302
0.161057
0.166952
0.172989
0.179170
0.185497
0.191970
0.198593
0.205365
0.212290
0.219369
0.226603
0.233995
0.241545
0.249257
0.257131
0.265169
0.273372
0.281743
0.290284
0.298995
0.307879
0.316937
0.326171
0.335583
0.345175
0.354947
0.364903
0.375042
-0.000286
-0.000238
-0.000137
0.000004
0.000176
0.000377
0.000604
0.000857
0.001137
0.001445
0.001781
0.002148
0.002546
0.002978
0.003444
0.003946
0.004486
0.005065
0.005685
0.006348
0.007054
0.007806
0.008604
0.009451
0.010348
0.011297
0.012299
0.013355
0.014467
0.015637
0.016866
0.018156
0.019508
0.020923
0.022404
0.023951
0.025567
0.027252
0.029008
0.030837
0.032739
0.034718
0.036774
0.038908
0.041123
0.043419
0.045798
0.048262
0.050812
0.053450
0.056177
0.058994
0.061904
0.064907
0.068005
0.071200
0.074492
0.077884
0.081378
0.084974
0.088673
0.092479
0.096391
0.100412
0.104543
0.108785
0.113141
0.117610
0.122196
0.126900
0.131722
0.136665
0.141729
0.146917
0.152230
0.157670
0.163237
0.168934
0.174762
0.180722
0.186816
0.193046
0.199412
0.205917
0.212562
0.219348
0.226278
0.233351
0.240571
0.247937
0.255453
0.263119
0.270937
0.278909
0.287035
0.295318
0.303758
0.312358
0.321119
0.330042
-0.000375
-0.000328
-0.000234
-0.000107
0.000048
0.000226
0.000427
0.000651
0.000897
0.001166
0.001460
0.001780
0.002126
0.002501
0.002906
0.003341
0.003809
0.004311
0.004847
0.005420
0.006031
0.006680
0.007370
0.008102
0.008876
0.009695
0.010559
0.011471
0.012430
0.013439
0.014499
0.015612
0.016777
0.017998
0.019274
0.020608
0.022000
0.023453
0.024966
0.026543
0.028183
0.029888
0.031659
0.033499
0.035407
0.037386
0.039436
0.041559
0.043757
0.046029
0.048379
0.050806
0.053313
0.055900
0.058569
0.061322
0.064158
0.067081
0.070090
0.073188
0.076375
0.079654
0.083024
0.086488
0.090047
0.093701
0.097453
0.101304
0.105254
0.109306
0.113460
0.117718
0.122081
0.126550
0.131127
0.135812
0.140608
0.145516
0.150536
0.155670
0.160920
0.166286
0.171770
0.177373
0.183097
0.188943
0.194912
0.201005
0.207224
0.213569
0.220044
0.226647
0.233382
0.240248
0.247248
0.254383
0.261654
0.269062
0.276608
0.284295
-0.000466
-0.000419
-0.000334
-0.000220
-0.000083
0.000073
0.000248
0.000441
0.000653
0.000884
0.001134
0.001406
0.001701
0.002018
0.002361
0.002729
0.003123
0.003546
0.003998
0.004480
0.004993
0.005539
0.006118
0.006733
0.007383
0.008070
0.008795
0.009560
0.010364
0.011210
0.012099
0.013031
0.014008
0.015031
0.016100
0.017218
0.018384
0.019601
0.020868
0.022188
0.023562
0.024990
0.026473
0.028013
0.029611
0.031268
0.032984
0.034762
0.036601
0.038504
0.040471
0.042503
0.044601
0.046767
0.049001
0.051305
0.053679
0.056125
0.058644
0.061237
0.063905
0.066648
0.069469
0.072368
0.075347
0.078405
0.081545
0.084768
0.088074
0.091465
0.094941
0.098504
0.102155
0.105896
0.109726
0.113647
0.117661
0.121768
0.125969
0.130265
0.134659
0.139149
0.143738
0.148428
0.153217
0.158110
0.163104
0.168203
0.173408
0.178718
0.184136
0.189662
0.195297
0.201044
0.206902
0.212872
0.218957
0.225156
0.231471
0.237903
-0.000559
-0.000513
-0.000435
-0.000334
-0.000215
-0.000081
0.000067
0.000230
0.000406
0.000598
0.000805
0.001029
0.001270
0.001530
0.001809
0.002109
0.002429
0.002772
0.003138
0.003528
0.003943
0.004385
0.004852
0.005348
0.005873
0.006426
0.007011
0.007627
0.008275
0.008956
0.009671
0.010421
0.011207
0.012029
0.012889
0.013788
0.014726
0.015704
0.016723
0.017784
0.018887
0.020035
0.021227
0.022464
0.023748
0.025079
0.026458
0.027886
0.029363
0.030891
0.032471
0.034103
0.035788
0.037527
0.039321
0.041171
0.043078
0.045042
0.047065
0.049147
0.051289
0.053492
0.055757
0.058085
0.060476
0.062932
0.065453
0.068040
0.070694
0.073416
0.076207
0.079068
0.081999
0.085002
0.088077
0.091225
0.094447
0.097744
0.101116
0.104566
0.108092
0.111697
0.115381
0.119146
0.122991
0.126918
0.130928
0.135021
0.139199
0.143462
0.147811
0.152247
0.156771
0.161384
0.166086
0.170879
0.175764
0.180740
0.185809
0.190973
-0.000653
-0.000607
-0.000537
-0.000450
-0.000349
-0.000237
-0.000116
0.000016
0.000157
0.000309
0.000473
0.000648
0.000836
0.001037
0.001253
0.001483
0.001729
0.001991
0.002271
0.002568
0.002884
0.003220
0.003575
0.003951
0.004348
0.004768
0.005210
0.005676
0.006166
0.006680
0.007220
0.007787
0.008380
0.009000
0.009649
0.010327
0.011034
0.011771
0.012539
0.013338
0.014170
0.015034
0.015932
0.016864
0.017831
0.018833
0.019871
0.020946
0.022058
0.023209
0.024397
0.025626
0.026894
0.028203
0.029553
0.030945
0.032380
0.033857
0.035379
0.036946
0.038557
0.040214
0.041918
0.043669
0.045468
0.047315
0.049212
0.051158
0.053154
0.055202
0.057301
0.059453
0.061657
0.063915
0.066228
0.068596
0.071019
0.073499
0.076035
0.078629
0.081281
0.083993
0.086763
0.089594
0.092486
0.095439
0.098455
0.101533
0.104675
0.107881
0.111151
0.114487
0.117889
0.121358
0.124895
0.128499
0.132172
0.135915
0.139727
0.143610
-0.000749
-0.000703
-0.000640
-0.000566
-0.000484
-0.000395
-0.000300
-0.000199
-0.000093
0.000019
0.000138
0.000265
0.000399
0.000541
0.000692
0.000853
0.001024
0.001205
0.001398
0.001602
0.001818
0.002047
0.002289
0.002544
0.002814
0.003098
0.003397
0.003711
0.004042
0.004389
0.004753
0.005134
0.005533
0.005951
0.006387
0.006842
0.007316
0.007811
0.008326
0.008863
0.009420
0.010000
0.010601
0.011226
0.011873
0.012544
0.013239
0.013959
0.014703
0.015473
0.016269
0.017090
0.017939
0.018814
0.019717
0.020648
0.021608
0.022596
0.023613
0.024661
0.025738
0.026846
0.027985
0.029155
0.030357
0.031592
0.032859
0.034160
0.035494
0.036862
0.038265
0.039703
0.041176
0.042685
0.044230
0.045812
0.047431
0.049087
0.050782
0.052515
0.054286
0.056098
0.057949
0.059840
0.061772
0.063744
0.065759
0.067815
0.069914
0.072055
0.074240
0.076468
0.078741
0.081058
0.083420
0.085828
0.088281
0.090781
0.093328
0.095921
-0.000845
-0.000800
-0.000744
-0.000683
-0.000619
-0.000553
-0.000485
-0.000415
-0.000345
-0.000272
-0.000198
-0.000121
-0.000041
0.000043
0.000130
0.000220
0.000316
0.000416
0.000521
0.000631
0.000747
0.000868
0.000996
0.001131
0.001272
0.001420
0.001576
0.001738
0.001909
0.002088
0.002275
0.002470
0.002674
0.002887
0.003109
0.003341
0.003582
0.003834
0.004095
0.004367
0.004649
0.004942
0.005246
0.005561
0.005888
0.006227
0.006577
0.006940
0.007315
0.007702
0.008103
0.008516
0.008943
0.009383
0.009837
0.010305
0.010787
0.011283
0.011794
0.012320
0.012860
0.013416
0.013988
0.014575
0.015178
0.015797
0.016433
0.017085
0.017753
0.018439
0.019142
0.019863
0.020601
0.021357
0.022131
0.022924
0.023735
0.024564
0.025413
0.026281
0.027169
0.028076
0.029003
0.029950
0.030917
0.031905
0.032914
0.033944
0.034994
0.036067
0.037161
0.038276
0.039414
0.040574
0.041757
0.042962
0.044191
0.045442
0.046717
0.048016
-0.000942
-0.000897
-0.000849
-0.000801
-0.000755
-0.000711
-0.000670
-0.000632
-0.000597
-0.000564
-0.000534
-0.000507
-0.000481
-0.000457
-0.000434
-0.000414
-0.000394
-0.000376
-0.000358
-0.000342
-0.000327
-0.000312
-0.000299
-0.000285
-0.000273
-0.000261
-0.000250
-0.000239
-0.000229
-0.000219
-0.000209
-0.000200
-0.000192
-0.000183
-0.000175
-0.000168
-0.000160
-0.000153
-0.000146
-0.000140
-0.000133
-0.000127
-0.000121
-0.000116
-0.000110
-0.000105
-0.000100
-0.000095
-0.000090
-0.000086
-0.000081
-0.000077
-0.000073
-0.000069
-0.000065
-0.000062
-0.000058
-0.000055
-0.000052
-0.000049
-0.000046
-0.000043
-0.000041
-0.000038
-0.000036
-0.000033
-0.000031
-0.000029
-0.000027
-0.000025
-0.000024
-0.000022
-0.000020
-0.000019
-0.000018
-0.000016
-0.000015
-0.000014
-0.000013
-0.000012
-0.000011
-0.000010
-0.000009
-0.000008
-0.000007
-0.000006
-0.000005
-0.000005
-0.000004
-0.000004
-0.000003
-0.000002
-0.000002
-0.000001
-0.000001
-0.000000
-0.000000
0.000000
0.000001
0.000001
-0.001039
-0.000994
-0.000954
-0.000919
-0.000891
-0.000869
-0.000855
-0.000848
-0.000849
-0.000856
-0.000871
-0.000892
-0.000921
-0.000956
-0.000998
-0.001047
-0.001104
-0.001167
-0.001237
-0.001315
-0.001400
-0.001493
-0.001593
-0.001702
-0.001818
-0.001942
-0.002075
-0.002217
-0.002367
-0.002525
-0.002693
-0.002871
-0.003057
-0.003254
-0.003460
-0.003676
-0.003903
-0.004140
-0.004387
-0.004646
-0.004915
-0.005196
-0.005488
-0.005792
-0.006108
-0.006436
-0.006777
-0.007130
-0.007495
-0.007874
-0.008265
-0.008670
-0.009089
-0.009522
-0.009968
-0.010429
-0.010904
-0.011393
-0.011898
-0.012418
-0.012953
-0.013503
-0.014069
-0.014651
-0.015249
-0.015864
-0.016495
-0.017143
-0.017808
-0.018490
-0.019189
-0.019907
-0.020642
-0.021395
-0.022166
-0.022956
-0.023764
-0.024592
-0.025438
-0.026304
-0.027190
-0.028095
-0.029020
-0.029965
-0.030931
-0.031918
-0.032925
-0.033953
-0.035003
-0.036074
-0.037166
-0.038281
-0.039418
-0.040577
-0.041759
-0.042963
-0.044191
-0.045441
-0.046715
-0.048013
-0.001136
-0.001091
-0.001058
-0.001036
-0.001026
-0.001027
-0.001040
-0.001064
-0.001100
-0.001148
-0.001207
-0.001277
-0.001360
-0.001454
-0.001561
-0.001680
-0.001812
-0.001956
-0.002114
-0.002286
-0.002471
-0.002671
-0.002885
-0.003115
-0.003359
-0.003620
-0.003896
-0.004189
-0.004499
-0.004827
-0.005172
-0.005535
-0.005916
-0.006317
-0.006737
-0.007177
-0.007637
-0.008117
-0.008619
-0.009142
-0.009686
-0.010254
-0.010843
-0.011456
-0.012093
-0.012754
-0.013439
-0.014148
-0.014883
-0.015644
-0.016431
-0.017244
-0.018085
-0.018952
-0.019848
-0.020772
-0.021724
-0.022706
-0.023717
-0.024758
-0.025830
-0.026932
-0.028066
-0.029231
-0.030428
-0.031658
-0.032921
-0.034218
-0.035548
-0.036913
-0.038312
-0.039746
-0.041216
-0.042722
-0.044264
-0.045843
-0.047460
-0.049114
-0.050806
-0.052537
-0.054307
-0.056116
-0.057965
-0.059855
-0.061785
-0.063757
-0.065769
-0.067824
-0.069922
-0.072062
-0.074246
-0.076473
-0.078745
-0.081061
-0.083422
-0.085829
-0.088281
-0.090780
-0.093326
-0.095919
-0.001233
-0.001188
-0.001162
-0.001153
-0.001161
-0.001184
-0.001224
-0.001279
-0.001350
-0.001437
-0.001541
-0.001660
-0.001797
-0.001950
-0.002121
-0.002309
-0.002516
-0.002742
-0.002987
-0.003252
-0.003537
-0.003843
-0.004171
-0.004521
-0.004894
-0.005289
-0.005709
-0.006153
-0.006622
-0.007117
-0.007639
-0.008187
-0.008762
-0.009366
-0.009999
-0.010661
-0.011354
-0.012076
-0.012831
-0.013617
-0.014436
-0.015288
-0.016174
-0.017095
-0.018050
-0.019042
-0.020070
-0.021135
-0.022238
-0.023379
-0.024559
-0.025779
-0.027039
-0.028340
-0.029683
-0.031068
-0.032496
-0.033967
-0.035482
-0.037043
-0.038648
-0.040300
-0.041999
-0.043745
-0.045538
-0.047381
-0.049273
-0.051215
-0.053208
-0.055252
-0.057347
-0.059496
-0.061697
-0.063952
-0.066262
-0.068627
-0.071048
-0.073525
-0.076059
-0.078651
-0.081302
-0.084011
-0.086780
-0.089609
-0.092499
-0.095451
-0.098465
-0.101542
-0.104682
-0.107887
-0.111157
-0.114492
-0.117893
-0.121361
-0.124896
-0.128500
-0.132172
-0.135914
-0.139725
-0.143607
-0.001329
-0.001284
-0.001266
-0.001269
-0.001295
-0.001340
-0.001406
-0.001492
-0.001599
-0.001725
-0.001872
-0.002041
-0.002230
-0.002442
-0.002677
-0.002934
-0.003216
-0.003522
-0.003854
-0.004211
-0.004596
-0.005008
-0.005448
-0.005918
-0.006417
-0.006948
-0.007509
-0.008104
-0.008731
-0.009392
-0.010089
-0.010821
-0.011589
-0.012395
-0.013239
-0.014122
-0.015045
-0.016009
-0.017014
-0.018062
-0.019153
-0.020288
-0.021468
-0.022694
-0.023967
-0.025287
-0.026656
-0.028074
-0.029542
-0.031061
-0.032632
-0.034256
-0.035933
-0.037664
-0.039451
-0.041294
-0.043193
-0.045151
-0.047167
-0.049243
-0.051379
-0.053577
-0.055836
-0.058159
-0.060545
-0.062996
-0.065513
-0.068096
-0.070747
-0.073465
-0.076253
-0.079110
-0.082038
-0.085038
-0.088110
-0.091256
-0.094475
-0.097770
-0.101140
-0.104587
-0.108112
-0.111715
-0.115397
-0.119160
-0.123004
-0.126929
-0.130938
-0.135029
-0.139206
-0.143468
-0.147816
-0.152251
-0.156774
-0.161386
-0.166088
-0.170880
-0.175763
-0.180739
-0.185808
-0.190970
-0.001425
-0.001380
-0.001368
-0.001385
-0.001427
-0.001495
-0.001587
-0.001704
-0.001845
-0.002010
-0.002201
-0.002417
-0.002660
-0.002930
-0.003227
-0.003553
-0.003909
-0.004295
-0.004712
-0.005162
-0.005645
-0.006162
-0.006714
-0.007302
-0.007927
-0.008591
-0.009293
-0.010036
-0.010820
-0.011647
-0.012516
-0.013430
-0.014390
-0.015396
-0.016449
-0.017551
-0.018703
-0.019905
-0.021159
-0.022466
-0.023827
-0.025242
-0.026714
-0.028243
-0.029830
-0.031476
-0.033182
-0.034950
-0.036780
-0.038673
-0.040631
-0.042655
-0.044745
-0.046903
-0.049129
-0.051426
-0.053793
-0.056233
-0.058745
-0.061332
-0.063994
-0.066732
-0.069548
-0.072442
-0.075415
-0.078469
-0.081605
-0.084823
-0.088125
-0.091513
-0.094986
-0.098546
-0.102194
-0.105931
-0.109758
-0.113677
-0.117688
-0.121793
-0.125992
-0.130286
-0.134677
-0.139166
-0.143753
-0.148441
-0.153230
-0.158120
-0.163113
-0.168211
-0.173414
-0.178723
-0.184140
-0.189665
-0.195300
-0.201045
-0.206903
-0.212873
-0.218956
-0.225155
-0.231469
-0.237901
-0.001519
-0.001474
-0.001469
-0.001498
-0.001558
-0.001648
-0.001766
-0.001912
-0.002087
-0.002292
-0.002525
-0.002789
-0.003084
-0.003411
-0.003771
-0.004165
-0.004594
-0.005059
-0.005561
-0.006101
-0.006681
-0.007302
-0.007964
-0.008670
-0.009419
-0.010215
-0.011056
-0.011946
-0.012885
-0.013875
-0.014916
-0.016010
-0.017158
-0.018362
-0.019622
-0.020941
-0.022318
-0.023756
-0.025256
-0.026819
-0.028447
-0.030140
-0.031899
-0.033727
-0.035625
-0.037593
-0.039633
-0.041746
-0.043934
-0.046197
-0.048538
-0.050957
-0.053456
-0.056035
-0.058697
-0.061442
-0.064272
-0.067187
-0.070190
-0.073282
-0.076464
-0.079736
-0.083101
-0.086560
-0.090114
-0.093764
-0.097512
-0.101358
-0.105305
-0.109353
-0.113503
-0.117758
-0.122117
-0.126584
-0.131158
-0.135841
-0.140635
-0.145540
-0.150558
-0.155690
-0.160937
-0.166301
-0.171784
-0.177386
-0.183108
-0.188952
-0.194920
-0.201012
-0.207229
-0.213574
-0.220047
-0.226650
-0.233384
-0.240250
-0.247249
-0.254383
-0.261653
-0.269061
-0.276607
-0.284292
-0.001612
-0.001567
-0.001569
-0.001610
-0.001687
-0.001798
-0.001942
-0.002118
-0.002327
-0.002569
-0.002845
-0.003156
-0.003503
-0.003886
-0.004308
-0.004768
-0.005269
-0.005812
-0.006398
-0.007028
-0.007704
-0.008426
-0.009197
-0.010019
-0.010891
-0.011816
-0.012795
-0.013830
-0.014922
-0.016072
-0.017282
-0.018554
-0.019888
-0.021287
-0.022751
-0.024283
-0.025884
-0.027554
-0.029297
-0.031112
-0.033003
-0.034969
-0.037013
-0.039136
-0.041339
-0.043625
-0.045994
-0.048448
-0.050989
-0.053617
-0.056335
-0.059144
-0.062045
-0.065040
-0.068131
-0.071318
-0.074604
-0.077990
-0.081477
-0.085066
-0.088760
-0.092560
-0.096467
-0.100483
-0.104609
-0.108846
-0.113197
-0.117663
-0.122245
-0.126945
-0.131763
-0.136703
-0.141764
-0.146950
-0.152260
-0.157697
-0.163262
-0.168957
-0.174783
-0.180741
-0.186833
-0.193060
-0.199425
-0.205928
-0.212572
-0.219357
-0.226285
-0.233357
-0.240575
-0.247941
-0.255456
-0.263121
-0.270939
-0.278910
-0.287036
-0.295318
-0.303758
-0.312357
-0.321117
-0.330040
-0.001703
-0.001659
-0.001667
-0.001720
-0.001814
-0.001946
-0.002114
-0.002320
-0.002562
-0.002842
-0.003160
-0.003517
-0.003914
-0.004353
-0.004835
-0.005362
-0.005934
-0.006553
-0.007221
-0.007939
-0.008709
-0.009532
-0.010410
-0.011345
-0.012338
-0.013391
-0.014505
-0.015682
-0.016924
-0.018233
-0.019609
-0.021056
-0.022573
-0.024164
-0.025829
-0.027571
-0.029391
-0.031290
-0.033271
-0.035335
-0.037484
-0.039719
-0.042042
-0.044456
-0.046960
-0.049558
-0.052251
-0.055041
-0.057928
-0.060916
-0.064005
-0.067197
-0.070495
-0.073899
-0.077411
-0.081034
-0.084768
-0.088615
-0.092578
-0.096658
-0.100856
-0.105174
-0.109614
-0.114178
-0.118866
-0.123682
-0.128627
-0.133702
-0.138909
-0.144249
-0.149725
-0.155339
-0.161091
-0.166983
-0.173018
-0.179196
-0.185521
-0.191992
-0.198612
-0.205382
-0.212305
-0.219382
-0.226615
-0.234005
-0.241554
-0.249264
-0.257137
-0.265173
-0.273376
-0.281746
-0.290286
-0.298997
-0.307880
-0.316938
-0.326172
-0.335583
-0.345174
-0.354946
-0.364901
-0.375040
-0.001793
-0.001748
-0.001763
-0.001828
-0.001938
-0.002090
-0.002284
-0.002518
-0.002793
-0.003109
-0.003468
-0.003871
-0.004318
-0.004812
-0.005353
-0.005944
-0.006585
-0.007279
-0.008028
-0.008833
-0.009695
-0.010617
-0.011600
-0.012647
-0.013758
-0.014936
-0.016183
-0.017500
-0.018890
-0.020353
-0.021893
-0.023510
-0.025208
-0.026986
-0.028849
-0.030796
-0.032831
-0.034955
-0.037170
-0.039478
-0.041880
-0.044379
-0.046977
-0.049675
-0.052475
-0.055380
-0.058390
-0.061509
-0.064737
-0.068076
-0.071530
-0.075098
-0.078784
-0.082590
-0.086516
-0.090565
-0.094739
-0.099040
-0.103470
-0.108030
-0.112723
-0.117549
-0.122513
-0.127614
-0.132855
-0.138238
-0.143765
-0.149437
-0.155258
-0.161227
-0.167348
-0.173622
-0.180052
-0.186638
-0.193383
-0.200289
-0.207358
-0.214591
-0.221991
-0.229559
-0.237296
-0.245206
-0.253291
-0.261551
-0.269989
-0.278607
-0.287407
-0.296389
-0.305558
-0.314913
-0.324459
-0.334195
-0.344124
-0.354248
-0.364569
-0.375089
-0.385809
-0.396731
-0.407858
-0.419190
-0.001880
-0.001836
-0.001857
-0.001933
-0.002059
-0.002232
-0.002449
-0.002711
-0.003018
-0.003371
-0.003770
-0.004216
-0.004713
-0.005259
-0.005859
-0.006513
-0.007223
-0.007990
-0.008818
-0.009707
-0.010660
-0.011678
-0.012764
-0.013920
-0.015147
-0.016448
-0.017824
-0.019278
-0.020812
-0.022428
-0.024127
-0.025912
-0.027785
-0.029748
-0.031803
-0.033953
-0.036198
-0.038541
-0.040985
-0.043532
-0.046182
-0.048940
-0.051806
-0.054782
-0.057872
-0.061076
-0.064397
-0.067837
-0.071399
-0.075083
-0.078892
-0.082829
-0.086896
-0.091093
-0.095425
-0.099892
-0.104497
-0.109241
-0.114128
-0.119158
-0.124334
-0.129659
-0.135134
-0.140761
-0.146543
-0.152481
-0.158577
-0.164835
-0.171255
-0.177840
-0.184592
-0.191513
-0.198605
-0.205870
-0.213311
-0.220929
-0.228726
-0.236705
-0.244867
-0.253215
-0.261750
-0.270476
-0.279393
-0.288505
-0.297813
-0.307319
-0.317025
-0.326934
-0.337047
-0.347367
-0.357896
-0.368636
-0.379588
-0.390756
-0.402141
-0.413744
-0.425569
-0.437617
-0.449890
-0.462391
-0.001965
-0.001921
-0.001948
-0.002036
-0.002177
-0.002369
-0.002610
-0.002900
-0.003238
-0.003625
-0.004063
-0.004554
-0.005097
-0.005696
-0.006353
-0.007068
-0.007844
-0.008684
-0.009588
-0.010560
-0.011601
-0.012714
-0.013900
-0.015162
-0.016503
-0.017923
-0.019426
-0.021014
-0.022688
-0.024452
-0.026307
-0.028256
-0.030300
-0.032443
-0.034686
-0.037032
-0.039483
-0.042041
-0.044708
-0.047487
-0.050380
-0.053389
-0.056517
-0.059765
-0.063137
-0.066634
-0.070258
-0.074012
-0.077899
-0.081919
-0.086077
-0.090373
-0.094810
-0.099391
-0.104118
-0.108992
-0.114017
-0.119195
-0.124527
-0.130016
-0.135665
-0.141475
-0.147449
-0.153589
-0.159898
-0.166378
-0.173030
-0.179858
-0.186864
-0.194050
-0.201417
-0.208969
-0.216708
-0.224636
-0.232755
-0.241068
-0.249576
-0.258282
-0.267189
-0.276298
-0.285611
-0.295132
-0.304863
-0.314805
-0.324962
-0.335334
-0.345926
-0.356738
-0.367773
-0.379034
-0.390523
-0.402242
-0.414193
-0.426379
-0.438801
-0.451463
-0.464365
-0.477512
-0.490904
-0.504544
-0.002048
-0.002003
-0.002037
-0.002135
-0.002292
-0.002503
-0.002767
-0.003083
-0.003451
-0.003873
-0.004349
-0.004881
-0.005472
-0.006121
-0.006833
-0.007608
-0.008449
-0.009358
-0.010338
-0.011390
-0.012517
-0.013721
-0.015005
-0.016371
-0.017821
-0.019358
-0.020984
-0.022701
-0.024513
-0.026421
-0.028428
-0.030536
-0.032747
-0.035065
-0.037491
-0.040028
-0.042678
-0.045445
-0.048329
-0.051335
-0.054464
-0.057718
-0.061100
-0.064613
-0.068259
-0.072041
-0.075960
-0.080020
-0.084223
-0.088570
-0.093066
-0.097712
-0.102510
-0.107464
-0.112575
-0.117846
-0.123280
-0.128878
-0.134644
-0.140580
-0.146687
-0.152970
-0.159430
-0.166070
-0.172892
-0.179898
-0.187092
-0.194475
-0.202050
-0.209820
-0.217787
-0.225953
-0.234321
-0.242893
-0.251672
-0.260660
-0.269860
-0.279274
-0.288905
-0.298755
-0.308825
-0.319120
-0.329642
-0.340392
-0.351375
-0.362590
-0.374043
-0.385734
-0.397666
-0.409842
-0.422265
-0.434937
-0.447859
-0.461035
-0.474468
-0.488158
-0.502110
-0.516325
-0.530806
-0.545554
-0.002127
-0.002083
-0.002122
-0.002231
-0.002403
-0.002633
-0.002919
-0.003260
-0.003658
-0.004113
-0.004626
-0.005199
-0.005834
-0.006533
-0.007298
-0.008131
-0.009035
-0.010012
-0.011064
-0.012194
-0.013405
-0.014698
-0.016076
-0.017543
-0.019100
-0.020749
-0.022495
-0.024338
-0.026283
-0.028331
-0.030484
-0.032747
-0.035120
-0.037607
-0.040211
-0.042933
-0.045778
-0.048746
-0.051842
-0.055067
-0.058424
-0.061916
-0.065545
-0.069315
-0.073227
-0.077285
-0.081490
-0.085847
-0.090356
-0.095021
-0.099845
-0.104829
-0.109978
-0.115293
-0.120777
-0.126433
-0.132263
-0.138270
-0.144456
-0.150825
-0.157378
-0.164119
-0.171050
-0.178174
-0.185494
-0.193011
-0.200729
-0.208651
-0.216779
-0.225115
-0.233663
-0.242424
-0.251402
-0.260600
-0.270019
-0.279662
-0.289533
-0.299634
-0.309967
-0.320535
-0.331340
-0.342385
-0.353674
-0.365209
-0.376992
-0.389025
-0.401312
-0.413856
-0.426658
-0.439722
-0.453051
-0.466646
-0.480511
-0.494648
-0.509059
-0.523748
-0.538717
-0.553968
-0.569505
-0.585329
-0.002204
-0.002159
-0.002204
-0.002324
-0.002510
-0.002757
-0.003065
-0.003431
-0.003858
-0.004344
-0.004893
-0.005506
-0.006184
-0.006931
-0.007748
-0.008637
-0.009601
-0.010644
-0.011766
-0.012972
-0.014263
-0.015642
-0.017112
-0.018675
-0.020335
-0.022094
-0.023955
-0.025921
-0.027993
-0.030176
-0.032472
-0.034884
-0.037414
-0.040065
-0.042840
-0.045742
-0.048774
-0.051938
-0.055237
-0.058674
-0.062252
-0.065974
-0.069842
-0.073860
-0.078030
-0.082354
-0.086836
-0.091479
-0.096285
-0.101256
-0.106397
-0.111710
-0.117197
-0.122861
-0.128706
-0.134733
-0.140946
-0.147348
-0.153941
-0.160728
-0.167712
-0.174896
-0.182283
-0.189875
-0.197675
-0.205686
-0.213912
-0.222354
-0.231016
-0.239900
-0.249009
-0.258346
-0.267915
-0.277716
-0.287754
-0.298031
-0.308551
-0.319315
-0.330326
-0.341588
-0.353103
-0.364875
-0.376905
-0.389198
-0.401754
-0.414579
-0.427673
-0.441040
-0.454684
-0.468606
-0.482810
-0.497298
-0.512074
-0.527139
-0.542498
-0.558151
-0.574104
-0.590357
-0.606914
-0.623777
-0.002277
-0.002233
-0.002283
-0.002412
-0.002612
-0.002877
-0.003205
-0.003596
-0.004049
-0.004567
-0.005150
-0.005801
-0.006521
-0.007314
-0.008180
-0.009124
-0.010147
-0.011252
-0.012442
-0.013720
-0.015089
-0.016551
-0.018109
-0.019766
-0.021525
-0.023390
-0.025362
-0.027445
-0.029641
-0.031954
-0.034387
-0.036942
-0.039623
-0.042432
-0.045372
-0.048447
-0.051659
-0.055012
-0.058507
-0.062149
-0.065940
-0.069883
-0.073981
-0.078238
-0.082655
-0.087237
-0.091985
-0.096904
-0.101995
-0.107263
-0.112709
-0.118337
-0.124150
-0.130151
-0.136343
-0.142728
-0.149311
-0.156093
-0.163077
-0.170268
-0.177667
-0.185277
-0.193103
-0.201145
-0.209409
-0.217896
-0.226610
-0.235554
-0.244730
-0.254142
-0.263792
-0.273684
-0.283820
-0.294204
-0.304838
-0.315725
-0.326869
-0.338272
-0.349937
-0.361868
-0.374067
-0.386538
-0.399283
-0.412305
-0.425607
-0.439193
-0.453065
-0.467226
-0.481680
-0.496428
-0.511476
-0.526824
-0.542477
-0.558437
-0.574707
-0.591290
-0.608190
-0.625408
-0.642948
-0.660813
-0.002347
-0.002303
-0.002358
-0.002497
-0.002710
-0.002991
-0.003339
-0.003753
-0.004233
-0.004780
-0.005397
-0.006084
-0.006845
-0.007681
-0.008595
-0.009591
-0.010670
-0.011836
-0.013091
-0.014438
-0.015881
-0.017423
-0.019066
-0.020813
-0.022667
-0.024632
-0.026711
-0.028907
-0.031222
-0.033660
-0.036224
-0.038917
-0.041743
-0.044703
-0.047802
-0.051043
-0.054428
-0.057961
-0.061645
-0.065483
-0.069478
-0.073634
-0.077953
-0.082439
-0.087094
-0.091922
-0.096926
-0.102110
-0.107475
-0.113026
-0.118765
-0.124696
-0.130822
-0.137146
-0.143671
-0.150400
-0.157337
-0.164484
-0.171844
-0.179421
-0.187218
-0.195239
-0.203485
-0.211960
-0.220669
-0.229612
-0.238795
-0.248220
-0.257890
-0.267808
-0.277977
-0.288401
-0.299082
-0.310025
-0.321231
-0.332703
-0.344446
-0.356463
-0.368756
-0.381328
-0.394183
-0.407325
-0.420756
-0.434478
-0.448496
-0.462813
-0.477431
-0.492353
-0.507584
-0.523126
-0.538982
-0.555156
-0.571651
-0.588469
-0.605615
-0.623090
-0.640898
-0.659042
-0.677525
-0.696351
-0.002413
-0.002369
-0.002430
-0.002577
-0.002803
-0.003100
-0.003467
-0.003903
-0.004408
-0.004984
-0.005632
-0.006354
-0.007153
-0.008031
-0.008991
-0.010036
-0.011169
-0.012393
-0.013710
-0.015124
-0.016639
-0.018256
-0.019979
-0.021813
-0.023758
-0.025820
-0.028001
-0.030304
-0.032733
-0.035290
-0.037980
-0.040805
-0.043768
-0.046874
-0.050124
-0.053523
-0.057074
-0.060780
-0.064644
-0.068669
-0.072860
-0.077218
-0.081748
-0.086453
-0.091335
-0.096399
-0.101648
-0.107084
-0.112711
-0.118533
-0.124553
-0.130774
-0.137198
-0.143831
-0.150674
-0.157732
-0.165007
-0.172502
-0.180222
-0.188169
-0.196346
-0.204758
-0.213406
-0.222295
-0.231428
-0.240808
-0.250439
-0.260324
-0.270465
-0.280867
-0.291532
-0.302464
-0.313667
-0.325143
-0.336896
-0.348928
-0.361244
-0.373847
-0.386739
-0.399925
-0.413407
-0.427189
-0.441275
-0.455667
-0.470369
-0.485384
-0.500714
-0.516365
-0.532338
-0.548638
-0.565268
-0.582231
-0.599530
-0.617168
-0.635150
-0.653477
-0.672154
-0.691183
-0.710568
-0.730312
-0.002476
-0.002431
-0.002497
-0.002653
-0.002891
-0.003203
-0.003588
-0.004045
-0.004574
-0.005177
-0.005855
-0.006611
-0.007446
-0.008364
-0.009368
-0.010460
-0.011644
-0.012923
-0.014299
-0.015777
-0.017359
-0.019048
-0.020849
-0.022763
-0.024796
-0.026949
-0.029227
-0.031633
-0.034169
-0.036840
-0.039649
-0.042600
-0.045695
-0.048938
-0.052333
-0.055883
-0.059591
-0.063461
-0.067496
-0.071700
-0.076076
-0.080628
-0.085358
-0.090271
-0.095370
-0.100658
-0.106139
-0.111816
-0.117693
-0.123772
-0.130058
-0.136554
-0.143264
-0.150190
-0.157336
-0.164706
-0.172303
-0.180130
-0.188191
-0.196490
-0.205029
-0.213813
-0.222844
-0.232126
-0.241664
-0.251459
-0.261516
-0.271838
-0.282428
-0.293290
-0.304427
-0.315843
-0.327541
-0.339525
-0.351798
-0.364362
-0.377223
-0.390383
-0.403846
-0.417615
-0.431694
-0.446086
-0.460795
-0.475824
-0.491176
-0.506855
-0.522864
-0.539206
-0.555886
-0.572908
-0.590273
-0.607987
-0.626051
-0.644469
-0.663246
-0.682385
-0.701888
-0.721759
-0.742001
-0.762619
-0.002534
-0.002490
-0.002560
-0.002725
-0.002973
-0.003300
-0.003702
-0.004179
-0.004731
-0.005359
-0.006066
-0.006853
-0.007723
-0.008679
-0.009724
-0.010861
-0.012093
-0.013424
-0.014856
-0.016394
-0.018040
-0.019798
-0.021671
-0.023663
-0.025778
-0.028018
-0.030388
-0.032890
-0.035529
-0.038308
-0.041230
-0.044299
-0.047518
-0.050892
-0.054423
-0.058116
-0.061973
-0.065998
-0.070196
-0.074568
-0.079120
-0.083855
-0.088775
-0.093886
-0.099189
-0.104690
-0.110390
-0.116295
-0.122407
-0.128731
-0.135269
-0.142026
-0.149005
-0.156209
-0.163642
-0.171307
-0.179209
-0.187350
-0.195734
-0.204366
-0.213247
-0.222384
-0.231777
-0.241432
-0.251352
-0.261540
-0.272000
-0.282736
-0.293751
-0.305049
-0.316633
-0.328506
-0.340674
-0.353138
-0.365903
-0.378972
-0.392348
-0.406036
-0.420039
-0.434360
-0.449003
-0.463972
-0.479271
-0.494902
-0.510870
-0.527177
-0.543828
-0.560826
-0.578175
-0.595879
-0.613941
-0.632365
-0.651153
-0.670310
-0.689840
-0.709746
-0.730031
-0.750699
-0.771754
-0.793198
-0.002588
-0.002544
-0.002618
-0.002791
-0.003051
-0.003391
-0.003809
-0.004305
-0.004878
-0.005531
-0.006264
-0.007080
-0.007983
-0.008975
-0.010059
-0.011238
-0.012516
-0.013895
-0.015380
-0.016974
-0.018681
-0.020503
-0.022445
-0.024510
-0.026702
-0.029024
-0.031480
-0.034074
-0.036809
-0.039688
-0.042717
-0.045898
-0.049234
-0.052731
-0.056391
-0.060217
-0.064215
-0.068387
-0.072737
-0.077268
-0.081986
-0.086892
-0.091991
-0.097287
-0.102784
-0.108484
-0.114391
-0.120511
-0.126845
-0.133398
-0.140174
-0.147176
-0.154408
-0.161874
-0.169577
-0.177520
-0.185709
-0.194145
-0.202834
-0.211779
-0.220983
-0.230451
-0.240185
-0.250191
-0.260471
-0.271029
-0.281869
-0.292994
-0.304409
-0.316117
-0.328121
-0.340425
-0.353034
-0.365951
-0.379179
-0.392722
-0.406584
-0.420769
-0.435280
-0.450121
-0.465295
-0.480807
-0.496661
-0.512859
-0.529406
-0.546306
-0.563561
-0.581176
-0.599155
-0.617501
-0.636218
-0.655310
-0.674781
-0.694633
-0.714872
-0.735500
-0.756521
-0.777939
-0.799758
-0.821980
-0.002638
-0.002594
-0.002672
-0.002852
-0.003122
-0.003475
-0.003909
-0.004422
-0.005015
-0.005690
-0.006448
-0.007293
-0.008226
-0.009251
-0.010371
-0.011590
-0.012910
-0.014336
-0.015870
-0.017517
-0.019280
-0.021162
-0.023168
-0.025301
-0.027565
-0.029964
-0.032501
-0.035180
-0.038005
-0.040980
-0.044108
-0.047393
-0.050839
-0.054451
-0.058230
-0.062183
-0.066311
-0.070620
-0.075113
-0.079793
-0.084665
-0.089733
-0.094999
-0.100469
-0.106145
-0.112032
-0.118134
-0.124454
-0.130996
-0.137764
-0.144762
-0.151993
-0.159462
-0.167172
-0.175127
-0.183331
-0.191788
-0.200501
-0.209474
-0.218712
-0.228218
-0.237996
-0.248049
-0.258383
-0.268999
-0.279903
-0.291098
-0.302588
-0.314377
-0.326468
-0.338866
-0.351573
-0.364595
-0.377935
-0.391596
-0.405583
-0.419899
-0.434548
-0.449534
-0.464861
-0.480532
-0.496553
-0.512926
-0.529655
-0.546744
-0.564197
-0.582017
-0.600209
-0.618777
-0.637724
-0.657054
-0.676772
-0.696880
-0.717383
-0.738284
-0.759588
-0.781298
-0.803417
-0.825950
-0.848900
-0.002683
-0.002639
-0.002722
-0.002908
-0.003187
-0.003552
-0.004000
-0.004530
-0.005142
-0.005837
-0.006619
-0.007489
-0.008451
-0.009507
-0.010661
-0.011916
-0.013276
-0.014744
-0.016324
-0.018020
-0.019836
-0.021774
-0.023840
-0.026036
-0.028367
-0.030837
-0.033449
-0.036207
-0.039116
-0.042178
-0.045399
-0.048781
-0.052329
-0.056047
-0.059939
-0.064008
-0.068258
-0.072694
-0.077319
-0.082138
-0.087153
-0.092370
-0.097792
-0.103423
-0.109266
-0.115327
-0.121608
-0.128115
-0.134849
-0.141817
-0.149021
-0.156466
-0.164155
-0.172092
-0.180282
-0.188727
-0.197433
-0.206402
-0.215640
-0.225150
-0.234936
-0.245002
-0.255352
-0.265989
-0.276919
-0.288144
-0.299669
-0.311497
-0.323633
-0.336080
-0.348843
-0.361925
-0.375330
-0.389063
-0.403126
-0.417525
-0.432262
-0.447343
-0.462770
-0.478548
-0.494681
-0.511173
-0.528029
-0.545250
-0.562843
-0.580810
-0.599155
-0.617882
-0.636997
-0.656502
-0.676402
-0.696700
-0.717401
-0.738507
-0.760024
-0.781955
-0.804304
-0.827075
-0.850271
-0.873897
-0.002724
-0.002680
-0.002766
-0.002959
-0.003247
-0.003623
-0.004083
-0.004628
-0.005257
-0.005972
-0.006776
-0.007670
-0.008658
-0.009742
-0.010927
-0.012216
-0.013613
-0.015120
-0.016742
-0.018483
-0.020347
-0.022337
-0.024458
-0.026712
-0.029105
-0.031640
-0.034322
-0.037153
-0.040138
-0.043282
-0.046588
-0.050059
-0.053701
-0.057517
-0.061511
-0.065688
-0.070050
-0.074603
-0.079351
-0.084296
-0.089444
-0.094798
-0.100363
-0.106143
-0.112140
-0.118361
-0.124808
-0.131485
-0.138398
-0.145549
-0.152943
-0.160584
-0.168476
-0.176622
-0.185027
-0.193696
-0.202631
-0.211837
-0.221318
-0.231078
-0.241122
-0.251453
-0.262076
-0.272994
-0.284211
-0.295732
-0.307560
-0.319700
-0.332156
-0.344931
-0.358030
-0.371456
-0.385215
-0.399309
-0.413743
-0.428521
-0.443646
-0.459124
-0.474958
-0.491152
-0.507710
-0.524636
-0.541936
-0.559611
-0.577667
-0.596107
-0.614935
-0.634156
-0.653774
-0.673793
-0.694217
-0.715050
-0.736296
-0.757959
-0.780042
-0.802551
-0.825489
-0.848859
-0.872667
-0.896915
-0.002759
-0.002716
-0.002806
-0.003004
-0.003300
-0.003686
-0.004159
-0.004717
-0.005362
-0.006095
-0.006918
-0.007834
-0.008845
-0.009956
-0.011170
-0.012489
-0.013919
-0.015462
-0.017123
-0.018905
-0.020813
-0.022850
-0.025021
-0.027328
-0.029778
-0.032373
-0.035117
-0.038015
-0.041070
-0.044288
-0.047671
-0.051224
-0.054952
-0.058857
-0.062945
-0.067219
-0.071684
-0.076344
-0.081202
-0.086264
-0.091532
-0.097012
-0.102707
-0.108622
-0.114760
-0.121126
-0.127724
-0.134559
-0.141633
-0.148952
-0.156519
-0.164339
-0.172415
-0.180752
-0.189354
-0.198225
-0.207369
-0.216791
-0.226494
-0.236483
-0.246762
-0.257335
-0.268206
-0.279379
-0.290859
-0.302650
-0.314755
-0.327179
-0.339926
-0.353000
-0.366406
-0.380146
-0.394227
-0.408651
-0.423423
-0.438546
-0.454026
-0.469866
-0.486070
-0.502643
-0.519588
-0.536911
-0.554615
-0.572704
-0.591182
-0.610054
-0.629323
-0.648994
-0.669071
-0.689558
-0.710460
-0.731781
-0.753523
-0.775693
-0.798293
-0.821329
-0.844803
-0.868720
-0.893085
-0.917900
-0.002790
-0.002748
-0.002840
-0.003044
-0.003347
-0.003742
-0.004225
-0.004796
-0.005455
-0.006204
-0.007045
-0.007980
-0.009014
-0.010148
-0.011387
-0.012734
-0.014194
-0.015770
-0.017465
-0.019285
-0.021232
-0.023312
-0.025527
-0.027883
-0.030383
-0.033032
-0.035833
-0.038791
-0.041910
-0.045193
-0.048647
-0.052273
-0.056078
-0.060064
-0.064236
-0.068599
-0.073156
-0.077912
-0.082870
-0.088036
-0.093414
-0.099006
-0.104819
-0.110856
-0.117121
-0.123618
-0.130352
-0.137327
-0.144547
-0.152017
-0.159740
-0.167721
-0.175964
-0.184473
-0.193252
-0.202306
-0.211638
-0.221254
-0.231157
-0.241352
-0.251843
-0.262634
-0.273729
-0.285132
-0.296849
-0.308882
-0.321237
-0.333917
-0.346927
-0.360270
-0.373952
-0.387976
-0.402346
-0.417068
-0.432144
-0.447579
-0.463377
-0.479543
-0.496081
-0.512995
-0.530290
-0.547969
-0.566038
-0.584500
-0.603359
-0.622620
-0.642286
-0.662362
-0.682852
-0.703762
-0.725094
-0.746853
-0.769044
-0.791670
-0.814736
-0.838246
-0.862204
-0.886614
-0.911480
-0.936807
-0.002816
-0.002774
-0.002869
-0.003078
-0.003387
-0.003790
-0.004283
-0.004865
-0.005537
-0.006300
-0.007157
-0.008110
-0.009162
-0.010318
-0.011579
-0.012951
-0.014438
-0.016042
-0.017768
-0.019621
-0.021604
-0.023721
-0.025976
-0.028375
-0.030920
-0.033616
-0.036468
-0.039479
-0.042654
-0.045997
-0.049512
-0.053204
-0.057077
-0.061135
-0.065382
-0.069823
-0.074462
-0.079303
-0.084351
-0.089609
-0.095083
-0.100776
-0.106693
-0.112838
-0.119215
-0.125829
-0.132684
-0.139785
-0.147134
-0.154738
-0.162600
-0.170724
-0.179114
-0.187776
-0.196712
-0.205928
-0.215428
-0.225216
-0.235297
-0.245675
-0.256353
-0.267338
-0.278632
-0.290240
-0.302166
-0.314415
-0.326991
-0.339898
-0.353141
-0.366724
-0.380651
-0.394926
-0.409554
-0.424539
-0.439886
-0.455597
-0.471679
-0.488134
-0.504969
-0.522186
-0.539790
-0.557786
-0.576179
-0.594972
-0.614169
-0.633775
-0.653793
-0.674229
-0.695087
-0.716370
-0.738085
-0.760234
-0.782822
-0.805854
-0.829333
-0.853264
-0.877651
-0.902498
-0.927811
-0.953591
-0.002837
-0.002795
-0.002893
-0.003106
-0.003421
-0.003831
-0.004333
-0.004924
-0.005607
-0.006383
-0.007253
-0.008221
-0.009291
-0.010464
-0.011746
-0.013140
-0.014649
-0.016279
-0.018032
-0.019913
-0.021927
-0.024077
-0.026367
-0.028803
-0.031387
-0.034125
-0.037021
-0.040079
-0.043302
-0.046697
-0.050266
-0.054015
-0.057947
-0.062068
-0.066380
-0.070889
-0.075600
-0.080515
-0.085640
-0.090980
-0.096538
-0.102318
-0.108326
-0.114565
-0.121040
-0.127756
-0.134716
-0.141925
-0.149388
-0.157108
-0.165091
-0.173339
-0.181859
-0.190653
-0.199727
-0.209084
-0.218730
-0.228668
-0.238903
-0.249440
-0.260283
-0.271436
-0.282903
-0.294690
-0.306799
-0.319236
-0.332005
-0.345110
-0.358556
-0.372347
-0.386487
-0.400982
-0.415834
-0.431049
-0.446631
-0.462583
-0.478911
-0.495620
-0.512712
-0.530193
-0.548067
-0.566340
-0.585015
-0.604096
-0.623588
-0.643494
-0.663820
-0.684569
-0.705747
-0.727357
-0.749404
-0.771893
-0.794827
-0.818212
-0.842051
-0.866349
-0.891110
-0.916339
-0.942039
-0.968215
-0.002853
-0.002811
-0.002911
-0.003128
-0.003448
-0.003864
-0.004373
-0.004973
-0.005666
-0.006452
-0.007334
-0.008315
-0.009399
-0.010588
-0.011887
-0.013299
-0.014828
-0.016479
-0.018255
-0.020161
-0.022201
-0.024378
-0.026699
-0.029166
-0.031784
-0.034557
-0.037490
-0.040587
-0.043853
-0.047291
-0.050907
-0.054704
-0.058687
-0.062860
-0.067228
-0.071795
-0.076566
-0.081545
-0.086736
-0.092144
-0.097774
-0.103629
-0.109714
-0.116033
-0.122591
-0.129393
-0.136443
-0.143745
-0.151304
-0.159123
-0.167208
-0.175563
-0.184191
-0.193099
-0.202289
-0.211766
-0.221536
-0.231602
-0.241969
-0.252642
-0.263624
-0.274920
-0.286534
-0.298472
-0.310736
-0.323333
-0.336266
-0.349540
-0.363158
-0.377127
-0.391448
-0.406129
-0.421172
-0.436583
-0.452364
-0.468522
-0.485059
-0.501982
-0.519294
-0.537000
-0.555103
-0.573611
-0.592525
-0.611851
-0.631593
-0.651756
-0.672342
-0.693358
-0.714808
-0.736695
-0.759026
-0.781803
-0.805032
-0.828717
-0.852862
-0.877472
-0.902551
-0.928104
-0.954134
-0.980646
-0.002863
-0.002822
-0.002924
-0.003144
-0.003468
-0.003889
-0.004404
-0.005012
-0.005712
-0.006507
-0.007399
-0.008391
-0.009486
-0.010688
-0.012001
-0.013428
-0.014974
-0.016642
-0.018437
-0.020363
-0.022424
-0.024625
-0.026970
-0.029463
-0.032109
-0.034911
-0.037875
-0.041005
-0.044304
-0.047779
-0.051432
-0.055269
-0.059293
-0.063510
-0.067924
-0.072539
-0.077360
-0.082390
-0.087636
-0.093100
-0.098788
-0.104704
-0.110853
-0.117238
-0.123865
-0.130738
-0.137861
-0.145239
-0.152876
-0.160778
-0.168947
-0.177388
-0.186107
-0.195107
-0.204393
-0.213969
-0.223841
-0.234012
-0.244487
-0.255270
-0.266367
-0.277780
-0.289516
-0.301578
-0.313970
-0.326698
-0.339766
-0.353178
-0.366938
-0.381052
-0.395523
-0.410356
-0.425556
-0.441127
-0.457073
-0.473399
-0.490108
-0.507207
-0.524700
-0.542589
-0.560882
-0.579582
-0.598693
-0.618221
-0.638168
-0.658541
-0.679342
-0.700576
-0.722249
-0.744365
-0.766928
-0.789943
-0.813413
-0.837344
-0.861741
-0.886607
-0.911947
-0.937766
-0.964067
-0.990855
-0.002868
-0.002827
-0.002931
-0.003153
-0.003481
-0.003907
-0.004426
-0.005039
-0.005746
-0.006548
-0.007448
-0.008448
-0.009553
-0.010765
-0.012089
-0.013528
-0.015086
-0.016768
-0.018578
-0.020520
-0.022598
-0.024817
-0.027181
-0.029694
-0.032361
-0.035186
-0.038174
-0.041329
-0.044656
-0.048158
-0.051841
-0.055709
-0.059766
-0.064017
-0.068466
-0.073118
-0.077978
-0.083049
-0.088337
-0.093845
-0.099579
-0.105543
-0.111741
-0.118178
-0.124858
-0.131786
-0.138967
-0.146404
-0.154103
-0.162068
-0.170303
-0.178812
-0.187601
-0.196673
-0.206034
-0.215687
-0.225638
-0.235891
-0.246450
-0.257321
-0.268506
-0.280012
-0.291842
-0.304001
-0.316493
-0.329323
-0.342496
-0.356016
-0.369887
-0.384114
-0.398701
-0.413654
-0.428976
-0.444672
-0.460746
-0.477203
-0.494047
-0.511284
-0.528917
-0.546950
-0.565390
-0.584240
-0.603505
-0.623189
-0.643297
-0.663834
-0.684802
-0.706207
-0.728055
-0.750348
-0.773093
-0.796292
-0.819951
-0.844075
-0.868667
-0.893734
-0.919278
-0.945304
-0.971816
-0.998819
-0.002868
-0.002828
-0.002932
-0.003157
-0.003487
-0.003916
-0.004439
-0.005056
-0.005768
-0.006575
-0.007480
-0.008487
-0.009598
-0.010818
-0.012149
-0.013597
-0.015165
-0.016857
-0.018677
-0.020630
-0.022721
-0.024953
-0.027330
-0.029858
-0.032541
-0.035382
-0.038387
-0.041561
-0.044906
-0.048429
-0.052133
-0.056023
-0.060103
-0.064379
-0.068853
-0.073532
-0.078420
-0.083520
-0.088838
-0.094378
-0.100145
-0.106142
-0.112376
-0.118850
-0.125568
-0.132536
-0.139758
-0.147238
-0.154981
-0.162991
-0.171273
-0.179831
-0.188670
-0.197794
-0.207208
-0.216917
-0.226925
-0.237236
-0.247856
-0.258788
-0.270038
-0.281609
-0.293507
-0.305735
-0.318298
-0.331202
-0.344450
-0.358047
-0.371998
-0.386306
-0.400977
-0.416015
-0.431424
-0.447210
-0.463376
-0.479926
-0.496867
-0.514202
-0.531935
-0.550072
-0.568617
-0.587575
-0.606950
-0.626747
-0.646970
-0.667623
-0.688711
-0.710239
-0.732211
-0.754632
-0.777506
-0.800838
-0.824632
-0.848894
-0.873627
-0.898836
-0.924526
-0.950700
-0.977364
-1.004521
-0.002862
-0.002822
-0.002928
-0.003154
-0.003487
-0.003917
-0.004443
-0.005063
-0.005777
-0.006587
-0.007496
-0.008507
-0.009623
-0.010847
-0.012183
-0.013636
-0.015210
-0.016908
-0.018735
-0.020695
-0.022793
-0.025032
-0.027418
-0.029955
-0.032647
-0.035498
-0.038514
-0.041698
-0.045055
-0.048590
-0.052307
-0.056210
-0.060305
-0.064595
-0.069085
-0.073780
-0.078684
-0.083802
-0.089138
-0.094697
-0.100484
-0.106502
-0.112757
-0.119253
-0.125994
-0.132986
-0.140232
-0.147738
-0.155508
-0.163545
-0.171855
-0.180443
-0.189312
-0.198467
-0.207913
-0.217655
-0.227697
-0.238044
-0.248700
-0.259670
-0.270958
-0.282568
-0.294507
-0.306777
-0.319383
-0.332331
-0.345624
-0.359267
-0.373266
-0.387623
-0.402344
-0.417433
-0.432895
-0.448735
-0.464956
-0.481563
-0.498561
-0.515955
-0.533749
-0.551948
-0.570556
-0.589579
-0.609020
-0.628885
-0.649177
-0.669900
-0.691060
-0.712662
-0.734709
-0.757206
-0.780158
-0.803570
-0.827446
-0.851790
-0.876607
-0.901902
-0.927679
-0.953943
-0.980698
-1.007948
-0.002851
-0.002812
-0.002919
-0.003146
-0.003479
-0.003911
-0.004438
-0.005059
-0.005774
-0.006586
-0.007496
-0.008509
-0.009626
-0.010852
-0.012190
-0.013645
-0.015220
-0.016921
-0.018750
-0.020713
-0.022813
-0.025055
-0.027444
-0.029984
-0.032679
-0.035534
-0.038553
-0.041741
-0.045103
-0.048641
-0.052363
-0.056270
-0.060370
-0.064665
-0.069160
-0.073861
-0.078771
-0.083894
-0.089237
-0.094802
-0.100595
-0.106620
-0.112882
-0.119386
-0.126135
-0.133135
-0.140389
-0.147904
-0.155682
-0.163729
-0.172048
-0.180646
-0.189525
-0.198691
-0.208148
-0.217901
-0.227954
-0.238313
-0.248981
-0.259963
-0.271264
-0.282888
-0.294839
-0.307123
-0.319744
-0.332707
-0.346015
-0.359674
-0.373688
-0.388062
-0.402799
-0.417906
-0.433385
-0.449243
-0.465482
-0.482108
-0.499126
-0.516540
-0.534354
-0.552574
-0.571203
-0.590247
-0.609711
-0.629598
-0.649913
-0.670660
-0.691844
-0.713470
-0.735542
-0.758064
-0.781043
-0.804481
-0.828384
-0.852756
-0.877601
-0.902925
-0.928731
-0.955025
-0.981810
-1.009091
-0.002834
-0.002796
-0.002903
-0.003131
-0.003464
-0.003896
-0.004423
-0.005044
-0.005759
-0.006570
-0.007480
-0.008491
-0.009608
-0.010832
-0.012170
-0.013623
-0.015197
-0.016896
-0.018723
-0.020684
-0.022782
-0.025022
-0.027409
-0.029946
-0.032638
-0.035490
-0.038506
-0.041690
-0.045048
-0.048583
-0.052300
-0.056204
-0.060298
-0.064589
-0.069079
-0.073774
-0.078679
-0.083797
-0.089133
-0.094692
-0.100479
-0.106497
-0.112752
-0.119248
-0.125990
-0.132982
-0.140229
-0.147734
-0.155504
-0.163542
-0.171852
-0.180439
-0.189309
-0.198464
-0.207911
-0.217653
-0.227695
-0.238042
-0.248698
-0.259668
-0.270956
-0.282566
-0.294504
-0.306774
-0.319381
-0.332329
-0.345622
-0.359266
-0.373264
-0.387621
-0.402343
-0.417432
-0.432894
-0.448733
-0.464954
-0.481562
-0.498560
-0.515955
-0.533749
-0.551948
-0.570556
-0.589579
-0.609020
-0.628885
-0.649177
-0.669900
-0.691061
-0.712662
-0.734709
-0.757206
-0.780159
-0.803570
-0.827446
-0.851790
-0.876607
-0.901902
-0.927679
-0.953943
-0.980698
-1.007948
-0.002813
-0.002775
-0.002882
-0.003109
-0.003442
-0.003873
-0.004399
-0.005018
-0.005731
-0.006540
-0.007447
-0.008455
-0.009568
-0.010789
-0.012122
-0.013571
-0.015140
-0.016833
-0.018655
-0.020609
-0.022700
-0.024933
-0.027311
-0.029840
-0.032523
-0.035366
-0.038371
-0.041545
-0.044891
-0.048415
-0.052119
-0.056009
-0.060090
-0.064366
-0.068842
-0.073521
-0.078409
-0.083510
-0.088828
-0.094368
-0.100135
-0.106133
-0.112367
-0.118841
-0.125560
-0.132528
-0.139750
-0.147231
-0.154974
-0.162984
-0.171266
-0.179825
-0.188664
-0.197788
-0.207203
-0.216912
-0.226920
-0.237232
-0.247852
-0.258784
-0.270034
-0.281605
-0.293503
-0.305731
-0.318295
-0.331198
-0.344447
-0.358044
-0.371995
-0.386303
-0.400974
-0.416012
-0.431422
-0.447208
-0.463373
-0.479924
-0.496865
-0.514201
-0.531934
-0.550071
-0.568616
-0.587575
-0.606950
-0.626747
-0.646970
-0.667624
-0.688712
-0.710239
-0.732211
-0.754632
-0.777507
-0.800839
-0.824634
-0.848895
-0.873628
-0.898837
-0.924526
-0.950701
-0.977364
-1.004522
-0.002785
-0.002748
-0.002856
-0.003082
-0.003413
-0.003842
-0.004365
-0.004981
-0.005691
-0.006496
-0.007398
-0.008401
-0.009508
-0.010722
-0.012048
-0.013489
-0.015049
-0.016733
-0.018544
-0.020487
-0.022567
-0.024787
-0.027152
-0.029667
-0.032335
-0.035161
-0.038150
-0.041306
-0.044634
-0.048137
-0.051820
-0.055689
-0.059747
-0.063998
-0.068448
-0.073101
-0.077961
-0.083033
-0.088322
-0.093830
-0.099565
-0.105529
-0.111727
-0.118165
-0.124846
-0.131774
-0.138955
-0.146393
-0.154093
-0.162058
-0.170293
-0.178803
-0.187592
-0.196664
-0.206025
-0.215679
-0.225631
-0.235884
-0.246444
-0.257314
-0.268500
-0.280006
-0.291836
-0.303995
-0.316487
-0.329318
-0.342491
-0.356011
-0.369883
-0.384110
-0.398698
-0.413651
-0.428973
-0.444669
-0.460743
-0.477200
-0.494045
-0.511282
-0.528915
-0.546949
-0.565389
-0.584239
-0.603505
-0.623190
-0.643298
-0.663834
-0.684803
-0.706208
-0.728056
-0.750349
-0.773094
-0.796294
-0.819953
-0.844077
-0.868669
-0.893735
-0.919279
-0.945304
-0.971817
-0.998820
-0.002753
-0.002716
-0.002823
-0.003048
-0.003378
-0.003804
-0.004323
-0.004934
-0.005639
-0.006437
-0.007333
-0.008328
-0.009426
-0.010631
-0.011947
-0.013376
-0.014924
-0.016595
-0.018392
-0.020320
-0.022383
-0.024586
-0.026932
-0.029427
-0.032074
-0.034878
-0.037843
-0.040974
-0.044275
-0.047750
-0.051405
-0.055242
-0.059268
-0.063486
-0.067900
-0.072516
-0.077338
-0.082369
-0.087615
-0.093080
-0.098769
-0.104686
-0.110835
-0.117221
-0.123849
-0.130722
-0.137846
-0.145225
-0.152863
-0.160764
-0.168934
-0.177376
-0.186095
-0.195095
-0.204382
-0.213959
-0.223831
-0.234002
-0.244478
-0.255262
-0.266359
-0.277772
-0.289508
-0.301570
-0.313963
-0.326691
-0.339759
-0.353172
-0.366932
-0.381046
-0.395518
-0.410352
-0.425552
-0.441123
-0.457069
-0.473395
-0.490105
-0.507205
-0.524697
-0.542588
-0.560881
-0.579581
-0.598693
-0.618221
-0.638168
-0.658541
-0.679342
-0.700577
-0.722251
-0.744366
-0.766930
-0.789944
-0.813415
-0.837346
-0.861742
-0.886609
-0.911949
-0.937767
-0.964068
-0.990856
-0.002715
-0.002679
-0.002785
-0.003009
-0.003335
-0.003757
-0.004271
-0.004877
-0.005574
-0.006365
-0.007251
-0.008237
-0.009324
-0.010517
-0.011819
-0.013234
-0.014766
-0.016420
-0.018198
-0.020107
-0.022149
-0.024329
-0.026651
-0.029120
-0.031740
-0.034516
-0.037450
-0.040549
-0.043816
-0.047256
-0.050872
-0.054671
-0.058655
-0.062829
-0.067199
-0.071767
-0.076539
-0.081519
-0.086711
-0.092120
-0.097750
-0.103605
-0.109691
-0.116012
-0.122571
-0.129374
-0.136424
-0.143727
-0.151286
-0.159107
-0.167192
-0.175547
-0.184176
-0.193084
-0.202275
-0.211753
-0.221524
-0.231591
-0.241958
-0.252631
-0.263614
-0.274910
-0.286525
-0.298462
-0.310728
-0.323325
-0.336258
-0.349532
-0.363151
-0.377120
-0.391443
-0.406123
-0.421167
-0.436578
-0.452359
-0.468517
-0.485055
-0.501979
-0.519291
-0.536997
-0.555102
-0.573609
-0.592524
-0.611851
-0.631593
-0.651756
-0.672343
-0.693359
-0.714809
-0.736697
-0.759028
-0.781806
-0.805035
-0.828719
-0.852864
-0.877474
-0.902553
-0.928105
-0.954135
-0.980647
-0.002671
-0.002637
-0.002742
-0.002963
-0.003285
-0.003702
-0.004210
-0.004809
-0.005497
-0.006278
-0.007154
-0.008127
-0.009201
-0.010379
-0.011664
-0.013062
-0.014575
-0.016208
-0.017964
-0.019848
-0.021865
-0.024017
-0.026311
-0.028748
-0.031335
-0.034075
-0.036973
-0.040032
-0.043258
-0.046654
-0.050225
-0.053976
-0.057909
-0.062031
-0.066345
-0.070855
-0.075567
-0.080484
-0.085610
-0.090950
-0.096509
-0.102291
-0.108299
-0.114540
-0.121016
-0.127733
-0.134694
-0.141904
-0.149367
-0.157089
-0.165071
-0.173321
-0.181841
-0.190636
-0.199710
-0.209069
-0.218715
-0.228654
-0.238891
-0.249428
-0.260271
-0.271425
-0.282892
-0.294679
-0.306788
-0.319226
-0.331995
-0.345101
-0.358548
-0.372339
-0.386480
-0.400975
-0.415828
-0.431043
-0.446625
-0.462578
-0.478907
-0.495616
-0.512709
-0.530190
-0.548066
-0.566339
-0.585014
-0.604095
-0.623587
-0.643495
-0.663821
-0.684570
-0.705748
-0.727359
-0.749407
-0.771896
-0.794830
-0.818214
-0.842054
-0.866352
-0.891113
-0.916341
-0.942041
-0.968216
-0.002623
-0.002589
-0.002693
-0.002911
-0.003229
-0.003640
-0.004141
-0.004730
-0.005409
-0.006178
-0.007041
-0.008000
-0.009057
-0.010218
-0.011484
-0.012861
-0.014351
-0.015959
-0.017689
-0.019545
-0.021531
-0.023652
-0.025910
-0.028311
-0.030859
-0.033558
-0.036412
-0.039426
-0.042603
-0.045948
-0.049465
-0.053158
-0.057033
-0.061092
-0.065341
-0.069784
-0.074424
-0.079266
-0.084315
-0.089575
-0.095050
-0.100744
-0.106662
-0.112808
-0.119187
-0.125802
-0.132658
-0.139760
-0.147110
-0.154715
-0.162577
-0.170702
-0.179093
-0.187755
-0.196693
-0.205910
-0.215411
-0.225200
-0.235282
-0.245660
-0.256340
-0.267325
-0.278619
-0.290228
-0.302154
-0.314404
-0.326981
-0.339889
-0.353132
-0.366715
-0.380643
-0.394918
-0.409547
-0.424533
-0.439879
-0.455591
-0.471673
-0.488130
-0.504965
-0.522183
-0.539788
-0.557785
-0.576178
-0.594971
-0.614169
-0.633775
-0.653794
-0.674231
-0.695089
-0.716373
-0.738088
-0.760237
-0.782825
-0.805856
-0.829335
-0.853266
-0.877653
-0.902500
-0.927812
-0.953593
-0.002569
-0.002537
-0.002639
-0.002853
-0.003166
-0.003570
-0.004062
-0.004642
-0.005309
-0.006065
-0.006913
-0.007855
-0.008894
-0.010034
-0.011278
-0.012631
-0.014095
-0.015675
-0.017375
-0.019198
-0.021150
-0.023233
-0.025452
-0.027811
-0.030314
-0.032965
-0.035769
-0.038729
-0.041851
-0.045137
-0.048592
-0.052221
-0.056027
-0.060015
-0.064189
-0.068554
-0.073112
-0.077870
-0.082830
-0.087997
-0.093376
-0.098970
-0.104784
-0.110822
-0.117088
-0.123587
-0.130322
-0.137299
-0.144520
-0.151991
-0.159715
-0.167697
-0.175940
-0.184450
-0.193230
-0.202285
-0.211619
-0.221236
-0.231140
-0.241336
-0.251827
-0.262619
-0.273715
-0.285119
-0.296836
-0.308870
-0.321225
-0.333906
-0.346916
-0.360260
-0.373942
-0.387967
-0.402338
-0.417060
-0.432137
-0.447572
-0.463371
-0.479538
-0.496077
-0.512992
-0.530287
-0.547967
-0.566037
-0.584499
-0.603359
-0.622620
-0.642287
-0.662364
-0.682855
-0.703764
-0.725097
-0.746856
-0.769047
-0.791673
-0.814738
-0.838248
-0.862206
-0.886616
-0.911482
-0.936809
-0.002511
-0.002479
-0.002580
-0.002790
-0.003097
-0.003493
-0.003975
-0.004543
-0.005197
-0.005938
-0.006769
-0.007692
-0.008711
-0.009828
-0.011047
-0.012373
-0.013807
-0.015356
-0.017021
-0.018808
-0.020720
-0.022761
-0.024936
-0.027247
-0.029700
-0.032298
-0.035045
-0.037946
-0.041004
-0.044224
-0.047610
-0.051165
-0.054895
-0.058803
-0.062892
-0.067169
-0.071635
-0.076297
-0.081157
-0.086220
-0.091490
-0.096971
-0.102668
-0.108584
-0.114724
-0.121091
-0.127691
-0.134527
-0.141602
-0.148922
-0.156491
-0.164311
-0.172389
-0.180727
-0.189330
-0.198202
-0.207347
-0.216770
-0.226475
-0.236465
-0.246745
-0.257319
-0.268190
-0.279364
-0.290845
-0.302636
-0.314742
-0.327167
-0.339915
-0.352989
-0.366395
-0.380137
-0.394218
-0.408643
-0.423415
-0.438539
-0.454020
-0.469860
-0.486065
-0.502639
-0.519585
-0.536908
-0.554613
-0.572703
-0.591182
-0.610055
-0.629325
-0.648996
-0.669074
-0.689561
-0.710464
-0.731784
-0.753527
-0.775696
-0.798296
-0.821331
-0.844805
-0.868723
-0.893087
-0.917903
-0.002447
-0.002416
-0.002515
-0.002721
-0.003021
-0.003408
-0.003880
-0.004435
-0.005074
-0.005799
-0.006611
-0.007513
-0.008508
-0.009600
-0.010792
-0.012087
-0.013489
-0.015002
-0.016630
-0.018376
-0.020244
-0.022239
-0.024363
-0.026622
-0.029019
-0.031557
-0.034242
-0.037077
-0.040065
-0.043211
-0.046520
-0.049994
-0.053638
-0.057457
-0.061453
-0.065632
-0.069996
-0.074551
-0.079300
-0.084248
-0.089397
-0.094753
-0.100320
-0.106100
-0.112100
-0.118322
-0.124771
-0.131450
-0.138364
-0.145517
-0.152912
-0.160554
-0.168447
-0.176594
-0.185001
-0.193670
-0.202606
-0.211814
-0.221297
-0.231058
-0.241103
-0.251435
-0.262059
-0.272977
-0.284195
-0.295717
-0.307546
-0.319687
-0.332143
-0.344919
-0.358018
-0.371446
-0.385205
-0.399300
-0.413734
-0.428513
-0.443639
-0.459118
-0.474953
-0.491147
-0.507706
-0.524633
-0.541933
-0.559609
-0.577666
-0.596107
-0.614937
-0.634158
-0.653777
-0.673796
-0.694221
-0.715053
-0.736299
-0.757961
-0.780045
-0.802554
-0.825491
-0.848862
-0.872669
-0.896917
-0.002379
-0.002349
-0.002445
-0.002646
-0.002939
-0.003316
-0.003776
-0.004317
-0.004940
-0.005646
-0.006437
-0.007317
-0.008287
-0.009351
-0.010512
-0.011774
-0.013140
-0.014615
-0.016201
-0.017902
-0.019722
-0.021666
-0.023736
-0.025937
-0.028272
-0.030746
-0.033362
-0.036124
-0.039035
-0.042101
-0.045324
-0.048710
-0.052261
-0.055981
-0.059875
-0.063946
-0.068199
-0.072637
-0.077264
-0.082085
-0.087102
-0.092321
-0.097744
-0.103377
-0.109222
-0.115285
-0.121568
-0.128076
-0.134813
-0.141782
-0.148987
-0.156433
-0.164124
-0.172062
-0.180253
-0.188699
-0.197407
-0.206378
-0.215617
-0.225128
-0.234915
-0.244982
-0.255333
-0.265972
-0.276902
-0.288128
-0.299653
-0.311482
-0.323619
-0.336067
-0.348830
-0.361913
-0.375319
-0.389052
-0.403116
-0.417516
-0.432254
-0.447336
-0.462764
-0.478542
-0.494676
-0.511169
-0.528025
-0.545248
-0.562841
-0.580809
-0.599156
-0.617884
-0.636999
-0.656505
-0.676405
-0.696703
-0.717404
-0.738510
-0.760027
-0.781958
-0.804307
-0.827077
-0.850274
-0.873900
-0.002305
-0.002277
-0.002371
-0.002566
-0.002850
-0.003217
-0.003664
-0.004190
-0.004795
-0.005481
-0.006250
-0.007104
-0.008047
-0.009081
-0.010209
-0.011435
-0.012762
-0.014194
-0.015735
-0.017388
-0.019156
-0.021044
-0.023055
-0.025193
-0.027462
-0.029865
-0.032406
-0.035089
-0.037917
-0.040895
-0.044027
-0.047315
-0.050764
-0.054378
-0.058161
-0.062116
-0.066247
-0.070558
-0.075053
-0.079736
-0.084610
-0.089679
-0.094947
-0.100419
-0.106097
-0.111986
-0.118090
-0.124412
-0.130956
-0.137726
-0.144725
-0.151958
-0.159428
-0.167140
-0.175096
-0.183301
-0.191759
-0.200474
-0.209449
-0.218688
-0.228195
-0.237975
-0.248029
-0.258363
-0.268981
-0.279886
-0.291081
-0.302572
-0.314362
-0.326454
-0.338852
-0.351561
-0.364583
-0.377924
-0.391585
-0.405573
-0.419890
-0.434540
-0.449527
-0.464854
-0.480526
-0.496547
-0.512921
-0.529651
-0.546741
-0.564195
-0.582017
-0.600210
-0.618778
-0.637726
-0.657057
-0.676775
-0.696883
-0.717386
-0.738287
-0.759591
-0.781300
-0.803420
-0.825953
-0.848903
-0.002228
-0.002200
-0.002292
-0.002481
-0.002756
-0.003112
-0.003545
-0.004054
-0.004640
-0.005305
-0.006049
-0.006877
-0.007789
-0.008790
-0.009883
-0.011070
-0.012355
-0.013742
-0.015234
-0.016835
-0.018547
-0.020375
-0.022323
-0.024393
-0.026590
-0.028916
-0.031377
-0.033975
-0.036714
-0.039597
-0.042629
-0.045814
-0.049154
-0.052653
-0.056316
-0.060145
-0.064145
-0.068320
-0.072672
-0.077206
-0.081926
-0.086834
-0.091935
-0.097233
-0.102732
-0.108434
-0.114344
-0.120466
-0.126802
-0.133358
-0.140135
-0.147139
-0.154372
-0.161839
-0.169543
-0.177488
-0.185678
-0.194116
-0.202807
-0.211753
-0.220959
-0.230428
-0.240163
-0.250170
-0.260451
-0.271010
-0.281851
-0.292977
-0.304393
-0.316101
-0.328106
-0.340412
-0.353022
-0.365939
-0.379167
-0.392711
-0.406574
-0.420759
-0.435271
-0.450112
-0.465288
-0.480801
-0.496655
-0.512855
-0.529403
-0.546304
-0.563560
-0.581176
-0.599155
-0.617502
-0.636220
-0.655313
-0.674784
-0.694636
-0.714875
-0.735503
-0.756524
-0.777942
-0.799761
-0.821983
-0.002146
-0.002119
-0.002208
-0.002390
-0.002656
-0.003000
-0.003418
-0.003909
-0.004475
-0.005116
-0.005835
-0.006633
-0.007514
-0.008480
-0.009535
-0.010680
-0.011921
-0.013259
-0.014699
-0.016243
-0.017896
-0.019660
-0.021540
-0.023537
-0.025657
-0.027903
-0.030277
-0.032784
-0.035427
-0.038210
-0.041136
-0.044208
-0.047431
-0.050808
-0.054343
-0.058038
-0.061898
-0.065927
-0.070127
-0.074502
-0.079056
-0.083793
-0.088716
-0.093828
-0.099134
-0.104637
-0.110340
-0.116247
-0.122362
-0.128687
-0.135228
-0.141986
-0.148966
-0.156172
-0.163606
-0.171273
-0.179176
-0.187319
-0.195705
-0.204338
-0.213221
-0.222359
-0.231754
-0.241410
-0.251331
-0.261520
-0.271981
-0.282718
-0.293734
-0.305032
-0.316617
-0.328492
-0.340660
-0.353125
-0.365890
-0.378960
-0.392337
-0.406026
-0.420029
-0.434351
-0.448995
-0.463965
-0.479264
-0.494897
-0.510866
-0.527174
-0.543827
-0.560826
-0.578176
-0.595880
-0.613943
-0.632367
-0.651156
-0.670313
-0.689843
-0.709749
-0.730034
-0.750702
-0.771757
-0.793201
-0.002059
-0.002034
-0.002119
-0.002295
-0.002551
-0.002881
-0.003283
-0.003756
-0.004300
-0.004917
-0.005608
-0.006376
-0.007222
-0.008151
-0.009165
-0.010267
-0.011460
-0.012746
-0.014131
-0.015616
-0.017205
-0.018901
-0.020708
-0.022629
-0.024667
-0.026826
-0.029109
-0.031519
-0.034060
-0.036736
-0.039549
-0.042503
-0.045602
-0.048849
-0.052247
-0.055800
-0.059511
-0.063384
-0.067423
-0.071629
-0.076008
-0.080562
-0.085295
-0.090210
-0.095312
-0.100602
-0.106086
-0.111765
-0.117644
-0.123726
-0.130014
-0.136512
-0.143223
-0.150151
-0.157298
-0.164670
-0.172268
-0.180097
-0.188160
-0.196460
-0.205001
-0.213786
-0.222819
-0.232103
-0.241641
-0.251438
-0.261496
-0.271819
-0.282410
-0.293273
-0.304411
-0.315828
-0.327527
-0.339511
-0.351784
-0.364350
-0.377212
-0.390373
-0.403836
-0.417606
-0.431685
-0.446078
-0.460788
-0.475817
-0.491171
-0.506851
-0.522861
-0.539205
-0.555886
-0.572908
-0.590274
-0.607988
-0.626053
-0.644472
-0.663249
-0.682387
-0.701890
-0.721762
-0.742005
-0.762622
-0.001969
-0.001945
-0.002026
-0.002195
-0.002440
-0.002757
-0.003142
-0.003595
-0.004116
-0.004706
-0.005368
-0.006104
-0.006915
-0.007804
-0.008775
-0.009830
-0.010973
-0.012205
-0.013531
-0.014953
-0.016475
-0.018099
-0.019830
-0.021669
-0.023621
-0.025688
-0.027875
-0.030183
-0.032616
-0.035179
-0.037873
-0.040702
-0.043669
-0.046779
-0.050033
-0.053436
-0.056990
-0.060699
-0.064566
-0.068594
-0.072787
-0.077148
-0.081681
-0.086388
-0.091273
-0.096340
-0.101591
-0.107030
-0.112660
-0.118484
-0.124506
-0.130729
-0.137155
-0.143790
-0.150635
-0.157694
-0.164970
-0.172468
-0.180189
-0.188137
-0.196316
-0.204729
-0.213379
-0.222270
-0.231404
-0.240786
-0.250418
-0.260303
-0.270446
-0.280849
-0.291515
-0.302448
-0.313652
-0.325129
-0.336882
-0.348915
-0.361232
-0.373835
-0.386729
-0.399915
-0.413398
-0.427181
-0.441267
-0.455660
-0.470363
-0.485379
-0.500711
-0.516363
-0.532337
-0.548638
-0.565268
-0.582232
-0.599531
-0.617170
-0.635152
-0.653480
-0.672157
-0.691186
-0.710571
-0.730316
-0.001874
-0.001852
-0.001930
-0.002090
-0.002324
-0.002626
-0.002993
-0.003425
-0.003922
-0.004486
-0.005117
-0.005818
-0.006592
-0.007440
-0.008366
-0.009372
-0.010461
-0.011636
-0.012900
-0.014256
-0.015708
-0.017256
-0.018906
-0.020660
-0.022522
-0.024493
-0.026577
-0.028778
-0.031099
-0.033542
-0.036111
-0.038808
-0.041638
-0.044603
-0.047706
-0.050950
-0.054339
-0.057875
-0.061563
-0.065404
-0.069402
-0.073560
-0.077882
-0.082370
-0.087028
-0.091859
-0.096866
-0.102053
-0.107421
-0.112974
-0.118716
-0.124649
-0.130777
-0.137103
-0.143630
-0.150360
-0.157299
-0.164447
-0.171810
-0.179389
-0.187187
-0.195209
-0.203457
-0.211934
-0.220644
-0.229589
-0.238773
-0.248199
-0.257870
-0.267789
-0.277959
-0.288384
-0.299066
-0.310009
-0.321216
-0.332690
-0.344434
-0.356451
-0.368745
-0.381318
-0.394174
-0.407316
-0.420748
-0.434471
-0.448490
-0.462808
-0.477427
-0.492351
-0.507582
-0.523125
-0.538982
-0.555157
-0.571652
-0.588471
-0.605616
-0.623092
-0.640900
-0.659045
-0.677529
-0.696355
-0.001776
-0.001755
-0.001829
-0.001981
-0.002204
-0.002490
-0.002839
-0.003249
-0.003721
-0.004255
-0.004854
-0.005520
-0.006254
-0.007059
-0.007938
-0.008892
-0.009926
-0.011041
-0.012241
-0.013528
-0.014905
-0.016375
-0.017941
-0.019605
-0.021371
-0.023242
-0.025220
-0.027309
-0.029511
-0.031830
-0.034267
-0.036827
-0.039512
-0.042326
-0.045270
-0.048349
-0.051565
-0.054921
-0.058420
-0.062065
-0.065860
-0.069806
-0.073907
-0.078166
-0.082587
-0.087171
-0.091923
-0.096844
-0.101938
-0.107208
-0.112657
-0.118288
-0.124103
-0.130106
-0.136299
-0.142687
-0.149271
-0.156055
-0.163041
-0.170233
-0.177634
-0.185246
-0.193073
-0.201118
-0.209383
-0.217872
-0.226587
-0.235532
-0.244709
-0.254122
-0.263773
-0.273666
-0.283803
-0.294188
-0.304823
-0.315711
-0.326856
-0.338260
-0.349926
-0.361857
-0.374057
-0.386529
-0.399275
-0.412298
-0.425602
-0.439189
-0.453062
-0.467224
-0.481678
-0.496427
-0.511476
-0.526825
-0.542478
-0.558438
-0.574708
-0.591292
-0.608192
-0.625410
-0.642951
-0.660816
-0.001674
-0.001654
-0.001724
-0.001869
-0.002078
-0.002349
-0.002678
-0.003065
-0.003511
-0.004015
-0.004581
-0.005209
-0.005902
-0.006662
-0.007492
-0.008393
-0.009369
-0.010422
-0.011554
-0.012769
-0.014069
-0.015456
-0.016934
-0.018506
-0.020173
-0.021939
-0.023806
-0.025778
-0.027857
-0.030045
-0.032346
-0.034763
-0.037297
-0.039953
-0.042733
-0.045639
-0.048675
-0.051843
-0.055146
-0.058587
-0.062168
-0.065893
-0.069764
-0.073785
-0.077958
-0.082285
-0.086770
-0.091416
-0.096225
-0.101200
-0.106343
-0.111658
-0.117147
-0.122814
-0.128660
-0.134690
-0.140905
-0.147308
-0.153903
-0.160693
-0.167679
-0.174864
-0.182252
-0.189846
-0.197648
-0.205661
-0.213888
-0.222331
-0.230994
-0.239880
-0.248990
-0.258328
-0.267898
-0.277700
-0.287739
-0.298017
-0.308537
-0.319302
-0.330314
-0.341577
-0.353093
-0.364866
-0.376897
-0.389191
-0.401749
-0.414574
-0.427670
-0.441038
-0.454682
-0.468605
-0.482810
-0.497299
-0.512075
-0.527140
-0.542499
-0.558153
-0.574106
-0.590359
-0.606917
-0.623781
-0.001569
-0.001551
-0.001616
-0.001752
-0.001949
-0.002203
-0.002512
-0.002875
-0.003293
-0.003767
-0.004297
-0.004887
-0.005537
-0.006251
-0.007029
-0.007875
-0.008790
-0.009778
-0.010841
-0.011981
-0.013201
-0.014503
-0.015890
-0.017364
-0.018929
-0.020586
-0.022338
-0.024188
-0.026139
-0.028193
-0.030352
-0.032619
-0.034998
-0.037490
-0.040098
-0.042826
-0.045674
-0.048647
-0.051746
-0.054975
-0.058336
-0.061831
-0.065464
-0.069237
-0.073152
-0.077213
-0.081422
-0.085781
-0.090293
-0.094962
-0.099788
-0.104775
-0.109926
-0.115243
-0.120730
-0.126388
-0.132220
-0.138229
-0.144417
-0.150788
-0.157343
-0.164086
-0.171019
-0.178144
-0.185465
-0.192984
-0.200704
-0.208627
-0.216756
-0.225094
-0.233643
-0.242405
-0.251385
-0.260583
-0.270003
-0.279648
-0.289519
-0.299621
-0.309954
-0.320523
-0.331329
-0.342376
-0.353666
-0.365202
-0.376986
-0.389021
-0.401309
-0.413853
-0.426657
-0.439721
-0.453051
-0.466647
-0.480512
-0.494649
-0.509061
-0.523750
-0.538719
-0.553971
-0.569508
-0.585333
-0.001461
-0.001444
-0.001505
-0.001631
-0.001815
-0.002052
-0.002340
-0.002678
-0.003068
-0.003510
-0.004004
-0.004554
-0.005160
-0.005825
-0.006550
-0.007339
-0.008192
-0.009113
-0.010104
-0.011166
-0.012303
-0.013517
-0.014810
-0.016184
-0.017642
-0.019187
-0.020820
-0.022544
-0.024362
-0.026276
-0.028289
-0.030403
-0.032619
-0.034942
-0.037373
-0.039915
-0.042570
-0.045341
-0.048230
-0.051239
-0.054371
-0.057629
-0.061015
-0.064532
-0.068181
-0.071966
-0.075889
-0.079952
-0.084158
-0.088509
-0.093007
-0.097655
-0.102456
-0.107412
-0.112526
-0.117799
-0.123235
-0.128836
-0.134604
-0.140541
-0.146651
-0.152936
-0.159398
-0.166039
-0.172863
-0.179871
-0.187066
-0.194451
-0.202027
-0.209798
-0.217766
-0.225934
-0.234303
-0.242876
-0.251656
-0.260645
-0.269846
-0.279261
-0.288892
-0.298743
-0.308815
-0.319111
-0.329634
-0.340386
-0.351369
-0.362586
-0.374039
-0.385731
-0.397665
-0.409842
-0.422265
-0.434937
-0.447860
-0.461036
-0.474469
-0.488160
-0.502112
-0.516328
-0.530809
-0.545559
-0.001350
-0.001334
-0.001391
-0.001508
-0.001677
-0.001896
-0.002163
-0.002476
-0.002837
-0.003245
-0.003703
-0.004211
-0.004771
-0.005386
-0.006057
-0.006787
-0.007576
-0.008428
-0.009344
-0.010326
-0.011378
-0.012500
-0.013696
-0.014967
-0.016315
-0.017744
-0.019254
-0.020849
-0.022531
-0.024301
-0.026162
-0.028117
-0.030167
-0.032315
-0.034564
-0.036914
-0.039370
-0.041932
-0.044604
-0.047387
-0.050284
-0.053297
-0.056429
-0.059681
-0.063056
-0.066556
-0.070184
-0.073942
-0.077831
-0.081855
-0.086015
-0.090314
-0.094754
-0.099338
-0.104067
-0.108944
-0.113971
-0.119151
-0.124485
-0.129977
-0.135627
-0.141439
-0.147416
-0.153558
-0.159868
-0.166350
-0.173004
-0.179834
-0.186841
-0.194027
-0.201396
-0.208950
-0.216690
-0.224619
-0.232739
-0.241052
-0.249561
-0.258268
-0.267176
-0.276286
-0.285601
-0.295123
-0.304855
-0.314799
-0.324956
-0.335330
-0.345922
-0.356735
-0.367772
-0.379033
-0.390523
-0.402242
-0.414194
-0.426380
-0.438803
-0.451465
-0.464368
-0.477515
-0.490908
-0.504548
-0.001236
-0.001221
-0.001274
-0.001381
-0.001536
-0.001737
-0.001981
-0.002269
-0.002599
-0.002973
-0.003393
-0.003858
-0.004372
-0.004936
-0.005551
-0.006219
-0.006942
-0.007723
-0.008563
-0.009463
-0.010427
-0.011456
-0.012551
-0.013716
-0.014952
-0.016261
-0.017645
-0.019107
-0.020648
-0.022270
-0.023976
-0.025767
-0.027646
-0.029615
-0.031676
-0.033830
-0.036080
-0.038429
-0.040877
-0.043428
-0.046083
-0.048844
-0.051714
-0.054694
-0.057787
-0.060995
-0.064320
-0.067764
-0.071329
-0.075016
-0.078829
-0.082769
-0.086838
-0.091038
-0.095372
-0.099842
-0.104449
-0.109196
-0.114085
-0.119117
-0.124296
-0.129623
-0.135099
-0.140728
-0.146512
-0.152452
-0.158550
-0.164809
-0.171231
-0.177817
-0.184570
-0.191493
-0.198586
-0.205852
-0.213294
-0.220913
-0.228711
-0.236691
-0.244854
-0.253203
-0.261740
-0.270467
-0.279385
-0.288498
-0.297807
-0.307314
-0.317022
-0.326931
-0.337046
-0.347366
-0.357896
-0.368636
-0.379589
-0.390757
-0.402142
-0.413746
-0.425572
-0.437620
-0.449894
-0.462395
-0.001120
-0.001107
-0.001154
-0.001251
-0.001392
-0.001574
-0.001796
-0.002056
-0.002355
-0.002695
-0.003075
-0.003497
-0.003963
-0.004474
-0.005032
-0.005638
-0.006293
-0.007001
-0.007762
-0.008579
-0.009452
-0.010385
-0.011378
-0.012434
-0.013555
-0.014742
-0.015997
-0.017322
-0.018719
-0.020189
-0.021736
-0.023360
-0.025063
-0.026848
-0.028716
-0.030669
-0.032709
-0.034838
-0.037058
-0.039370
-0.041777
-0.044280
-0.046882
-0.049584
-0.052388
-0.055297
-0.058311
-0.061433
-0.064664
-0.068007
-0.071464
-0.075036
-0.078725
-0.082533
-0.086462
-0.090514
-0.094691
-0.098994
-0.103426
-0.107988
-0.112683
-0.117512
-0.122477
-0.127580
-0.132823
-0.138208
-0.143737
-0.149411
-0.155233
-0.161204
-0.167326
-0.173602
-0.180032
-0.186620
-0.193366
-0.200273
-0.207343
-0.214577
-0.221978
-0.229546
-0.237286
-0.245197
-0.253283
-0.261544
-0.269983
-0.278602
-0.287403
-0.296387
-0.305556
-0.314912
-0.324458
-0.334195
-0.344125
-0.354250
-0.364571
-0.375091
-0.385812
-0.396734
-0.407861
-0.419195
-0.001001
-0.000989
-0.001032
-0.001119
-0.001245
-0.001408
-0.001606
-0.001839
-0.002107
-0.002411
-0.002751
-0.003129
-0.003545
-0.004003
-0.004501
-0.005043
-0.005630
-0.006263
-0.006944
-0.007675
-0.008457
-0.009291
-0.010180
-0.011124
-0.012127
-0.013189
-0.014312
-0.015497
-0.016747
-0.018063
-0.019446
-0.020899
-0.022423
-0.024020
-0.025691
-0.027439
-0.029264
-0.031169
-0.033155
-0.035224
-0.037377
-0.039617
-0.041944
-0.044362
-0.046871
-0.049472
-0.052169
-0.054962
-0.057854
-0.060845
-0.063937
-0.067133
-0.070433
-0.073840
-0.077355
-0.080980
-0.084717
-0.088568
-0.092533
-0.096615
-0.100815
-0.105135
-0.109578
-0.114143
-0.118834
-0.123652
-0.128598
-0.133675
-0.138883
-0.144225
-0.149703
-0.155317
-0.161071
-0.166965
-0.173000
-0.179180
-0.185505
-0.191977
-0.198598
-0.205370
-0.212294
-0.219372
-0.226606
-0.233998
-0.241548
-0.249259
-0.257133
-0.265170
-0.273374
-0.281745
-0.290286
-0.298997
-0.307881
-0.316939
-0.326174
-0.335586
-0.345177
-0.354950
-0.364905
-0.375044
-0.000880
-0.000870
-0.000907
-0.000984
-0.001095
-0.001238
-0.001413
-0.001618
-0.001854
-0.002121
-0.002420
-0.002753
-0.003120
-0.003522
-0.003961
-0.004438
-0.004954
-0.005512
-0.006111
-0.006754
-0.007442
-0.008176
-0.008958
-0.009789
-0.010672
-0.011606
-0.012594
-0.013637
-0.014737
-0.015895
-0.017113
-0.018392
-0.019733
-0.021138
-0.022609
-0.024146
-0.025753
-0.027429
-0.029176
-0.030997
-0.032892
-0.034863
-0.036911
-0.039039
-0.041247
-0.043536
-0.045910
-0.048368
-0.050912
-0.053544
-0.056265
-0.059078
-0.061982
-0.064980
-0.068074
-0.071264
-0.074552
-0.077941
-0.081430
-0.085022
-0.088719
-0.092521
-0.096430
-0.100448
-0.104576
-0.108815
-0.113168
-0.117635
-0.122219
-0.126920
-0.131741
-0.136681
-0.141745
-0.146931
-0.152243
-0.157681
-0.163247
-0.168943
-0.174769
-0.180728
-0.186822
-0.193051
-0.199417
-0.205921
-0.212566
-0.219352
-0.226280
-0.233354
-0.240573
-0.247940
-0.255455
-0.263122
-0.270940
-0.278911
-0.287037
-0.295320
-0.303761
-0.312361
-0.321122
-0.330045
-0.000758
-0.000749
-0.000781
-0.000847
-0.000943
-0.001066
-0.001217
-0.001393
-0.001596
-0.001827
-0.002085
-0.002371
-0.002687
-0.003034
-0.003412
-0.003823
-0.004268
-0.004747
-0.005264
-0.005817
-0.006410
-0.007042
-0.007716
-0.008432
-0.009192
-0.009997
-0.010848
-0.011747
-0.012694
-0.013692
-0.014741
-0.015842
-0.016997
-0.018208
-0.019475
-0.020799
-0.022183
-0.023627
-0.025132
-0.026700
-0.028333
-0.030031
-0.031795
-0.033628
-0.035529
-0.037502
-0.039546
-0.041663
-0.043855
-0.046122
-0.048466
-0.050889
-0.053390
-0.055973
-0.058638
-0.061386
-0.064219
-0.067137
-0.070143
-0.073237
-0.076421
-0.079696
-0.083063
-0.086524
-0.090080
-0.093732
-0.097482
-0.101330
-0.105278
-0.109328
-0.113480
-0.117736
-0.122097
-0.126565
-0.131140
-0.135824
-0.140619
-0.145525
-0.150544
-0.155677
-0.160926
-0.166292
-0.171775
-0.177378
-0.183102
-0.188947
-0.194915
-0.201008
-0.207227
-0.213572
-0.220046
-0.226650
-0.233384
-0.240251
-0.247251
-0.254386
-0.261656
-0.269064
-0.276611
-0.284297
-0.000634
-0.000627
-0.000653
-0.000709
-0.000789
-0.000892
-0.001018
-0.001166
-0.001336
-0.001528
-0.001744
-0.001984
-0.002248
-0.002538
-0.002855
-0.003199
-0.003571
-0.003973
-0.004405
-0.004868
-0.005364
-0.005893
-0.006457
-0.007056
-0.007692
-0.008366
-0.009078
-0.009830
-0.010623
-0.011458
-0.012335
-0.013257
-0.014224
-0.015237
-0.016297
-0.017405
-0.018563
-0.019771
-0.021031
-0.022343
-0.023709
-0.025130
-0.026607
-0.028140
-0.029732
-0.031382
-0.033093
-0.034865
-0.036699
-0.038596
-0.040557
-0.042585
-0.044678
-0.046839
-0.049069
-0.051369
-0.053739
-0.056182
-0.058697
-0.061286
-0.063951
-0.066691
-0.069509
-0.072405
-0.075381
-0.078437
-0.081574
-0.084795
-0.088099
-0.091487
-0.094962
-0.098524
-0.102173
-0.105912
-0.109741
-0.113660
-0.117673
-0.121778
-0.125978
-0.130274
-0.134666
-0.139156
-0.143745
-0.148433
-0.153223
-0.158114
-0.163109
-0.168207
-0.173411
-0.178721
-0.184139
-0.189665
-0.195301
-0.201047
-0.206904
-0.212875
-0.218959
-0.225158
-0.231474
-0.237905
-0.000509
-0.000503
-0.000524
-0.000569
-0.000633
-0.000716
-0.000817
-0.000936
-0.001072
-0.001227
-0.001400
-0.001593
-0.001805
-0.002038
-0.002292
-0.002568
-0.002866
-0.003189
-0.003536
-0.003908
-0.004306
-0.004731
-0.005183
-0.005664
-0.006175
-0.006715
-0.007287
-0.007891
-0.008527
-0.009197
-0.009902
-0.010642
-0.011418
-0.012231
-0.013082
-0.013972
-0.014901
-0.015871
-0.016882
-0.017936
-0.019032
-0.020173
-0.021358
-0.022589
-0.023866
-0.025191
-0.026565
-0.027987
-0.029459
-0.030982
-0.032557
-0.034184
-0.035865
-0.037599
-0.039389
-0.041235
-0.043138
-0.045099
-0.047118
-0.049196
-0.051335
-0.053535
-0.055797
-0.058122
-0.060511
-0.062964
-0.065482
-0.068067
-0.070720
-0.073440
-0.076229
-0.079088
-0.082018
-0.085019
-0.088092
-0.091239
-0.094460
-0.097755
-0.101127
-0.104575
-0.108101
-0.111705
-0.115388
-0.119152
-0.122997
-0.126924
-0.130933
-0.135026
-0.139203
-0.143465
-0.147814
-0.152250
-0.156774
-0.161387
-0.166089
-0.170882
-0.175766
-0.180742
-0.185812
-0.190975
-0.000382
-0.000378
-0.000394
-0.000428
-0.000476
-0.000538
-0.000614
-0.000704
-0.000806
-0.000922
-0.001053
-0.001197
-0.001357
-0.001532
-0.001723
-0.001931
-0.002156
-0.002398
-0.002659
-0.002938
-0.003238
-0.003557
-0.003898
-0.004259
-0.004643
-0.005050
-0.005480
-0.005934
-0.006412
-0.006916
-0.007446
-0.008002
-0.008586
-0.009197
-0.009837
-0.010507
-0.011205
-0.011935
-0.012695
-0.013487
-0.014312
-0.015170
-0.016061
-0.016987
-0.017947
-0.018944
-0.019976
-0.021046
-0.022153
-0.023298
-0.024482
-0.025706
-0.026970
-0.028274
-0.029620
-0.031009
-0.032439
-0.033914
-0.035432
-0.036995
-0.038603
-0.040258
-0.041959
-0.043707
-0.045503
-0.047348
-0.049242
-0.051186
-0.053180
-0.055226
-0.057323
-0.059473
-0.061676
-0.063933
-0.066244
-0.068611
-0.071033
-0.073511
-0.076046
-0.078639
-0.081290
-0.084001
-0.086771
-0.089601
-0.092492
-0.095445
-0.098460
-0.101538
-0.104679
-0.107884
-0.111155
-0.114491
-0.117892
-0.121361
-0.124897
-0.128501
-0.132174
-0.135917
-0.139729
-0.143612
-0.000255
-0.000252
-0.000263
-0.000286
-0.000318
-0.000360
-0.000410
-0.000470
-0.000538
-0.000616
-0.000703
-0.000800
-0.000906
-0.001023
-0.001151
-0.001290
-0.001440
-0.001602
-0.001776
-0.001963
-0.002163
-0.002376
-0.002603
-0.002845
-0.003101
-0.003373
-0.003660
-0.003963
-0.004283
-0.004620
-0.004973
-0.005345
-0.005735
-0.006143
-0.006571
-0.007018
-0.007484
-0.007972
-0.008479
-0.009009
-0.009559
-0.010132
-0.010728
-0.011346
-0.011987
-0.012653
-0.013343
-0.014057
-0.014797
-0.015561
-0.016352
-0.017170
-0.018014
-0.018885
-0.019784
-0.020711
-0.021667
-0.022652
-0.023666
-0.024710
-0.025784
-0.026889
-0.028025
-0.029193
-0.030393
-0.031625
-0.032890
-0.034188
-0.035521
-0.036887
-0.038288
-0.039724
-0.041195
-0.042703
-0.044246
-0.045827
-0.047445
-0.049100
-0.050793
-0.052525
-0.054296
-0.056107
-0.057957
-0.059847
-0.061778
-0.063750
-0.065764
-0.067820
-0.069918
-0.072059
-0.074243
-0.076472
-0.078744
-0.081061
-0.083423
-0.085830
-0.088283
-0.090783
-0.093330
-0.095924
-0.000128
-0.000126
-0.000132
-0.000143
-0.000159
-0.000180
-0.000205
-0.000235
-0.000270
-0.000308
-0.000352
-0.000400
-0.000454
-0.000512
-0.000576
-0.000646
-0.000721
-0.000802
-0.000889
-0.000982
-0.001083
-0.001189
-0.001303
-0.001424
-0.001552
-0.001688
-0.001832
-0.001984
-0.002144
-0.002312
-0.002490
-0.002676
-0.002871
-0.003075
-0.003289
-0.003513
-0.003746
-0.003990
-0.004245
-0.004509
-0.004785
-0.005072
-0.005370
-0.005679
-0.006001
-0.006334
-0.006679
-0.007036
-0.007407
-0.007790
-0.008185
-0.008595
-0.009017
-0.009453
-0.009903
-0.010367
-0.010846
-0.011339
-0.011846
-0.012369
-0.012907
-0.013460
-0.014029
-0.014613
-0.015214
-0.015830
-0.016464
-0.017114
-0.017780
-0.018464
-0.019166
-0.019884
-0.020621
-0.021376
-0.022148
-0.022939
-0.023749
-0.024578
-0.025425
-0.026292
-0.027179
-0.028085
-0.029011
-0.029957
-0.030924
-0.031911
-0.032919
-0.033948
-0.034999
-0.036070
-0.037164
-0.038279
-0.039417
-0.040576
-0.041759
-0.042964
-0.044192
-0.045444
-0.046719
-0.048018
0.000000
0.000000
0.000000
0.000000
0.000000
0.000000
0.000000
0.000000
0.000000
0.000000
0.000000
0.000000
0.000000
0.000000
0.000000
0.000000
0.000000
0.000000
0.000000
0.000000
0.000000
0.000000
0.000000
0.000000
0.000000
0.000000
0.000000
0.000000
0.000000
0.000000
0.000000
0.000000
0.000000
0.000000
0.000000
0.000000
0.000000
0.000000
0.000000
0.000000
0.000000
0.000000
0.000000
0.000000
0.000000
0.000000
0.000000
0.000000
0.000000
0.000000
0.000000
0.000000
0.000000
0.000000
0.000000
0.000000
0.000000
0.000000
0.000000
0.000000
0.000000
0.000000
0.000000
0.000000
0.000000
0.000000
0.000000
0.000000
0.000000
0.000000
0.000000
0.000000
0.000000
0.000000
0.000000
0.000000
0.000000
0.000000
0.000000
0.000000
0.000000
0.000000
0.000000
0.000000
0.000000
0.000000
0.000000
0.000000
0.000000
0.000000
0.000000
0.000000
0.000000
0.000000
0.000000
0.000000
0.000000
0.000000
0.000000
-0.000004
