0.001689
0.004800
0.012372
0.025727
0.046400
0.075955
0.115961
0.167987
0.233599
0.314360
0.411833
0.527576
0.663148
0.820104
1.000000
0.001594
0.004530
0.011678
0.024284
0.043796
0.071692
0.109454
0.158560
0.220490
0.296719
0.388722
0.497970
0.625934
0.774083
0.943883
0.001320
0.003753
0.009673
0.020114
0.036277
0.059384
0.090662
0.131338
0.182635
0.245777
0.321984
0.412475
0.518470
0.641184
0.781832
0.000898
0.002554
0.006582
0.013688
0.024686
0.040410
0.061695
0.089375
0.124282
0.167250
0.219108
0.280688
0.352816
0.436322
0.532033
0.000376
0.001068
0.002753
0.005725
0.010325
0.016902
0.025804
0.037381
0.051981
0.069952
0.091642
0.117397
0.147565
0.182491
0.222522
-0.000189
-0.000537
-0.001385
-0.002881
-0.005195
-0.008504
-0.012983
-0.018808
-0.026155
-0.035197
-0.046110
-0.059069
-0.074248
-0.091821
-0.111963
-0.000733
-0.002082
-0.005368
-0.011163
-0.020132
-0.032955
-0.050314
-0.072887
-0.101355
-0.136395
-0.178687
-0.228906
-0.287728
-0.355829
-0.433882
-0.001194
-0.003394
-0.008749
-0.018192
-0.032810
-0.053708
-0.081997
-0.118785
-0.165179
-0.222286
-0.291209
-0.373052
-0.468915
-0.579900
-0.707105
-0.001521
-0.004324
-0.011147
-0.023179
-0.041805
-0.068433
-0.104477
-0.151351
-0.210465
-0.283228
-0.371048
-0.475329
-0.597475
-0.738887
-0.900968
-0.001678
-0.004769
-0.012295
-0.025566
-0.046108
-0.075477
-0.115232
-0.166931
-0.232130
-0.312384
-0.409243
-0.524259
-0.658978
-0.814947
-0.993712
-0.001646
-0.004679
-0.012062
-0.025082
-0.045236
-0.074050
-0.113054
-0.163775
-0.227742
-0.306479
-0.401507
-0.514349
-0.646522
-0.799543
-0.974929
-0.001430
-0.004064
-0.010476
-0.021784
-0.039288
-0.064313
-0.098187
-0.142239
-0.197794
-0.266177
-0.348709
-0.446712
-0.561504
-0.694403
-0.846726
-0.001053
-0.002993
-0.007714
-0.016041
-0.028930
-0.047357
-0.072301
-0.104738
-0.145647
-0.196001
-0.256774
-0.328939
-0.413467
-0.511328
-0.623492
-0.000558
-0.001585
-0.004086
-0.008497
-0.015325
-0.025086
-0.038300
-0.055483
-0.077153
-0.103827
-0.136020
-0.174248
-0.219025
-0.270865
-0.330282
0.000000
0.000000
0.000000
0.000000
0.000000
0.000000
0.000000
0.000000
0.000000
0.000000
0.000000
0.000000
0.000000
0.000000
-0.000004
