0.001808
0.003625
0.007827
0.014814
0.025182
0.039562
0.058597
0.082934
0.113220
0.150099
0.194220
0.246229
0.306770
0.376491
0.456035
0.546049
0.647177
0.760062
0.885350
1.023684
0.001753
0.003514
0.007587
0.014361
0.024411
0.038351
0.056804
0.080397
0.109755
0.145506
0.188277
0.238694
0.297383
0.364970
0.442081
0.529340
0.627373
0.736804
0.858259
0.992360
0.001590
0.003188
0.006883
0.013029
0.022147
0.034794
0.051535
0.072939
0.099574
0.132008
0.170812
0.216552
0.269796
0.331114
0.401071
0.480236
0.569175
0.668455
0.778642
0.900304
0.001330
0.002667
0.005758
0.010899
0.018527
0.029107
0.043112
0.061017
0.083298
0.110432
0.142893
0.181156
0.225698
0.276993
0.335516
0.401742
0.476144
0.559196
0.651374
0.753149
0.000989
0.001983
0.004281
0.008103
0.013773
0.021638
0.032050
0.045361
0.061925
0.082097
0.106229
0.134675
0.167788
0.205921
0.249428
0.298661
0.353973
0.415715
0.484241
0.559903
0.000587
0.001177
0.002541
0.004810
0.008177
0.012846
0.019027
0.026929
0.036763
0.048737
0.063063
0.079951
0.099609
0.122247
0.148075
0.177303
0.210139
0.246793
0.287474
0.332391
0.000149
0.000299
0.000646
0.001223
0.002080
0.003267
0.004839
0.006849
0.009350
0.012395
0.016039
0.020334
0.025333
0.031091
0.037660
0.045093
0.053444
0.062766
0.073113
0.084537
-0.000298
-0.000596
-0.001288
-0.002438
-0.004145
-0.006511
-0.009645
-0.013650
-0.018635
-0.024705
-0.031967
-0.040527
-0.050492
-0.061968
-0.075060
-0.089876
-0.106521
-0.125101
-0.145723
-0.168491
-0.000726
-0.001456
-0.003144
-0.005951
-0.010115
-0.015892
-0.023538
-0.033314
-0.045479
-0.060294
-0.078017
-0.098908
-0.123228
-0.151234
-0.183187
-0.219345
-0.259967
-0.305312
-0.355640
-0.411208
-0.001111
-0.002226
-0.004807
-0.009099
-0.015467
-0.024299
-0.035991
-0.050939
-0.069541
-0.092193
-0.119292
-0.151236
-0.188422
-0.231245
-0.280102
-0.335390
-0.397503
-0.466839
-0.543792
-0.628758
-0.001427
-0.002860
-0.006176
-0.011690
-0.019872
-0.031219
-0.046241
-0.065447
-0.089346
-0.118449
-0.153267
-0.194309
-0.242084
-0.297104
-0.359876
-0.430909
-0.510713
-0.599795
-0.698665
-0.807829
-0.001656
-0.003319
-0.007167
-0.013566
-0.023060
-0.036229
-0.053662
-0.075949
-0.103683
-0.137457
-0.177861
-0.225489
-0.280932
-0.344780
-0.417625
-0.500057
-0.592667
-0.696044
-0.810779
-0.937462
-0.001783
-0.003575
-0.007720
-0.014612
-0.024838
-0.039022
-0.057798
-0.081803
-0.111675
-0.148052
-0.191571
-0.242870
-0.302586
-0.371356
-0.449816
-0.538602
-0.638350
-0.749696
-0.873275
-1.009722
-0.001802
-0.003612
-0.007800
-0.014763
-0.025095
-0.039426
-0.058397
-0.082651
-0.112832
-0.149586
-0.193557
-0.245387
-0.305722
-0.375205
-0.454478
-0.544184
-0.644966
-0.757466
-0.882326
-1.020188
-0.001710
-0.003428
-0.007402
-0.014011
-0.023817
-0.037418
-0.055422
-0.078441
-0.107085
-0.141966
-0.183697
-0.232887
-0.290148
-0.356091
-0.431326
-0.516463
-0.612111
-0.718880
-0.837380
-0.968219
-0.001514
-0.003034
-0.006552
-0.012402
-0.021081
-0.033120
-0.049056
-0.069430
-0.094783
-0.125658
-0.162594
-0.206134
-0.256818
-0.315185
-0.381778
-0.457134
-0.541795
-0.636299
-0.741187
-0.856996
-0.001225
-0.002455
-0.005301
-0.010033
-0.017055
-0.026794
-0.039687
-0.056170
-0.076681
-0.101659
-0.131542
-0.166766
-0.207770
-0.254990
-0.308865
-0.369829
-0.438322
-0.514777
-0.599633
-0.693325
-0.000861
-0.001725
-0.003725
-0.007051
-0.011985
-0.018829
-0.027889
-0.039472
-0.053886
-0.071439
-0.092439
-0.117192
-0.146007
-0.179190
-0.217049
-0.259891
-0.308023
-0.361751
-0.421382
-0.487223
-0.000444
-0.000890
-0.001921
-0.003637
-0.006182
-0.009712
-0.014385
-0.020359
-0.027794
-0.036847
-0.047678
-0.060446
-0.075308
-0.092423
-0.111950
-0.134048
-0.158873
-0.186585
-0.217343
-0.251303
0.000000
0.000000
0.000000
0.000000
0.000000
0.000000
0.000000
0.000000
0.000000
0.000000
0.000000
0.000000
0.000000
0.000000
0.000000
0.000000
0.000000
0.000000
0.000000
-0.000004
