0.001859
0.003032
0.005703
0.009980
0.016125
0.024441
0.035240
0.048841
0.065562
0.085724
0.109647
0.137651
0.170056
0.207183
0.249352
0.296883
0.350097
0.409313
0.474850
0.547030
0.626172
0.712595
0.806619
0.908565
1.018750
0.001823
0.002974
0.005594
0.009788
0.015815
0.023971
0.034563
0.047903
0.064303
0.084077
0.107540
0.135006
0.166789
0.203202
0.244561
0.291179
0.343370
0.401448
0.465726
0.536519
0.614140
0.698903
0.791121
0.891107
0.999175
0.001718
0.002801
0.005269
0.009220
0.014898
0.022580
0.032558
0.045123
0.060572
0.079199
0.101301
0.127173
0.157111
0.191412
0.230372
0.274285
0.323447
0.378155
0.438704
0.505390
0.578507
0.658352
0.745219
0.839404
0.941202
0.001546
0.002521
0.004742
0.008298
0.013408
0.020322
0.029301
0.040610
0.054513
0.071277
0.091168
0.114453
0.141397
0.172267
0.207329
0.246850
0.291095
0.340331
0.394824
0.454839
0.520643
0.592501
0.670680
0.755444
0.847060
0.001315
0.002144
0.004033
0.007057
0.011402
0.017282
0.024919
0.034536
0.046360
0.060616
0.077532
0.097334
0.120248
0.146501
0.176319
0.209928
0.247556
0.289428
0.335770
0.386809
0.442770
0.503881
0.570366
0.642452
0.720366
0.001033
0.001684
0.003169
0.005545
0.008959
0.013579
0.019578
0.027135
0.036424
0.047626
0.060917
0.076475
0.094478
0.115105
0.138533
0.164940
0.194504
0.227402
0.263813
0.303914
0.347882
0.395897
0.448134
0.504772
0.565988
0.000711
0.001160
0.002183
0.003819
0.006171
0.009353
0.013486
0.018691
0.025090
0.032805
0.041960
0.052677
0.065078
0.079286
0.095423
0.113613
0.133977
0.156637
0.181718
0.209340
0.239626
0.272699
0.308680
0.347693
0.389860
0.000363
0.000591
0.001113
0.001947
0.003146
0.004768
0.006875
0.009528
0.012791
0.016724
0.021391
0.026854
0.033176
0.040420
0.048646
0.057919
0.068301
0.079853
0.092639
0.106721
0.122161
0.139021
0.157365
0.177253
0.198749
-0.000000
-0.000000
-0.000000
-0.000000
-0.000000
-0.000000
-0.000000
-0.000000
-0.000000
-0.000000
0.000000
0.000000
0.000000
0.000000
0.000000
0.000000
0.000000
0.000001
0.000001
0.000001
0.000001
0.000001
0.000001
0.000001
0.000001
-0.000363
-0.000592
-0.001113
-0.001947
-0.003146
-0.004768
-0.006875
-0.009528
-0.012791
-0.016724
-0.021391
-0.026854
-0.033176
-0.040419
-0.048646
-0.057919
-0.068300
-0.079852
-0.092638
-0.106719
-0.122159
-0.139019
-0.157362
-0.177251
-0.198747
-0.000712
-0.001160
-0.002183
-0.003819
-0.006171
-0.009353
-0.013486
-0.018691
-0.025090
-0.032805
-0.041960
-0.052677
-0.065078
-0.079286
-0.095423
-0.113612
-0.133976
-0.156636
-0.181717
-0.209338
-0.239624
-0.272697
-0.308678
-0.347691
-0.389857
-0.001033
-0.001684
-0.003169
-0.005545
-0.008959
-0.013579
-0.019579
-0.027135
-0.036425
-0.047626
-0.060917
-0.076475
-0.094478
-0.115105
-0.138533
-0.164939
-0.194503
-0.227401
-0.263812
-0.303913
-0.347881
-0.395895
-0.448132
-0.504770
-0.565985
-0.001315
-0.002144
-0.004033
-0.007057
-0.011402
-0.017282
-0.024919
-0.034536
-0.046360
-0.060616
-0.077532
-0.097334
-0.120248
-0.146501
-0.176319
-0.209928
-0.247555
-0.289427
-0.335769
-0.386808
-0.442769
-0.503879
-0.570364
-0.642450
-0.720363
-0.001546
-0.002521
-0.004742
-0.008298
-0.013408
-0.020322
-0.029301
-0.040610
-0.054513
-0.071277
-0.091168
-0.114453
-0.141397
-0.172267
-0.207329
-0.246849
-0.291095
-0.340330
-0.394823
-0.454838
-0.520641
-0.592500
-0.670678
-0.755442
-0.847058
-0.001718
-0.002801
-0.005269
-0.009220
-0.014898
-0.022581
-0.032558
-0.045123
-0.060572
-0.079199
-0.101301
-0.127173
-0.157112
-0.191413
-0.230372
-0.274284
-0.323447
-0.378155
-0.438704
-0.505389
-0.578506
-0.658351
-0.745218
-0.839403
-0.941201
-0.001823
-0.002974
-0.005594
-0.009788
-0.015816
-0.023971
-0.034563
-0.047903
-0.064303
-0.084077
-0.107540
-0.135006
-0.166789
-0.203202
-0.244561
-0.291179
-0.343370
-0.401447
-0.465726
-0.536519
-0.614139
-0.698902
-0.791119
-0.891106
-0.999174
-0.001859
-0.003032
-0.005704
-0.009980
-0.016125
-0.024441
-0.035240
-0.048841
-0.065563
-0.085724
-0.109647
-0.137651
-0.170056
-0.207184
-0.249352
-0.296883
-0.350097
-0.409312
-0.474850
-0.547030
-0.626171
-0.712594
-0.806618
-0.908564
-1.018750
-0.001823
-0.002974
-0.005594
-0.009788
-0.015816
-0.023971
-0.034563
-0.047903
-0.064303
-0.084077
-0.107540
-0.135006
-0.166789
-0.203203
-0.244561
-0.291179
-0.343370
-0.401447
-0.465726
-0.536519
-0.614140
-0.698902
-0.791120
-0.891107
-0.999176
-0.001718
-0.002801
-0.005269
-0.009220
-0.014898
-0.022581
-0.032558
-0.045123
-0.060572
-0.079199
-0.101301
-0.127173
-0.157112
-0.191413
-0.230372
-0.274285
-0.323447
-0.378155
-0.438704
-0.505390
-0.578507
-0.658352
-0.745219
-0.839405
-0.941204
-0.001546
-0.002521
-0.004742
-0.008298
-0.013408
-0.020322
-0.029301
-0.040610
-0.054513
-0.071277
-0.091168
-0.114453
-0.141397
-0.172267
-0.207329
-0.246850
-0.291095
-0.340331
-0.394824
-0.454839
-0.520643
-0.592501
-0.670680
-0.755445
-0.847061
-0.001315
-0.002144
-0.004033
-0.007057
-0.011402
-0.017282
-0.024919
-0.034536
-0.046360
-0.060616
-0.077532
-0.097334
-0.120248
-0.146501
-0.176319
-0.209928
-0.247556
-0.289428
-0.335770
-0.386809
-0.442771
-0.503881
-0.570367
-0.642454
-0.720368
-0.001033
-0.001684
-0.003169
-0.005545
-0.008959
-0.013579
-0.019579
-0.027135
-0.036425
-0.047626
-0.060917
-0.076475
-0.094478
-0.115105
-0.138533
-0.164940
-0.194504
-0.227402
-0.263813
-0.303914
-0.347883
-0.395898
-0.448135
-0.504774
-0.565990
-0.000711
-0.001160
-0.002183
-0.003819
-0.006171
-0.009353
-0.013486
-0.018691
-0.025090
-0.032805
-0.041960
-0.052677
-0.065078
-0.079286
-0.095423
-0.113613
-0.133976
-0.156637
-0.181718
-0.209340
-0.239626
-0.272699
-0.308682
-0.347695
-0.389862
-0.000363
-0.000591
-0.001113
-0.001947
-0.003146
-0.004768
-0.006875
-0.009528
-0.012791
-0.016724
-0.021391
-0.026854
-0.033176
-0.040420
-0.048646
-0.057919
-0.068301
-0.079853
-0.092639
-0.106721
-0.122161
-0.139021
-0.157365
-0.177255
-0.198753
0.000000
0.000000
0.000000
0.000000
0.000000
0.000000
0.000000
0.000000
0.000000
0.000000
0.000000
0.000000
0.000000
0.000000
0.000000
0.000000
0.000000
0.000000
0.000000
0.000000
0.000000
0.000000
0.000000
0.000000
-0.000004
