0.001921
0.002526
0.003916
0.006055
0.009003
0.012851
0.017702
0.023664
0.030847
0.039361
0.049319
0.060832
0.074013
0.088973
0.105825
0.124682
0.145655
0.168858
0.194402
0.222400
0.252965
0.286207
0.322241
0.361179
0.403132
0.448213
0.496534
0.548208
0.603347
0.662064
0.724470
0.790677
0.860800
0.934948
1.013235
0.001903
0.002502
0.003879
0.005997
0.008916
0.012728
0.017532
0.023437
0.030551
0.038984
0.048846
0.060249
0.073303
0.088120
0.104810
0.123486
0.144259
0.167239
0.192538
0.220268
0.250539
0.283463
0.319151
0.357715
0.399266
0.443914
0.491772
0.542951
0.597561
0.655715
0.717522
0.783095
0.852545
0.925982
1.003519
0.001848
0.002430
0.003767
0.005824
0.008659
0.012360
0.017026
0.022761
0.029669
0.037859
0.047436
0.058510
0.071187
0.085576
0.101785
0.119922
0.140095
0.162412
0.186981
0.213910
0.243308
0.275282
0.309940
0.347391
0.387742
0.431102
0.477579
0.527280
0.580315
0.636790
0.696814
0.760494
0.827939
0.899257
0.974556
0.001758
0.002311
0.003583
0.005539
0.008236
0.011756
0.016194
0.021648
0.028218
0.036007
0.045117
0.055649
0.067706
0.081392
0.096808
0.114058
0.133245
0.154470
0.177838
0.203450
0.231411
0.261821
0.294784
0.330404
0.368782
0.410022
0.454226
0.501497
0.551938
0.605651
0.662740
0.723307
0.787454
0.855285
0.926902
0.001634
0.002148
0.003330
0.005148
0.007654
0.010926
0.015051
0.020120
0.026226
0.033466
0.041932
0.051720
0.062927
0.075646
0.089975
0.106007
0.123839
0.143566
0.165284
0.189089
0.215075
0.243339
0.273975
0.307080
0.342749
0.381078
0.422161
0.466096
0.512975
0.562897
0.615956
0.672247
0.731866
0.794909
0.861470
0.001478
0.001944
0.003013
0.004658
0.006926
0.009887
0.013619
0.018206
0.023732
0.030282
0.037943
0.046800
0.056941
0.068450
0.081415
0.095922
0.112058
0.129908
0.149560
0.171100
0.194614
0.220189
0.247911
0.277867
0.310143
0.344825
0.382000
0.421755
0.464175
0.509347
0.557358
0.608294
0.662242
0.719287
0.779517
0.001295
0.001702
0.002639
0.004079
0.006065
0.008658
0.011926
0.015943
0.020782
0.026518
0.033226
0.040983
0.049862
0.059941
0.071294
0.083998
0.098128
0.113759
0.130968
0.149830
0.170421
0.192817
0.217093
0.243325
0.271588
0.301959
0.334513
0.369325
0.406472
0.446029
0.488071
0.532675
0.579916
0.629870
0.682613
0.001086
0.001428
0.002213
0.003422
0.005088
0.007263
0.010004
0.013374
0.017433
0.022245
0.027872
0.034379
0.041828
0.050282
0.059806
0.070463
0.082316
0.095428
0.109864
0.125687
0.142960
0.161747
0.182111
0.204116
0.227825
0.253302
0.280610
0.309812
0.340973
0.374156
0.409424
0.446840
0.486469
0.528373
0.572617
0.000857
0.001126
0.001746
0.002699
0.004013
0.005728
0.007891
0.010548
0.013750
0.017545
0.021984
0.027116
0.032991
0.039659
0.047171
0.055576
0.064925
0.075267
0.086653
0.099133
0.112757
0.127574
0.143636
0.160992
0.179692
0.199786
0.221324
0.244358
0.268935
0.295107
0.322924
0.352435
0.383692
0.416743
0.451639
0.000611
0.000803
0.001245
0.001925
0.002861
0.004084
0.005626
0.007521
0.009803
0.012509
0.015674
0.019333
0.023521
0.028276
0.033631
0.039624
0.046289
0.053663
0.061780
0.070678
0.080391
0.090955
0.102407
0.114780
0.128113
0.142439
0.157795
0.174217
0.191739
0.210399
0.230231
0.251271
0.273555
0.297119
0.321998
0.000353
0.000465
0.000720
0.001113
0.001655
0.002362
0.003253
0.004349
0.005669
0.007233
0.009063
0.011179
0.013601
0.016350
0.019446
0.022911
0.026765
0.031029
0.035723
0.040867
0.046483
0.052592
0.059213
0.066368
0.074077
0.082360
0.091239
0.100734
0.110866
0.121655
0.133122
0.145288
0.158173
0.171797
0.186183
0.000089
0.000117
0.000181
0.000280
0.000416
0.000594
0.000818
0.001094
0.001425
0.001819
0.002279
0.002810
0.003419
0.004110
0.004889
0.005759
0.006728
0.007800
0.008980
0.010273
0.011684
0.013220
0.014884
0.016682
0.018620
0.020702
0.022934
0.025320
0.027866
0.030578
0.033460
0.036518
0.039756
0.043181
0.046796
-0.000177
-0.000233
-0.000361
-0.000558
-0.000830
-0.001185
-0.001633
-0.002183
-0.002845
-0.003631
-0.004550
-0.005612
-0.006828
-0.008208
-0.009763
-0.011503
-0.013438
-0.015579
-0.017935
-0.020519
-0.023339
-0.026406
-0.029730
-0.033323
-0.037194
-0.041353
-0.045812
-0.050580
-0.055667
-0.061085
-0.066843
-0.072952
-0.079423
-0.086264
-0.093488
-0.000439
-0.000578
-0.000896
-0.001386
-0.002061
-0.002941
-0.004052
-0.005417
-0.007061
-0.009011
-0.011290
-0.013926
-0.016944
-0.020369
-0.024227
-0.028544
-0.033346
-0.038658
-0.044506
-0.050917
-0.057914
-0.065525
-0.073775
-0.082689
-0.092294
-0.102616
-0.113679
-0.125510
-0.138134
-0.151577
-0.165865
-0.181023
-0.197078
-0.214055
-0.231979
-0.000694
-0.000912
-0.001414
-0.002187
-0.003251
-0.004641
-0.006394
-0.008548
-0.011142
-0.014218
-0.017815
-0.021974
-0.026735
-0.032139
-0.038227
-0.045039
-0.052615
-0.060996
-0.070224
-0.080338
-0.091379
-0.103387
-0.116404
-0.130469
-0.145624
-0.161909
-0.179365
-0.198032
-0.217950
-0.239161
-0.261705
-0.285622
-0.310954
-0.337740
-0.366021
-0.000934
-0.001229
-0.001905
-0.002946
-0.004380
-0.006252
-0.008613
-0.011514
-0.015009
-0.019152
-0.023998
-0.029600
-0.036013
-0.043293
-0.051493
-0.060669
-0.070874
-0.082165
-0.094594
-0.108218
-0.123091
-0.139267
-0.156801
-0.175747
-0.196162
-0.218098
-0.241611
-0.266756
-0.293587
-0.322159
-0.352526
-0.384744
-0.418866
-0.454947
-0.493043
-0.001157
-0.001522
-0.002359
-0.003648
-0.005425
-0.007743
-0.010667
-0.014260
-0.018588
-0.023719
-0.029720
-0.036658
-0.044601
-0.053616
-0.063772
-0.075136
-0.087775
-0.101757
-0.117151
-0.134023
-0.152442
-0.172475
-0.194190
-0.217655
-0.242937
-0.270104
-0.299224
-0.330364
-0.363593
-0.398978
-0.436586
-0.476486
-0.518744
-0.563430
-0.610609
-0.001358
-0.001785
-0.002768
-0.004281
-0.006365
-0.009086
-0.012516
-0.016732
-0.021811
-0.027831
-0.034872
-0.043013
-0.052333
-0.062912
-0.074828
-0.088161
-0.102992
-0.119398
-0.137460
-0.157258
-0.178869
-0.202375
-0.227855
-0.255387
-0.285052
-0.316929
-0.351097
-0.387636
-0.426626
-0.468144
-0.512272
-0.559089
-0.608674
-0.661106
-0.716464
-0.001533
-0.002015
-0.003124
-0.004831
-0.007183
-0.010254
-0.014125
-0.018883
-0.024615
-0.031409
-0.039356
-0.048543
-0.059062
-0.071000
-0.084448
-0.099496
-0.116233
-0.134749
-0.155133
-0.177476
-0.201866
-0.228395
-0.257150
-0.288222
-0.321701
-0.357676
-0.396237
-0.437474
-0.481476
-0.528332
-0.578134
-0.630970
-0.686929
-0.746102
-0.808578
-0.001678
-0.002206
-0.003420
-0.005289
-0.007864
-0.011226
-0.015464
-0.020672
-0.026947
-0.034385
-0.043085
-0.053143
-0.064657
-0.077727
-0.092449
-0.108923
-0.127245
-0.147515
-0.169831
-0.194290
-0.220992
-0.250033
-0.281513
-0.315529
-0.352179
-0.391563
-0.433777
-0.478921
-0.527091
-0.578388
-0.632907
-0.690749
-0.752010
-0.816789
-0.885184
-0.001791
-0.002355
-0.003651
-0.005645
-0.008394
-0.011982
-0.016506
-0.022065
-0.028762
-0.036702
-0.045987
-0.056723
-0.069013
-0.082963
-0.098677
-0.116260
-0.135817
-0.157453
-0.181271
-0.207379
-0.235879
-0.266876
-0.300477
-0.336784
-0.375904
-0.417940
-0.462998
-0.511182
-0.562598
-0.617350
-0.675542
-0.737279
-0.802668
-0.871810
-0.944813
-0.001870
-0.002458
-0.003811
-0.005893
-0.008763
-0.012509
-0.017231
-0.023034
-0.030026
-0.038314
-0.048007
-0.059215
-0.072045
-0.086608
-0.103012
-0.121368
-0.141784
-0.164370
-0.189235
-0.216489
-0.246242
-0.278601
-0.313678
-0.351580
-0.392418
-0.436302
-0.483339
-0.533640
-0.587314
-0.644471
-0.705220
-0.769670
-0.837931
-0.910112
-0.986321
-0.001912
-0.002515
-0.003899
-0.006028
-0.008963
-0.012795
-0.017625
-0.023562
-0.030714
-0.039192
-0.049107
-0.060571
-0.073695
-0.088592
-0.105372
-0.124148
-0.145032
-0.168135
-0.193570
-0.221448
-0.251882
-0.284983
-0.320863
-0.359633
-0.401407
-0.446295
-0.494410
-0.545863
-0.600767
-0.659233
-0.721373
-0.787300
-0.857124
-0.930958
-1.008913
-0.001919
-0.002523
-0.003911
-0.006048
-0.008992
-0.012836
-0.017682
-0.023638
-0.030813
-0.039318
-0.049265
-0.060765
-0.073932
-0.088876
-0.105710
-0.124547
-0.145498
-0.168675
-0.194192
-0.222160
-0.252691
-0.285898
-0.321894
-0.360789
-0.402697
-0.447729
-0.495999
-0.547617
-0.602697
-0.661351
-0.723691
-0.789829
-0.859878
-0.933949
-1.012154
-0.001888
-0.002482
-0.003849
-0.005951
-0.008849
-0.012631
-0.017400
-0.023260
-0.030320
-0.038690
-0.048478
-0.059795
-0.072751
-0.087456
-0.104021
-0.122557
-0.143173
-0.165980
-0.191089
-0.218610
-0.248654
-0.281331
-0.316751
-0.355025
-0.396263
-0.440576
-0.488074
-0.538868
-0.593068
-0.650785
-0.712129
-0.777211
-0.846140
-0.919027
-0.995984
-0.001821
-0.002394
-0.003712
-0.005740
-0.008535
-0.012184
-0.016783
-0.022436
-0.029246
-0.037319
-0.046761
-0.057677
-0.070174
-0.084359
-0.100337
-0.118217
-0.138103
-0.160102
-0.184322
-0.210868
-0.239848
-0.271368
-0.305533
-0.342452
-0.382229
-0.424973
-0.470789
-0.519784
-0.572065
-0.627738
-0.686909
-0.749686
-0.816174
-0.886480
-0.960711
-0.001719
-0.002261
-0.003505
-0.005419
-0.008058
-0.011503
-0.015845
-0.021182
-0.027612
-0.035233
-0.044147
-0.054453
-0.066252
-0.079644
-0.094729
-0.111609
-0.130383
-0.151153
-0.174019
-0.199082
-0.226442
-0.256200
-0.288456
-0.323310
-0.360865
-0.401219
-0.444474
-0.490731
-0.540090
-0.592651
-0.648515
-0.707783
-0.770554
-0.836931
-0.907012
-0.001585
-0.002083
-0.003230
-0.004995
-0.007427
-0.010601
-0.014603
-0.019522
-0.025447
-0.032472
-0.040687
-0.050185
-0.061059
-0.073401
-0.087304
-0.102861
-0.120164
-0.139306
-0.160379
-0.183477
-0.208693
-0.236118
-0.265846
-0.297968
-0.332579
-0.369770
-0.409635
-0.452266
-0.497756
-0.546197
-0.597682
-0.652304
-0.710156
-0.771330
-0.835918
-0.001419
-0.001866
-0.002894
-0.004474
-0.006653
-0.009496
-0.013081
-0.017487
-0.022795
-0.029087
-0.036446
-0.044954
-0.054695
-0.065750
-0.078204
-0.092140
-0.107639
-0.124786
-0.143663
-0.164354
-0.186941
-0.211508
-0.238137
-0.266912
-0.297915
-0.331230
-0.366940
-0.405127
-0.445876
-0.489268
-0.535387
-0.584316
-0.636138
-0.690935
-0.748792
-0.001227
-0.001613
-0.002501
-0.003868
-0.005751
-0.008209
-0.011308
-0.015117
-0.019706
-0.025145
-0.031506
-0.038861
-0.047282
-0.056839
-0.067605
-0.079651
-0.093050
-0.107873
-0.124192
-0.142078
-0.161604
-0.182841
-0.205861
-0.230736
-0.257537
-0.286337
-0.317206
-0.350218
-0.385444
-0.422955
-0.462823
-0.505121
-0.549919
-0.597290
-0.647305
-0.001011
-0.001329
-0.002061
-0.003187
-0.004739
-0.006765
-0.009318
-0.012457
-0.016238
-0.020720
-0.025962
-0.032023
-0.038962
-0.046837
-0.055709
-0.065636
-0.076677
-0.088891
-0.102338
-0.117077
-0.133167
-0.150667
-0.169637
-0.190134
-0.212220
-0.235952
-0.261389
-0.288592
-0.317620
-0.348530
-0.381383
-0.416238
-0.453153
-0.492188
-0.533403
-0.000776
-0.001020
-0.001582
-0.002445
-0.003636
-0.005190
-0.007150
-0.009558
-0.012459
-0.015898
-0.019920
-0.024571
-0.029895
-0.035937
-0.042744
-0.050361
-0.058832
-0.068204
-0.078522
-0.089831
-0.102177
-0.115604
-0.130159
-0.145886
-0.162832
-0.181041
-0.200559
-0.221431
-0.243703
-0.267420
-0.292628
-0.319371
-0.347696
-0.377647
-0.409270
-0.000526
-0.000691
-0.001072
-0.001657
-0.002464
-0.003517
-0.004844
-0.006476
-0.008441
-0.010771
-0.013496
-0.016647
-0.020254
-0.024348
-0.028960
-0.034120
-0.039860
-0.046210
-0.053200
-0.060862
-0.069226
-0.078324
-0.088185
-0.098840
-0.110321
-0.122658
-0.135882
-0.150023
-0.165113
-0.181182
-0.198260
-0.216380
-0.235570
-0.255863
-0.277289
-0.000265
-0.000349
-0.000541
-0.000836
-0.001244
-0.001775
-0.002446
-0.003269
-0.004262
-0.005438
-0.006814
-0.008404
-0.010225
-0.012292
-0.014620
-0.017225
-0.020123
-0.023329
-0.026858
-0.030726
-0.034948
-0.039541
-0.044519
-0.049899
-0.055695
-0.061923
-0.068599
-0.075738
-0.083356
-0.091468
-0.100090
-0.109238
-0.118926
-0.129171
-0.139989
0.000000
0.000000
0.000000
0.000000
0.000000
0.000000
0.000000
0.000000
0.000000
0.000000
0.000000
0.000000
0.000000
0.000000
0.000000
0.000000
0.000000
0.000000
0.000000
0.000000
0.000000
0.000000
0.000000
0.000000
0.000000
0.000000
0.000000
0.000000
0.000000
0.000000
0.000000
0.000000
0.000000
0.000000
-0.000004
