0.001940
0.002404
0.003483
0.005127
0.007364
0.010246
0.013839
0.018212
0.023435
0.029583
0.036728
0.044944
0.054305
0.064885
0.076759
0.090001
0.104685
0.120885
0.138677
0.158134
0.179330
0.202341
0.227240
0.254102
0.283001
0.314012
0.347209
0.382667
0.420459
0.460660
0.503345
0.548588
0.596463
0.647045
0.700407
0.756626
0.815774
0.877925
0.943156
1.011539
0.001926
0.002386
0.003458
0.005090
0.007310
0.010172
0.013738
0.018079
0.023265
0.029367
0.036460
0.044616
0.053909
0.064412
0.076199
0.089345
0.103922
0.120004
0.137666
0.156981
0.178023
0.200865
0.225583
0.252249
0.280938
0.311722
0.344677
0.379876
0.417393
0.457301
0.499675
0.544588
0.592114
0.642327
0.695301
0.751109
0.809826
0.871524
0.936279
1.004163
0.001883
0.002334
0.003382
0.004978
0.007150
0.009949
0.013437
0.017683
0.022754
0.028723
0.035660
0.043638
0.052727
0.063000
0.074528
0.087386
0.101643
0.117373
0.134647
0.153539
0.174119
0.196461
0.220637
0.246718
0.274778
0.304887
0.337120
0.371547
0.408241
0.447274
0.488719
0.532647
0.579131
0.628242
0.680054
0.734639
0.792068
0.852414
0.915749
0.982145
0.001814
0.002248
0.003257
0.004794
0.006885
0.009581
0.012940
0.017028
0.021913
0.027661
0.034341
0.042023
0.050776
0.060669
0.071771
0.084152
0.097882
0.113030
0.129665
0.147858
0.167677
0.189192
0.212473
0.237589
0.264611
0.293606
0.324646
0.357799
0.393136
0.430725
0.470636
0.512938
0.557702
0.604997
0.654892
0.707457
0.762761
0.820874
0.881866
0.945805
0.001718
0.002129
0.003084
0.004540
0.006520
0.009073
0.012254
0.016126
0.020751
0.026194
0.032521
0.039796
0.048084
0.057453
0.067967
0.079692
0.092694
0.107039
0.122792
0.140021
0.158789
0.179164
0.201211
0.224996
0.250585
0.278044
0.307438
0.338834
0.372298
0.407894
0.445690
0.485750
0.528141
0.572929
0.620179
0.669958
0.722331
0.777364
0.835123
0.895673
0.001597
0.001979
0.002867
0.004220
0.006061
0.008433
0.011390
0.014988
0.019287
0.024346
0.030226
0.036988
0.044692
0.053400
0.063172
0.074069
0.086154
0.099487
0.114129
0.130142
0.147586
0.166524
0.187015
0.209122
0.232906
0.258427
0.285747
0.314928
0.346031
0.379116
0.414245
0.451479
0.490879
0.532507
0.576424
0.622691
0.671368
0.722518
0.776202
0.832480
0.001452
0.001800
0.002607
0.003838
0.005512
0.007670
0.010359
0.013632
0.017542
0.022143
0.027491
0.033641
0.040648
0.048567
0.057455
0.067367
0.078358
0.090484
0.103802
0.118365
0.134231
0.151455
0.170092
0.190198
0.211830
0.235042
0.259890
0.286430
0.314718
0.344809
0.376759
0.410624
0.446459
0.484320
0.524262
0.566342
0.610615
0.657136
0.705962
0.757148
0.001287
0.001594
0.002310
0.003400
0.004883
0.006795
0.009178
0.012077
0.015541
0.019617
0.024355
0.029804
0.036011
0.043027
0.050901
0.059682
0.069419
0.080162
0.091960
0.104863
0.118919
0.134177
0.150689
0.168501
0.187665
0.208229
0.230243
0.253755
0.278816
0.305474
0.333779
0.363781
0.395528
0.429070
0.464456
0.501736
0.540958
0.582172
0.625428
0.670775
0.001102
0.001366
0.001979
0.002913
0.004184
0.005821
0.007862
0.010346
0.013313
0.016805
0.020864
0.025531
0.030849
0.036860
0.043605
0.051127
0.059468
0.068672
0.078778
0.089831
0.101872
0.114944
0.129088
0.144347
0.160764
0.178380
0.197238
0.217380
0.238848
0.261685
0.285933
0.311634
0.338830
0.367563
0.397877
0.429812
0.463412
0.498719
0.535774
0.574620
0.000902
0.001118
0.001619
0.002383
0.003423
0.004762
0.006432
0.008464
0.010892
0.013748
0.017069
0.020887
0.025237
0.030154
0.035673
0.041826
0.048650
0.056179
0.064447
0.073490
0.083340
0.094034
0.105605
0.118088
0.131518
0.145930
0.161357
0.177835
0.195398
0.214080
0.233917
0.254942
0.277191
0.300697
0.325496
0.351622
0.379109
0.407993
0.438307
0.470086
0.000688
0.000853
0.001236
0.001819
0.002612
0.003634
0.004908
0.006459
0.008311
0.010491
0.013025
0.015938
0.019258
0.023010
0.027220
0.031916
0.037123
0.042868
0.049177
0.056076
0.063593
0.071753
0.080582
0.090107
0.100355
0.111352
0.123123
0.135697
0.149098
0.163353
0.178490
0.194533
0.211510
0.229446
0.248369
0.268304
0.289278
0.311317
0.334448
0.358697
0.000465
0.000576
0.000834
0.001228
0.001763
0.002453
0.003313
0.004359
0.005609
0.007081
0.008790
0.010757
0.012997
0.015529
0.018371
0.021540
0.025054
0.028931
0.033189
0.037846
0.042918
0.048425
0.054384
0.060812
0.067728
0.075150
0.083094
0.091580
0.100624
0.110245
0.120460
0.131287
0.142744
0.154849
0.167620
0.181073
0.195228
0.210102
0.225713
0.242078
0.000234
0.000290
0.000420
0.000619
0.000888
0.001236
0.001669
0.002196
0.002826
0.003567
0.004428
0.005419
0.006547
0.007822
0.009254
0.010850
0.012620
0.014573
0.016718
0.019063
0.021618
0.024392
0.027393
0.030631
0.034114
0.037852
0.041854
0.046128
0.050683
0.055529
0.060674
0.066127
0.071898
0.077994
0.084427
0.091203
0.098332
0.105824
0.113686
0.121929
0.000001
0.000001
0.000001
0.000001
0.000001
0.000001
0.000001
0.000001
0.000001
0.000001
0.000001
0.000001
0.000001
0.000002
0.000002
0.000002
0.000002
0.000002
0.000002
0.000002
0.000002
0.000002
0.000003
0.000003
0.000003
0.000003
0.000003
0.000003
0.000003
0.000003
0.000003
0.000003
0.000003
0.000002
0.000002
0.000002
0.000002
0.000002
0.000002
0.000001
-0.000233
-0.000289
-0.000419
-0.000617
-0.000887
-0.001234
-0.001667
-0.002194
-0.002824
-0.003564
-0.004426
-0.005416
-0.006544
-0.007819
-0.009250
-0.010846
-0.012616
-0.014569
-0.016713
-0.019058
-0.021613
-0.024387
-0.027388
-0.030625
-0.034109
-0.037847
-0.041848
-0.046122
-0.050677
-0.055523
-0.060668
-0.066122
-0.071892
-0.077989
-0.084422
-0.091198
-0.098328
-0.105820
-0.113683
-0.121926
-0.000463
-0.000574
-0.000833
-0.001226
-0.001761
-0.002451
-0.003311
-0.004357
-0.005607
-0.007078
-0.008788
-0.010754
-0.012994
-0.015526
-0.018368
-0.021536
-0.025050
-0.028927
-0.033185
-0.037841
-0.042914
-0.048420
-0.054379
-0.060807
-0.067723
-0.075144
-0.083089
-0.091574
-0.100618
-0.110239
-0.120454
-0.131282
-0.142739
-0.154844
-0.167615
-0.181069
-0.195224
-0.210099
-0.225710
-0.242076
-0.000687
-0.000852
-0.001234
-0.001817
-0.002610
-0.003632
-0.004906
-0.006457
-0.008309
-0.010489
-0.013022
-0.015935
-0.019255
-0.023006
-0.027217
-0.031912
-0.037119
-0.042864
-0.049173
-0.056072
-0.063588
-0.071748
-0.080577
-0.090102
-0.100349
-0.111346
-0.123117
-0.135691
-0.149092
-0.163347
-0.178484
-0.194527
-0.211504
-0.229440
-0.248363
-0.268299
-0.289273
-0.311313
-0.334445
-0.358695
-0.000900
-0.001116
-0.001618
-0.002382
-0.003421
-0.004760
-0.006430
-0.008462
-0.010889
-0.013746
-0.017066
-0.020884
-0.025235
-0.030151
-0.035669
-0.041823
-0.048647
-0.056175
-0.064443
-0.073485
-0.083335
-0.094029
-0.105600
-0.118083
-0.131512
-0.145924
-0.161351
-0.177829
-0.195391
-0.214074
-0.233910
-0.254936
-0.277184
-0.300691
-0.325490
-0.351617
-0.379105
-0.407989
-0.438304
-0.470084
-0.001101
-0.001365
-0.001977
-0.002911
-0.004182
-0.005819
-0.007860
-0.010344
-0.013311
-0.016803
-0.020862
-0.025529
-0.030846
-0.036856
-0.043602
-0.051124
-0.059465
-0.068668
-0.078774
-0.089827
-0.101867
-0.114939
-0.129083
-0.144342
-0.160758
-0.178374
-0.197232
-0.217373
-0.238842
-0.261678
-0.285926
-0.311627
-0.338823
-0.367557
-0.397871
-0.429807
-0.463407
-0.498715
-0.535770
-0.574618
-0.001285
-0.001593
-0.002308
-0.003399
-0.004882
-0.006793
-0.009176
-0.012075
-0.015539
-0.019615
-0.024353
-0.029801
-0.036008
-0.043024
-0.050898
-0.059679
-0.069416
-0.080159
-0.091956
-0.104858
-0.118914
-0.134173
-0.150683
-0.168496
-0.187659
-0.208223
-0.230236
-0.253748
-0.278809
-0.305467
-0.333772
-0.363774
-0.395521
-0.429063
-0.464449
-0.501729
-0.540953
-0.582168
-0.625425
-0.670773
-0.001451
-0.001798
-0.002606
-0.003836
-0.005511
-0.007668
-0.010357
-0.013630
-0.017540
-0.022141
-0.027489
-0.033638
-0.040645
-0.048564
-0.057452
-0.067364
-0.078355
-0.090481
-0.103798
-0.118361
-0.134226
-0.151450
-0.170087
-0.190193
-0.211824
-0.235035
-0.259883
-0.286423
-0.314711
-0.344801
-0.376751
-0.410616
-0.446451
-0.484312
-0.524255
-0.566336
-0.610609
-0.657132
-0.705959
-0.757146
-0.001595
-0.001977
-0.002865
-0.004218
-0.006059
-0.008431
-0.011388
-0.014986
-0.019285
-0.024344
-0.030224
-0.036985
-0.044689
-0.053397
-0.063168
-0.074066
-0.086151
-0.099483
-0.114125
-0.130138
-0.147582
-0.166519
-0.187010
-0.209116
-0.232899
-0.258421
-0.285741
-0.314921
-0.346023
-0.379108
-0.414237
-0.451471
-0.490871
-0.532499
-0.576416
-0.622684
-0.671362
-0.722513
-0.776199
-0.832479
-0.001716
-0.002127
-0.003083
-0.004539
-0.006519
-0.009071
-0.012252
-0.016124
-0.020749
-0.026192
-0.032518
-0.039793
-0.048082
-0.057450
-0.067964
-0.079688
-0.092690
-0.107035
-0.122789
-0.140016
-0.158785
-0.179159
-0.201206
-0.224990
-0.250579
-0.278037
-0.307431
-0.338827
-0.372290
-0.407886
-0.445681
-0.485742
-0.528133
-0.572921
-0.620172
-0.669952
-0.722325
-0.777359
-0.835119
-0.895672
-0.001813
-0.002246
-0.003255
-0.004793
-0.006884
-0.009579
-0.012938
-0.017026
-0.021911
-0.027658
-0.034339
-0.042021
-0.050773
-0.060666
-0.071768
-0.084149
-0.097878
-0.113026
-0.129661
-0.147853
-0.167672
-0.189187
-0.212468
-0.237584
-0.264605
-0.293600
-0.324639
-0.357792
-0.393128
-0.430716
-0.470627
-0.512930
-0.557694
-0.604989
-0.654885
-0.707450
-0.762755
-0.820869
-0.881862
-0.945804
-0.001882
-0.002333
-0.003380
-0.004977
-0.007148
-0.009947
-0.013435
-0.017681
-0.022752
-0.028721
-0.035658
-0.043635
-0.052724
-0.062997
-0.074525
-0.087382
-0.101639
-0.117369
-0.134643
-0.153535
-0.174115
-0.196457
-0.220632
-0.246713
-0.274771
-0.304881
-0.337113
-0.371539
-0.408233
-0.447266
-0.488710
-0.532638
-0.579122
-0.628234
-0.680047
-0.734632
-0.792062
-0.852409
-0.915746
-0.982144
-0.001924
-0.002385
-0.003456
-0.005088
-0.007309
-0.010170
-0.013737
-0.018077
-0.023263
-0.029365
-0.036458
-0.044613
-0.053906
-0.064409
-0.076196
-0.089341
-0.103918
-0.120000
-0.137662
-0.156977
-0.178018
-0.200861
-0.225578
-0.252244
-0.280932
-0.311716
-0.344671
-0.379869
-0.417385
-0.457293
-0.499666
-0.544579
-0.592105
-0.642319
-0.695293
-0.751102
-0.809819
-0.871519
-0.936276
-1.004163
-0.001939
-0.002403
-0.003482
-0.005126
-0.007362
-0.010245
-0.013838
-0.018210
-0.023434
-0.029581
-0.036725
-0.044941
-0.054302
-0.064882
-0.076756
-0.089998
-0.104681
-0.120882
-0.138673
-0.158130
-0.179326
-0.202336
-0.227235
-0.254097
-0.282996
-0.314006
-0.347202
-0.382659
-0.420451
-0.460652
-0.503336
-0.548579
-0.596454
-0.647036
-0.700400
-0.756619
-0.815768
-0.877921
-0.943153
-1.011539
-0.001925
-0.002385
-0.003456
-0.005089
-0.007309
-0.010170
-0.013737
-0.018077
-0.023263
-0.029365
-0.036458
-0.044614
-0.053906
-0.064409
-0.076196
-0.089342
-0.103918
-0.120001
-0.137662
-0.156977
-0.178019
-0.200861
-0.225578
-0.252244
-0.280932
-0.311717
-0.344671
-0.379870
-0.417386
-0.457293
-0.499667
-0.544579
-0.592106
-0.642319
-0.695293
-0.751102
-0.809820
-0.871520
-0.936277
-1.004164
-0.001882
-0.002333
-0.003381
-0.004977
-0.007149
-0.009947
-0.013436
-0.017681
-0.022753
-0.028721
-0.035658
-0.043635
-0.052724
-0.062997
-0.074526
-0.087383
-0.101640
-0.117370
-0.134644
-0.153535
-0.174115
-0.196457
-0.220632
-0.246713
-0.274773
-0.304882
-0.337114
-0.371540
-0.408234
-0.447266
-0.488711
-0.532639
-0.579123
-0.628235
-0.680048
-0.734633
-0.792063
-0.852411
-0.915748
-0.982146
-0.001813
-0.002247
-0.003255
-0.004793
-0.006884
-0.009579
-0.012939
-0.017027
-0.021911
-0.027659
-0.034339
-0.042021
-0.050774
-0.060666
-0.071768
-0.084150
-0.097879
-0.113027
-0.129662
-0.147854
-0.167673
-0.189188
-0.212469
-0.237585
-0.264606
-0.293601
-0.324640
-0.357793
-0.393129
-0.430718
-0.470628
-0.512931
-0.557695
-0.604991
-0.654886
-0.707452
-0.762757
-0.820871
-0.881865
-0.945806
-0.001717
-0.002128
-0.003083
-0.004539
-0.006519
-0.009071
-0.012253
-0.016124
-0.020749
-0.026193
-0.032519
-0.039794
-0.048082
-0.057451
-0.067964
-0.079689
-0.092691
-0.107036
-0.122789
-0.140017
-0.158786
-0.179160
-0.201207
-0.224992
-0.250581
-0.278039
-0.307433
-0.338829
-0.372292
-0.407888
-0.445683
-0.485743
-0.528135
-0.572923
-0.620174
-0.669954
-0.722328
-0.777362
-0.835122
-0.895674
-0.001596
-0.001977
-0.002865
-0.004219
-0.006059
-0.008431
-0.011388
-0.014987
-0.019286
-0.024345
-0.030225
-0.036986
-0.044690
-0.053397
-0.063169
-0.074067
-0.086152
-0.099484
-0.114126
-0.130139
-0.147583
-0.166520
-0.187011
-0.209118
-0.232902
-0.258423
-0.285743
-0.314923
-0.346025
-0.379110
-0.414239
-0.451473
-0.490873
-0.532502
-0.576419
-0.622686
-0.671365
-0.722517
-0.776202
-0.832482
-0.001451
-0.001799
-0.002606
-0.003837
-0.005511
-0.007668
-0.010358
-0.013630
-0.017540
-0.022142
-0.027490
-0.033639
-0.040646
-0.048565
-0.057453
-0.067365
-0.078356
-0.090482
-0.103799
-0.118362
-0.134228
-0.151451
-0.170088
-0.190195
-0.211826
-0.235038
-0.259885
-0.286425
-0.314713
-0.344803
-0.376754
-0.410618
-0.446454
-0.484315
-0.524258
-0.566339
-0.610613
-0.657135
-0.705962
-0.757150
-0.001286
-0.001593
-0.002309
-0.003399
-0.004882
-0.006794
-0.009176
-0.012076
-0.015539
-0.019616
-0.024354
-0.029802
-0.036009
-0.043025
-0.050899
-0.059680
-0.069417
-0.080160
-0.091958
-0.104860
-0.118916
-0.134174
-0.150685
-0.168498
-0.187662
-0.208225
-0.230238
-0.253751
-0.278811
-0.305469
-0.333775
-0.363776
-0.395524
-0.429066
-0.464452
-0.501733
-0.540956
-0.582172
-0.625429
-0.670777
-0.001101
-0.001365
-0.001978
-0.002912
-0.004182
-0.005820
-0.007861
-0.010345
-0.013312
-0.016804
-0.020863
-0.025530
-0.030847
-0.036858
-0.043603
-0.051125
-0.059466
-0.068669
-0.078776
-0.089828
-0.101869
-0.114941
-0.129085
-0.144344
-0.160761
-0.178376
-0.197234
-0.217376
-0.238844
-0.261681
-0.285928
-0.311629
-0.338826
-0.367560
-0.397874
-0.429810
-0.463411
-0.498719
-0.535775
-0.574622
-0.000901
-0.001117
-0.001618
-0.002382
-0.003422
-0.004761
-0.006431
-0.008463
-0.010890
-0.013747
-0.017067
-0.020885
-0.025236
-0.030153
-0.035671
-0.041824
-0.048648
-0.056177
-0.064445
-0.073487
-0.083337
-0.094031
-0.105602
-0.118085
-0.131515
-0.145926
-0.161354
-0.177831
-0.195394
-0.214076
-0.233913
-0.254938
-0.277187
-0.300694
-0.325494
-0.351620
-0.379108
-0.407993
-0.438308
-0.470089
-0.000687
-0.000852
-0.001235
-0.001818
-0.002611
-0.003633
-0.004907
-0.006457
-0.008310
-0.010490
-0.013023
-0.015937
-0.019256
-0.023008
-0.027218
-0.031914
-0.037121
-0.042866
-0.049175
-0.056074
-0.063590
-0.071750
-0.080579
-0.090104
-0.100352
-0.111349
-0.123120
-0.135693
-0.149095
-0.163350
-0.178486
-0.194530
-0.211507
-0.229443
-0.248367
-0.268303
-0.289277
-0.311318
-0.334450
-0.358700
-0.000464
-0.000575
-0.000833
-0.001227
-0.001762
-0.002452
-0.003312
-0.004358
-0.005608
-0.007079
-0.008789
-0.010755
-0.012995
-0.015527
-0.018369
-0.021538
-0.025052
-0.028929
-0.033187
-0.037843
-0.042916
-0.048422
-0.054381
-0.060810
-0.067726
-0.075147
-0.083091
-0.091577
-0.100621
-0.110242
-0.120457
-0.131284
-0.142742
-0.154847
-0.167618
-0.181072
-0.195228
-0.210103
-0.225714
-0.242081
-0.000234
-0.000290
-0.000420
-0.000618
-0.000887
-0.001235
-0.001668
-0.002195
-0.002825
-0.003566
-0.004427
-0.005417
-0.006545
-0.007821
-0.009252
-0.010848
-0.012618
-0.014571
-0.016715
-0.019061
-0.021615
-0.024389
-0.027390
-0.030628
-0.034112
-0.037849
-0.041851
-0.046125
-0.050680
-0.055526
-0.060671
-0.066124
-0.071895
-0.077992
-0.084425
-0.091201
-0.098331
-0.105823
-0.113687
-0.121931
0.000000
0.000000
0.000000
0.000000
0.000000
0.000000
0.000000
0.000000
0.000000
0.000000
0.000000
0.000000
0.000000
0.000000
0.000000
0.000000
0.000000
0.000000
0.000000
0.000000
0.000000
0.000000
0.000000
0.000000
0.000000
0.000000
0.000000
0.000000
0.000000
0.000000
0.000000
0.000000
0.000000
0.000000
0.000000
0.000000
0.000000
0.000000
0.000000
-0.000004
