0.001954
0.002321
0.003185
0.004495
0.006259
0.008509
0.011287
0.014639
0.018614
0.023262
0.028634
0.034780
0.041752
0.049601
0.058379
0.068138
0.078929
0.090803
0.103813
0.118011
0.133448
0.150175
0.168245
0.187710
0.208620
0.231029
0.254987
0.280546
0.307759
0.336676
0.367351
0.399833
0.434176
0.470431
0.508650
0.548884
0.591185
0.635606
0.682197
0.731011
0.782099
0.835513
0.891304
0.949525
1.010227
0.001943
0.002308
0.003167
0.004469
0.006223
0.008460
0.011222
0.014555
0.018508
0.023129
0.028470
0.034581
0.041513
0.049317
0.058045
0.067747
0.078476
0.090283
0.103219
0.117335
0.132683
0.149315
0.167282
0.186634
0.207425
0.229705
0.253526
0.278939
0.305996
0.334747
0.365246
0.397542
0.431688
0.467736
0.505735
0.545739
0.587798
0.631964
0.678288
0.726822
0.777617
0.830725
0.886197
0.944085
1.004439
0.001909
0.002268
0.003112
0.004392
0.006116
0.008314
0.011029
0.014304
0.018189
0.022731
0.027980
0.033985
0.040798
0.048468
0.057045
0.066581
0.077125
0.088728
0.101441
0.115314
0.130398
0.146743
0.164401
0.183420
0.203853
0.225749
0.249160
0.274135
0.300726
0.328982
0.358955
0.390696
0.424254
0.459680
0.497025
0.536340
0.577675
0.621080
0.666606
0.714305
0.764225
0.816419
0.870935
0.927825
0.987140
0.001854
0.002202
0.003022
0.004265
0.005938
0.008073
0.010709
0.013890
0.017662
0.022072
0.027169
0.033000
0.039615
0.047063
0.055392
0.064651
0.074890
0.086157
0.098501
0.111972
0.126619
0.142490
0.159636
0.178104
0.197945
0.219206
0.241938
0.266190
0.292010
0.319447
0.348552
0.379372
0.411957
0.446357
0.482620
0.520795
0.560932
0.603079
0.647285
0.693601
0.742075
0.792756
0.845693
0.900934
0.958530
0.001777
0.002111
0.002897
0.004089
0.005693
0.007740
0.010267
0.013316
0.016932
0.021160
0.026047
0.031637
0.037979
0.045119
0.053104
0.061981
0.071796
0.082598
0.094432
0.107347
0.121389
0.136605
0.153042
0.170747
0.189768
0.210152
0.231945
0.255194
0.279948
0.306252
0.334154
0.363701
0.394940
0.427919
0.462684
0.499282
0.537760
0.578167
0.620547
0.664950
0.711421
0.760008
0.810758
0.863718
0.918935
0.001681
0.001996
0.002739
0.003866
0.005383
0.007318
0.009707
0.012590
0.016009
0.020006
0.024626
0.029912
0.035908
0.042658
0.050207
0.058600
0.067880
0.078092
0.089282
0.101492
0.114768
0.129153
0.144694
0.161434
0.179417
0.198689
0.219293
0.241274
0.264678
0.289547
0.315927
0.343862
0.373397
0.404577
0.437446
0.472047
0.508427
0.546629
0.586698
0.628679
0.672615
0.718551
0.766534
0.816605
0.868810
0.001564
0.001858
0.002550
0.003598
0.005011
0.006812
0.009036
0.011720
0.014902
0.018623
0.022923
0.027843
0.033425
0.039708
0.046736
0.054548
0.063186
0.072692
0.083108
0.094473
0.106831
0.120222
0.134688
0.150270
0.167010
0.184949
0.204128
0.224590
0.246374
0.269524
0.294080
0.320083
0.347576
0.376599
0.407195
0.439404
0.473268
0.508828
0.546126
0.585203
0.626101
0.668861
0.713525
0.760134
0.808729
0.001430
0.001699
0.002332
0.003290
0.004581
0.006228
0.008261
0.010715
0.013624
0.017026
0.020958
0.025456
0.030559
0.036304
0.042728
0.049870
0.057768
0.066459
0.075981
0.086373
0.097671
0.109913
0.123139
0.137385
0.152689
0.169090
0.186625
0.205331
0.225248
0.246412
0.268863
0.292636
0.317771
0.344306
0.372278
0.401725
0.432685
0.465196
0.499296
0.535022
0.572413
0.611506
0.652340
0.694952
0.739380
0.001280
0.001520
0.002086
0.002944
0.004099
0.005573
0.007392
0.009587
0.012190
0.015234
0.018752
0.022777
0.027343
0.032483
0.038231
0.044622
0.051688
0.059465
0.067985
0.077282
0.087391
0.098345
0.110179
0.122925
0.136619
0.151293
0.166982
0.183720
0.201540
0.220477
0.240564
0.261836
0.284325
0.308067
0.333095
0.359443
0.387144
0.416233
0.446743
0.478709
0.512165
0.547144
0.583680
0.621807
0.661559
0.001115
0.001324
0.001817
0.002564
0.003570
0.004853
0.006438
0.008350
0.010617
0.013268
0.016332
0.019837
0.023813
0.028290
0.033296
0.038862
0.045016
0.051789
0.059209
0.067306
0.076110
0.085650
0.095956
0.107057
0.118983
0.131763
0.145426
0.160003
0.175523
0.192015
0.209510
0.228035
0.247621
0.268298
0.290095
0.313041
0.337166
0.362500
0.389072
0.416911
0.446048
0.476511
0.508331
0.541536
0.576156
0.000937
0.001113
0.001527
0.002155
0.003000
0.004079
0.005410
0.007017
0.008922
0.011150
0.013724
0.016670
0.020011
0.023773
0.027980
0.032657
0.037828
0.043519
0.049754
0.056559
0.063957
0.071973
0.080633
0.089962
0.099983
0.110722
0.122204
0.134453
0.147495
0.161353
0.176054
0.191621
0.208080
0.225455
0.243771
0.263053
0.283325
0.304614
0.326942
0.350336
0.374820
0.400418
0.427157
0.455059
0.484151
0.000749
0.000889
0.001220
0.001721
0.002396
0.003257
0.004320
0.005603
0.007125
0.008903
0.010959
0.013311
0.015979
0.018983
0.022343
0.026077
0.030207
0.034751
0.039730
0.045163
0.051071
0.057472
0.064387
0.071836
0.079838
0.088413
0.097582
0.107363
0.117776
0.128843
0.140581
0.153011
0.166154
0.180028
0.194653
0.210050
0.226238
0.243237
0.261066
0.279746
0.299296
0.319737
0.341088
0.363368
0.386598
0.000551
0.000655
0.000898
0.001267
0.001764
0.002398
0.003181
0.004126
0.005246
0.006555
0.008069
0.009800
0.011765
0.013976
0.016449
0.019199
0.022239
0.025585
0.029250
0.033250
0.037599
0.042312
0.047403
0.052887
0.058778
0.065091
0.071841
0.079042
0.086708
0.094855
0.103497
0.112648
0.122324
0.132538
0.143305
0.154640
0.166558
0.179072
0.192198
0.205951
0.220344
0.235392
0.251110
0.267513
0.284615
0.000348
0.000413
0.000567
0.000799
0.001113
0.001512
0.002006
0.002601
0.003307
0.004132
0.005086
0.006177
0.007415
0.008809
0.010368
0.012101
0.014017
0.016125
0.018435
0.020956
0.023697
0.026667
0.029876
0.033332
0.037045
0.041023
0.045277
0.049815
0.054647
0.059781
0.065227
0.070995
0.077092
0.083529
0.090315
0.097459
0.104969
0.112856
0.121128
0.129795
0.138866
0.148349
0.158255
0.168592
0.179370
0.000141
0.000167
0.000229
0.000322
0.000448
0.000609
0.000807
0.001046
0.001330
0.001662
0.002045
0.002483
0.002981
0.003541
0.004167
0.004864
0.005634
0.006481
0.007409
0.008422
0.009523
0.010717
0.012006
0.013395
0.014887
0.016485
0.018194
0.020018
0.021959
0.024022
0.026210
0.028528
0.030977
0.033564
0.036290
0.039160
0.042178
0.045346
0.048670
0.052152
0.055796
0.059607
0.063587
0.067740
0.072070
-0.000068
-0.000081
-0.000112
-0.000159
-0.000222
-0.000302
-0.000401
-0.000520
-0.000662
-0.000828
-0.001020
-0.001239
-0.001488
-0.001768
-0.002081
-0.002429
-0.002814
-0.003238
-0.003702
-0.004208
-0.004759
-0.005356
-0.006001
-0.006696
-0.007442
-0.008242
-0.009097
-0.010009
-0.010980
-0.012012
-0.013107
-0.014266
-0.015492
-0.016786
-0.018151
-0.019587
-0.021097
-0.022683
-0.024346
-0.026088
-0.027912
-0.029819
-0.031811
-0.033889
-0.036056
-0.000276
-0.000329
-0.000452
-0.000638
-0.000889
-0.001209
-0.001604
-0.002081
-0.002647
-0.003308
-0.004072
-0.004947
-0.005939
-0.007056
-0.008305
-0.009694
-0.011229
-0.012919
-0.014770
-0.016791
-0.018987
-0.021368
-0.023939
-0.026709
-0.029685
-0.032874
-0.036283
-0.039921
-0.043793
-0.047909
-0.052274
-0.056897
-0.061784
-0.066944
-0.072383
-0.078109
-0.084130
-0.090451
-0.097082
-0.104030
-0.111301
-0.118903
-0.126843
-0.135129
-0.143769
-0.000481
-0.000572
-0.000786
-0.001110
-0.001546
-0.002102
-0.002789
-0.003618
-0.004601
-0.005750
-0.007078
-0.008598
-0.010322
-0.012263
-0.014434
-0.016847
-0.019516
-0.022452
-0.025670
-0.029181
-0.032998
-0.037135
-0.041603
-0.046417
-0.051588
-0.057129
-0.063054
-0.069375
-0.076105
-0.083256
-0.090842
-0.098875
-0.107368
-0.116334
-0.125786
-0.135736
-0.146198
-0.157184
-0.168706
-0.180779
-0.193414
-0.206624
-0.220422
-0.234821
-0.249834
-0.000681
-0.000809
-0.001111
-0.001569
-0.002185
-0.002971
-0.003942
-0.005113
-0.006502
-0.008126
-0.010003
-0.012151
-0.014587
-0.017330
-0.020398
-0.023808
-0.027579
-0.031728
-0.036275
-0.041236
-0.046630
-0.052476
-0.058790
-0.065592
-0.072900
-0.080730
-0.089103
-0.098035
-0.107544
-0.117650
-0.128369
-0.139720
-0.151722
-0.164392
-0.177748
-0.191808
-0.206591
-0.222115
-0.238397
-0.255456
-0.273310
-0.291977
-0.311475
-0.331822
-0.353037
-0.000873
-0.001037
-0.001424
-0.002010
-0.002799
-0.003806
-0.005049
-0.006550
-0.008329
-0.010409
-0.012814
-0.015565
-0.018685
-0.022198
-0.026128
-0.030495
-0.035325
-0.040640
-0.046464
-0.052819
-0.059728
-0.067215
-0.075304
-0.084016
-0.093376
-0.103406
-0.114130
-0.125570
-0.137751
-0.150695
-0.164425
-0.178964
-0.194337
-0.210565
-0.227672
-0.245682
-0.264617
-0.284501
-0.305356
-0.327206
-0.350075
-0.373984
-0.398959
-0.425021
-0.452194
-0.001054
-0.001253
-0.001720
-0.002428
-0.003381
-0.004597
-0.006099
-0.007911
-0.010060
-0.012573
-0.015477
-0.018800
-0.022569
-0.026812
-0.031558
-0.036834
-0.042667
-0.049087
-0.056121
-0.063796
-0.072142
-0.081185
-0.090954
-0.101477
-0.112782
-0.124897
-0.137849
-0.151667
-0.166379
-0.182013
-0.198597
-0.216158
-0.234724
-0.254325
-0.274988
-0.296740
-0.319610
-0.343626
-0.368815
-0.395207
-0.422828
-0.451706
-0.481871
-0.513349
-0.546168
-0.001224
-0.001454
-0.001996
-0.002818
-0.003924
-0.005336
-0.007079
-0.009182
-0.011676
-0.014593
-0.017963
-0.021819
-0.026194
-0.031119
-0.036627
-0.042750
-0.049520
-0.056971
-0.065134
-0.074043
-0.083728
-0.094224
-0.105562
-0.117775
-0.130896
-0.144956
-0.159989
-0.176026
-0.193101
-0.211246
-0.230492
-0.250874
-0.272422
-0.295171
-0.319152
-0.344398
-0.370940
-0.398813
-0.428048
-0.458678
-0.490735
-0.524251
-0.559260
-0.595794
-0.633885
-0.001379
-0.001639
-0.002250
-0.003176
-0.004423
-0.006014
-0.007978
-0.010348
-0.013159
-0.016445
-0.020243
-0.024589
-0.029519
-0.035069
-0.041276
-0.048176
-0.055806
-0.064202
-0.073402
-0.083441
-0.094356
-0.106183
-0.118961
-0.132724
-0.147509
-0.163354
-0.180295
-0.198368
-0.217610
-0.238057
-0.259746
-0.282715
-0.306998
-0.332634
-0.359659
-0.388109
-0.418020
-0.449430
-0.482376
-0.516893
-0.553019
-0.590789
-0.630242
-0.671412
-0.714337
-0.001519
-0.001805
-0.002478
-0.003497
-0.004870
-0.006622
-0.008785
-0.011395
-0.014490
-0.018109
-0.022292
-0.027077
-0.032505
-0.038617
-0.045452
-0.053050
-0.061452
-0.070698
-0.080828
-0.091882
-0.103901
-0.116926
-0.130996
-0.146151
-0.162433
-0.179881
-0.198535
-0.218436
-0.239625
-0.262140
-0.286024
-0.311316
-0.338057
-0.366286
-0.396044
-0.427372
-0.460310
-0.494897
-0.531176
-0.569185
-0.608965
-0.650557
-0.694000
-0.739336
-0.786604
-0.001641
-0.001950
-0.002677
-0.003778
-0.005262
-0.007155
-0.009492
-0.012312
-0.015656
-0.019566
-0.024084
-0.029254
-0.035119
-0.041722
-0.049107
-0.057316
-0.066393
-0.076383
-0.087327
-0.099271
-0.112257
-0.126329
-0.141530
-0.157904
-0.175495
-0.194345
-0.214500
-0.236001
-0.258893
-0.283220
-0.309024
-0.336350
-0.365241
-0.395740
-0.427892
-0.461738
-0.497324
-0.534693
-0.573889
-0.614955
-0.657934
-0.702870
-0.749806
-0.798787
-0.849856
-0.001745
-0.002073
-0.002846
-0.004016
-0.005594
-0.007605
-0.010089
-0.013087
-0.016642
-0.020798
-0.025601
-0.031097
-0.037331
-0.044350
-0.052199
-0.060925
-0.070574
-0.081193
-0.092826
-0.105522
-0.119325
-0.134283
-0.150442
-0.167847
-0.186545
-0.206583
-0.228007
-0.250862
-0.275196
-0.301053
-0.328483
-0.357529
-0.388239
-0.420659
-0.454835
-0.490813
-0.528640
-0.568362
-0.610026
-0.653677
-0.699363
-0.747128
-0.797020
-0.849086
-0.903370
-0.001828
-0.002172
-0.002982
-0.004208
-0.005861
-0.007969
-0.010572
-0.013712
-0.017437
-0.021792
-0.026824
-0.032583
-0.039115
-0.046469
-0.054693
-0.063836
-0.073946
-0.085072
-0.097262
-0.110564
-0.125027
-0.140699
-0.157630
-0.175867
-0.195458
-0.216453
-0.238900
-0.262848
-0.288344
-0.315437
-0.344177
-0.374611
-0.406788
-0.440757
-0.476565
-0.514263
-0.553898
-0.595518
-0.639172
-0.684909
-0.732777
-0.782825
-0.835101
-0.889654
-0.946531
-0.001891
-0.002246
-0.003084
-0.004352
-0.006061
-0.008241
-0.010933
-0.014181
-0.018032
-0.022536
-0.027740
-0.033695
-0.040450
-0.048056
-0.056561
-0.066016
-0.076471
-0.087977
-0.100582
-0.114339
-0.129295
-0.145503
-0.163011
-0.181871
-0.202131
-0.223843
-0.247057
-0.271822
-0.298188
-0.326206
-0.355927
-0.387400
-0.420676
-0.455804
-0.492835
-0.531820
-0.572808
-0.615849
-0.660993
-0.708292
-0.757794
-0.809551
-0.863612
-0.920027
-0.978846
-0.001931
-0.002295
-0.003150
-0.004446
-0.006192
-0.008419
-0.011168
-0.014486
-0.018421
-0.023022
-0.028338
-0.034422
-0.041322
-0.049091
-0.057780
-0.067439
-0.078119
-0.089873
-0.102750
-0.116803
-0.132082
-0.148639
-0.166525
-0.185791
-0.206488
-0.228668
-0.252382
-0.277680
-0.304615
-0.333237
-0.363598
-0.395750
-0.429743
-0.465628
-0.503458
-0.543282
-0.585154
-0.629122
-0.675240
-0.723558
-0.774128
-0.827000
-0.882226
-0.939857
-0.999944
-0.001950
-0.002317
-0.003180
-0.004489
-0.006252
-0.008500
-0.011276
-0.014626
-0.018599
-0.023244
-0.028611
-0.034753
-0.041721
-0.049565
-0.058337
-0.068089
-0.078873
-0.090739
-0.103741
-0.117929
-0.133356
-0.150072
-0.168130
-0.187582
-0.208479
-0.230872
-0.254814
-0.280357
-0.307551
-0.336449
-0.367103
-0.399565
-0.433885
-0.470116
-0.508311
-0.548519
-0.590794
-0.635187
-0.681749
-0.730533
-0.781590
-0.834972
-0.890731
-0.948917
-1.009584
-0.001946
-0.002313
-0.003174
-0.004480
-0.006240
-0.008484
-0.011255
-0.014598
-0.018563
-0.023199
-0.028557
-0.034687
-0.041641
-0.049470
-0.058225
-0.067959
-0.078722
-0.090566
-0.103543
-0.117704
-0.133101
-0.149785
-0.167809
-0.187223
-0.208080
-0.230431
-0.254327
-0.279821
-0.306963
-0.335806
-0.366402
-0.398801
-0.433055
-0.469218
-0.507339
-0.547471
-0.589664
-0.633972
-0.680446
-0.729137
-0.780096
-0.833376
-0.889028
-0.947103
-1.007654
-0.001920
-0.002282
-0.003132
-0.004421
-0.006156
-0.008370
-0.011104
-0.014403
-0.018315
-0.022889
-0.028175
-0.034223
-0.041084
-0.048808
-0.057447
-0.067050
-0.077669
-0.089355
-0.102158
-0.116130
-0.131320
-0.147782
-0.165564
-0.184719
-0.205297
-0.227349
-0.250925
-0.276078
-0.302857
-0.331315
-0.361501
-0.393467
-0.427263
-0.462942
-0.500553
-0.540148
-0.581778
-0.625493
-0.671345
-0.719384
-0.769662
-0.822230
-0.877137
-0.934436
-0.994177
-0.001872
-0.002225
-0.003054
-0.004310
-0.006002
-0.008161
-0.010826
-0.014043
-0.017857
-0.022316
-0.027470
-0.033367
-0.040056
-0.047587
-0.056010
-0.065373
-0.075726
-0.087120
-0.099602
-0.113225
-0.128035
-0.144085
-0.161423
-0.180098
-0.200161
-0.221661
-0.244648
-0.269171
-0.295281
-0.323027
-0.352458
-0.383624
-0.416575
-0.451361
-0.488031
-0.526636
-0.567224
-0.609845
-0.654550
-0.701388
-0.750408
-0.801660
-0.855195
-0.911061
-0.969307
-0.001803
-0.002142
-0.002940
-0.004150
-0.005780
-0.007858
-0.010425
-0.013522
-0.017194
-0.021488
-0.026451
-0.032129
-0.038570
-0.045821
-0.053931
-0.062946
-0.072915
-0.083886
-0.095905
-0.109022
-0.123283
-0.138737
-0.155431
-0.173413
-0.192732
-0.213434
-0.235567
-0.259180
-0.284321
-0.311037
-0.339375
-0.369385
-0.401113
-0.434608
-0.469917
-0.507088
-0.546170
-0.587209
-0.630255
-0.675355
-0.722555
-0.771906
-0.823453
-0.877245
-0.933330
-0.001713
-0.002035
-0.002793
-0.003943
-0.005491
-0.007465
-0.009903
-0.012845
-0.016334
-0.020414
-0.025128
-0.030522
-0.036641
-0.043530
-0.051234
-0.059799
-0.069269
-0.079691
-0.091110
-0.103570
-0.117118
-0.131799
-0.147658
-0.164742
-0.183094
-0.202760
-0.223787
-0.246220
-0.270103
-0.295483
-0.322404
-0.350913
-0.381054
-0.412874
-0.446418
-0.481731
-0.518858
-0.557845
-0.598738
-0.641582
-0.686422
-0.733305
-0.782275
-0.833377
-0.886657
-0.001603
-0.001905
-0.002614
-0.003690
-0.005139
-0.006987
-0.009269
-0.012022
-0.015287
-0.019105
-0.023517
-0.028566
-0.034292
-0.040740
-0.047950
-0.055966
-0.064829
-0.074583
-0.085270
-0.096931
-0.109611
-0.123351
-0.138194
-0.154182
-0.171358
-0.189764
-0.209443
-0.230437
-0.252790
-0.276543
-0.301738
-0.328420
-0.356629
-0.386410
-0.417803
-0.450852
-0.485600
-0.522088
-0.560360
-0.600457
-0.642424
-0.686301
-0.732132
-0.779959
-0.829824
-0.001475
-0.001752
-0.002405
-0.003395
-0.004728
-0.006428
-0.008528
-0.011061
-0.014065
-0.017578
-0.021637
-0.026282
-0.031551
-0.037483
-0.044117
-0.051491
-0.059646
-0.068620
-0.078452
-0.089182
-0.100848
-0.113489
-0.127145
-0.141855
-0.157658
-0.174592
-0.192698
-0.212014
-0.232580
-0.254433
-0.277615
-0.302163
-0.328117
-0.355517
-0.384401
-0.414807
-0.446777
-0.480348
-0.515560
-0.552452
-0.591063
-0.631433
-0.673600
-0.717603
-0.763481
-0.001330
-0.001580
-0.002169
-0.003061
-0.004263
-0.005796
-0.007689
-0.009973
-0.012682
-0.015849
-0.019509
-0.023697
-0.028448
-0.033796
-0.039777
-0.046427
-0.053780
-0.061871
-0.070736
-0.080411
-0.090929
-0.102327
-0.114640
-0.127903
-0.142151
-0.157420
-0.173745
-0.191161
-0.209704
-0.229409
-0.250310
-0.272444
-0.295845
-0.320550
-0.346593
-0.374009
-0.402834
-0.433104
-0.464853
-0.498116
-0.532930
-0.569329
-0.607348
-0.647023
-0.688389
-0.001170
-0.001390
-0.001907
-0.002692
-0.003749
-0.005097
-0.006762
-0.008771
-0.011153
-0.013938
-0.017157
-0.020840
-0.025018
-0.029722
-0.034983
-0.040831
-0.047297
-0.054413
-0.062210
-0.070718
-0.079968
-0.089992
-0.100821
-0.112485
-0.125016
-0.138444
-0.152801
-0.168118
-0.184426
-0.201755
-0.220137
-0.239602
-0.260183
-0.281910
-0.304813
-0.328925
-0.354276
-0.380896
-0.408818
-0.438072
-0.468689
-0.500701
-0.534137
-0.569030
-0.605409
-0.000996
-0.001183
-0.001624
-0.002292
-0.003192
-0.004340
-0.005758
-0.007468
-0.009497
-0.011868
-0.014609
-0.017745
-0.021303
-0.025308
-0.029787
-0.034766
-0.040272
-0.046331
-0.052970
-0.060214
-0.068091
-0.076626
-0.085847
-0.095778
-0.106448
-0.117882
-0.130107
-0.143149
-0.157034
-0.171789
-0.187441
-0.204015
-0.221539
-0.240039
-0.259541
-0.280071
-0.301657
-0.324324
-0.348099
-0.373008
-0.399078
-0.426335
-0.454805
-0.484515
-0.515492
-0.000811
-0.000963
-0.001322
-0.001866
-0.002599
-0.003533
-0.004687
-0.006080
-0.007731
-0.009662
-0.011893
-0.014446
-0.017343
-0.020603
-0.024250
-0.028303
-0.032786
-0.037719
-0.043123
-0.049021
-0.055433
-0.062382
-0.069888
-0.077974
-0.086660
-0.095969
-0.105921
-0.116538
-0.127843
-0.139855
-0.152597
-0.166091
-0.180357
-0.195418
-0.211294
-0.228008
-0.245581
-0.264035
-0.283390
-0.303669
-0.324893
-0.347083
-0.370261
-0.394449
-0.419667
-0.000616
-0.000732
-0.001005
-0.001419
-0.001976
-0.002686
-0.003563
-0.004622
-0.005877
-0.007345
-0.009041
-0.010982
-0.013184
-0.015663
-0.018435
-0.021516
-0.024924
-0.028674
-0.032782
-0.037266
-0.042141
-0.047423
-0.053129
-0.059276
-0.065879
-0.072956
-0.080521
-0.088593
-0.097186
-0.106318
-0.116005
-0.126263
-0.137108
-0.148557
-0.160627
-0.173333
-0.186692
-0.200720
-0.215434
-0.230850
-0.246985
-0.263854
-0.281474
-0.299862
-0.319033
-0.000415
-0.000493
-0.000677
-0.000955
-0.001330
-0.001808
-0.002399
-0.003111
-0.003956
-0.004944
-0.006086
-0.007392
-0.008874
-0.010543
-0.012408
-0.014483
-0.016776
-0.019300
-0.022066
-0.025084
-0.028365
-0.031920
-0.035761
-0.039899
-0.044343
-0.049107
-0.054199
-0.059632
-0.065416
-0.071563
-0.078083
-0.084988
-0.092288
-0.099994
-0.108118
-0.116671
-0.125663
-0.135105
-0.145009
-0.155386
-0.166246
-0.177601
-0.189462
-0.201839
-0.214744
-0.000209
-0.000248
-0.000340
-0.000480
-0.000669
-0.000909
-0.001206
-0.001564
-0.001989
-0.002486
-0.003060
-0.003717
-0.004463
-0.005302
-0.006240
-0.007283
-0.008437
-0.009706
-0.011097
-0.012614
-0.014264
-0.016052
-0.017984
-0.020064
-0.022300
-0.024695
-0.027256
-0.029988
-0.032897
-0.035988
-0.039266
-0.042739
-0.046410
-0.050285
-0.054371
-0.058671
-0.063193
-0.067942
-0.072922
-0.078141
-0.083602
-0.089313
-0.095277
-0.101502
-0.107992
0.000000
0.000000
0.000000
0.000000
0.000000
0.000000
0.000000
0.000000
0.000000
0.000000
0.000000
0.000000
0.000000
0.000000
0.000000
0.000000
0.000000
0.000000
0.000000
0.000000
0.000000
0.000000
0.000000
0.000000
0.000000
0.000000
0.000000
0.000000
0.000000
0.000000
0.000000
0.000000
0.000000
0.000000
0.000000
0.000000
0.000000
0.000000
0.000000
0.000000
0.000000
0.000000
0.000000
0.000000
-0.000004
