0.002445
0.002447
0.002665
0.003059
0.003610
0.004309
0.005155
0.006150
0.007299
0.008607
0.010081
0.011728
0.013557
0.015575
0.017791
0.020213
0.022850
0.025710
0.028803
0.032137
0.035721
0.039564
0.043674
0.048061
0.052733
0.057700
0.062970
0.068552
0.074455
0.080689
0.087262
0.094182
0.101460
0.109104
0.117122
0.125524
0.134319
0.143516
0.153124
0.163152
0.173608
0.184502
0.195842
0.207638
0.219899
0.232633
0.245849
0.259557
0.273766
0.288484
0.303720
0.319484
0.335784
0.352629
0.370029
0.387992
0.406527
0.425643
0.445349
0.465655
0.486568
0.508099
0.530256
0.553048
0.576483
0.600572
0.625322
0.650743
0.676844
0.703634
0.731122
0.759317
0.788227
0.817862
0.848231
0.879342
0.911205
0.943828
0.977221
1.011392
0.002441
0.002443
0.002660
0.003054
0.003603
0.004301
0.005146
0.006139
0.007286
0.008591
0.010063
0.011707
0.013533
0.015547
0.017759
0.020177
0.022809
0.025665
0.028752
0.032080
0.035658
0.039493
0.043596
0.047975
0.052639
0.057597
0.062858
0.068430
0.074323
0.080546
0.087106
0.094015
0.101280
0.108909
0.116914
0.125301
0.134081
0.143261
0.152852
0.162861
0.173299
0.184173
0.195494
0.207269
0.219508
0.232219
0.245412
0.259096
0.273279
0.287971
0.303180
0.318916
0.335187
0.352002
0.369371
0.387302
0.405804
0.424886
0.444557
0.464826
0.485703
0.507195
0.529312
0.552064
0.575458
0.599503
0.624210
0.649586
0.675640
0.702383
0.729821
0.757966
0.786825
0.816407
0.846722
0.877778
0.909584
0.942149
0.975483
1.009593
0.002428
0.002430
0.002646
0.003038
0.003584
0.004278
0.005119
0.006107
0.007247
0.008546
0.010009
0.011645
0.013460
0.015464
0.017664
0.020069
0.022688
0.025528
0.028599
0.031909
0.035467
0.039283
0.043364
0.047719
0.052359
0.057290
0.062522
0.068065
0.073926
0.080116
0.086642
0.093513
0.100739
0.108328
0.116290
0.124632
0.133365
0.142496
0.152036
0.161992
0.172374
0.183190
0.194450
0.206162
0.218336
0.230979
0.244102
0.257712
0.271820
0.286433
0.301561
0.317213
0.333397
0.350123
0.367399
0.385234
0.403637
0.422617
0.442183
0.462345
0.483109
0.504487
0.526486
0.549116
0.572385
0.596303
0.620877
0.646117
0.672033
0.698632
0.725925
0.753919
0.782624
0.812048
0.842201
0.873091
0.904728
0.937119
0.970275
1.004203
0.002407
0.002408
0.002623
0.003011
0.003552
0.004240
0.005073
0.006052
0.007183
0.008470
0.009920
0.011541
0.013341
0.015326
0.017507
0.019890
0.022485
0.025300
0.028344
0.031624
0.035151
0.038932
0.042977
0.047294
0.051891
0.056779
0.061965
0.067458
0.073267
0.079401
0.085868
0.092679
0.099840
0.107361
0.115252
0.123520
0.132175
0.141225
0.150679
0.160546
0.170836
0.181555
0.192715
0.204322
0.216387
0.228918
0.241923
0.255413
0.269394
0.283877
0.298870
0.314382
0.330421
0.346998
0.364120
0.381796
0.400034
0.418845
0.438237
0.458218
0.478798
0.499984
0.521787
0.544215
0.567276
0.590980
0.615335
0.640350
0.666034
0.692397
0.719445
0.747189
0.775638
0.804800
0.834684
0.865298
0.896652
0.928755
0.961615
0.995241
0.002377
0.002378
0.002590
0.002973
0.003508
0.004187
0.005010
0.005977
0.007093
0.008363
0.009796
0.011396
0.013173
0.015134
0.017287
0.019641
0.022203
0.024983
0.027988
0.031228
0.034710
0.038444
0.042437
0.046700
0.051240
0.056066
0.061187
0.066611
0.072347
0.078404
0.084790
0.091515
0.098586
0.106013
0.113804
0.121969
0.130515
0.139451
0.148787
0.158530
0.168690
0.179275
0.190294
0.201756
0.213669
0.226042
0.238884
0.252204
0.266010
0.280311
0.295115
0.310432
0.326271
0.342639
0.359545
0.376999
0.395009
0.413584
0.432732
0.452461
0.472783
0.493703
0.515232
0.537378
0.560149
0.583555
0.607604
0.632305
0.657667
0.683698
0.710407
0.737802
0.765894
0.794689
0.824198
0.854428
0.885388
0.917088
0.949535
0.982739
0.002339
0.002340
0.002549
0.002925
0.003451
0.004120
0.004928
0.005880
0.006978
0.008228
0.009637
0.011211
0.012959
0.014888
0.017006
0.019322
0.021842
0.024576
0.027533
0.030720
0.034145
0.037818
0.041747
0.045940
0.050406
0.055154
0.060191
0.065527
0.071169
0.077128
0.083410
0.090025
0.096982
0.104288
0.111952
0.119983
0.128390
0.137181
0.146365
0.155949
0.165944
0.176357
0.187196
0.198472
0.210191
0.222363
0.234996
0.248099
0.261680
0.275748
0.290311
0.305379
0.320960
0.337061
0.353692
0.370862
0.388579
0.406851
0.425687
0.445096
0.465086
0.485665
0.506844
0.528629
0.551030
0.574055
0.597712
0.622011
0.646960
0.672567
0.698841
0.725791
0.753425
0.781752
0.810780
0.840518
0.870974
0.902158
0.934077
0.966741
0.002292
0.002294
0.002498
0.002867
0.003383
0.004037
0.004830
0.005762
0.006838
0.008063
0.009443
0.010986
0.012699
0.014589
0.016665
0.018934
0.021404
0.024083
0.026980
0.030103
0.033459
0.037058
0.040908
0.045017
0.049393
0.054045
0.058981
0.064210
0.069739
0.075577
0.081734
0.088216
0.095032
0.102191
0.109702
0.117571
0.125809
0.134424
0.143422
0.152814
0.162608
0.172811
0.183433
0.194482
0.205965
0.217892
0.230271
0.243111
0.256419
0.270204
0.284475
0.299239
0.314507
0.330284
0.346581
0.363406
0.380766
0.398671
0.417128
0.436146
0.455734
0.475900
0.496653
0.518000
0.539950
0.562512
0.585694
0.609504
0.633951
0.659044
0.684790
0.711197
0.738275
0.766032
0.794477
0.823617
0.853462
0.884019
0.915296
0.947304
0.002238
0.002239
0.002438
0.002799
0.003302
0.003941
0.004714
0.005624
0.006674
0.007869
0.009217
0.010722
0.012394
0.014239
0.016264
0.018478
0.020889
0.023504
0.026331
0.029378
0.032654
0.036167
0.039924
0.043934
0.048205
0.052745
0.057562
0.062664
0.068061
0.073759
0.079766
0.086092
0.092745
0.099732
0.107061
0.114742
0.122781
0.131188
0.139970
0.149136
0.158694
0.168651
0.179017
0.189800
0.201007
0.212647
0.224728
0.237258
0.250246
0.263699
0.277626
0.292036
0.306935
0.322333
0.338237
0.354657
0.371599
0.389073
0.407085
0.425646
0.444762
0.464442
0.484695
0.505528
0.526950
0.548969
0.571593
0.594829
0.618688
0.643175
0.668302
0.694074
0.720500
0.747589
0.775349
0.803787
0.832913
0.862734
0.893260
0.924497
0.002175
0.002177
0.002370
0.002720
0.003209
0.003830
0.004582
0.005466
0.006486
0.007648
0.008957
0.010421
0.012045
0.013838
0.015806
0.017958
0.020300
0.022841
0.025588
0.028550
0.031733
0.035147
0.038798
0.042695
0.046845
0.051257
0.055938
0.060896
0.066140
0.071677
0.077516
0.083663
0.090128
0.096917
0.104040
0.111504
0.119316
0.127486
0.136020
0.144927
0.154215
0.163892
0.173965
0.184443
0.195334
0.206645
0.218385
0.230562
0.243183
0.256256
0.269790
0.283793
0.298272
0.313235
0.328690
0.344646
0.361110
0.378091
0.395595
0.413631
0.432208
0.451333
0.471014
0.491259
0.512076
0.533473
0.555458
0.578039
0.601223
0.625020
0.649437
0.674481
0.700162
0.726486
0.753463
0.781099
0.809403
0.838383
0.868047
0.898402
0.002105
0.002107
0.002294
0.002632
0.003105
0.003706
0.004433
0.005288
0.006275
0.007399
0.008666
0.010082
0.011653
0.013387
0.015292
0.017373
0.019639
0.022097
0.024755
0.027620
0.030700
0.034002
0.037534
0.041304
0.045318
0.049586
0.054115
0.058912
0.063985
0.069341
0.074989
0.080936
0.087190
0.093758
0.100649
0.107869
0.115427
0.123330
0.131586
0.140203
0.149188
0.158549
0.168294
0.178431
0.188966
0.199909
0.211266
0.223045
0.235255
0.247902
0.260995
0.274541
0.288547
0.303023
0.317974
0.333410
0.349337
0.365763
0.382697
0.400146
0.418117
0.436618
0.455657
0.475242
0.495380
0.516079
0.537347
0.559192
0.581621
0.604642
0.628263
0.652491
0.677334
0.702800
0.728897
0.755632
0.783014
0.811049
0.839746
0.869112
0.002028
0.002029
0.002209
0.002535
0.002991
0.003569
0.004269
0.005092
0.006043
0.007125
0.008344
0.009707
0.011220
0.012890
0.014723
0.016727
0.018908
0.021275
0.023834
0.026592
0.029557
0.032736
0.036136
0.039766
0.043631
0.047740
0.052100
0.056718
0.061602
0.066759
0.072196
0.077922
0.083942
0.090266
0.096900
0.103851
0.111127
0.118736
0.126684
0.134980
0.143630
0.152643
0.162024
0.171783
0.181926
0.192461
0.203395
0.214736
0.226490
0.238666
0.251271
0.264312
0.277797
0.291733
0.306127
0.320987
0.336321
0.352136
0.368438
0.385236
0.402537
0.420349
0.438679
0.457534
0.476922
0.496850
0.517326
0.538356
0.559950
0.582113
0.604854
0.628179
0.652097
0.676614
0.701738
0.727478
0.753839
0.780829
0.808457
0.836729
0.001944
0.001945
0.002117
0.002429
0.002865
0.003419
0.004090
0.004878
0.005788
0.006825
0.007993
0.009298
0.010747
0.012346
0.014102
0.016021
0.018110
0.020377
0.022828
0.025469
0.028309
0.031354
0.034611
0.038086
0.041788
0.045724
0.049899
0.054322
0.059000
0.063939
0.069147
0.074630
0.080396
0.086453
0.092806
0.099464
0.106432
0.113719
0.121332
0.129277
0.137562
0.146193
0.155179
0.164525
0.174239
0.184329
0.194801
0.205662
0.216920
0.228581
0.240653
0.253143
0.266058
0.279405
0.293191
0.307423
0.322109
0.337255
0.352869
0.368957
0.385527
0.402586
0.420141
0.438200
0.456768
0.475854
0.495464
0.515606
0.536287
0.557513
0.579293
0.601633
0.624540
0.648021
0.672084
0.696735
0.721982
0.747833
0.774293
0.801371
0.001852
0.001853
0.002018
0.002315
0.002730
0.003258
0.003896
0.004647
0.005514
0.006500
0.007613
0.008856
0.010236
0.011759
0.013431
0.015258
0.017248
0.019407
0.021741
0.024256
0.026961
0.029860
0.032962
0.036272
0.039797
0.043545
0.047521
0.051734
0.056188
0.060892
0.065851
0.071073
0.076565
0.082332
0.088383
0.094723
0.101359
0.108299
0.115548
0.123115
0.131004
0.139224
0.147781
0.156682
0.165933
0.175541
0.185514
0.195857
0.206578
0.217684
0.229180
0.241074
0.253373
0.266084
0.279212
0.292766
0.306751
0.321175
0.336044
0.351365
0.367145
0.383391
0.400109
0.417306
0.434989
0.453165
0.471840
0.491022
0.510716
0.530930
0.551671
0.572946
0.594761
0.617123
0.640038
0.663514
0.687558
0.712176
0.737375
0.763161
0.001755
0.001755
0.001911
0.002192
0.002585
0.003084
0.003688
0.004399
0.005219
0.006153
0.007206
0.008382
0.009688
0.011129
0.012712
0.014442
0.016325
0.018368
0.020576
0.022957
0.025516
0.028260
0.031196
0.034328
0.037665
0.041211
0.044975
0.048961
0.053177
0.057628
0.062321
0.067263
0.072460
0.077919
0.083645
0.089645
0.095925
0.102493
0.109354
0.116514
0.123981
0.131760
0.139858
0.148281
0.157036
0.166129
0.175567
0.185356
0.195502
0.206012
0.216892
0.228148
0.239787
0.251816
0.264241
0.277067
0.290302
0.303953
0.318024
0.332523
0.347457
0.362832
0.378653
0.394928
0.411663
0.428864
0.446537
0.464690
0.483329
0.502459
0.522088
0.542222
0.562867
0.584029
0.605716
0.627933
0.650688
0.673985
0.697833
0.722237
0.001651
0.001651
0.001797
0.002062
0.002431
0.002900
0.003468
0.004136
0.004906
0.005784
0.006773
0.007879
0.009106
0.010461
0.011948
0.013573
0.015343
0.017263
0.019339
0.021576
0.023981
0.026560
0.029319
0.032263
0.035398
0.038731
0.042268
0.046014
0.049976
0.054159
0.058570
0.063215
0.068099
0.073228
0.078609
0.084248
0.090151
0.096323
0.102770
0.109500
0.116516
0.123827
0.131437
0.139353
0.147581
0.156127
0.164996
0.174195
0.183730
0.193607
0.203832
0.214410
0.225349
0.236653
0.248329
0.260383
0.272821
0.285649
0.298873
0.312500
0.326534
0.340982
0.355851
0.371145
0.386872
0.403037
0.419647
0.436707
0.454222
0.472201
0.490648
0.509569
0.528971
0.548859
0.569239
0.590119
0.611503
0.633398
0.655810
0.678744
0.001541
0.001542
0.001678
0.001924
0.002268
0.002706
0.003235
0.003858
0.004576
0.005395
0.006317
0.007348
0.008492
0.009755
0.011142
0.012657
0.014307
0.016097
0.018033
0.020119
0.022361
0.024766
0.027338
0.030083
0.033006
0.036114
0.039411
0.042904
0.046598
0.050498
0.054611
0.058941
0.063495
0.068278
0.073295
0.078552
0.084055
0.089810
0.095821
0.102095
0.108638
0.115454
0.122550
0.129930
0.137601
0.145569
0.153838
0.162415
0.171305
0.180514
0.190047
0.199910
0.210108
0.220648
0.231534
0.242773
0.254370
0.266330
0.278660
0.291364
0.304449
0.317920
0.331783
0.346043
0.360706
0.375778
0.391264
0.407169
0.423501
0.440263
0.457462
0.475104
0.493193
0.511736
0.530739
0.550206
0.570144
0.590558
0.611454
0.632837
0.001426
0.001426
0.001552
0.001779
0.002098
0.002502
0.002991
0.003566
0.004230
0.004986
0.005838
0.006791
0.007848
0.009015
0.010296
0.011696
0.013221
0.014874
0.016663
0.018590
0.020662
0.022883
0.025260
0.027796
0.030497
0.033368
0.036414
0.039641
0.043054
0.046658
0.050457
0.054458
0.058665
0.063084
0.067719
0.072577
0.077661
0.082978
0.088532
0.094328
0.100373
0.106670
0.113226
0.120045
0.127132
0.134493
0.142133
0.150058
0.158271
0.166779
0.175586
0.184698
0.194121
0.203858
0.213916
0.224299
0.235013
0.246064
0.257455
0.269192
0.281281
0.293727
0.306535
0.319710
0.333257
0.347182
0.361489
0.376184
0.391273
0.406760
0.422650
0.438949
0.455662
0.472794
0.490350
0.508336
0.526756
0.545617
0.564923
0.584678
0.001306
0.001306
0.001421
0.001629
0.001920
0.002289
0.002736
0.003262
0.003869
0.004560
0.005339
0.006209
0.007176
0.008242
0.009413
0.010693
0.012087
0.013599
0.015233
0.016995
0.018889
0.020920
0.023092
0.025410
0.027879
0.030503
0.033288
0.036238
0.039357
0.042651
0.046125
0.049782
0.053627
0.057666
0.061903
0.066343
0.070991
0.075851
0.080927
0.086226
0.091751
0.097507
0.103500
0.109733
0.116211
0.122940
0.129923
0.137166
0.144674
0.152450
0.160501
0.168830
0.177443
0.186343
0.195537
0.205028
0.214822
0.224922
0.235334
0.246063
0.257113
0.268490
0.280197
0.292240
0.304623
0.317351
0.330429
0.343861
0.357653
0.371809
0.386334
0.401232
0.416509
0.432169
0.448217
0.464658
0.481495
0.498735
0.516382
0.534440
0.001181
0.001181
0.001285
0.001472
0.001735
0.002068
0.002471
0.002946
0.003494
0.004117
0.004820
0.005606
0.006478
0.007441
0.008498
0.009653
0.010910
0.012275
0.013750
0.015340
0.017049
0.018881
0.020842
0.022934
0.025162
0.027530
0.030044
0.032706
0.035521
0.038493
0.041628
0.044928
0.048399
0.052044
0.055867
0.059874
0.064068
0.068454
0.073035
0.077817
0.082803
0.087998
0.093405
0.099030
0.104876
0.110949
0.117251
0.123787
0.130562
0.137580
0.144845
0.152362
0.160134
0.168166
0.176463
0.185028
0.193866
0.202981
0.212377
0.222059
0.232031
0.242297
0.252863
0.263730
0.274905
0.286391
0.298193
0.310315
0.322762
0.335536
0.348644
0.362089
0.375875
0.390008
0.404490
0.419326
0.434522
0.450080
0.466005
0.482301
0.001053
0.001053
0.001144
0.001311
0.001544
0.001840
0.002198
0.002620
0.003106
0.003660
0.004285
0.004983
0.005758
0.006613
0.007552
0.008578
0.009695
0.010907
0.012218
0.013630
0.015148
0.016776
0.018518
0.020376
0.022356
0.024460
0.026692
0.029057
0.031558
0.034199
0.036983
0.039915
0.042998
0.046236
0.049633
0.053192
0.056918
0.060814
0.064884
0.069131
0.073561
0.078175
0.082979
0.087976
0.093169
0.098563
0.104161
0.109968
0.115986
0.122221
0.128674
0.135352
0.142256
0.149391
0.156761
0.164370
0.172221
0.180318
0.188665
0.197266
0.206124
0.215244
0.224629
0.234283
0.244210
0.254414
0.264897
0.275666
0.286722
0.298070
0.309714
0.321658
0.333905
0.346459
0.359324
0.372504
0.386002
0.399823
0.413970
0.428446
0.000920
0.000920
0.001000
0.001145
0.001348
0.001605
0.001917
0.002284
0.002708
0.003191
0.003734
0.004342
0.005017
0.005761
0.006579
0.007473
0.008446
0.009501
0.010642
0.011872
0.013194
0.014612
0.016128
0.017746
0.019470
0.021302
0.023246
0.025305
0.027483
0.029782
0.032207
0.034760
0.037444
0.040264
0.043221
0.046321
0.049565
0.052957
0.056501
0.060200
0.064057
0.068075
0.072258
0.076608
0.081130
0.085827
0.090702
0.095758
0.100998
0.106427
0.112046
0.117860
0.123872
0.130085
0.136502
0.143127
0.149963
0.157013
0.164281
0.171770
0.179484
0.187424
0.195596
0.204002
0.212646
0.221531
0.230659
0.240036
0.249663
0.259544
0.269683
0.280083
0.290746
0.301678
0.312880
0.324356
0.336109
0.348144
0.360462
0.373067
0.000785
0.000784
0.000852
0.000975
0.001147
0.001365
0.001630
0.001941
0.002300
0.002709
0.003171
0.003686
0.004258
0.004890
0.005583
0.006341
0.007166
0.008061
0.009029
0.010072
0.011193
0.012395
0.013681
0.015053
0.016515
0.018069
0.019717
0.021464
0.023310
0.025260
0.027316
0.029481
0.031758
0.034149
0.036657
0.039285
0.042036
0.044913
0.047918
0.051055
0.054325
0.057732
0.061279
0.064969
0.068803
0.072786
0.076920
0.081207
0.085651
0.090254
0.095020
0.099950
0.105048
0.110316
0.115758
0.121376
0.127172
0.133151
0.139314
0.145664
0.152205
0.158939
0.165868
0.172997
0.180326
0.187860
0.195601
0.203552
0.211716
0.220095
0.228692
0.237511
0.246554
0.255824
0.265323
0.275054
0.285021
0.295226
0.305672
0.316361
0.000647
0.000646
0.000701
0.000801
0.000942
0.001120
0.001336
0.001591
0.001884
0.002219
0.002596
0.003017
0.003485
0.004001
0.004567
0.005187
0.005861
0.006592
0.007383
0.008236
0.009152
0.010135
0.011185
0.012307
0.013502
0.014771
0.016119
0.017546
0.019055
0.020649
0.022329
0.024098
0.025958
0.027912
0.029962
0.032110
0.034358
0.036709
0.039165
0.041728
0.044400
0.047185
0.050083
0.053098
0.056232
0.059487
0.062865
0.066368
0.069999
0.073761
0.077655
0.081684
0.085850
0.090155
0.094602
0.099192
0.103929
0.108815
0.113851
0.119041
0.124385
0.129888
0.135551
0.141376
0.147365
0.153522
0.159848
0.166345
0.173016
0.179863
0.186889
0.194095
0.201485
0.209060
0.216822
0.224775
0.232919
0.241259
0.249795
0.258530
0.000506
0.000506
0.000548
0.000625
0.000733
0.000871
0.001038
0.001235
0.001462
0.001720
0.002012
0.002337
0.002699
0.003097
0.003535
0.004014
0.004535
0.005101
0.005712
0.006371
0.007079
0.007838
0.008650
0.009517
0.010440
0.011421
0.012463
0.013566
0.014732
0.015963
0.017262
0.018629
0.020067
0.021577
0.023161
0.024820
0.026558
0.028374
0.030272
0.032253
0.034318
0.036469
0.038709
0.041039
0.043461
0.045975
0.048586
0.051293
0.054099
0.057006
0.060015
0.063128
0.066347
0.069673
0.073110
0.076657
0.080317
0.084092
0.087984
0.091994
0.096124
0.100375
0.104751
0.109252
0.113880
0.118637
0.123525
0.128546
0.133701
0.138992
0.144421
0.149989
0.155699
0.161552
0.167550
0.173696
0.179989
0.186433
0.193029
0.199779
0.000364
0.000363
0.000393
0.000447
0.000523
0.000619
0.000737
0.000875
0.001034
0.001216
0.001420
0.001649
0.001903
0.002183
0.002491
0.002827
0.003193
0.003591
0.004020
0.004483
0.004980
0.005514
0.006084
0.006693
0.007342
0.008031
0.008763
0.009537
0.010357
0.011222
0.012134
0.013094
0.014104
0.015164
0.016277
0.017443
0.018663
0.019939
0.021272
0.022663
0.024113
0.025625
0.027198
0.028834
0.030535
0.032301
0.034134
0.036036
0.038006
0.040048
0.042161
0.044347
0.046608
0.048944
0.051357
0.053849
0.056419
0.059070
0.061803
0.064620
0.067520
0.070506
0.073579
0.076740
0.079990
0.083331
0.086764
0.090290
0.093910
0.097626
0.101439
0.105349
0.109359
0.113470
0.117683
0.121999
0.126419
0.130944
0.135577
0.140317
0.000221
0.000220
0.000236
0.000267
0.000310
0.000365
0.000433
0.000512
0.000603
0.000707
0.000824
0.000955
0.001101
0.001261
0.001438
0.001631
0.001840
0.002068
0.002314
0.002579
0.002864
0.003170
0.003497
0.003846
0.004217
0.004612
0.005031
0.005475
0.005944
0.006440
0.006962
0.007513
0.008091
0.008698
0.009336
0.010003
0.010702
0.011433
0.012196
0.012993
0.013823
0.014689
0.015590
0.016527
0.017500
0.018512
0.019562
0.020650
0.021779
0.022947
0.024157
0.025409
0.026704
0.028041
0.029423
0.030849
0.032321
0.033839
0.035404
0.037016
0.038676
0.040386
0.042145
0.043955
0.045816
0.047729
0.049694
0.051713
0.053786
0.055913
0.058096
0.060335
0.062631
0.064985
0.067397
0.069868
0.072399
0.074990
0.077642
0.080357
0.000077
0.000076
0.000079
0.000086
0.000097
0.000110
0.000127
0.000147
0.000170
0.000196
0.000225
0.000258
0.000295
0.000335
0.000380
0.000428
0.000481
0.000538
0.000600
0.000667
0.000738
0.000815
0.000897
0.000985
0.001078
0.001177
0.001282
0.001394
0.001511
0.001636
0.001767
0.001904
0.002049
0.002202
0.002361
0.002528
0.002703
0.002886
0.003077
0.003277
0.003485
0.003701
0.003926
0.004161
0.004404
0.004657
0.004919
0.005192
0.005474
0.005766
0.006068
0.006381
0.006704
0.007039
0.007384
0.007740
0.008108
0.008487
0.008878
0.009281
0.009695
0.010123
0.010562
0.011014
0.011479
0.011957
0.012448
0.012952
0.013470
0.014001
0.014547
0.015106
0.015680
0.016268
0.016871
0.017488
0.018121
0.018769
0.019432
0.020110
-0.000067
-0.000069
-0.000078
-0.000095
-0.000117
-0.000145
-0.000179
-0.000219
-0.000264
-0.000316
-0.000375
-0.000440
-0.000512
-0.000592
-0.000680
-0.000776
-0.000880
-0.000994
-0.001116
-0.001248
-0.001390
-0.001543
-0.001706
-0.001880
-0.002065
-0.002262
-0.002471
-0.002693
-0.002927
-0.003174
-0.003435
-0.003710
-0.003999
-0.004303
-0.004622
-0.004955
-0.005305
-0.005670
-0.006052
-0.006451
-0.006867
-0.007300
-0.007751
-0.008220
-0.008708
-0.009214
-0.009740
-0.010285
-0.010851
-0.011436
-0.012042
-0.012670
-0.013318
-0.013989
-0.014681
-0.015396
-0.016134
-0.016895
-0.017679
-0.018487
-0.019320
-0.020177
-0.021059
-0.021966
-0.022899
-0.023858
-0.024843
-0.025855
-0.026894
-0.027960
-0.029054
-0.030176
-0.031327
-0.032506
-0.033715
-0.034953
-0.036221
-0.037520
-0.038848
-0.040208
-0.000211
-0.000213
-0.000235
-0.000275
-0.000331
-0.000400
-0.000484
-0.000583
-0.000697
-0.000827
-0.000973
-0.001136
-0.001317
-0.001517
-0.001737
-0.001977
-0.002238
-0.002522
-0.002828
-0.003159
-0.003514
-0.003895
-0.004302
-0.004737
-0.005201
-0.005693
-0.006216
-0.006769
-0.007355
-0.007973
-0.008625
-0.009312
-0.010034
-0.010792
-0.011588
-0.012421
-0.013294
-0.014207
-0.015160
-0.016156
-0.017193
-0.018275
-0.019400
-0.020571
-0.021788
-0.023052
-0.024364
-0.025725
-0.027136
-0.028597
-0.030110
-0.031675
-0.033294
-0.034966
-0.036694
-0.038478
-0.040318
-0.042216
-0.044173
-0.046190
-0.048266
-0.050404
-0.052605
-0.054868
-0.057195
-0.059587
-0.062045
-0.064569
-0.067162
-0.069822
-0.072552
-0.075351
-0.078222
-0.081165
-0.084181
-0.087271
-0.090435
-0.093674
-0.096990
-0.100383
-0.000354
-0.000356
-0.000392
-0.000455
-0.000543
-0.000654
-0.000788
-0.000946
-0.001127
-0.001334
-0.001568
-0.001828
-0.002118
-0.002437
-0.002788
-0.003171
-0.003588
-0.004041
-0.004530
-0.005058
-0.005625
-0.006233
-0.006884
-0.007578
-0.008318
-0.009104
-0.009938
-0.010822
-0.011756
-0.012743
-0.013784
-0.014880
-0.016032
-0.017243
-0.018512
-0.019843
-0.021236
-0.022693
-0.024214
-0.025802
-0.027459
-0.029184
-0.030980
-0.032849
-0.034791
-0.036808
-0.038902
-0.041074
-0.043325
-0.045656
-0.048070
-0.050568
-0.053150
-0.055819
-0.058576
-0.061422
-0.064359
-0.067388
-0.070510
-0.073727
-0.077041
-0.080452
-0.083963
-0.087574
-0.091288
-0.095105
-0.099026
-0.103054
-0.107190
-0.111435
-0.115791
-0.120259
-0.124840
-0.129535
-0.134348
-0.139277
-0.144326
-0.149495
-0.154787
-0.160201
-0.000496
-0.000498
-0.000546
-0.000633
-0.000753
-0.000905
-0.001088
-0.001304
-0.001554
-0.001837
-0.002157
-0.002514
-0.002910
-0.003348
-0.003828
-0.004353
-0.004925
-0.005545
-0.006216
-0.006939
-0.007716
-0.008549
-0.009440
-0.010392
-0.011405
-0.012482
-0.013625
-0.014836
-0.016116
-0.017468
-0.018894
-0.020395
-0.021974
-0.023632
-0.025371
-0.027194
-0.029102
-0.031097
-0.033182
-0.035357
-0.037626
-0.039990
-0.042450
-0.045010
-0.047670
-0.050433
-0.053301
-0.056276
-0.059359
-0.062553
-0.065860
-0.069280
-0.072818
-0.076473
-0.080249
-0.084148
-0.088170
-0.092319
-0.096596
-0.101002
-0.105541
-0.110214
-0.115023
-0.119969
-0.125056
-0.130284
-0.135655
-0.141173
-0.146838
-0.152652
-0.158618
-0.164738
-0.171013
-0.177445
-0.184036
-0.190789
-0.197704
-0.204785
-0.212033
-0.219449
-0.000636
-0.000638
-0.000699
-0.000808
-0.000960
-0.001152
-0.001385
-0.001659
-0.001974
-0.002333
-0.002738
-0.003190
-0.003693
-0.004247
-0.004855
-0.005520
-0.006244
-0.007030
-0.007879
-0.008795
-0.009779
-0.010835
-0.011963
-0.013168
-0.014452
-0.015816
-0.017263
-0.018797
-0.020418
-0.022131
-0.023936
-0.025837
-0.027837
-0.029937
-0.032140
-0.034448
-0.036864
-0.039391
-0.042031
-0.044786
-0.047659
-0.050653
-0.053769
-0.057010
-0.060380
-0.063879
-0.067511
-0.071278
-0.075182
-0.079227
-0.083414
-0.087746
-0.092226
-0.096855
-0.101637
-0.106574
-0.111668
-0.116922
-0.122338
-0.127918
-0.133666
-0.139584
-0.145673
-0.151937
-0.158378
-0.164999
-0.171802
-0.178789
-0.185963
-0.193326
-0.200882
-0.208631
-0.216577
-0.224723
-0.233070
-0.241622
-0.250379
-0.259346
-0.268525
-0.277917
-0.000773
-0.000775
-0.000849
-0.000981
-0.001164
-0.001396
-0.001677
-0.002007
-0.002388
-0.002821
-0.003310
-0.003856
-0.004462
-0.005131
-0.005865
-0.006668
-0.007542
-0.008490
-0.009515
-0.010620
-0.011808
-0.013081
-0.014444
-0.015898
-0.017447
-0.019093
-0.020840
-0.022691
-0.024648
-0.026714
-0.028893
-0.031188
-0.033601
-0.036135
-0.038793
-0.041579
-0.044496
-0.047545
-0.050731
-0.054056
-0.057523
-0.061136
-0.064896
-0.068808
-0.072874
-0.077097
-0.081480
-0.086026
-0.090738
-0.095619
-0.100672
-0.105900
-0.111306
-0.116893
-0.122663
-0.128621
-0.134768
-0.141109
-0.147645
-0.154379
-0.161315
-0.168456
-0.175805
-0.183365
-0.191138
-0.199128
-0.207337
-0.215769
-0.224426
-0.233312
-0.242430
-0.251782
-0.261372
-0.271202
-0.281275
-0.291595
-0.302164
-0.312985
-0.324061
-0.335396
-0.000908
-0.000910
-0.000996
-0.001149
-0.001363
-0.001634
-0.001962
-0.002348
-0.002793
-0.003299
-0.003869
-0.004507
-0.005215
-0.005996
-0.006854
-0.007791
-0.008812
-0.009919
-0.011116
-0.012407
-0.013794
-0.015282
-0.016873
-0.018571
-0.020380
-0.022302
-0.024343
-0.026504
-0.028789
-0.031203
-0.033747
-0.036427
-0.039245
-0.042204
-0.045309
-0.048563
-0.051968
-0.055530
-0.059250
-0.063133
-0.067182
-0.071401
-0.075793
-0.080361
-0.085109
-0.090040
-0.095159
-0.100468
-0.105970
-0.111671
-0.117572
-0.123677
-0.129990
-0.136514
-0.143253
-0.150210
-0.157389
-0.164793
-0.172426
-0.180290
-0.188391
-0.196730
-0.205312
-0.214140
-0.223217
-0.232548
-0.242135
-0.251981
-0.262092
-0.272469
-0.283116
-0.294038
-0.305236
-0.316716
-0.328479
-0.340531
-0.352873
-0.365510
-0.378445
-0.391682
-0.001039
-0.001042
-0.001139
-0.001314
-0.001558
-0.001867
-0.002241
-0.002680
-0.003187
-0.003765
-0.004415
-0.005142
-0.005949
-0.006840
-0.007818
-0.008887
-0.010051
-0.011313
-0.012678
-0.014150
-0.015731
-0.017427
-0.019242
-0.021178
-0.023240
-0.025432
-0.027759
-0.030223
-0.032829
-0.035580
-0.038482
-0.041537
-0.044750
-0.048124
-0.051664
-0.055373
-0.059256
-0.063317
-0.067558
-0.071986
-0.076602
-0.081412
-0.086419
-0.091627
-0.097041
-0.102664
-0.108499
-0.114552
-0.120826
-0.127325
-0.134053
-0.141013
-0.148211
-0.155650
-0.163333
-0.171265
-0.179450
-0.187892
-0.196594
-0.205560
-0.214796
-0.224304
-0.234088
-0.244153
-0.254503
-0.265141
-0.276071
-0.287297
-0.298825
-0.310656
-0.322795
-0.335247
-0.348015
-0.361103
-0.374515
-0.388255
-0.402327
-0.416735
-0.431483
-0.446574
-0.001166
-0.001169
-0.001279
-0.001474
-0.001747
-0.002093
-0.002511
-0.003003
-0.003571
-0.004217
-0.004945
-0.005759
-0.006663
-0.007660
-0.008754
-0.009951
-0.011254
-0.012667
-0.014195
-0.015842
-0.017612
-0.019511
-0.021542
-0.023709
-0.026018
-0.028472
-0.031076
-0.033834
-0.036751
-0.039831
-0.043079
-0.046499
-0.050095
-0.053872
-0.057835
-0.061987
-0.066333
-0.070878
-0.075626
-0.080582
-0.085749
-0.091133
-0.096738
-0.102568
-0.108628
-0.114921
-0.121454
-0.128229
-0.135252
-0.142526
-0.150057
-0.157848
-0.165905
-0.174231
-0.182832
-0.191711
-0.200873
-0.210322
-0.220062
-0.230099
-0.240437
-0.251079
-0.262032
-0.273298
-0.284883
-0.296790
-0.309025
-0.321592
-0.334495
-0.347738
-0.361326
-0.375264
-0.389556
-0.404206
-0.419219
-0.434599
-0.450350
-0.466478
-0.482986
-0.499878
-0.001290
-0.001293
-0.001413
-0.001629
-0.001930
-0.002311
-0.002773
-0.003316
-0.003942
-0.004654
-0.005458
-0.006355
-0.007352
-0.008452
-0.009659
-0.010979
-0.012416
-0.013975
-0.015661
-0.017478
-0.019431
-0.021525
-0.023765
-0.026156
-0.028703
-0.031410
-0.034282
-0.037325
-0.040542
-0.043940
-0.047523
-0.051295
-0.055262
-0.059428
-0.063799
-0.068380
-0.073174
-0.078187
-0.083425
-0.088891
-0.094591
-0.100530
-0.106713
-0.113143
-0.119828
-0.126770
-0.133976
-0.141449
-0.149196
-0.157220
-0.165527
-0.174122
-0.183009
-0.192193
-0.201680
-0.211474
-0.221580
-0.232003
-0.242748
-0.253819
-0.265222
-0.276962
-0.289043
-0.301471
-0.314250
-0.327384
-0.340880
-0.354742
-0.368974
-0.383583
-0.398572
-0.413946
-0.429711
-0.445871
-0.462431
-0.479397
-0.496772
-0.514561
-0.532771
-0.551404
-0.001408
-0.001412
-0.001543
-0.001778
-0.002106
-0.002522
-0.003025
-0.003616
-0.004298
-0.005075
-0.005951
-0.006929
-0.008015
-0.009214
-0.010530
-0.011969
-0.013535
-0.015234
-0.017071
-0.019051
-0.021180
-0.023463
-0.025904
-0.028510
-0.031286
-0.034236
-0.037366
-0.040683
-0.044190
-0.047893
-0.051797
-0.055909
-0.060232
-0.064773
-0.069537
-0.074529
-0.079754
-0.085218
-0.090927
-0.096884
-0.103097
-0.109570
-0.116308
-0.123317
-0.130601
-0.138168
-0.146021
-0.154166
-0.162609
-0.171355
-0.180409
-0.189776
-0.199461
-0.209471
-0.219811
-0.230485
-0.241500
-0.252859
-0.264570
-0.276636
-0.289064
-0.301859
-0.315026
-0.328571
-0.342498
-0.356814
-0.371523
-0.386630
-0.402142
-0.418064
-0.434400
-0.451156
-0.468338
-0.485950
-0.503999
-0.522489
-0.541426
-0.560814
-0.580661
-0.600969
-0.001522
-0.001525
-0.001667
-0.001920
-0.002274
-0.002723
-0.003265
-0.003903
-0.004640
-0.005478
-0.006422
-0.007478
-0.008650
-0.009943
-0.011363
-0.012915
-0.014605
-0.016439
-0.018421
-0.020557
-0.022854
-0.025317
-0.027951
-0.030763
-0.033757
-0.036940
-0.040318
-0.043896
-0.047679
-0.051675
-0.055888
-0.060323
-0.064988
-0.069888
-0.075027
-0.080413
-0.086051
-0.091946
-0.098105
-0.104533
-0.111235
-0.118219
-0.125489
-0.133051
-0.140911
-0.149074
-0.157547
-0.166335
-0.175444
-0.184880
-0.194648
-0.204754
-0.215204
-0.226004
-0.237160
-0.248676
-0.260560
-0.272816
-0.285450
-0.298469
-0.311878
-0.325683
-0.339889
-0.354502
-0.369529
-0.384974
-0.400843
-0.417143
-0.433879
-0.451057
-0.468682
-0.486761
-0.505298
-0.524301
-0.543774
-0.563723
-0.584154
-0.605072
-0.626485
-0.648396
-0.001630
-0.001633
-0.001785
-0.002056
-0.002434
-0.002914
-0.003494
-0.004177
-0.004964
-0.005861
-0.006871
-0.008000
-0.009254
-0.010637
-0.012156
-0.013816
-0.015624
-0.017584
-0.019705
-0.021990
-0.024447
-0.027081
-0.029898
-0.032905
-0.036108
-0.039513
-0.043126
-0.046953
-0.051000
-0.055273
-0.059779
-0.064524
-0.069513
-0.074753
-0.080251
-0.086011
-0.092041
-0.098347
-0.104934
-0.111809
-0.118978
-0.126448
-0.134223
-0.142311
-0.150718
-0.159450
-0.168512
-0.177912
-0.187655
-0.197747
-0.208195
-0.219004
-0.230182
-0.241733
-0.253665
-0.265982
-0.278693
-0.291802
-0.305316
-0.319240
-0.333582
-0.348348
-0.363542
-0.379173
-0.395245
-0.411764
-0.428738
-0.446172
-0.464072
-0.482446
-0.501297
-0.520634
-0.540461
-0.560786
-0.581614
-0.602951
-0.624804
-0.647178
-0.670081
-0.693516
-0.001732
-0.001736
-0.001896
-0.002184
-0.002585
-0.003095
-0.003711
-0.004435
-0.005271
-0.006223
-0.007295
-0.008494
-0.009825
-0.011293
-0.012905
-0.014668
-0.016586
-0.018668
-0.020918
-0.023344
-0.025952
-0.028748
-0.031739
-0.034931
-0.038331
-0.041945
-0.045780
-0.049842
-0.054138
-0.058675
-0.063458
-0.068494
-0.073790
-0.079353
-0.085188
-0.091303
-0.097704
-0.104397
-0.111390
-0.118688
-0.126298
-0.134227
-0.142480
-0.151066
-0.159990
-0.169258
-0.178878
-0.188856
-0.199198
-0.209911
-0.221001
-0.232475
-0.244340
-0.256602
-0.269267
-0.282343
-0.295835
-0.309750
-0.324095
-0.338876
-0.354100
-0.369773
-0.385902
-0.402494
-0.419554
-0.437090
-0.455107
-0.473614
-0.492615
-0.512118
-0.532129
-0.552655
-0.573702
-0.595276
-0.617385
-0.640035
-0.663231
-0.686982
-0.711293
-0.736170
-0.001828
-0.001832
-0.002001
-0.002304
-0.002728
-0.003265
-0.003914
-0.004678
-0.005559
-0.006563
-0.007694
-0.008958
-0.010360
-0.011909
-0.013609
-0.015467
-0.017490
-0.019685
-0.022057
-0.024615
-0.027365
-0.030313
-0.033467
-0.036833
-0.040417
-0.044228
-0.048272
-0.052555
-0.057084
-0.061867
-0.066911
-0.072221
-0.077805
-0.083670
-0.089823
-0.096270
-0.103019
-0.110077
-0.117449
-0.125144
-0.133168
-0.141528
-0.150230
-0.159283
-0.168692
-0.178465
-0.188607
-0.199128
-0.210032
-0.221328
-0.233021
-0.245119
-0.257629
-0.270558
-0.283912
-0.297699
-0.311924
-0.326596
-0.341721
-0.357306
-0.373358
-0.389883
-0.406890
-0.424384
-0.442372
-0.460861
-0.479858
-0.499371
-0.519405
-0.539969
-0.561068
-0.582710
-0.604902
-0.627649
-0.650960
-0.674842
-0.699300
-0.724342
-0.749975
-0.776205
-0.001918
-0.001921
-0.002098
-0.002416
-0.002860
-0.003423
-0.004104
-0.004904
-0.005828
-0.006879
-0.008065
-0.009389
-0.010859
-0.012482
-0.014264
-0.016211
-0.018331
-0.020631
-0.023118
-0.025799
-0.028681
-0.031770
-0.035075
-0.038603
-0.042360
-0.046354
-0.050591
-0.055080
-0.059827
-0.064840
-0.070125
-0.075691
-0.081543
-0.087690
-0.094138
-0.100895
-0.107968
-0.115364
-0.123091
-0.131155
-0.139564
-0.148326
-0.157446
-0.166933
-0.176794
-0.187036
-0.197666
-0.208691
-0.220119
-0.231957
-0.244212
-0.256891
-0.270002
-0.283552
-0.297547
-0.311995
-0.326904
-0.342281
-0.358132
-0.374465
-0.391288
-0.408607
-0.426430
-0.444763
-0.463615
-0.482992
-0.502902
-0.523351
-0.544348
-0.565899
-0.588012
-0.610693
-0.633950
-0.657790
-0.682220
-0.707248
-0.732881
-0.759125
-0.785989
-0.813478
-0.002000
-0.002004
-0.002188
-0.002520
-0.002982
-0.003569
-0.004278
-0.005113
-0.006075
-0.007171
-0.008407
-0.009787
-0.011320
-0.013011
-0.014868
-0.016897
-0.019107
-0.021505
-0.024097
-0.026891
-0.029894
-0.033115
-0.036559
-0.040236
-0.044152
-0.048314
-0.052731
-0.057410
-0.062357
-0.067582
-0.073091
-0.078891
-0.084991
-0.091397
-0.098118
-0.105160
-0.112532
-0.120241
-0.128295
-0.136700
-0.145464
-0.154596
-0.164102
-0.173990
-0.184267
-0.194942
-0.206021
-0.217512
-0.229423
-0.241762
-0.254535
-0.267750
-0.281414
-0.295536
-0.310123
-0.325182
-0.340721
-0.356747
-0.373268
-0.390292
-0.407825
-0.425876
-0.444452
-0.463561
-0.483209
-0.503405
-0.524156
-0.545470
-0.567354
-0.589816
-0.612863
-0.636502
-0.660743
-0.685590
-0.711053
-0.737139
-0.763855
-0.791209
-0.819207
-0.847859
-0.002075
-0.002079
-0.002270
-0.002614
-0.003094
-0.003702
-0.004438
-0.005303
-0.006301
-0.007438
-0.008719
-0.010150
-0.011739
-0.013493
-0.015419
-0.017524
-0.019815
-0.022301
-0.024989
-0.027887
-0.031001
-0.034341
-0.037913
-0.041725
-0.045786
-0.050103
-0.054683
-0.059535
-0.064666
-0.070083
-0.075796
-0.081811
-0.088136
-0.094779
-0.101749
-0.109052
-0.116696
-0.124691
-0.133042
-0.141758
-0.150846
-0.160316
-0.170173
-0.180427
-0.191085
-0.202154
-0.213643
-0.225560
-0.237911
-0.250706
-0.263951
-0.277655
-0.291825
-0.306470
-0.321596
-0.337212
-0.353326
-0.369945
-0.387077
-0.404730
-0.422912
-0.441631
-0.460894
-0.480709
-0.501084
-0.522027
-0.543546
-0.565648
-0.588342
-0.611635
-0.635534
-0.660048
-0.685185
-0.710952
-0.737356
-0.764407
-0.792111
-0.820477
-0.849512
-0.879223
-0.002143
-0.002147
-0.002344
-0.002699
-0.003194
-0.003822
-0.004581
-0.005474
-0.006505
-0.007678
-0.009000
-0.010477
-0.012118
-0.013928
-0.015915
-0.018088
-0.020453
-0.023019
-0.025793
-0.028783
-0.031998
-0.035445
-0.039132
-0.043067
-0.047258
-0.051713
-0.056440
-0.061448
-0.066744
-0.072335
-0.078231
-0.084439
-0.090968
-0.097824
-0.105017
-0.112555
-0.120445
-0.128696
-0.137316
-0.146312
-0.155692
-0.165465
-0.175640
-0.186223
-0.197223
-0.208648
-0.220506
-0.232805
-0.245553
-0.258758
-0.272429
-0.286573
-0.301198
-0.316313
-0.331925
-0.348043
-0.364674
-0.381826
-0.399509
-0.417729
-0.436495
-0.455815
-0.475697
-0.496148
-0.517177
-0.538793
-0.561002
-0.583815
-0.607237
-0.631278
-0.655945
-0.681246
-0.707190
-0.733784
-0.761037
-0.788956
-0.817550
-0.846827
-0.876794
-0.907459
-0.002203
-0.002207
-0.002410
-0.002775
-0.003283
-0.003928
-0.004708
-0.005626
-0.006685
-0.007890
-0.009249
-0.010767
-0.012452
-0.014312
-0.016355
-0.018587
-0.021018
-0.023654
-0.026505
-0.029578
-0.032881
-0.036423
-0.040211
-0.044255
-0.048561
-0.053139
-0.057997
-0.063142
-0.068584
-0.074330
-0.080388
-0.086767
-0.093476
-0.100521
-0.107913
-0.115658
-0.123766
-0.132244
-0.141101
-0.150345
-0.159984
-0.170026
-0.180481
-0.191356
-0.202659
-0.214399
-0.226583
-0.239221
-0.252321
-0.265890
-0.279938
-0.294471
-0.309500
-0.325031
-0.341073
-0.357635
-0.374724
-0.392349
-0.410519
-0.429241
-0.448525
-0.468377
-0.488807
-0.509822
-0.531430
-0.553641
-0.576463
-0.599904
-0.623972
-0.648676
-0.674022
-0.700021
-0.726680
-0.754007
-0.782010
-0.810699
-0.840081
-0.870165
-0.900958
-0.932468
-0.002256
-0.002260
-0.002467
-0.002840
-0.003360
-0.004020
-0.004819
-0.005758
-0.006841
-0.008075
-0.009465
-0.011018
-0.012743
-0.014646
-0.016736
-0.019020
-0.021507
-0.024205
-0.027122
-0.030267
-0.033647
-0.037271
-0.041148
-0.045285
-0.049692
-0.054376
-0.059347
-0.064612
-0.070181
-0.076060
-0.082259
-0.088787
-0.095651
-0.102861
-0.110424
-0.118349
-0.126646
-0.135321
-0.144384
-0.153843
-0.163706
-0.173983
-0.184680
-0.195808
-0.207374
-0.219387
-0.231855
-0.244787
-0.258191
-0.272077
-0.286451
-0.301322
-0.316700
-0.332593
-0.349008
-0.365955
-0.383442
-0.401477
-0.420070
-0.439227
-0.458959
-0.479273
-0.500178
-0.521682
-0.543793
-0.566521
-0.589874
-0.613860
-0.638487
-0.663765
-0.689702
-0.716305
-0.743584
-0.771547
-0.800202
-0.829558
-0.859624
-0.890407
-0.921917
-0.954160
-0.002300
-0.002304
-0.002515
-0.002895
-0.003425
-0.004098
-0.004912
-0.005869
-0.006973
-0.008230
-0.009647
-0.011231
-0.012988
-0.014928
-0.017058
-0.019386
-0.021921
-0.024670
-0.027643
-0.030848
-0.034293
-0.037987
-0.041938
-0.046154
-0.050646
-0.055420
-0.060486
-0.065852
-0.071527
-0.077520
-0.083838
-0.090490
-0.097486
-0.104834
-0.112542
-0.120620
-0.129075
-0.137917
-0.147154
-0.156794
-0.166847
-0.177320
-0.188223
-0.199564
-0.211351
-0.223595
-0.236302
-0.249482
-0.263143
-0.277295
-0.291944
-0.307101
-0.322774
-0.338971
-0.355701
-0.372973
-0.390795
-0.409177
-0.428126
-0.447651
-0.467761
-0.488465
-0.509770
-0.531687
-0.554222
-0.577385
-0.601186
-0.625631
-0.650731
-0.676494
-0.702928
-0.730042
-0.757844
-0.786343
-0.815548
-0.845466
-0.876109
-0.907483
-0.939596
-0.972458
-0.002336
-0.002340
-0.002554
-0.002940
-0.003478
-0.004161
-0.004988
-0.005959
-0.007080
-0.008357
-0.009795
-0.011403
-0.013187
-0.015157
-0.017319
-0.019683
-0.022256
-0.025048
-0.028066
-0.031319
-0.034817
-0.038567
-0.042578
-0.046860
-0.051419
-0.056267
-0.061410
-0.066858
-0.072619
-0.078703
-0.085118
-0.091872
-0.098974
-0.106434
-0.114260
-0.122461
-0.131046
-0.140022
-0.149400
-0.159187
-0.169393
-0.180026
-0.191095
-0.202610
-0.214577
-0.227007
-0.239908
-0.253289
-0.267159
-0.281526
-0.296400
-0.311788
-0.327699
-0.344144
-0.361129
-0.378665
-0.396759
-0.415421
-0.434659
-0.454482
-0.474899
-0.495919
-0.517549
-0.539800
-0.562679
-0.586196
-0.610359
-0.635178
-0.660661
-0.686817
-0.713653
-0.741181
-0.769407
-0.798341
-0.827992
-0.858367
-0.889477
-0.921330
-0.953933
-0.987297
-0.002363
-0.002367
-0.002584
-0.002975
-0.003519
-0.004210
-0.005046
-0.006028
-0.007162
-0.008453
-0.009908
-0.011534
-0.013339
-0.015331
-0.017518
-0.019909
-0.022512
-0.025336
-0.028389
-0.031680
-0.035217
-0.039010
-0.043068
-0.047398
-0.052010
-0.056913
-0.062115
-0.067626
-0.073453
-0.079607
-0.086095
-0.092927
-0.100111
-0.107656
-0.115572
-0.123867
-0.132550
-0.141629
-0.151115
-0.161014
-0.171337
-0.182092
-0.193288
-0.204935
-0.217039
-0.229612
-0.242661
-0.256196
-0.270224
-0.284756
-0.299800
-0.315365
-0.331459
-0.348092
-0.365273
-0.383009
-0.401311
-0.420187
-0.439645
-0.459696
-0.480347
-0.501608
-0.523487
-0.545993
-0.569134
-0.592921
-0.617361
-0.642465
-0.668240
-0.694696
-0.721841
-0.749684
-0.778234
-0.807500
-0.837490
-0.868215
-0.899681
-0.931899
-0.964877
-0.998623
-0.002382
-0.002386
-0.002605
-0.002998
-0.003547
-0.004243
-0.005085
-0.006076
-0.007218
-0.008520
-0.009986
-0.011625
-0.013444
-0.015451
-0.017655
-0.020065
-0.022688
-0.025534
-0.028610
-0.031927
-0.035492
-0.039315
-0.043404
-0.047768
-0.052416
-0.057357
-0.062599
-0.068153
-0.074026
-0.080227
-0.086766
-0.093651
-0.100891
-0.108495
-0.116472
-0.124832
-0.133582
-0.142733
-0.152292
-0.162268
-0.172672
-0.183510
-0.194794
-0.206530
-0.218730
-0.231400
-0.244550
-0.258190
-0.272328
-0.286974
-0.302135
-0.317820
-0.334040
-0.350802
-0.368116
-0.385991
-0.404435
-0.423458
-0.443068
-0.463275
-0.484087
-0.505513
-0.527562
-0.550243
-0.573565
-0.597537
-0.622167
-0.647466
-0.673442
-0.700104
-0.727460
-0.755520
-0.784293
-0.813787
-0.844011
-0.874974
-0.906685
-0.939155
-0.972389
-1.006398
-0.002393
-0.002397
-0.002617
-0.003011
-0.003562
-0.004261
-0.005107
-0.006102
-0.007249
-0.008556
-0.010028
-0.011674
-0.013500
-0.015516
-0.017729
-0.020149
-0.022783
-0.025641
-0.028730
-0.032060
-0.035640
-0.039479
-0.043585
-0.047967
-0.052635
-0.057596
-0.062861
-0.068437
-0.074335
-0.080562
-0.087128
-0.094041
-0.101312
-0.108948
-0.116958
-0.125353
-0.134139
-0.143328
-0.152927
-0.162945
-0.173392
-0.184276
-0.195606
-0.207392
-0.219642
-0.232365
-0.245570
-0.259267
-0.273464
-0.288170
-0.303394
-0.319145
-0.335432
-0.352265
-0.369651
-0.387600
-0.406121
-0.425223
-0.444915
-0.465206
-0.486104
-0.507620
-0.529761
-0.552537
-0.575955
-0.600027
-0.624760
-0.650165
-0.676249
-0.703022
-0.730492
-0.758669
-0.787561
-0.817178
-0.847528
-0.878621
-0.910465
-0.943069
-0.976442
-1.010593
-0.002395
-0.002399
-0.002619
-0.003014
-0.003565
-0.004265
-0.005111
-0.006106
-0.007254
-0.008561
-0.010034
-0.011681
-0.013509
-0.015526
-0.017740
-0.020161
-0.022797
-0.025656
-0.028748
-0.032080
-0.035662
-0.039503
-0.043611
-0.047996
-0.052666
-0.057631
-0.062899
-0.068479
-0.074380
-0.080611
-0.087180
-0.094098
-0.101372
-0.109013
-0.117028
-0.125427
-0.134220
-0.143414
-0.153018
-0.163042
-0.173495
-0.184385
-0.195723
-0.207515
-0.219772
-0.232503
-0.245716
-0.259421
-0.273626
-0.288341
-0.303574
-0.319335
-0.335631
-0.352474
-0.369870
-0.387830
-0.406362
-0.425475
-0.445179
-0.465482
-0.486393
-0.507921
-0.530075
-0.552864
-0.576297
-0.600383
-0.625131
-0.650551
-0.676650
-0.703439
-0.730925
-0.759119
-0.788029
-0.817663
-0.848031
-0.879142
-0.911005
-0.943629
-0.977022
-1.011192
-0.002388
-0.002392
-0.002611
-0.003005
-0.003555
-0.004252
-0.005096
-0.006088
-0.007233
-0.008536
-0.010005
-0.011647
-0.013469
-0.015480
-0.017688
-0.020102
-0.022730
-0.025581
-0.028663
-0.031985
-0.035557
-0.039386
-0.043483
-0.047855
-0.052511
-0.057461
-0.062713
-0.068276
-0.074160
-0.080372
-0.086922
-0.093819
-0.101072
-0.108690
-0.116682
-0.125056
-0.133822
-0.142989
-0.152565
-0.162560
-0.172981
-0.183839
-0.195143
-0.206900
-0.219121
-0.231814
-0.244988
-0.258652
-0.272815
-0.287486
-0.302674
-0.318388
-0.334637
-0.351429
-0.368774
-0.386681
-0.405158
-0.424215
-0.443860
-0.464102
-0.484952
-0.506416
-0.528504
-0.551226
-0.574589
-0.598604
-0.623278
-0.648622
-0.674645
-0.701354
-0.728759
-0.756869
-0.785693
-0.815239
-0.845518
-0.876537
-0.908305
-0.940832
-0.974126
-1.008195
-0.002373
-0.002377
-0.002595
-0.002986
-0.003532
-0.004225
-0.005063
-0.006049
-0.007186
-0.008481
-0.009940
-0.011571
-0.013382
-0.015380
-0.017573
-0.019971
-0.022582
-0.025414
-0.028476
-0.031777
-0.035325
-0.039130
-0.043199
-0.047542
-0.052168
-0.057086
-0.062304
-0.067831
-0.073676
-0.079848
-0.086355
-0.093207
-0.100412
-0.107980
-0.115920
-0.124240
-0.132948
-0.142055
-0.151569
-0.161498
-0.171852
-0.182639
-0.193869
-0.205549
-0.217690
-0.230300
-0.243388
-0.256963
-0.271034
-0.285609
-0.300698
-0.316309
-0.332451
-0.349134
-0.366366
-0.384156
-0.402512
-0.421444
-0.440961
-0.461072
-0.481785
-0.503109
-0.525053
-0.547627
-0.570837
-0.594695
-0.619208
-0.644386
-0.670239
-0.696774
-0.724000
-0.751926
-0.780562
-0.809916
-0.839996
-0.870813
-0.902374
-0.934688
-0.967765
-1.001612
-0.002350
-0.002354
-0.002569
-0.002956
-0.003497
-0.004183
-0.005012
-0.005988
-0.007114
-0.008395
-0.009840
-0.011454
-0.013246
-0.015224
-0.017396
-0.019769
-0.022354
-0.025157
-0.028188
-0.031455
-0.034968
-0.038734
-0.042762
-0.047061
-0.051640
-0.056508
-0.061673
-0.067144
-0.072930
-0.079039
-0.085480
-0.092263
-0.099395
-0.106887
-0.114746
-0.122981
-0.131602
-0.140617
-0.150034
-0.159863
-0.170111
-0.180789
-0.191905
-0.203467
-0.215485
-0.227967
-0.240923
-0.254360
-0.268288
-0.282716
-0.297652
-0.313105
-0.329084
-0.345597
-0.362654
-0.380264
-0.398435
-0.417175
-0.436494
-0.456401
-0.476905
-0.498013
-0.519735
-0.542079
-0.565054
-0.588670
-0.612935
-0.637859
-0.663449
-0.689716
-0.716666
-0.744309
-0.772655
-0.801711
-0.831487
-0.861991
-0.893233
-0.925220
-0.957961
-0.991466
-0.002318
-0.002321
-0.002534
-0.002916
-0.003449
-0.004125
-0.004943
-0.005906
-0.007016
-0.008280
-0.009705
-0.011297
-0.013064
-0.015014
-0.017156
-0.019497
-0.022046
-0.024811
-0.027800
-0.031022
-0.034486
-0.038200
-0.042173
-0.046413
-0.050929
-0.055729
-0.060823
-0.066218
-0.071924
-0.077949
-0.084302
-0.090991
-0.098025
-0.105413
-0.113164
-0.121285
-0.129787
-0.138678
-0.147965
-0.157658
-0.167766
-0.178296
-0.189259
-0.200661
-0.212514
-0.224824
-0.237600
-0.250852
-0.264589
-0.278817
-0.293547
-0.308787
-0.324545
-0.340831
-0.357653
-0.375020
-0.392940
-0.411422
-0.430475
-0.450107
-0.470328
-0.491145
-0.512567
-0.534603
-0.557262
-0.580552
-0.604482
-0.629062
-0.654300
-0.680204
-0.706783
-0.734045
-0.762000
-0.790655
-0.820020
-0.850104
-0.880914
-0.912460
-0.944750
-0.977793
-0.002277
-0.002281
-0.002490
-0.002865
-0.003389
-0.004053
-0.004857
-0.005802
-0.006893
-0.008135
-0.009535
-0.011099
-0.012835
-0.014751
-0.016855
-0.019155
-0.021659
-0.024376
-0.027312
-0.030478
-0.033881
-0.037530
-0.041433
-0.045599
-0.050035
-0.054752
-0.059756
-0.065057
-0.070663
-0.076582
-0.082823
-0.089395
-0.096306
-0.103564
-0.111179
-0.119158
-0.127511
-0.136245
-0.145370
-0.154893
-0.164823
-0.175169
-0.185939
-0.197142
-0.208786
-0.220880
-0.233432
-0.246452
-0.259947
-0.273926
-0.288398
-0.303370
-0.318852
-0.334852
-0.351379
-0.368442
-0.386047
-0.404205
-0.422924
-0.442212
-0.462078
-0.482530
-0.503577
-0.525226
-0.547487
-0.570369
-0.593880
-0.618028
-0.642823
-0.668273
-0.694385
-0.721169
-0.748634
-0.776787
-0.805637
-0.835192
-0.865462
-0.896455
-0.928179
-0.960642
-0.002229
-0.002233
-0.002437
-0.002804
-0.003316
-0.003967
-0.004753
-0.005678
-0.006746
-0.007961
-0.009331
-0.010861
-0.012561
-0.014436
-0.016495
-0.018746
-0.021196
-0.023854
-0.026728
-0.029826
-0.033156
-0.036727
-0.040546
-0.044623
-0.048964
-0.053580
-0.058477
-0.063664
-0.069150
-0.074943
-0.081050
-0.087481
-0.094244
-0.101347
-0.108798
-0.116607
-0.124781
-0.133328
-0.142257
-0.151577
-0.161294
-0.171418
-0.181958
-0.192921
-0.204316
-0.216151
-0.228434
-0.241175
-0.254382
-0.268061
-0.282223
-0.296875
-0.312025
-0.327683
-0.343856
-0.360553
-0.377781
-0.395551
-0.413869
-0.432744
-0.452185
-0.472199
-0.492795
-0.513981
-0.535765
-0.558157
-0.581164
-0.604796
-0.629060
-0.653965
-0.679518
-0.705728
-0.732605
-0.760155
-0.788387
-0.817310
-0.846932
-0.877261
-0.908306
-0.940073
-0.002172
-0.002176
-0.002375
-0.002733
-0.003232
-0.003866
-0.004633
-0.005534
-0.006574
-0.007759
-0.009094
-0.010585
-0.012241
-0.014069
-0.016076
-0.018269
-0.020657
-0.023247
-0.026048
-0.029068
-0.032313
-0.035793
-0.039515
-0.043488
-0.047719
-0.052217
-0.056990
-0.062045
-0.067391
-0.073037
-0.078989
-0.085256
-0.091847
-0.098769
-0.106031
-0.113641
-0.121607
-0.129937
-0.138639
-0.147721
-0.157191
-0.167058
-0.177329
-0.188013
-0.199119
-0.210653
-0.222624
-0.235041
-0.247911
-0.261243
-0.275044
-0.289323
-0.304088
-0.319348
-0.335109
-0.351381
-0.368172
-0.385489
-0.403341
-0.421736
-0.440683
-0.460187
-0.480260
-0.500907
-0.522137
-0.543960
-0.566382
-0.589412
-0.613059
-0.637330
-0.662234
-0.687777
-0.713970
-0.740819
-0.768333
-0.796521
-0.825389
-0.854947
-0.885202
-0.916161
-0.002108
-0.002112
-0.002305
-0.002652
-0.003137
-0.003752
-0.004495
-0.005370
-0.006380
-0.007529
-0.008824
-0.010272
-0.011879
-0.013652
-0.015599
-0.017727
-0.020045
-0.022558
-0.025276
-0.028206
-0.031355
-0.034732
-0.038343
-0.042198
-0.046304
-0.050669
-0.055300
-0.060205
-0.065393
-0.070871
-0.076646
-0.082728
-0.089123
-0.095840
-0.102886
-0.110271
-0.118000
-0.126083
-0.134527
-0.143340
-0.152530
-0.162103
-0.172070
-0.182437
-0.193213
-0.204405
-0.216021
-0.228070
-0.240558
-0.253495
-0.266887
-0.280742
-0.295070
-0.309876
-0.325170
-0.340960
-0.357253
-0.374056
-0.391379
-0.409229
-0.427613
-0.446539
-0.466016
-0.486051
-0.506652
-0.527827
-0.549584
-0.571932
-0.594877
-0.618429
-0.642593
-0.667379
-0.692796
-0.718849
-0.745546
-0.772898
-0.800910
-0.829592
-0.858949
-0.888990
-0.002037
-0.002040
-0.002226
-0.002562
-0.003030
-0.003624
-0.004342
-0.005187
-0.006162
-0.007272
-0.008523
-0.009921
-0.011473
-0.013186
-0.015067
-0.017123
-0.019361
-0.021789
-0.024414
-0.027243
-0.030285
-0.033547
-0.037035
-0.040759
-0.044724
-0.048940
-0.053413
-0.058151
-0.063162
-0.068453
-0.074031
-0.079905
-0.086082
-0.092570
-0.099376
-0.106508
-0.113974
-0.121781
-0.129937
-0.138449
-0.147325
-0.156572
-0.166199
-0.176212
-0.186620
-0.197431
-0.208650
-0.220288
-0.232350
-0.244845
-0.257780
-0.271163
-0.285001
-0.299303
-0.314075
-0.329326
-0.345063
-0.361293
-0.378025
-0.395265
-0.413022
-0.431303
-0.450115
-0.469467
-0.489365
-0.509817
-0.530832
-0.552417
-0.574580
-0.597327
-0.620667
-0.644608
-0.669157
-0.694320
-0.720107
-0.746526
-0.773582
-0.801285
-0.829641
-0.858657
-0.001958
-0.001961
-0.002140
-0.002462
-0.002912
-0.003483
-0.004174
-0.004986
-0.005923
-0.006990
-0.008192
-0.009536
-0.011028
-0.012674
-0.014481
-0.016457
-0.018608
-0.020942
-0.023465
-0.026184
-0.029108
-0.032242
-0.035595
-0.039174
-0.042985
-0.047037
-0.051336
-0.055890
-0.060706
-0.065791
-0.071153
-0.076798
-0.082735
-0.088970
-0.095512
-0.102367
-0.109542
-0.117046
-0.124885
-0.133066
-0.141597
-0.150484
-0.159736
-0.169361
-0.179364
-0.189754
-0.200537
-0.211722
-0.223315
-0.235324
-0.247756
-0.260619
-0.273919
-0.287665
-0.301863
-0.316520
-0.331645
-0.347244
-0.363326
-0.379896
-0.396962
-0.414532
-0.432613
-0.451212
-0.470336
-0.489994
-0.510192
-0.530937
-0.552238
-0.574101
-0.596534
-0.619543
-0.643137
-0.667323
-0.692107
-0.717498
-0.743503
-0.770128
-0.797381
-0.825269
-0.001872
-0.001875
-0.002046
-0.002354
-0.002784
-0.003330
-0.003990
-0.004766
-0.005662
-0.006682
-0.007832
-0.009116
-0.010542
-0.012116
-0.013844
-0.015733
-0.017789
-0.020020
-0.022432
-0.025032
-0.027827
-0.030823
-0.034029
-0.037450
-0.041094
-0.044967
-0.049077
-0.053430
-0.058034
-0.062895
-0.068021
-0.073418
-0.079094
-0.085055
-0.091308
-0.097861
-0.104721
-0.111894
-0.119388
-0.127209
-0.135364
-0.143861
-0.152706
-0.161906
-0.171469
-0.181402
-0.191711
-0.202403
-0.213486
-0.224967
-0.236852
-0.249148
-0.261863
-0.275003
-0.288576
-0.302589
-0.317048
-0.331961
-0.347334
-0.363175
-0.379490
-0.396287
-0.413572
-0.431352
-0.449635
-0.468427
-0.487736
-0.507569
-0.527932
-0.548833
-0.570278
-0.592275
-0.614830
-0.637951
-0.661645
-0.685918
-0.710778
-0.736232
-0.762286
-0.788946
-0.001779
-0.001782
-0.001945
-0.002237
-0.002646
-0.003165
-0.003792
-0.004530
-0.005381
-0.006351
-0.007443
-0.008664
-0.010020
-0.011515
-0.013158
-0.014953
-0.016907
-0.019027
-0.021320
-0.023791
-0.026447
-0.029295
-0.032341
-0.035593
-0.039056
-0.042737
-0.046643
-0.050780
-0.055156
-0.059776
-0.064647
-0.069777
-0.075171
-0.080836
-0.086779
-0.093008
-0.099527
-0.106345
-0.113467
-0.120900
-0.128651
-0.136726
-0.145132
-0.153876
-0.162965
-0.172405
-0.182202
-0.192364
-0.202898
-0.213809
-0.225104
-0.236791
-0.248875
-0.261363
-0.274263
-0.287581
-0.301323
-0.315496
-0.330107
-0.345162
-0.360668
-0.376632
-0.393060
-0.409958
-0.427334
-0.445194
-0.463545
-0.482394
-0.501748
-0.521612
-0.541994
-0.562900
-0.584337
-0.606311
-0.628829
-0.651899
-0.675525
-0.699717
-0.724478
-0.749816
-0.001680
-0.001683
-0.001836
-0.002113
-0.002499
-0.002989
-0.003581
-0.004278
-0.005082
-0.005997
-0.007028
-0.008181
-0.009461
-0.010873
-0.012424
-0.014119
-0.015965
-0.017967
-0.020131
-0.022465
-0.024973
-0.027662
-0.030539
-0.033609
-0.036879
-0.040355
-0.044043
-0.047950
-0.052081
-0.056444
-0.061044
-0.065887
-0.070981
-0.076330
-0.081942
-0.087823
-0.093979
-0.100417
-0.107142
-0.114161
-0.121479
-0.129104
-0.137042
-0.145299
-0.153881
-0.162794
-0.172046
-0.181641
-0.191588
-0.201890
-0.212556
-0.223591
-0.235002
-0.246794
-0.258975
-0.271550
-0.284526
-0.297909
-0.311706
-0.325922
-0.340563
-0.355637
-0.371149
-0.387106
-0.403513
-0.420378
-0.437706
-0.455504
-0.473779
-0.492536
-0.511782
-0.531522
-0.551764
-0.572513
-0.593777
-0.615560
-0.637870
-0.660713
-0.684094
-0.708020
-0.001575
-0.001577
-0.001721
-0.001981
-0.002342
-0.002802
-0.003357
-0.004010
-0.004764
-0.005622
-0.006589
-0.007669
-0.008869
-0.010193
-0.011647
-0.013236
-0.014966
-0.016842
-0.018871
-0.021059
-0.023410
-0.025931
-0.028627
-0.031505
-0.034570
-0.037829
-0.041286
-0.044949
-0.048822
-0.052911
-0.057223
-0.061763
-0.066538
-0.071553
-0.076813
-0.082326
-0.088097
-0.094132
-0.100436
-0.107015
-0.113876
-0.121023
-0.128464
-0.136204
-0.144249
-0.152605
-0.161277
-0.170272
-0.179596
-0.189254
-0.199252
-0.209596
-0.220293
-0.231347
-0.242765
-0.254554
-0.266717
-0.279263
-0.292195
-0.305522
-0.319247
-0.333377
-0.347918
-0.362876
-0.378257
-0.394066
-0.410310
-0.426994
-0.444125
-0.461708
-0.479749
-0.498254
-0.517229
-0.536680
-0.556612
-0.577032
-0.597945
-0.619358
-0.641276
-0.663704
-0.001464
-0.001467
-0.001600
-0.001841
-0.002178
-0.002605
-0.003121
-0.003728
-0.004429
-0.005226
-0.006125
-0.007130
-0.008245
-0.009476
-0.010828
-0.012305
-0.013913
-0.015658
-0.017544
-0.019578
-0.021763
-0.024107
-0.026614
-0.029290
-0.032139
-0.035169
-0.038383
-0.041788
-0.045388
-0.049190
-0.053199
-0.057420
-0.061859
-0.066521
-0.071411
-0.076537
-0.081901
-0.087512
-0.093372
-0.099489
-0.105867
-0.112512
-0.119430
-0.126625
-0.134104
-0.141872
-0.149935
-0.158297
-0.166965
-0.175944
-0.185239
-0.194856
-0.204800
-0.215077
-0.225692
-0.236651
-0.247960
-0.259623
-0.271646
-0.284035
-0.296795
-0.309931
-0.323450
-0.337356
-0.351655
-0.366352
-0.381453
-0.396965
-0.412891
-0.429237
-0.446010
-0.463213
-0.480854
-0.498937
-0.517467
-0.536451
-0.555894
-0.575801
-0.596177
-0.617028
-0.001348
-0.001350
-0.001474
-0.001696
-0.002005
-0.002398
-0.002874
-0.003433
-0.004078
-0.004813
-0.005640
-0.006565
-0.007592
-0.008726
-0.009970
-0.011330
-0.012811
-0.014418
-0.016155
-0.018027
-0.020040
-0.022198
-0.024506
-0.026970
-0.029594
-0.032383
-0.035343
-0.038478
-0.041793
-0.045294
-0.048985
-0.052872
-0.056959
-0.061252
-0.065755
-0.070475
-0.075415
-0.080580
-0.085977
-0.091609
-0.097482
-0.103601
-0.109970
-0.116596
-0.123483
-0.130635
-0.138059
-0.145759
-0.153741
-0.162008
-0.170567
-0.179422
-0.188579
-0.198042
-0.207816
-0.217907
-0.228320
-0.239059
-0.250130
-0.261538
-0.273287
-0.285383
-0.297831
-0.310636
-0.323802
-0.337335
-0.351241
-0.365523
-0.380188
-0.395240
-0.410684
-0.426525
-0.442768
-0.459419
-0.476482
-0.493962
-0.511865
-0.530195
-0.548957
-0.568157
-0.001228
-0.001230
-0.001342
-0.001544
-0.001826
-0.002184
-0.002616
-0.003125
-0.003713
-0.004381
-0.005135
-0.005977
-0.006912
-0.007944
-0.009077
-0.010316
-0.011664
-0.013126
-0.014708
-0.016412
-0.018245
-0.020209
-0.022311
-0.024554
-0.026943
-0.029482
-0.032177
-0.035031
-0.038050
-0.041237
-0.044597
-0.048136
-0.051857
-0.055765
-0.059865
-0.064162
-0.068659
-0.073362
-0.078276
-0.083403
-0.088750
-0.094321
-0.100120
-0.106152
-0.112422
-0.118934
-0.125693
-0.132703
-0.139969
-0.147496
-0.155289
-0.163350
-0.171687
-0.180302
-0.189201
-0.198388
-0.207868
-0.217646
-0.227725
-0.238111
-0.248808
-0.259820
-0.271153
-0.282811
-0.294798
-0.307119
-0.319778
-0.332782
-0.346133
-0.359837
-0.373897
-0.388319
-0.403107
-0.418267
-0.433801
-0.449716
-0.466015
-0.482703
-0.499785
-0.517265
-0.001102
-0.001104
-0.001205
-0.001387
-0.001640
-0.001961
-0.002350
-0.002807
-0.003334
-0.003935
-0.004612
-0.005368
-0.006208
-0.007134
-0.008152
-0.009264
-0.010475
-0.011788
-0.013208
-0.014739
-0.016385
-0.018149
-0.020037
-0.022051
-0.024196
-0.026477
-0.028897
-0.031460
-0.034171
-0.037033
-0.040051
-0.043229
-0.046571
-0.050080
-0.053762
-0.057621
-0.061660
-0.065884
-0.070296
-0.074901
-0.079703
-0.084705
-0.089913
-0.095330
-0.100961
-0.106809
-0.112879
-0.119175
-0.125700
-0.132460
-0.139458
-0.146698
-0.154184
-0.161921
-0.169913
-0.178164
-0.186677
-0.195458
-0.204509
-0.213837
-0.223443
-0.233333
-0.243510
-0.253979
-0.264744
-0.275810
-0.287179
-0.298856
-0.310847
-0.323153
-0.335780
-0.348732
-0.362013
-0.375627
-0.389578
-0.403870
-0.418507
-0.433495
-0.448835
-0.464533
-0.000973
-0.000975
-0.001064
-0.001224
-0.001448
-0.001731
-0.002075
-0.002478
-0.002944
-0.003474
-0.004072
-0.004740
-0.005481
-0.006299
-0.007197
-0.008179
-0.009248
-0.010408
-0.011662
-0.013014
-0.014467
-0.016024
-0.017691
-0.019469
-0.021364
-0.023377
-0.025514
-0.027777
-0.030170
-0.032697
-0.035362
-0.038168
-0.041118
-0.044217
-0.047468
-0.050875
-0.054441
-0.058170
-0.062066
-0.066132
-0.070371
-0.074788
-0.079387
-0.084170
-0.089141
-0.094304
-0.099664
-0.105222
-0.110984
-0.116952
-0.123131
-0.129523
-0.136133
-0.142964
-0.150020
-0.157305
-0.164822
-0.172575
-0.180567
-0.188802
-0.197284
-0.206015
-0.215001
-0.224245
-0.233750
-0.243519
-0.253558
-0.263868
-0.274455
-0.285320
-0.296469
-0.307905
-0.319631
-0.331651
-0.343968
-0.356587
-0.369511
-0.382744
-0.396288
-0.410148
-0.000841
-0.000842
-0.000919
-0.001058
-0.001251
-0.001496
-0.001792
-0.002141
-0.002543
-0.003001
-0.003517
-0.004094
-0.004735
-0.005441
-0.006217
-0.007066
-0.007989
-0.008991
-0.010074
-0.011242
-0.012497
-0.013843
-0.015282
-0.016819
-0.018455
-0.020194
-0.022040
-0.023995
-0.026062
-0.028246
-0.030547
-0.032971
-0.035520
-0.038197
-0.041005
-0.043948
-0.047029
-0.050250
-0.053615
-0.057128
-0.060790
-0.064606
-0.068578
-0.072709
-0.077004
-0.081464
-0.086094
-0.090896
-0.095873
-0.101028
-0.106366
-0.111888
-0.117598
-0.123499
-0.129594
-0.135887
-0.142381
-0.149078
-0.155981
-0.163095
-0.170422
-0.177965
-0.185728
-0.193713
-0.201924
-0.210363
-0.219034
-0.227941
-0.237086
-0.246473
-0.256104
-0.265982
-0.276112
-0.286495
-0.297136
-0.308036
-0.319201
-0.330632
-0.342332
-0.354305
-0.000705
-0.000707
-0.000771
-0.000887
-0.001049
-0.001255
-0.001503
-0.001796
-0.002133
-0.002518
-0.002951
-0.003434
-0.003972
-0.004564
-0.005215
-0.005927
-0.006702
-0.007542
-0.008451
-0.009430
-0.010483
-0.011612
-0.012819
-0.014108
-0.015480
-0.016940
-0.018488
-0.020128
-0.021862
-0.023693
-0.025624
-0.027657
-0.029795
-0.032041
-0.034396
-0.036865
-0.039449
-0.042151
-0.044974
-0.047920
-0.050992
-0.054193
-0.057525
-0.060991
-0.064593
-0.068334
-0.072218
-0.076246
-0.080421
-0.084745
-0.089222
-0.093854
-0.098644
-0.103594
-0.108707
-0.113986
-0.119433
-0.125050
-0.130842
-0.136809
-0.142955
-0.149282
-0.155794
-0.162492
-0.169379
-0.176458
-0.183732
-0.191203
-0.198874
-0.206748
-0.214827
-0.223113
-0.231610
-0.240320
-0.249246
-0.258390
-0.267755
-0.277343
-0.287158
-0.297201
-0.000567
-0.000568
-0.000620
-0.000714
-0.000844
-0.001009
-0.001209
-0.001444
-0.001716
-0.002025
-0.002373
-0.002762
-0.003194
-0.003671
-0.004195
-0.004767
-0.005390
-0.006066
-0.006797
-0.007585
-0.008431
-0.009339
-0.010310
-0.011347
-0.012451
-0.013624
-0.014870
-0.016189
-0.017584
-0.019056
-0.020609
-0.022245
-0.023964
-0.025770
-0.027665
-0.029651
-0.031729
-0.033902
-0.036173
-0.038542
-0.041013
-0.043587
-0.046267
-0.049055
-0.051952
-0.054962
-0.058085
-0.061325
-0.064682
-0.068161
-0.071762
-0.075487
-0.079340
-0.083321
-0.087433
-0.091679
-0.096060
-0.100578
-0.105236
-0.110036
-0.114979
-0.120068
-0.125305
-0.130692
-0.136232
-0.141926
-0.147776
-0.153785
-0.159955
-0.166288
-0.172786
-0.179451
-0.186285
-0.193290
-0.200469
-0.207824
-0.215356
-0.223068
-0.230962
-0.239040
-0.000427
-0.000428
-0.000467
-0.000537
-0.000636
-0.000760
-0.000911
-0.001088
-0.001292
-0.001525
-0.001787
-0.002080
-0.002406
-0.002765
-0.003159
-0.003590
-0.004059
-0.004569
-0.005119
-0.005712
-0.006350
-0.007034
-0.007765
-0.008546
-0.009377
-0.010261
-0.011199
-0.012192
-0.013243
-0.014352
-0.015522
-0.016753
-0.018048
-0.019408
-0.020835
-0.022331
-0.023896
-0.025533
-0.027243
-0.029027
-0.030888
-0.032827
-0.034845
-0.036945
-0.039127
-0.041393
-0.043745
-0.046185
-0.048714
-0.051334
-0.054046
-0.056852
-0.059753
-0.062752
-0.065849
-0.069046
-0.072346
-0.075748
-0.079256
-0.082871
-0.086594
-0.090427
-0.094371
-0.098428
-0.102600
-0.106888
-0.111295
-0.115820
-0.120467
-0.125237
-0.130130
-0.135150
-0.140297
-0.145573
-0.150979
-0.156518
-0.162191
-0.168000
-0.173945
-0.180029
-0.000286
-0.000286
-0.000312
-0.000359
-0.000425
-0.000508
-0.000609
-0.000727
-0.000864
-0.001020
-0.001195
-0.001391
-0.001609
-0.001849
-0.002112
-0.002401
-0.002714
-0.003055
-0.003423
-0.003819
-0.004246
-0.004703
-0.005192
-0.005714
-0.006270
-0.006861
-0.007488
-0.008152
-0.008855
-0.009596
-0.010378
-0.011202
-0.012068
-0.012977
-0.013932
-0.014931
-0.015978
-0.017073
-0.018216
-0.019409
-0.020653
-0.021950
-0.023299
-0.024703
-0.026162
-0.027677
-0.029250
-0.030882
-0.032573
-0.034324
-0.036138
-0.038014
-0.039954
-0.041959
-0.044030
-0.046168
-0.048374
-0.050649
-0.052995
-0.055412
-0.057901
-0.060464
-0.063101
-0.065814
-0.068604
-0.071471
-0.074417
-0.077443
-0.080550
-0.083739
-0.087011
-0.090368
-0.093809
-0.097337
-0.100952
-0.104656
-0.108450
-0.112334
-0.116309
-0.120378
-0.000143
-0.000143
-0.000156
-0.000180
-0.000213
-0.000255
-0.000305
-0.000364
-0.000433
-0.000511
-0.000599
-0.000697
-0.000806
-0.000926
-0.001058
-0.001202
-0.001360
-0.001530
-0.001714
-0.001913
-0.002127
-0.002356
-0.002601
-0.002862
-0.003141
-0.003437
-0.003751
-0.004083
-0.004435
-0.004807
-0.005198
-0.005611
-0.006045
-0.006500
-0.006978
-0.007479
-0.008003
-0.008551
-0.009124
-0.009722
-0.010345
-0.010994
-0.011670
-0.012374
-0.013104
-0.013863
-0.014651
-0.015468
-0.016315
-0.017193
-0.018101
-0.019041
-0.020013
-0.021017
-0.022054
-0.023125
-0.024230
-0.025370
-0.026545
-0.027755
-0.029002
-0.030286
-0.031607
-0.032966
-0.034363
-0.035799
-0.037275
-0.038791
-0.040347
-0.041944
-0.043583
-0.045264
-0.046988
-0.048755
-0.050566
-0.052421
-0.054322
-0.056267
-0.058259
-0.060298
0.000000
0.000000
0.000000
0.000000
0.000000
0.000000
0.000000
0.000000
0.000000
0.000000
0.000000
0.000000
0.000000
0.000000
0.000000
0.000000
0.000000
0.000000
0.000000
0.000000
0.000000
0.000000
0.000000
0.000000
0.000000
0.000000
0.000000
0.000000
0.000000
0.000000
0.000000
0.000000
0.000000
0.000000
0.000000
0.000000
0.000000
0.000000
0.000000
0.000000
0.000000
0.000000
0.000000
0.000000
0.000000
0.000000
0.000000
0.000000
0.000000
0.000000
0.000000
0.000000
0.000000
0.000000
0.000000
0.000000
0.000000
0.000000
0.000000
0.000000
0.000000
0.000000
0.000000
0.000000
0.000000
0.000000
0.000000
0.000000
0.000000
0.000000
0.000000
0.000000
0.000000
0.000000
0.000000
0.000000
0.000000
0.000000
0.000000
-0.000004
