-0.218715
-0.218846
-0.219211
-0.219793
-0.220578
-0.221557
-0.222721
-0.224066
-0.225586
-0.227279
-0.229143
-0.231175
-0.233375
-0.235743
-0.238279
-0.240983
-0.243857
-0.246901
-0.250118
-0.253509
-0.257076
-0.260822
-0.264749
-0.268861
-0.273160
-0.277650
-0.282335
-0.287218
-0.292303
-0.297595
-0.303098
-0.308817
-0.314757
-0.320923
-0.327320
-0.333954
-0.340832
-0.347958
-0.355340
-0.362984
-0.370897
-0.379086
-0.387559
-0.396324
-0.405387
-0.414758
-0.424446
-0.434458
-0.444805
-0.455496
-0.466540
-0.477949
-0.489732
-0.501900
-0.514466
-0.527440
-0.540835
-0.554664
-0.568938
-0.583672
-0.598880
-0.614575
-0.630773
-0.647489
-0.664739
-0.682538
-0.700905
-0.719855
-0.739408
-0.759582
-0.780397
-0.801871
-0.824025
-0.846882
-0.870462
-0.894788
-0.919883
-0.945770
-0.972469
-1.000000
-0.218326
-0.218456
-0.218821
-0.219402
-0.220186
-0.221163
-0.222325
-0.223667
-0.225185
-0.226875
-0.228735
-0.230764
-0.232960
-0.235324
-0.237855
-0.240555
-0.243423
-0.246462
-0.249673
-0.253058
-0.256619
-0.260358
-0.264278
-0.268383
-0.272674
-0.277156
-0.281833
-0.286707
-0.291783
-0.297066
-0.302559
-0.308268
-0.314197
-0.320352
-0.326738
-0.333360
-0.340226
-0.347339
-0.354708
-0.362339
-0.370238
-0.378412
-0.386870
-0.395619
-0.404666
-0.414020
-0.423691
-0.433685
-0.444014
-0.454685
-0.465710
-0.477099
-0.488861
-0.501008
-0.513551
-0.526502
-0.539873
-0.553677
-0.567926
-0.582634
-0.597815
-0.613482
-0.629651
-0.646337
-0.663556
-0.681324
-0.699658
-0.718575
-0.738093
-0.758231
-0.779009
-0.800444
-0.822560
-0.845375
-0.868913
-0.893196
-0.918247
-0.944088
-0.970740
-0.998221
-0.217161
-0.217290
-0.217652
-0.218230
-0.219010
-0.219982
-0.221138
-0.222473
-0.223983
-0.225664
-0.227514
-0.229532
-0.231716
-0.234068
-0.236585
-0.239270
-0.242124
-0.245146
-0.248340
-0.251707
-0.255249
-0.258968
-0.262867
-0.266950
-0.271218
-0.275677
-0.280328
-0.285176
-0.290225
-0.295480
-0.300944
-0.306622
-0.312520
-0.318642
-0.324994
-0.331581
-0.338409
-0.345485
-0.352814
-0.360404
-0.368261
-0.376392
-0.384805
-0.393506
-0.402506
-0.411810
-0.421429
-0.431370
-0.441643
-0.452258
-0.463224
-0.474551
-0.486251
-0.498333
-0.510809
-0.523691
-0.536991
-0.550721
-0.564894
-0.579523
-0.594623
-0.610207
-0.626290
-0.642887
-0.660014
-0.677687
-0.695923
-0.714739
-0.734153
-0.754183
-0.774850
-0.796171
-0.818168
-0.840862
-0.864274
-0.888428
-0.913344
-0.939047
-0.965557
-0.992892
-0.215223
-0.215351
-0.215710
-0.216283
-0.217056
-0.218019
-0.219165
-0.220488
-0.221984
-0.223650
-0.225484
-0.227483
-0.229648
-0.231979
-0.234474
-0.237135
-0.239963
-0.242958
-0.246124
-0.249460
-0.252971
-0.256657
-0.260521
-0.264567
-0.268798
-0.273216
-0.277826
-0.282631
-0.287635
-0.292843
-0.298258
-0.303886
-0.309731
-0.315798
-0.322093
-0.328621
-0.335389
-0.342402
-0.349666
-0.357188
-0.364974
-0.373033
-0.381370
-0.389995
-0.398913
-0.408135
-0.417667
-0.427520
-0.437702
-0.448222
-0.459090
-0.470316
-0.481911
-0.493886
-0.506251
-0.519018
-0.532199
-0.545806
-0.559853
-0.574351
-0.589316
-0.604761
-0.620700
-0.637149
-0.654123
-0.671639
-0.689712
-0.708360
-0.727601
-0.747453
-0.767934
-0.789065
-0.810866
-0.833358
-0.856561
-0.880499
-0.905193
-0.930667
-0.956940
-0.984031
-0.212519
-0.212645
-0.213000
-0.213566
-0.214329
-0.215280
-0.216411
-0.217718
-0.219195
-0.220840
-0.222651
-0.224626
-0.226764
-0.229064
-0.231528
-0.234156
-0.236948
-0.239906
-0.243032
-0.246327
-0.249793
-0.253432
-0.257249
-0.261244
-0.265421
-0.269784
-0.274336
-0.279081
-0.284022
-0.289164
-0.294511
-0.300068
-0.305840
-0.311831
-0.318047
-0.324493
-0.331176
-0.338100
-0.345273
-0.352701
-0.360389
-0.368347
-0.376580
-0.385095
-0.393902
-0.403008
-0.412421
-0.422150
-0.432203
-0.442591
-0.453323
-0.464408
-0.475857
-0.487681
-0.499891
-0.512498
-0.525513
-0.538950
-0.552820
-0.567136
-0.581913
-0.597164
-0.612903
-0.629145
-0.645906
-0.663201
-0.681047
-0.699461
-0.718460
-0.738063
-0.758287
-0.779153
-0.800680
-0.822889
-0.845801
-0.869438
-0.893822
-0.918975
-0.944918
-0.971669
-0.209059
-0.209184
-0.209533
-0.210089
-0.210840
-0.211775
-0.212889
-0.214174
-0.215627
-0.217245
-0.219026
-0.220969
-0.223072
-0.225335
-0.227759
-0.230344
-0.233091
-0.236001
-0.239076
-0.242317
-0.245726
-0.249307
-0.253061
-0.256991
-0.261100
-0.265392
-0.269870
-0.274537
-0.279398
-0.284457
-0.289717
-0.295183
-0.300861
-0.306755
-0.312869
-0.319211
-0.325785
-0.332596
-0.339652
-0.346959
-0.354523
-0.362350
-0.370449
-0.378826
-0.387490
-0.396447
-0.405707
-0.415277
-0.425167
-0.435386
-0.445943
-0.456848
-0.468111
-0.479742
-0.491753
-0.504155
-0.516958
-0.530176
-0.543820
-0.557904
-0.572440
-0.587443
-0.602925
-0.618903
-0.635391
-0.652405
-0.669961
-0.688075
-0.706765
-0.726048
-0.745943
-0.766469
-0.787646
-0.809493
-0.832032
-0.855284
-0.879271
-0.904015
-0.929536
-0.955851
-0.204856
-0.204978
-0.205320
-0.205865
-0.206601
-0.207517
-0.208608
-0.209868
-0.211292
-0.212877
-0.214623
-0.216526
-0.218587
-0.220805
-0.223180
-0.225713
-0.228405
-0.231256
-0.234269
-0.237445
-0.240786
-0.244294
-0.247973
-0.251824
-0.255851
-0.260056
-0.264444
-0.269018
-0.273781
-0.278737
-0.283892
-0.289248
-0.294812
-0.300587
-0.306579
-0.312793
-0.319234
-0.325909
-0.332823
-0.339983
-0.347395
-0.355065
-0.363001
-0.371210
-0.379699
-0.388476
-0.397550
-0.406928
-0.416619
-0.426632
-0.436977
-0.447663
-0.458699
-0.470097
-0.481866
-0.494018
-0.506564
-0.519516
-0.532886
-0.546687
-0.560931
-0.575632
-0.590803
-0.606460
-0.622616
-0.639288
-0.656491
-0.674241
-0.692555
-0.711450
-0.730946
-0.751059
-0.771810
-0.793218
-0.815303
-0.838088
-0.861593
-0.885840
-0.910847
-0.936634
-0.199924
-0.200043
-0.200377
-0.200909
-0.201627
-0.202521
-0.203586
-0.204815
-0.206205
-0.207752
-0.209456
-0.211313
-0.213325
-0.215489
-0.217807
-0.220279
-0.222906
-0.225688
-0.228629
-0.231728
-0.234989
-0.238413
-0.242003
-0.245761
-0.249691
-0.253795
-0.258078
-0.262541
-0.267189
-0.272027
-0.277057
-0.282285
-0.287714
-0.293350
-0.299198
-0.305262
-0.311549
-0.318063
-0.324811
-0.331798
-0.339031
-0.346517
-0.354262
-0.362273
-0.370558
-0.379124
-0.387979
-0.397131
-0.406589
-0.416361
-0.426457
-0.436885
-0.447656
-0.458779
-0.470265
-0.482125
-0.494369
-0.507009
-0.520057
-0.533525
-0.547426
-0.561773
-0.576579
-0.591859
-0.607627
-0.623897
-0.640686
-0.658008
-0.675881
-0.694322
-0.713348
-0.732977
-0.753228
-0.774121
-0.795675
-0.817911
-0.840850
-0.864513
-0.888918
-0.914084
-0.194281
-0.194397
-0.194721
-0.195238
-0.195936
-0.196805
-0.197839
-0.199034
-0.200384
-0.201888
-0.203544
-0.205349
-0.207303
-0.209407
-0.211659
-0.214061
-0.216614
-0.219318
-0.222175
-0.225187
-0.228356
-0.231683
-0.235172
-0.238824
-0.242643
-0.246632
-0.250793
-0.255130
-0.259648
-0.264348
-0.269237
-0.274317
-0.279593
-0.285070
-0.290753
-0.296646
-0.302755
-0.309085
-0.315642
-0.322433
-0.329462
-0.336736
-0.344262
-0.352047
-0.360098
-0.368422
-0.377028
-0.385922
-0.395112
-0.404609
-0.414419
-0.424553
-0.435020
-0.445829
-0.456991
-0.468516
-0.480415
-0.492698
-0.505378
-0.518466
-0.531974
-0.545916
-0.560305
-0.575153
-0.590476
-0.606287
-0.622601
-0.639435
-0.656804
-0.674724
-0.693213
-0.712288
-0.731967
-0.752270
-0.773216
-0.794824
-0.817116
-0.840111
-0.863827
-0.888283
-0.187947
-0.188059
-0.188372
-0.188873
-0.189547
-0.190389
-0.191389
-0.192545
-0.193851
-0.195306
-0.196907
-0.198654
-0.200544
-0.202579
-0.204758
-0.207082
-0.209552
-0.212168
-0.214932
-0.217845
-0.220911
-0.224130
-0.227505
-0.231038
-0.234732
-0.238591
-0.242616
-0.246812
-0.251182
-0.255730
-0.260459
-0.265373
-0.270477
-0.275776
-0.281273
-0.286974
-0.292884
-0.299008
-0.305352
-0.311920
-0.318720
-0.325757
-0.333038
-0.340569
-0.348358
-0.356411
-0.364735
-0.373339
-0.382230
-0.391417
-0.400908
-0.410712
-0.420837
-0.431294
-0.442092
-0.453241
-0.464752
-0.476634
-0.488901
-0.501562
-0.514630
-0.528118
-0.542037
-0.556401
-0.571224
-0.586520
-0.602303
-0.618587
-0.635390
-0.652726
-0.670612
-0.689065
-0.708103
-0.727744
-0.748007
-0.768910
-0.790475
-0.812720
-0.835664
-0.859322
-0.180944
-0.181052
-0.181354
-0.181835
-0.182485
-0.183295
-0.184258
-0.185371
-0.186629
-0.188029
-0.189571
-0.191252
-0.193072
-0.195031
-0.197129
-0.199366
-0.201744
-0.204262
-0.206924
-0.209729
-0.212680
-0.215779
-0.219028
-0.222430
-0.225986
-0.229701
-0.233577
-0.237616
-0.241823
-0.246202
-0.250754
-0.255486
-0.260400
-0.265501
-0.270793
-0.276282
-0.281972
-0.287867
-0.293974
-0.300298
-0.306845
-0.313620
-0.320629
-0.327880
-0.335378
-0.343131
-0.351146
-0.359429
-0.367989
-0.376833
-0.385971
-0.395409
-0.405157
-0.415224
-0.425620
-0.436354
-0.447435
-0.458875
-0.470685
-0.482874
-0.495456
-0.508441
-0.521841
-0.535670
-0.549941
-0.564667
-0.579861
-0.595539
-0.611716
-0.628406
-0.645625
-0.663391
-0.681719
-0.700629
-0.720136
-0.740261
-0.761023
-0.782439
-0.804528
-0.827304
-0.173298
-0.173401
-0.173690
-0.174151
-0.174774
-0.175549
-0.176472
-0.177537
-0.178742
-0.180083
-0.181560
-0.183170
-0.184913
-0.186790
-0.188799
-0.190942
-0.193218
-0.195631
-0.198179
-0.200866
-0.203692
-0.206660
-0.209772
-0.213030
-0.216437
-0.219994
-0.223706
-0.227575
-0.231604
-0.235797
-0.240158
-0.244689
-0.249396
-0.254281
-0.259350
-0.264607
-0.270056
-0.275702
-0.281552
-0.287608
-0.293878
-0.300367
-0.307080
-0.314024
-0.321206
-0.328631
-0.336307
-0.344240
-0.352438
-0.360909
-0.369660
-0.378700
-0.388036
-0.397678
-0.407634
-0.417914
-0.428527
-0.439484
-0.450794
-0.462469
-0.474519
-0.486955
-0.499789
-0.513034
-0.526701
-0.540805
-0.555357
-0.570373
-0.585866
-0.601850
-0.618342
-0.635357
-0.652911
-0.671021
-0.689705
-0.708979
-0.728863
-0.749375
-0.770530
-0.792344
-0.165035
-0.165133
-0.165409
-0.165848
-0.166440
-0.167179
-0.168058
-0.169072
-0.170220
-0.171497
-0.172903
-0.174436
-0.176097
-0.177883
-0.179797
-0.181837
-0.184006
-0.186303
-0.188730
-0.191289
-0.193980
-0.196807
-0.199770
-0.202873
-0.206117
-0.209505
-0.213040
-0.216724
-0.220562
-0.224555
-0.228707
-0.233022
-0.237504
-0.242157
-0.246984
-0.251990
-0.257180
-0.262557
-0.268127
-0.273895
-0.279866
-0.286045
-0.292439
-0.299052
-0.305891
-0.312962
-0.320272
-0.327827
-0.335634
-0.343701
-0.352035
-0.360643
-0.369534
-0.378716
-0.388198
-0.397988
-0.408095
-0.418530
-0.429301
-0.440418
-0.451894
-0.463737
-0.475959
-0.488572
-0.501588
-0.515019
-0.528878
-0.543177
-0.557931
-0.573154
-0.588860
-0.605063
-0.621780
-0.639027
-0.656820
-0.675175
-0.694111
-0.713644
-0.733791
-0.754565
-0.156185
-0.156278
-0.156539
-0.156954
-0.157515
-0.158214
-0.159046
-0.160006
-0.161092
-0.162301
-0.163631
-0.165082
-0.166654
-0.168345
-0.170155
-0.172087
-0.174139
-0.176313
-0.178610
-0.181031
-0.183578
-0.186253
-0.189058
-0.191994
-0.195064
-0.198270
-0.201616
-0.205103
-0.208734
-0.212513
-0.216443
-0.220527
-0.224768
-0.229172
-0.233740
-0.238477
-0.243389
-0.248478
-0.253749
-0.259208
-0.264858
-0.270706
-0.276757
-0.283015
-0.289488
-0.296180
-0.303097
-0.310247
-0.317636
-0.325270
-0.333157
-0.341304
-0.349718
-0.358408
-0.367381
-0.376646
-0.386211
-0.396086
-0.406280
-0.416801
-0.427661
-0.438869
-0.450436
-0.462373
-0.474691
-0.487402
-0.500517
-0.514050
-0.528013
-0.542419
-0.557282
-0.572617
-0.588438
-0.604760
-0.621598
-0.638969
-0.656890
-0.675376
-0.694442
-0.714102
-0.146780
-0.146867
-0.147112
-0.147503
-0.148030
-0.148686
-0.149468
-0.150370
-0.151391
-0.152527
-0.153777
-0.155141
-0.156618
-0.158207
-0.159909
-0.161724
-0.163652
-0.165695
-0.167854
-0.170129
-0.172523
-0.175037
-0.177673
-0.180432
-0.183317
-0.186331
-0.189474
-0.192751
-0.196164
-0.199716
-0.203409
-0.207247
-0.211233
-0.215371
-0.219664
-0.224116
-0.228732
-0.233514
-0.238468
-0.243598
-0.248909
-0.254404
-0.260091
-0.265972
-0.272055
-0.278344
-0.284845
-0.291564
-0.298508
-0.305682
-0.313094
-0.320751
-0.328658
-0.336825
-0.345257
-0.353964
-0.362954
-0.372234
-0.381813
-0.391702
-0.401907
-0.412440
-0.423311
-0.434529
-0.446105
-0.458050
-0.470376
-0.483094
-0.496216
-0.509755
-0.523723
-0.538134
-0.553002
-0.568341
-0.584165
-0.600491
-0.617332
-0.634705
-0.652623
-0.671099
-0.136852
-0.136933
-0.137162
-0.137526
-0.138017
-0.138630
-0.139359
-0.140200
-0.141151
-0.142211
-0.143376
-0.144648
-0.146025
-0.147506
-0.149093
-0.150785
-0.152583
-0.154488
-0.156501
-0.158622
-0.160854
-0.163198
-0.165656
-0.168228
-0.170918
-0.173728
-0.176659
-0.179714
-0.182896
-0.186208
-0.189651
-0.193229
-0.196946
-0.200804
-0.204807
-0.208958
-0.213261
-0.217720
-0.222339
-0.227122
-0.232073
-0.237198
-0.242499
-0.247983
-0.253654
-0.259518
-0.265579
-0.271844
-0.278318
-0.285007
-0.291918
-0.299056
-0.306429
-0.314043
-0.321906
-0.330024
-0.338405
-0.347058
-0.355989
-0.365208
-0.374724
-0.384545
-0.394680
-0.405139
-0.415932
-0.427070
-0.438562
-0.450419
-0.462654
-0.475277
-0.488301
-0.501737
-0.515599
-0.529901
-0.544655
-0.559876
-0.575578
-0.591776
-0.608482
-0.625708
-0.126438
-0.126513
-0.126724
-0.127060
-0.127514
-0.128080
-0.128753
-0.129531
-0.130410
-0.131388
-0.132466
-0.133640
-0.134912
-0.136281
-0.137747
-0.139311
-0.140972
-0.142732
-0.144591
-0.146551
-0.148614
-0.150779
-0.153049
-0.155426
-0.157912
-0.160507
-0.163215
-0.166038
-0.168978
-0.172037
-0.175219
-0.178525
-0.181959
-0.185523
-0.189221
-0.193056
-0.197032
-0.201152
-0.205419
-0.209838
-0.214413
-0.219147
-0.224045
-0.229112
-0.234351
-0.239768
-0.245369
-0.251157
-0.257138
-0.263318
-0.269703
-0.276298
-0.283110
-0.290145
-0.297409
-0.304909
-0.312653
-0.320647
-0.328899
-0.337416
-0.346208
-0.355281
-0.364645
-0.374308
-0.384280
-0.394570
-0.405187
-0.416143
-0.427446
-0.439109
-0.451141
-0.463555
-0.476363
-0.489576
-0.503207
-0.517270
-0.531777
-0.546742
-0.562177
-0.578092
-0.115574
-0.115642
-0.115835
-0.116143
-0.116558
-0.117075
-0.117690
-0.118401
-0.119204
-0.120099
-0.121084
-0.122157
-0.123320
-0.124571
-0.125911
-0.127340
-0.128859
-0.130467
-0.132167
-0.133959
-0.135844
-0.137823
-0.139899
-0.142071
-0.144343
-0.146716
-0.149191
-0.151771
-0.154459
-0.157255
-0.160163
-0.163185
-0.166324
-0.169582
-0.172962
-0.176468
-0.180102
-0.183868
-0.187769
-0.191808
-0.195989
-0.200317
-0.204794
-0.209425
-0.214215
-0.219166
-0.224285
-0.229576
-0.235044
-0.240693
-0.246529
-0.252557
-0.258784
-0.265214
-0.271854
-0.278710
-0.285788
-0.293095
-0.300638
-0.308424
-0.316460
-0.324754
-0.333313
-0.342146
-0.351261
-0.360667
-0.370372
-0.380386
-0.390718
-0.401378
-0.412377
-0.423724
-0.435431
-0.447509
-0.459969
-0.472823
-0.486084
-0.499763
-0.513872
-0.528420
-0.104298
-0.104360
-0.104534
-0.104812
-0.105187
-0.105653
-0.106209
-0.106850
-0.107575
-0.108382
-0.109271
-0.110240
-0.111289
-0.112418
-0.113628
-0.114917
-0.116287
-0.117739
-0.119273
-0.120890
-0.122591
-0.124377
-0.126250
-0.128211
-0.130261
-0.132402
-0.134636
-0.136965
-0.139390
-0.141913
-0.144538
-0.147265
-0.150097
-0.153038
-0.156088
-0.159252
-0.162532
-0.165930
-0.169450
-0.173095
-0.176869
-0.180774
-0.184815
-0.188994
-0.193316
-0.197785
-0.202404
-0.207179
-0.212113
-0.217211
-0.222478
-0.227918
-0.233537
-0.239340
-0.245332
-0.251519
-0.257907
-0.264501
-0.271308
-0.278334
-0.285586
-0.293071
-0.300795
-0.308767
-0.316992
-0.325480
-0.334239
-0.343276
-0.352600
-0.362220
-0.372146
-0.382386
-0.392951
-0.403850
-0.415095
-0.426695
-0.438662
-0.451007
-0.463739
-0.476868
-0.092652
-0.092707
-0.092862
-0.093108
-0.093441
-0.093856
-0.094349
-0.094919
-0.095563
-0.096280
-0.097069
-0.097930
-0.098862
-0.099865
-0.100940
-0.102085
-0.103303
-0.104592
-0.105955
-0.107391
-0.108902
-0.110489
-0.112153
-0.113895
-0.115716
-0.117618
-0.119602
-0.121671
-0.123825
-0.126067
-0.128398
-0.130821
-0.133337
-0.135949
-0.138659
-0.141470
-0.144383
-0.147402
-0.150529
-0.153767
-0.157119
-0.160588
-0.164178
-0.167890
-0.171730
-0.175700
-0.179803
-0.184045
-0.188428
-0.192957
-0.197635
-0.202468
-0.207460
-0.212615
-0.217938
-0.223434
-0.229108
-0.234966
-0.241013
-0.247255
-0.253697
-0.260346
-0.267208
-0.274289
-0.281596
-0.289136
-0.296917
-0.304945
-0.313228
-0.321774
-0.330591
-0.339688
-0.349073
-0.358755
-0.368744
-0.379049
-0.389680
-0.400646
-0.411957
-0.423619
-0.080676
-0.080724
-0.080859
-0.081074
-0.081363
-0.081724
-0.082154
-0.082650
-0.083211
-0.083835
-0.084523
-0.085272
-0.086084
-0.086957
-0.087893
-0.088890
-0.089950
-0.091073
-0.092260
-0.093510
-0.094826
-0.096208
-0.097656
-0.099173
-0.100759
-0.102415
-0.104143
-0.105944
-0.107820
-0.109772
-0.111802
-0.113912
-0.116103
-0.118377
-0.120737
-0.123184
-0.125721
-0.128349
-0.131072
-0.133892
-0.136811
-0.139831
-0.142957
-0.146190
-0.149533
-0.152989
-0.156563
-0.160256
-0.164073
-0.168016
-0.172090
-0.176298
-0.180645
-0.185133
-0.189768
-0.194554
-0.199495
-0.204595
-0.209861
-0.215296
-0.220905
-0.226695
-0.232670
-0.238835
-0.245198
-0.251764
-0.258539
-0.265529
-0.272741
-0.280183
-0.287860
-0.295781
-0.303953
-0.312384
-0.321082
-0.330055
-0.339312
-0.348861
-0.358709
-0.368864
-0.068414
-0.068454
-0.068568
-0.068750
-0.068996
-0.069302
-0.069667
-0.070087
-0.070563
-0.071092
-0.071675
-0.072311
-0.072999
-0.073740
-0.074533
-0.075379
-0.076278
-0.077230
-0.078236
-0.079297
-0.080413
-0.081584
-0.082813
-0.084099
-0.085444
-0.086848
-0.088313
-0.089841
-0.091431
-0.093087
-0.094808
-0.096597
-0.098455
-0.100384
-0.102385
-0.104460
-0.106611
-0.108840
-0.111149
-0.113540
-0.116016
-0.118577
-0.121227
-0.123969
-0.126804
-0.129735
-0.132765
-0.135897
-0.139134
-0.142478
-0.145932
-0.149501
-0.153187
-0.156993
-0.160923
-0.164982
-0.169172
-0.173497
-0.177962
-0.182571
-0.187328
-0.192237
-0.197304
-0.202533
-0.207928
-0.213496
-0.219241
-0.225168
-0.231285
-0.237595
-0.244106
-0.250823
-0.257753
-0.264902
-0.272278
-0.279887
-0.287736
-0.295834
-0.304185
-0.312797
-0.055907
-0.055941
-0.056034
-0.056183
-0.056383
-0.056634
-0.056931
-0.057275
-0.057664
-0.058096
-0.058573
-0.059092
-0.059655
-0.060260
-0.060908
-0.061599
-0.062334
-0.063112
-0.063934
-0.064801
-0.065713
-0.066670
-0.067674
-0.068725
-0.069824
-0.070972
-0.072170
-0.073418
-0.074718
-0.076070
-0.077477
-0.078939
-0.080457
-0.082033
-0.083669
-0.085364
-0.087122
-0.088944
-0.090831
-0.092785
-0.094808
-0.096901
-0.099067
-0.101307
-0.103624
-0.106019
-0.108495
-0.111055
-0.113700
-0.116432
-0.119256
-0.122172
-0.125184
-0.128294
-0.131506
-0.134823
-0.138247
-0.141781
-0.145430
-0.149196
-0.153084
-0.157096
-0.161236
-0.165509
-0.169918
-0.174468
-0.179163
-0.184007
-0.189005
-0.194162
-0.199483
-0.204972
-0.210635
-0.216477
-0.222505
-0.228723
-0.235138
-0.241755
-0.248580
-0.255617
-0.043202
-0.043228
-0.043300
-0.043415
-0.043570
-0.043764
-0.043994
-0.044259
-0.044560
-0.044894
-0.045262
-0.045663
-0.046098
-0.046566
-0.047067
-0.047601
-0.048169
-0.048770
-0.049405
-0.050075
-0.050780
-0.051520
-0.052295
-0.053107
-0.053957
-0.054844
-0.055769
-0.056733
-0.057738
-0.058783
-0.059870
-0.061000
-0.062173
-0.063391
-0.064655
-0.065965
-0.067324
-0.068731
-0.070190
-0.071699
-0.073262
-0.074880
-0.076554
-0.078285
-0.080075
-0.081926
-0.083840
-0.085817
-0.087861
-0.089973
-0.092155
-0.094408
-0.096736
-0.099139
-0.101621
-0.104184
-0.106830
-0.109561
-0.112381
-0.115291
-0.118295
-0.121396
-0.124595
-0.127897
-0.131304
-0.134820
-0.138448
-0.142191
-0.146054
-0.150039
-0.154150
-0.158392
-0.162768
-0.167283
-0.171940
-0.176745
-0.181702
-0.186816
-0.192090
-0.197528
-0.030344
-0.030362
-0.030412
-0.030493
-0.030602
-0.030738
-0.030899
-0.031086
-0.031297
-0.031532
-0.031790
-0.032072
-0.032378
-0.032706
-0.033058
-0.033433
-0.033832
-0.034254
-0.034700
-0.035171
-0.035666
-0.036185
-0.036730
-0.037301
-0.037897
-0.038520
-0.039170
-0.039847
-0.040553
-0.041287
-0.042051
-0.042844
-0.043668
-0.044524
-0.045411
-0.046331
-0.047286
-0.048274
-0.049298
-0.050359
-0.051457
-0.052593
-0.053768
-0.054984
-0.056242
-0.057542
-0.058886
-0.060275
-0.061710
-0.063194
-0.064726
-0.066309
-0.067943
-0.069632
-0.071375
-0.073175
-0.075033
-0.076952
-0.078932
-0.080976
-0.083086
-0.085264
-0.087511
-0.089830
-0.092223
-0.094692
-0.097241
-0.099870
-0.102582
-0.105381
-0.108269
-0.111248
-0.114322
-0.117493
-0.120764
-0.124139
-0.127621
-0.131212
-0.134916
-0.138736
-0.017377
-0.017387
-0.017416
-0.017463
-0.017525
-0.017603
-0.017695
-0.017802
-0.017923
-0.018057
-0.018206
-0.018367
-0.018542
-0.018730
-0.018931
-0.019146
-0.019375
-0.019616
-0.019872
-0.020141
-0.020425
-0.020722
-0.021034
-0.021361
-0.021703
-0.022059
-0.022432
-0.022820
-0.023224
-0.023644
-0.024081
-0.024536
-0.025008
-0.025498
-0.026006
-0.026533
-0.027079
-0.027645
-0.028232
-0.028839
-0.029468
-0.030119
-0.030792
-0.031488
-0.032208
-0.032953
-0.033722
-0.034518
-0.035340
-0.036189
-0.037067
-0.037973
-0.038909
-0.039876
-0.040875
-0.041905
-0.042970
-0.044068
-0.045202
-0.046373
-0.047581
-0.048828
-0.050115
-0.051443
-0.052814
-0.054228
-0.055687
-0.057193
-0.058746
-0.060349
-0.062003
-0.063709
-0.065469
-0.067285
-0.069159
-0.071091
-0.073085
-0.075142
-0.077263
-0.079450
-0.004349
-0.004351
-0.004359
-0.004370
-0.004386
-0.004405
-0.004428
-0.004455
-0.004485
-0.004519
-0.004556
-0.004596
-0.004640
-0.004687
-0.004738
-0.004791
-0.004849
-0.004909
-0.004973
-0.005040
-0.005111
-0.005186
-0.005264
-0.005346
-0.005431
-0.005520
-0.005614
-0.005711
-0.005812
-0.005917
-0.006026
-0.006140
-0.006258
-0.006381
-0.006508
-0.006640
-0.006777
-0.006918
-0.007065
-0.007217
-0.007374
-0.007537
-0.007706
-0.007880
-0.008060
-0.008246
-0.008439
-0.008638
-0.008844
-0.009056
-0.009276
-0.009503
-0.009737
-0.009979
-0.010229
-0.010487
-0.010753
-0.011028
-0.011312
-0.011605
-0.011907
-0.012219
-0.012541
-0.012874
-0.013217
-0.013571
-0.013936
-0.014313
-0.014701
-0.015102
-0.015516
-0.015943
-0.016384
-0.016838
-0.017307
-0.017791
-0.018290
-0.018804
-0.019335
-0.019883
0.008695
0.008700
0.008715
0.008738
0.008769
0.008808
0.008855
0.008908
0.008968
0.009036
0.009110
0.009191
0.009278
0.009372
0.009473
0.009581
0.009695
0.009816
0.009944
0.010078
0.010220
0.010369
0.010525
0.010689
0.010860
0.011038
0.011225
0.011419
0.011621
0.011831
0.012050
0.012277
0.012513
0.012759
0.013013
0.013277
0.013550
0.013833
0.014127
0.014431
0.014745
0.015071
0.015408
0.015756
0.016117
0.016489
0.016874
0.017272
0.017684
0.018109
0.018548
0.019001
0.019470
0.019954
0.020453
0.020969
0.021502
0.022051
0.022619
0.023205
0.023809
0.024433
0.025077
0.025742
0.026427
0.027135
0.027865
0.028619
0.029396
0.030198
0.031026
0.031879
0.032760
0.033669
0.034606
0.035573
0.036571
0.037600
0.038662
0.039756
0.021708
0.021721
0.021757
0.021815
0.021893
0.021990
0.022106
0.022239
0.022390
0.022558
0.022743
0.022945
0.023163
0.023398
0.023650
0.023918
0.024204
0.024506
0.024825
0.025162
0.025516
0.025887
0.026277
0.026685
0.027112
0.027558
0.028023
0.028507
0.029012
0.029537
0.030083
0.030651
0.031241
0.031853
0.032488
0.033146
0.033829
0.034536
0.035269
0.036027
0.036813
0.037626
0.038467
0.039336
0.040236
0.041166
0.042128
0.043121
0.044148
0.045209
0.046306
0.047438
0.048608
0.049815
0.051063
0.052350
0.053680
0.055052
0.056469
0.057931
0.059441
0.060999
0.062606
0.064266
0.065978
0.067744
0.069567
0.071448
0.073389
0.075391
0.077457
0.079588
0.081787
0.084056
0.086396
0.088811
0.091302
0.093871
0.096521
0.099253
0.034644
0.034665
0.034722
0.034815
0.034939
0.035094
0.035278
0.035491
0.035732
0.036000
0.036296
0.036618
0.036966
0.037341
0.037743
0.038171
0.038626
0.039109
0.039618
0.040155
0.040720
0.041313
0.041936
0.042587
0.043268
0.043979
0.044721
0.045495
0.046300
0.047138
0.048010
0.048916
0.049857
0.050833
0.051847
0.052898
0.053987
0.055116
0.056285
0.057496
0.058749
0.060046
0.061388
0.062777
0.064212
0.065697
0.067231
0.068817
0.070456
0.072149
0.073899
0.075706
0.077572
0.079500
0.081490
0.083545
0.085667
0.087857
0.090118
0.092452
0.094861
0.097347
0.099913
0.102561
0.105293
0.108112
0.111022
0.114023
0.117121
0.120316
0.123613
0.127014
0.130524
0.134144
0.137879
0.141732
0.145707
0.149808
0.154037
0.158398
0.047456
0.047485
0.047564
0.047690
0.047861
0.048073
0.048326
0.048617
0.048947
0.049315
0.049719
0.050160
0.050637
0.051151
0.051701
0.052288
0.052912
0.053572
0.054270
0.055006
0.055780
0.056593
0.057445
0.058337
0.059270
0.060244
0.061260
0.062320
0.063423
0.064572
0.065766
0.067007
0.068295
0.069633
0.071021
0.072461
0.073953
0.075499
0.077101
0.078760
0.080477
0.082254
0.084092
0.085994
0.087960
0.089994
0.092095
0.094268
0.096513
0.098833
0.101229
0.103705
0.106261
0.108902
0.111628
0.114443
0.117350
0.120350
0.123447
0.126644
0.129944
0.133350
0.136864
0.140491
0.144234
0.148096
0.152081
0.156193
0.160436
0.164813
0.169329
0.173989
0.178796
0.183755
0.188871
0.194150
0.199595
0.205212
0.211005
0.216978
0.060100
0.060136
0.060236
0.060396
0.060612
0.060881
0.061201
0.061570
0.061988
0.062453
0.062965
0.063524
0.064129
0.064779
0.065476
0.066219
0.067009
0.067845
0.068729
0.069661
0.070641
0.071670
0.072750
0.073879
0.075061
0.076295
0.077582
0.078924
0.080321
0.081775
0.083287
0.084859
0.086491
0.088185
0.089943
0.091766
0.093656
0.095614
0.097643
0.099743
0.101918
0.104168
0.106496
0.108905
0.111395
0.113970
0.116632
0.119384
0.122227
0.125164
0.128199
0.131334
0.134572
0.137916
0.141369
0.144934
0.148615
0.152415
0.156337
0.160386
0.164565
0.168877
0.173328
0.177922
0.182662
0.187553
0.192600
0.197807
0.203180
0.208724
0.214443
0.220344
0.226432
0.232712
0.239192
0.245876
0.252772
0.259886
0.267222
0.274787
0.072530
0.072573
0.072694
0.072887
0.073148
0.073472
0.073859
0.074304
0.074809
0.075370
0.075988
0.076662
0.077392
0.078177
0.079018
0.079915
0.080867
0.081877
0.082944
0.084068
0.085251
0.086493
0.087796
0.089159
0.090585
0.092074
0.093627
0.095247
0.096933
0.098688
0.100513
0.102410
0.104379
0.106424
0.108545
0.110746
0.113026
0.115389
0.117837
0.120372
0.122996
0.125712
0.128522
0.131428
0.134434
0.137542
0.140754
0.144074
0.147506
0.151051
0.154713
0.158497
0.162404
0.166440
0.170607
0.174909
0.179351
0.183937
0.188671
0.193557
0.198600
0.203805
0.209176
0.214720
0.220440
0.226343
0.232433
0.238718
0.245202
0.251892
0.258794
0.265915
0.273262
0.280842
0.288661
0.296728
0.305051
0.313635
0.322489
0.331619
0.084702
0.084752
0.084894
0.085119
0.085423
0.085802
0.086253
0.086774
0.087363
0.088019
0.088740
0.089527
0.090379
0.091296
0.092278
0.093326
0.094439
0.095618
0.096863
0.098176
0.099558
0.101009
0.102530
0.104122
0.105787
0.107526
0.109340
0.111231
0.113200
0.115250
0.117381
0.119596
0.121896
0.124284
0.126761
0.129331
0.131994
0.134754
0.137613
0.140573
0.143638
0.146809
0.150090
0.153484
0.156995
0.160624
0.164375
0.168253
0.172260
0.176400
0.180677
0.185096
0.189659
0.194371
0.199238
0.204262
0.209450
0.214805
0.220333
0.226039
0.231929
0.238007
0.244280
0.250754
0.257434
0.264327
0.271440
0.278779
0.286351
0.294164
0.302225
0.310541
0.319121
0.327973
0.337104
0.346525
0.356244
0.366269
0.376609
0.387271
0.096573
0.096630
0.096791
0.097048
0.097395
0.097827
0.098341
0.098935
0.099606
0.100354
0.101177
0.102074
0.103046
0.104091
0.105211
0.106405
0.107674
0.109018
0.110438
0.111935
0.113510
0.115164
0.116899
0.118714
0.120612
0.122595
0.124663
0.126819
0.129065
0.131402
0.133831
0.136357
0.138979
0.141702
0.144527
0.147456
0.150493
0.153639
0.156899
0.160274
0.163768
0.167384
0.171125
0.174995
0.178997
0.183134
0.187412
0.191833
0.196401
0.201122
0.205998
0.211036
0.216239
0.221612
0.227160
0.232889
0.238803
0.244909
0.251212
0.257718
0.264432
0.271363
0.278515
0.285896
0.293512
0.301371
0.309481
0.317849
0.326482
0.335390
0.344580
0.354062
0.363844
0.373936
0.384348
0.395089
0.406170
0.417600
0.429389
0.441545
0.108100
0.108164
0.108345
0.108632
0.109020
0.109504
0.110080
0.110744
0.111496
0.112332
0.113253
0.114258
0.115345
0.116516
0.117769
0.119106
0.120526
0.122031
0.123620
0.125296
0.127059
0.128911
0.130852
0.132884
0.135009
0.137228
0.139544
0.141957
0.144470
0.147086
0.149806
0.152632
0.155568
0.158616
0.161778
0.165057
0.168456
0.171978
0.175626
0.179404
0.183315
0.187363
0.191551
0.195882
0.200362
0.204994
0.209782
0.214730
0.219844
0.225128
0.230587
0.236225
0.242049
0.248064
0.254274
0.260687
0.267307
0.274142
0.281197
0.288479
0.295996
0.303753
0.311759
0.320021
0.328546
0.337344
0.346421
0.355788
0.365452
0.375423
0.385710
0.396324
0.407274
0.418570
0.430225
0.442248
0.454651
0.467446
0.480642
0.494249
0.119242
0.119313
0.119512
0.119830
0.120258
0.120791
0.121426
0.122159
0.122988
0.123911
0.124927
0.126035
0.127235
0.128526
0.129908
0.131383
0.132949
0.134609
0.136363
0.138211
0.140156
0.142198
0.144340
0.146581
0.148925
0.151373
0.153927
0.156589
0.159362
0.162247
0.165247
0.168365
0.171604
0.174965
0.178453
0.182070
0.185820
0.189705
0.193729
0.197897
0.202211
0.206676
0.211295
0.216073
0.221015
0.226124
0.231405
0.236864
0.242505
0.248334
0.254355
0.260575
0.266999
0.273633
0.280484
0.287557
0.294860
0.302399
0.310182
0.318215
0.326506
0.335063
0.343894
0.353007
0.362412
0.372116
0.382129
0.392461
0.403121
0.414120
0.425468
0.437175
0.449254
0.461715
0.474571
0.487833
0.501515
0.515628
0.530185
0.545194
0.129961
0.130038
0.130255
0.130601
0.131068
0.131649
0.132341
0.133140
0.134043
0.135049
0.136157
0.137364
0.138672
0.140079
0.141585
0.143192
0.144900
0.146709
0.148620
0.150635
0.152755
0.154980
0.157314
0.159757
0.162312
0.164980
0.167763
0.170665
0.173687
0.176831
0.180101
0.183499
0.187029
0.190692
0.194494
0.198436
0.202522
0.206757
0.211143
0.215685
0.220387
0.225253
0.230288
0.235496
0.240881
0.246450
0.252206
0.258155
0.264303
0.270656
0.277218
0.283997
0.290999
0.298230
0.305696
0.313405
0.321365
0.329581
0.338063
0.346818
0.355855
0.365181
0.374806
0.384738
0.394988
0.405565
0.416478
0.427738
0.439357
0.451344
0.463712
0.476472
0.489636
0.503218
0.517229
0.531683
0.546595
0.561977
0.577842
0.594201
0.140217
0.140300
0.140534
0.140907
0.141411
0.142038
0.142785
0.143647
0.144622
0.145707
0.146902
0.148205
0.149615
0.151133
0.152759
0.154493
0.156335
0.158287
0.160349
0.162523
0.164809
0.167211
0.169729
0.172365
0.175121
0.178000
0.181003
0.184133
0.187393
0.190786
0.194314
0.197980
0.201788
0.205741
0.209843
0.214096
0.218505
0.223074
0.227806
0.232707
0.237780
0.243030
0.248462
0.254080
0.259891
0.265899
0.272109
0.278528
0.285161
0.292015
0.299096
0.306410
0.313964
0.321765
0.329821
0.338138
0.346726
0.355591
0.364742
0.374188
0.383938
0.394000
0.404384
0.415101
0.426159
0.437571
0.449345
0.461494
0.474030
0.486963
0.500307
0.514074
0.528277
0.542930
0.558047
0.573642
0.589731
0.606327
0.623443
0.641093
0.149974
0.150063
0.150314
0.150713
0.151251
0.151923
0.152721
0.153643
0.154686
0.155847
0.157124
0.158518
0.160027
0.161650
0.163389
0.165243
0.167214
0.169301
0.171507
0.173832
0.176278
0.178847
0.181540
0.184359
0.187307
0.190386
0.193598
0.196947
0.200434
0.204062
0.207836
0.211757
0.215830
0.220058
0.224445
0.228994
0.233710
0.238597
0.243659
0.248900
0.254326
0.259942
0.265751
0.271761
0.277976
0.284402
0.291045
0.297910
0.305005
0.312336
0.319909
0.327732
0.335812
0.344156
0.352772
0.361669
0.370854
0.380336
0.390124
0.400227
0.410655
0.421417
0.432525
0.443987
0.455815
0.468020
0.480614
0.493609
0.507016
0.520850
0.535122
0.549847
0.565039
0.580711
0.596880
0.613561
0.630769
0.648519
0.666827
0.685705
0.159198
0.159293
0.159559
0.159982
0.160554
0.161266
0.162114
0.163093
0.164199
0.165432
0.166788
0.168267
0.169869
0.171592
0.173438
0.175406
0.177498
0.179714
0.182055
0.184523
0.187120
0.189846
0.192705
0.195698
0.198827
0.202095
0.205505
0.209059
0.212761
0.216613
0.220618
0.224781
0.229105
0.233593
0.238249
0.243078
0.248084
0.253271
0.258644
0.264208
0.269968
0.275929
0.282096
0.288475
0.295072
0.301893
0.308945
0.316233
0.323764
0.331545
0.339584
0.347888
0.356465
0.365322
0.374469
0.383912
0.393662
0.403728
0.414118
0.424842
0.435912
0.447336
0.459126
0.471293
0.483849
0.496805
0.510173
0.523967
0.538199
0.552884
0.568034
0.583664
0.599790
0.616427
0.633590
0.651297
0.669563
0.688405
0.707839
0.727878
0.167856
0.167956
0.168236
0.168682
0.169285
0.170036
0.170930
0.171962
0.173129
0.174428
0.175858
0.177418
0.179107
0.180924
0.182870
0.184945
0.187151
0.189487
0.191956
0.194558
0.197296
0.200171
0.203185
0.206340
0.209640
0.213086
0.216681
0.220429
0.224331
0.228393
0.232616
0.237005
0.241564
0.246296
0.251206
0.256297
0.261575
0.267045
0.272710
0.278577
0.284650
0.290935
0.297437
0.304163
0.311119
0.318311
0.325746
0.333430
0.341371
0.349576
0.358052
0.366808
0.375851
0.385190
0.394833
0.404791
0.415071
0.425683
0.436638
0.447946
0.459618
0.471663
0.484095
0.496923
0.510162
0.523822
0.537918
0.552462
0.567468
0.582951
0.598925
0.615406
0.632408
0.649950
0.668046
0.686716
0.705975
0.725843
0.746333
0.767462
0.175916
0.176021
0.176315
0.176783
0.177414
0.178202
0.179138
0.180220
0.181443
0.182804
0.184303
0.185938
0.187707
0.189612
0.191652
0.193827
0.196138
0.198587
0.201174
0.203901
0.206770
0.209783
0.212942
0.216249
0.219707
0.223318
0.227086
0.231014
0.235104
0.239360
0.243787
0.248387
0.253164
0.258123
0.263269
0.268605
0.274136
0.279868
0.285806
0.291954
0.298319
0.304905
0.311720
0.318769
0.326059
0.333597
0.341388
0.349442
0.357764
0.366362
0.375246
0.384422
0.393899
0.403687
0.413793
0.424229
0.435003
0.446125
0.457606
0.469457
0.481689
0.494313
0.507341
0.520786
0.534660
0.548976
0.563749
0.578991
0.594718
0.610944
0.627686
0.644958
0.662777
0.681161
0.700126
0.719692
0.739877
0.760698
0.782173
0.804316
0.183351
0.183460
0.183766
0.184254
0.184912
0.185733
0.186709
0.187836
0.189111
0.190530
0.192092
0.193796
0.195640
0.197626
0.199751
0.202018
0.204427
0.206979
0.209676
0.212518
0.215509
0.218649
0.221941
0.225388
0.228992
0.232757
0.236684
0.240777
0.245040
0.249476
0.254090
0.258884
0.263864
0.269032
0.274395
0.279957
0.285722
0.291696
0.297885
0.304293
0.310926
0.317792
0.324894
0.332242
0.339840
0.347695
0.355816
0.364210
0.372884
0.381846
0.391105
0.400669
0.410547
0.420748
0.431282
0.442158
0.453387
0.464979
0.476946
0.489298
0.502046
0.515204
0.528783
0.542796
0.557256
0.572178
0.587575
0.603461
0.619853
0.636765
0.654213
0.672215
0.690788
0.709949
0.729716
0.750109
0.771146
0.792847
0.815230
0.838309
0.190134
0.190247
0.190564
0.191070
0.191753
0.192604
0.193616
0.194785
0.196107
0.197578
0.199198
0.200965
0.202878
0.204936
0.207141
0.209491
0.211990
0.214636
0.217432
0.220380
0.223481
0.226737
0.230152
0.233726
0.237463
0.241367
0.245439
0.249684
0.254105
0.258705
0.263489
0.268461
0.273624
0.278985
0.284546
0.290313
0.296292
0.302487
0.308904
0.315549
0.322428
0.329547
0.336913
0.344532
0.352411
0.360557
0.368979
0.377683
0.386678
0.395971
0.405573
0.415490
0.425734
0.436312
0.447236
0.458514
0.470159
0.482180
0.494589
0.507398
0.520618
0.534262
0.548344
0.562875
0.577870
0.593344
0.609310
0.625785
0.642782
0.660320
0.678414
0.697082
0.716342
0.736211
0.756710
0.777857
0.799673
0.822177
0.845387
0.869320
0.196240
0.196357
0.196684
0.197206
0.197911
0.198789
0.199834
0.201041
0.202405
0.203924
0.205596
0.207419
0.209393
0.211518
0.213793
0.216219
0.218798
0.221529
0.224415
0.227458
0.230658
0.234019
0.237543
0.241232
0.245090
0.249118
0.253321
0.257703
0.262265
0.267014
0.271951
0.277083
0.282412
0.287944
0.293684
0.299637
0.305807
0.312201
0.318825
0.325683
0.332783
0.340131
0.347733
0.355597
0.363729
0.372137
0.380829
0.389812
0.399096
0.408688
0.418598
0.428834
0.439406
0.450324
0.461599
0.473240
0.485258
0.497665
0.510473
0.523693
0.537338
0.551420
0.565954
0.580952
0.596429
0.612399
0.628879
0.645882
0.663426
0.681527
0.700202
0.719469
0.739347
0.759855
0.781012
0.802838
0.825354
0.848581
0.872537
0.897239
0.201648
0.201768
0.202105
0.202641
0.203365
0.204268
0.205341
0.206581
0.207983
0.209544
0.211262
0.213135
0.215164
0.217347
0.219685
0.222178
0.224828
0.227634
0.230600
0.233726
0.237015
0.240469
0.244089
0.247880
0.251844
0.255984
0.260303
0.264805
0.269493
0.274372
0.279446
0.284719
0.290195
0.295880
0.301778
0.307894
0.314235
0.320805
0.327611
0.334659
0.341954
0.349505
0.357316
0.365397
0.373753
0.382393
0.391324
0.400555
0.410095
0.419951
0.430134
0.440652
0.451516
0.462735
0.474320
0.486282
0.498631
0.511381
0.524541
0.538126
0.552146
0.566617
0.581551
0.596963
0.612866
0.629277
0.646210
0.663682
0.681709
0.700309
0.719499
0.739297
0.759723
0.780796
0.802536
0.824963
0.848100
0.871967
0.896583
0.921966
0.206339
0.206462
0.206806
0.207355
0.208096
0.209019
0.210118
0.211387
0.212821
0.214418
0.216176
0.218093
0.220169
0.222403
0.224795
0.227347
0.230058
0.232930
0.235964
0.239163
0.242529
0.246062
0.249768
0.253647
0.257703
0.261939
0.266358
0.270965
0.275762
0.280755
0.285947
0.291342
0.296946
0.302763
0.308798
0.315057
0.321545
0.328268
0.335232
0.342444
0.349909
0.357635
0.365628
0.373897
0.382447
0.391288
0.400427
0.409873
0.419635
0.429720
0.440140
0.450903
0.462019
0.473499
0.485354
0.497594
0.510231
0.523277
0.536743
0.550644
0.564991
0.579798
0.595080
0.610850
0.627123
0.643915
0.661242
0.679121
0.697568
0.716600
0.736236
0.756495
0.777396
0.798959
0.821205
0.844154
0.867830
0.892252
0.917440
0.943413
0.210296
0.210421
0.210772
0.211331
0.212087
0.213028
0.214147
0.215440
0.216902
0.218530
0.220322
0.222276
0.224391
0.226668
0.229106
0.231706
0.234469
0.237397
0.240489
0.243750
0.247179
0.250781
0.254557
0.258511
0.262644
0.266962
0.271466
0.276161
0.281051
0.286139
0.291430
0.296929
0.302640
0.308569
0.314720
0.321099
0.327711
0.334563
0.341661
0.349011
0.356619
0.364493
0.372640
0.381067
0.389781
0.398792
0.408106
0.417733
0.427682
0.437961
0.448580
0.459550
0.470879
0.482580
0.494661
0.507136
0.520016
0.533312
0.547037
0.561203
0.575826
0.590917
0.606491
0.622564
0.639149
0.656264
0.673923
0.692144
0.710945
0.730342
0.750355
0.771002
0.792304
0.814281
0.836953
0.860343
0.884472
0.909362
0.935034
0.961505
0.213505
0.213632
0.213988
0.214556
0.215323
0.216278
0.217415
0.218728
0.220212
0.221865
0.223684
0.225667
0.227815
0.230127
0.232602
0.235242
0.238047
0.241019
0.244159
0.247469
0.250951
0.254608
0.258442
0.262455
0.266652
0.271035
0.275608
0.280375
0.285339
0.290505
0.295877
0.301460
0.307258
0.313277
0.319522
0.325998
0.332712
0.339668
0.346874
0.354336
0.362061
0.370055
0.378326
0.386881
0.395729
0.404877
0.414334
0.424107
0.434208
0.444644
0.455425
0.466562
0.478064
0.489943
0.502209
0.514875
0.527950
0.541449
0.555384
0.569767
0.584612
0.599934
0.615746
0.632063
0.648902
0.666277
0.684206
0.702706
0.721793
0.741486
0.761804
0.782767
0.804394
0.826706
0.849724
0.873470
0.897968
0.923238
0.949301
0.976176
0.215954
0.216082
0.216443
0.217018
0.217793
0.218760
0.219909
0.221237
0.222738
0.224410
0.226250
0.228256
0.230429
0.232767
0.235271
0.237941
0.240778
0.243784
0.246960
0.250308
0.253830
0.257529
0.261407
0.265466
0.269711
0.274145
0.278770
0.283591
0.288613
0.293838
0.299271
0.304918
0.310783
0.316871
0.323188
0.329738
0.336529
0.343565
0.350854
0.358401
0.366215
0.374300
0.382666
0.391320
0.400269
0.409522
0.419087
0.428973
0.439189
0.449745
0.460650
0.471915
0.483549
0.495564
0.507971
0.520781
0.534007
0.547661
0.561755
0.576303
0.591319
0.606816
0.622810
0.639315
0.656346
0.673921
0.692056
0.710767
0.730073
0.749993
0.770544
0.791747
0.813622
0.836190
0.859472
0.883491
0.908270
0.933830
0.960192
0.987375
0.217635
0.217765
0.218128
0.218707
0.219489
0.220463
0.221621
0.222959
0.224472
0.226157
0.228011
0.230033
0.232223
0.234579
0.237102
0.239793
0.242653
0.245682
0.248883
0.252257
0.255806
0.259534
0.263442
0.267533
0.271811
0.276279
0.280940
0.285799
0.290859
0.296125
0.301601
0.307292
0.313203
0.319338
0.325704
0.332305
0.339149
0.346240
0.353585
0.361192
0.369066
0.377214
0.385645
0.394366
0.403385
0.412710
0.422350
0.432313
0.442608
0.453246
0.464236
0.475588
0.487313
0.499422
0.511926
0.524836
0.538165
0.551925
0.566129
0.580790
0.595922
0.611540
0.627658
0.644292
0.661456
0.679168
0.697443
0.716301
0.735757
0.755832
0.776543
0.797911
0.819956
0.842700
0.866163
0.890369
0.915341
0.941100
0.967667
0.995062
0.218542
0.218672
0.219037
0.219619
0.220403
0.221381
0.222545
0.223889
0.225408
0.227100
0.228961
0.230992
0.233191
0.235557
0.238090
0.240793
0.243664
0.246706
0.249920
0.253308
0.256872
0.260615
0.264540
0.268648
0.272944
0.277430
0.282111
0.286990
0.292072
0.297360
0.302858
0.308573
0.314508
0.320669
0.327061
0.333690
0.340562
0.347683
0.355059
0.362697
0.370604
0.378787
0.387253
0.396010
0.405066
0.414430
0.424110
0.434114
0.444453
0.455135
0.466171
0.477571
0.489344
0.501504
0.514059
0.527023
0.540408
0.554225
0.568488
0.583211
0.598406
0.614089
0.630274
0.646977
0.664213
0.681998
0.700350
0.719286
0.738824
0.758982
0.779779
0.801237
0.823374
0.846212
0.869773
0.894080
0.919156
0.945022
0.971700
0.999209
0.218672
0.218802
0.219167
0.219749
0.220534
0.221513
0.222677
0.224022
0.225542
0.227234
0.229097
0.231129
0.233329
0.235696
0.238232
0.240935
0.243809
0.246852
0.250068
0.253458
0.257025
0.260770
0.264697
0.268807
0.273106
0.277595
0.282279
0.287161
0.292245
0.297536
0.303038
0.308756
0.314695
0.320859
0.327255
0.333888
0.340764
0.347889
0.355270
0.362912
0.370824
0.379011
0.387483
0.396245
0.405307
0.414676
0.424362
0.434372
0.444717
0.455405
0.466448
0.477854
0.489635
0.501801
0.514364
0.527336
0.540728
0.554554
0.568825
0.583557
0.598761
0.614454
0.630648
0.647361
0.664607
0.682403
0.700766
0.719713
0.739262
0.759432
0.780242
0.801712
0.823862
0.846714
0.870289
0.894611
0.919701
0.945583
0.972277
0.999802
0.218024
0.218154
0.218518
0.219098
0.219881
0.220856
0.222017
0.223357
0.224873
0.226561
0.228418
0.230444
0.232637
0.234998
0.237526
0.240221
0.243086
0.246121
0.249327
0.252707
0.256263
0.259997
0.263912
0.268011
0.272296
0.276772
0.281442
0.286310
0.291379
0.296654
0.302140
0.307841
0.313762
0.319908
0.326285
0.332899
0.339754
0.346858
0.354217
0.361837
0.369725
0.377888
0.386334
0.395071
0.404105
0.413447
0.423104
0.433085
0.443399
0.454056
0.465065
0.476438
0.488184
0.500314
0.512840
0.525773
0.539126
0.552910
0.567139
0.581827
0.596987
0.612632
0.628779
0.645442
0.662637
0.680380
0.698689
0.717580
0.737071
0.757181
0.777930
0.799336
0.821420
0.844205
0.867710
0.891959
0.916975
0.942780
0.969395
0.996839
0.216600
0.216729
0.217091
0.217667
0.218445
0.219414
0.220567
0.221899
0.223405
0.225081
0.226927
0.228939
0.231118
0.233463
0.235975
0.238653
0.241499
0.244513
0.247699
0.251057
0.254590
0.258299
0.262189
0.266261
0.270518
0.274965
0.279604
0.284440
0.289476
0.294717
0.300167
0.305831
0.311713
0.317819
0.324155
0.330725
0.337536
0.344593
0.351904
0.359474
0.367310
0.375420
0.383811
0.392491
0.401467
0.410747
0.420341
0.430256
0.440503
0.451091
0.462028
0.473327
0.484996
0.497047
0.509491
0.522340
0.535605
0.549300
0.563436
0.578028
0.593088
0.608632
0.624673
0.641227
0.658310
0.675938
0.694126
0.712894
0.732258
0.752237
0.772850
0.794116
0.816057
0.838692
0.862044
0.886135
0.910987
0.936624
0.963065
0.990330
0.214406
0.214534
0.214891
0.215462
0.216232
0.217191
0.218333
0.219651
0.221142
0.222801
0.224628
0.226620
0.228777
0.231098
0.233584
0.236235
0.239052
0.242036
0.245190
0.248514
0.252011
0.255683
0.259533
0.263563
0.267778
0.272180
0.276772
0.281559
0.286544
0.291731
0.297126
0.302732
0.308555
0.314600
0.320871
0.327375
0.334116
0.341102
0.348339
0.355832
0.363589
0.371617
0.379923
0.388515
0.397400
0.406586
0.416083
0.425898
0.436041
0.446521
0.457348
0.468532
0.480083
0.492012
0.504330
0.517048
0.530179
0.543735
0.557728
0.572172
0.587080
0.602466
0.618345
0.634732
0.651641
0.669090
0.687095
0.705672
0.724840
0.744617
0.765021
0.786072
0.807790
0.830196
0.853311
0.877158
0.901759
0.927136
0.953309
0.980298
0.211449
0.211575
0.211928
0.212491
0.213250
0.214196
0.215322
0.216622
0.218092
0.219729
0.221530
0.223495
0.225622
0.227911
0.230363
0.232977
0.235755
0.238699
0.241808
0.245086
0.248535
0.252157
0.255953
0.259929
0.264085
0.268426
0.272955
0.277676
0.282592
0.287708
0.293028
0.298558
0.304300
0.310261
0.316446
0.322860
0.329509
0.336398
0.343535
0.350925
0.358575
0.366492
0.374684
0.383157
0.391919
0.400979
0.410345
0.420024
0.430028
0.440363
0.451041
0.462070
0.473462
0.485226
0.497375
0.509918
0.522868
0.536237
0.550037
0.564281
0.578984
0.594158
0.609818
0.625978
0.642655
0.659863
0.677619
0.695940
0.714844
0.734348
0.754470
0.775231
0.796650
0.818747
0.841543
0.865061
0.889323
0.914350
0.940162
0.966778
0.207740
0.207864
0.208211
0.208763
0.209509
0.210439
0.211545
0.212822
0.214266
0.215874
0.217644
0.219574
0.221664
0.223913
0.226322
0.228891
0.231620
0.234512
0.237567
0.240787
0.244176
0.247734
0.251464
0.255369
0.259453
0.263718
0.268167
0.272805
0.277635
0.282662
0.287889
0.293321
0.298962
0.304819
0.310895
0.317197
0.323729
0.330498
0.337509
0.344770
0.352286
0.360064
0.368112
0.376436
0.385045
0.393946
0.403147
0.412657
0.422485
0.432639
0.443129
0.453965
0.465157
0.476715
0.488650
0.500973
0.513696
0.526831
0.540389
0.554384
0.568828
0.583736
0.599121
0.614998
0.631382
0.648288
0.665733
0.683733
0.702305
0.721467
0.741236
0.761633
0.782676
0.804385
0.826782
0.849887
0.873723
0.898311
0.923671
0.949820
0.203292
0.203413
0.203753
0.204293
0.205023
0.205933
0.207016
0.208265
0.209679
0.211252
0.212984
0.214873
0.216918
0.219119
0.221476
0.223990
0.226661
0.229490
0.232480
0.235632
0.238948
0.242429
0.246080
0.249901
0.253898
0.258071
0.262425
0.266964
0.271691
0.276609
0.281725
0.287040
0.292561
0.298292
0.304238
0.310405
0.316797
0.323421
0.330283
0.337388
0.344743
0.352355
0.360230
0.368376
0.376800
0.385511
0.394515
0.403821
0.413439
0.423376
0.433641
0.444245
0.455198
0.466508
0.478188
0.490247
0.502697
0.515551
0.528818
0.542514
0.556649
0.571237
0.586293
0.601830
0.617864
0.634408
0.651479
0.669094
0.687268
0.706019
0.725366
0.745326
0.765918
0.787163
0.809080
0.831690
0.855016
0.879077
0.903894
0.929484
0.198121
0.198239
0.198570
0.199097
0.199808
0.200695
0.201750
0.202968
0.204345
0.205879
0.207567
0.209407
0.211401
0.213546
0.215843
0.218292
0.220895
0.223653
0.226567
0.229638
0.232870
0.236263
0.239820
0.243545
0.247439
0.251507
0.255750
0.260173
0.264780
0.269573
0.274558
0.279739
0.285119
0.290705
0.296500
0.302509
0.308739
0.315195
0.321881
0.328806
0.335974
0.343392
0.351067
0.359006
0.367216
0.375705
0.384480
0.393550
0.402922
0.412606
0.422611
0.432945
0.443619
0.454642
0.466024
0.477777
0.489910
0.502437
0.515367
0.528714
0.542489
0.556707
0.571380
0.586522
0.602147
0.618271
0.634908
0.652074
0.669786
0.688061
0.706915
0.726367
0.746436
0.767140
0.788499
0.810535
0.833267
0.856717
0.880902
0.905841
0.192245
0.192360
0.192681
0.193192
0.193882
0.194743
0.195766
0.196948
0.198285
0.199773
0.201411
0.203197
0.205131
0.207212
0.209441
0.211818
0.214344
0.217020
0.219847
0.222828
0.225963
0.229256
0.232708
0.236322
0.240101
0.244047
0.248165
0.252457
0.256927
0.261578
0.266416
0.271442
0.276663
0.282083
0.287706
0.293538
0.299583
0.305847
0.312335
0.319054
0.326009
0.333208
0.340655
0.348358
0.356325
0.364562
0.373077
0.381878
0.390972
0.400369
0.410077
0.420105
0.430462
0.441158
0.452203
0.463607
0.475381
0.487536
0.500082
0.513033
0.526400
0.540196
0.554434
0.569127
0.584289
0.599934
0.616078
0.632735
0.649922
0.667654
0.685949
0.704825
0.724298
0.744388
0.765114
0.786496
0.808554
0.831308
0.854777
0.878976
0.185686
0.185796
0.186106
0.186600
0.187267
0.188098
0.189087
0.190228
0.191519
0.192956
0.194538
0.196264
0.198132
0.200142
0.202295
0.204591
0.207030
0.209615
0.212346
0.215225
0.218253
0.221433
0.224767
0.228258
0.231908
0.235720
0.239697
0.243843
0.248160
0.252653
0.257325
0.262180
0.267223
0.272458
0.277889
0.283522
0.289360
0.295411
0.301678
0.308167
0.314886
0.321838
0.329031
0.336472
0.344167
0.352123
0.360347
0.368848
0.377632
0.386708
0.396085
0.405770
0.415774
0.426105
0.436773
0.447788
0.459160
0.470900
0.483019
0.495528
0.508439
0.521764
0.535516
0.549707
0.564352
0.579464
0.595056
0.611145
0.627746
0.644873
0.662544
0.680775
0.699584
0.718989
0.739008
0.759660
0.780966
0.802943
0.825610
0.848984
0.178465
0.178572
0.178870
0.179344
0.179985
0.180784
0.181734
0.182831
0.184072
0.185453
0.186974
0.188632
0.190427
0.192360
0.194429
0.196635
0.198980
0.201464
0.204089
0.206856
0.209766
0.212823
0.216028
0.219383
0.222891
0.226555
0.230377
0.234361
0.238511
0.242829
0.247319
0.251986
0.256833
0.261864
0.267084
0.272497
0.278109
0.283924
0.289947
0.296185
0.302642
0.309324
0.316237
0.323389
0.330784
0.338431
0.346335
0.354505
0.362948
0.371671
0.380683
0.389993
0.399607
0.409537
0.419790
0.430376
0.441306
0.452590
0.464237
0.476260
0.488669
0.501476
0.514693
0.528333
0.542408
0.556932
0.571918
0.587382
0.603336
0.619798
0.636782
0.654304
0.672382
0.691032
0.710272
0.730122
0.750599
0.771722
0.793508
0.815972
0.170610
0.170712
0.170997
0.171451
0.172063
0.172827
0.173735
0.174784
0.175970
0.177291
0.178744
0.180330
0.182046
0.183893
0.185871
0.187981
0.190222
0.192597
0.195106
0.197751
0.200534
0.203456
0.206519
0.209727
0.213080
0.216583
0.220237
0.224046
0.228013
0.232141
0.236434
0.240895
0.245528
0.250338
0.255328
0.260504
0.265868
0.271427
0.277186
0.283148
0.289321
0.295709
0.302318
0.309155
0.316225
0.323535
0.331092
0.338902
0.346973
0.355313
0.363928
0.372827
0.382019
0.391511
0.401313
0.411434
0.421883
0.432669
0.443804
0.455298
0.467161
0.479404
0.492039
0.505079
0.518534
0.532419
0.546746
0.561529
0.576781
0.592518
0.608754
0.625505
0.642787
0.660617
0.679010
0.697986
0.717562
0.737755
0.758582
0.780058
0.162149
0.162245
0.162516
0.162947
0.163529
0.164255
0.165118
0.166115
0.167242
0.168498
0.169879
0.171386
0.173017
0.174772
0.176652
0.178657
0.180788
0.183045
0.185429
0.187943
0.190588
0.193365
0.196276
0.199325
0.202512
0.205841
0.209314
0.212934
0.216704
0.220627
0.224707
0.228947
0.233351
0.237922
0.242665
0.247583
0.252682
0.257965
0.263438
0.269105
0.274971
0.281043
0.287324
0.293822
0.300541
0.307489
0.314670
0.322093
0.329764
0.337690
0.345878
0.354336
0.363072
0.372093
0.381409
0.391028
0.400958
0.411210
0.421793
0.432716
0.443991
0.455627
0.467635
0.480028
0.492816
0.506012
0.519629
0.533678
0.548174
0.563131
0.578562
0.594482
0.610907
0.627852
0.645333
0.663368
0.681972
0.701164
0.720958
0.741369
0.153110
0.153201
0.153457
0.153864
0.154414
0.155099
0.155914
0.156856
0.157920
0.159105
0.160409
0.161832
0.163372
0.165030
0.166805
0.168698
0.170710
0.172841
0.175093
0.177467
0.179964
0.182586
0.185335
0.188214
0.191223
0.194367
0.197646
0.201064
0.204624
0.208329
0.212181
0.216185
0.220343
0.224659
0.229138
0.233782
0.238597
0.243585
0.248753
0.254104
0.259644
0.265376
0.271308
0.277443
0.283788
0.290348
0.297130
0.304139
0.311382
0.318866
0.326598
0.334584
0.342833
0.351352
0.360148
0.369230
0.378608
0.388288
0.398281
0.408595
0.419241
0.430229
0.441568
0.453270
0.465345
0.477806
0.490663
0.503929
0.517617
0.531740
0.546311
0.561344
0.576853
0.592853
0.609360
0.626389
0.643957
0.662079
0.680770
0.700043
0.143527
0.143612
0.143852
0.144233
0.144749
0.145391
0.146155
0.147038
0.148035
0.149146
0.150369
0.151703
0.153147
0.154701
0.156365
0.158139
0.160025
0.162023
0.164134
0.166359
0.168700
0.171158
0.173735
0.176433
0.179255
0.182201
0.185275
0.188480
0.191817
0.195289
0.198901
0.202654
0.206552
0.210598
0.214796
0.219149
0.223663
0.228339
0.233183
0.238200
0.243392
0.248766
0.254326
0.260078
0.266025
0.272175
0.278532
0.285103
0.291892
0.298908
0.306156
0.313642
0.321375
0.329360
0.337606
0.346120
0.354910
0.363985
0.373352
0.383021
0.393000
0.403300
0.413930
0.424899
0.436219
0.447899
0.459952
0.472388
0.485219
0.498458
0.512117
0.526209
0.540747
0.555746
0.571220
0.587183
0.603651
0.620639
0.638160
0.656226
0.133433
0.133512
0.133735
0.134090
0.134569
0.135166
0.135877
0.136697
0.137625
0.138657
0.139794
0.141034
0.142376
0.143821
0.145368
0.147018
0.148771
0.150628
0.152591
0.154659
0.156835
0.159121
0.161517
0.164025
0.166648
0.169387
0.172245
0.175224
0.178327
0.181555
0.184913
0.188402
0.192025
0.195787
0.199690
0.203737
0.207933
0.212281
0.216784
0.221448
0.226275
0.231271
0.236440
0.241787
0.247317
0.253034
0.258944
0.265052
0.271364
0.277887
0.284625
0.291585
0.298773
0.306197
0.313863
0.321778
0.329950
0.338387
0.347095
0.356084
0.365362
0.374937
0.384819
0.395017
0.405541
0.416400
0.427605
0.439166
0.451095
0.463403
0.476101
0.489202
0.502718
0.516662
0.531047
0.545888
0.561198
0.576991
0.593280
0.610076
0.122864
0.122937
0.123142
0.123469
0.123911
0.124460
0.125115
0.125870
0.126724
0.127675
0.128722
0.129863
0.131099
0.132430
0.133854
0.135373
0.136988
0.138698
0.140505
0.142410
0.144413
0.146518
0.148724
0.151034
0.153449
0.155971
0.158603
0.161346
0.164202
0.167175
0.170267
0.173479
0.176816
0.180280
0.183873
0.187600
0.191464
0.195467
0.199614
0.203908
0.208353
0.212954
0.217713
0.222636
0.227728
0.232992
0.238434
0.244059
0.249871
0.255877
0.262081
0.268490
0.275109
0.281945
0.289004
0.296292
0.303817
0.311585
0.319604
0.327881
0.336423
0.345240
0.354340
0.363730
0.373420
0.383419
0.393737
0.404382
0.415366
0.426699
0.438392
0.450455
0.462900
0.475740
0.488986
0.502651
0.516749
0.531291
0.546290
0.561755
0.111859
0.111925
0.112112
0.112410
0.112811
0.113312
0.113908
0.114595
0.115373
0.116239
0.117192
0.118231
0.119356
0.120567
0.121864
0.123247
0.124717
0.126274
0.127919
0.129653
0.131478
0.133393
0.135402
0.137505
0.139704
0.142000
0.144396
0.146893
0.149494
0.152201
0.155015
0.157940
0.160978
0.164131
0.167403
0.170796
0.174313
0.177958
0.181734
0.185643
0.189690
0.193878
0.198212
0.202694
0.207329
0.212122
0.217077
0.222197
0.227489
0.232957
0.238605
0.244440
0.250466
0.256690
0.263116
0.269752
0.276602
0.283675
0.290975
0.298511
0.306289
0.314316
0.322600
0.331149
0.339971
0.349074
0.358468
0.368160
0.378160
0.388478
0.399123
0.410106
0.421436
0.433126
0.445185
0.457627
0.470461
0.483701
0.497356
0.511436
0.100455
0.100515
0.100683
0.100950
0.101311
0.101760
0.102295
0.102913
0.103611
0.104389
0.105245
0.106178
0.107189
0.108276
0.109441
0.110683
0.112003
0.113401
0.114878
0.116436
0.118074
0.119795
0.121598
0.123487
0.125462
0.127524
0.129676
0.131918
0.134254
0.136685
0.139212
0.141839
0.144567
0.147399
0.150337
0.153384
0.156543
0.159816
0.163207
0.166718
0.170352
0.174113
0.178005
0.182030
0.186193
0.190497
0.194947
0.199545
0.204298
0.209208
0.214281
0.219521
0.224933
0.230522
0.236293
0.242252
0.248404
0.254756
0.261312
0.268079
0.275064
0.282273
0.289713
0.297390
0.305313
0.313488
0.321924
0.330628
0.339609
0.348874
0.358434
0.368297
0.378473
0.388971
0.399801
0.410974
0.422500
0.434390
0.446653
0.459298
0.088695
0.088747
0.088895
0.089131
0.089450
0.089847
0.090319
0.090864
0.091481
0.092167
0.092923
0.093747
0.094640
0.095600
0.096628
0.097725
0.098890
0.100125
0.101429
0.102804
0.104251
0.105770
0.107362
0.109030
0.110773
0.112594
0.114494
0.116474
0.118536
0.120682
0.122914
0.125233
0.127642
0.130142
0.132737
0.135427
0.138216
0.141106
0.144099
0.147199
0.150408
0.153729
0.157165
0.160719
0.164395
0.168195
0.172123
0.176184
0.180380
0.184715
0.189194
0.193820
0.198599
0.203533
0.208629
0.213890
0.219323
0.224930
0.230719
0.236694
0.242861
0.249226
0.255795
0.262573
0.269569
0.276787
0.284235
0.291920
0.299849
0.308030
0.316471
0.325179
0.334164
0.343432
0.352995
0.362860
0.373036
0.383534
0.394362
0.405526
0.076618
0.076664
0.076792
0.076996
0.077271
0.077614
0.078022
0.078493
0.079025
0.079618
0.080271
0.080983
0.081754
0.082583
0.083472
0.084419
0.085426
0.086492
0.087619
0.088807
0.090056
0.091369
0.092744
0.094185
0.095691
0.097264
0.098905
0.100615
0.102397
0.104251
0.106179
0.108182
0.110263
0.112423
0.114664
0.116988
0.119397
0.121894
0.124480
0.127157
0.129929
0.132798
0.135766
0.138836
0.142011
0.145294
0.148688
0.152195
0.155820
0.159565
0.163434
0.167431
0.171558
0.175821
0.180223
0.184768
0.189461
0.194305
0.199305
0.204467
0.209794
0.215292
0.220967
0.226823
0.232865
0.239101
0.245535
0.252173
0.259023
0.266090
0.273382
0.280904
0.288665
0.296672
0.304933
0.313454
0.322246
0.331314
0.340667
0.350312
0.064270
0.064308
0.064415
0.064586
0.064817
0.065104
0.065447
0.065842
0.066289
0.066786
0.067334
0.067931
0.068577
0.069273
0.070018
0.070813
0.071657
0.072552
0.073497
0.074494
0.075542
0.076642
0.077797
0.079005
0.080268
0.081588
0.082964
0.084399
0.085893
0.087448
0.089065
0.090746
0.092491
0.094303
0.096183
0.098133
0.100154
0.102248
0.104417
0.106663
0.108988
0.111395
0.113884
0.116460
0.119123
0.121877
0.124723
0.127666
0.130706
0.133848
0.137093
0.140445
0.143908
0.147484
0.151176
0.154989
0.158925
0.162988
0.167183
0.171512
0.175981
0.180593
0.185353
0.190265
0.195334
0.200564
0.205961
0.211530
0.217276
0.223204
0.229320
0.235630
0.242140
0.248857
0.255786
0.262934
0.270308
0.277915
0.285761
0.293851
0.051692
0.051723
0.051809
0.051947
0.052132
0.052364
0.052639
0.052957
0.053316
0.053716
0.054157
0.054637
0.055157
0.055717
0.056316
0.056955
0.057634
0.058354
0.059114
0.059915
0.060758
0.061644
0.062572
0.063544
0.064560
0.065621
0.066728
0.067882
0.069084
0.070335
0.071636
0.072987
0.074391
0.075848
0.077360
0.078928
0.080554
0.082238
0.083983
0.085789
0.087660
0.089595
0.091598
0.093669
0.095811
0.098026
0.100315
0.102682
0.105127
0.107654
0.110264
0.112961
0.115745
0.118621
0.121591
0.124658
0.127823
0.131092
0.134465
0.137948
0.141542
0.145252
0.149080
0.153031
0.157107
0.161314
0.165655
0.170134
0.174755
0.179523
0.184443
0.189518
0.194754
0.200156
0.205729
0.211479
0.217410
0.223528
0.229838
0.236345
0.038931
0.038954
0.039019
0.039123
0.039262
0.039437
0.039644
0.039883
0.040154
0.040455
0.040787
0.041149
0.041540
0.041962
0.042413
0.042894
0.043406
0.043948
0.044520
0.045124
0.045759
0.046426
0.047125
0.047857
0.048622
0.049421
0.050255
0.051124
0.052029
0.052971
0.053951
0.054969
0.056026
0.057124
0.058262
0.059443
0.060667
0.061936
0.063250
0.064610
0.066019
0.067477
0.068985
0.070545
0.072158
0.073826
0.075550
0.077333
0.079174
0.081077
0.083043
0.085074
0.087171
0.089337
0.091574
0.093883
0.096268
0.098729
0.101270
0.103892
0.106599
0.109393
0.112276
0.115252
0.118322
0.121490
0.124760
0.128133
0.131613
0.135204
0.138909
0.142732
0.146675
0.150744
0.154941
0.159271
0.163738
0.168346
0.173098
0.177999
0.026031
0.026047
0.026090
0.026159
0.026253
0.026369
0.026508
0.026668
0.026849
0.027050
0.027272
0.027514
0.027776
0.028058
0.028360
0.028681
0.029023
0.029386
0.029769
0.030172
0.030597
0.031043
0.031510
0.031999
0.032511
0.033045
0.033603
0.034184
0.034789
0.035419
0.036074
0.036755
0.037462
0.038196
0.038957
0.039747
0.040565
0.041413
0.042292
0.043202
0.044144
0.045118
0.046127
0.047170
0.048248
0.049364
0.050517
0.051708
0.052940
0.054212
0.055527
0.056885
0.058287
0.059735
0.061231
0.062775
0.064369
0.066015
0.067714
0.069468
0.071278
0.073146
0.075074
0.077063
0.079116
0.081235
0.083421
0.085676
0.088003
0.090404
0.092882
0.095437
0.098074
0.100795
0.103601
0.106496
0.109483
0.112564
0.115742
0.119019
0.013039
0.013046
0.013068
0.013103
0.013150
0.013208
0.013278
0.013358
0.013448
0.013549
0.013660
0.013782
0.013913
0.014054
0.014205
0.014366
0.014538
0.014719
0.014911
0.015113
0.015326
0.015549
0.015783
0.016028
0.016284
0.016552
0.016831
0.017123
0.017426
0.017741
0.018069
0.018410
0.018764
0.019132
0.019513
0.019909
0.020319
0.020744
0.021184
0.021639
0.022111
0.022599
0.023104
0.023627
0.024167
0.024726
0.025303
0.025900
0.026517
0.027154
0.027813
0.028493
0.029195
0.029921
0.030670
0.031443
0.032242
0.033066
0.033917
0.034796
0.035702
0.036638
0.037604
0.038600
0.039629
0.040690
0.041785
0.042914
0.044080
0.045283
0.046524
0.047804
0.049125
0.050487
0.051893
0.053343
0.054839
0.056383
0.057974
0.059616
0.000000
0.000000
0.000000
0.000000
0.000000
0.000000
0.000000
0.000000
0.000000
0.000000
0.000000
0.000000
0.000000
0.000000
0.000000
0.000000
0.000000
0.000000
0.000000
0.000000
0.000000
0.000000
0.000000
0.000000
0.000000
0.000000
0.000000
0.000000
0.000000
0.000000
0.000000
0.000000
0.000000
0.000000
0.000000
0.000000
0.000000
0.000000
0.000000
0.000000
0.000000
0.000000
0.000000
0.000000
0.000000
0.000000
0.000000
0.000000
0.000000
0.000000
0.000000
0.000000
0.000000
0.000000
0.000000
0.000000
0.000000
0.000000
0.000000
0.000000
0.000000
0.000000
0.000000
0.000000
0.000000
0.000000
0.000000
0.000000
0.000000
0.000000
0.000000
0.000000
0.000000
0.000000
0.000000
0.000000
0.000000
0.000000
0.000000
0.000001
