0.220974
0.221105
0.221472
0.222056
0.222844
0.223826
0.224995
0.226345
0.227871
0.229570
0.231440
0.233479
0.235687
0.238062
0.240607
0.243319
0.246202
0.249256
0.252482
0.255882
0.259459
0.263215
0.267152
0.271274
0.275583
0.280083
0.284778
0.289670
0.294765
0.300066
0.305578
0.311306
0.317253
0.323427
0.329831
0.336471
0.343353
0.350484
0.357870
0.365516
0.373430
0.381619
0.390091
0.398852
0.407911
0.417276
0.426955
0.436958
0.447293
0.457969
0.468997
0.480387
0.492148
0.504292
0.516830
0.529773
0.543134
0.556924
0.571157
0.585845
0.601002
0.616643
0.632782
0.649434
0.666614
0.684338
0.702624
0.721488
0.740947
0.761021
0.781728
0.803088
0.825120
0.847845
0.871286
0.895463
0.920401
0.946121
0.972646
1.000000
0.220581
0.220712
0.221078
0.221661
0.222448
0.223428
0.224595
0.225942
0.227465
0.229161
0.231028
0.233064
0.235267
0.237639
0.240179
0.242887
0.245764
0.248812
0.252033
0.255427
0.258998
0.262747
0.266677
0.270792
0.275093
0.279585
0.284271
0.289155
0.294241
0.299533
0.305035
0.310752
0.316689
0.322851
0.329244
0.335872
0.342743
0.349861
0.357233
0.364866
0.372766
0.380941
0.389397
0.398143
0.407186
0.416534
0.426196
0.436181
0.446497
0.457155
0.468163
0.479532
0.491273
0.503395
0.515911
0.528831
0.542168
0.555933
0.570141
0.584803
0.599934
0.615547
0.631657
0.648279
0.665428
0.683121
0.701374
0.720204
0.739630
0.759668
0.780338
0.801659
0.823652
0.846337
0.869736
0.893871
0.918764
0.944438
0.970916
0.998221
0.219404
0.219533
0.219897
0.220477
0.221260
0.222235
0.223396
0.224736
0.226251
0.227938
0.229795
0.231819
0.234011
0.236370
0.238896
0.241590
0.244452
0.247484
0.250687
0.254063
0.257615
0.261344
0.265253
0.269346
0.273624
0.278093
0.282754
0.287611
0.292670
0.297933
0.303406
0.309093
0.314998
0.321128
0.327486
0.334079
0.340913
0.347993
0.355326
0.362918
0.370776
0.378907
0.387318
0.396017
0.405012
0.414310
0.423921
0.433852
0.444114
0.454714
0.465664
0.476972
0.488650
0.500707
0.513156
0.526007
0.539273
0.552965
0.567097
0.581681
0.596731
0.612260
0.628284
0.644818
0.661876
0.679474
0.697630
0.716359
0.735681
0.755612
0.776172
0.797379
0.819255
0.841819
0.865093
0.889099
0.913859
0.939396
0.965733
0.992892
0.217446
0.217574
0.217935
0.218510
0.219285
0.220252
0.221402
0.222730
0.224232
0.225904
0.227744
0.229750
0.231923
0.234261
0.236764
0.239434
0.242270
0.245275
0.248450
0.251796
0.255316
0.259012
0.262886
0.266942
0.271182
0.275611
0.280230
0.285045
0.290058
0.295274
0.300698
0.306334
0.312187
0.318262
0.324563
0.331098
0.337870
0.344887
0.352155
0.359679
0.367467
0.375525
0.383861
0.392483
0.401397
0.410613
0.420137
0.429980
0.440150
0.450656
0.461508
0.472715
0.484289
0.496239
0.508576
0.521313
0.534460
0.548030
0.562036
0.576490
0.591405
0.606796
0.622677
0.639063
0.655969
0.673410
0.691404
0.709966
0.729115
0.748868
0.769245
0.790263
0.811943
0.834306
0.857372
0.881164
0.905703
0.931012
0.957114
0.984031
0.214714
0.214841
0.215197
0.215765
0.216531
0.217485
0.218621
0.219932
0.221415
0.223066
0.224883
0.226864
0.229009
0.231318
0.233790
0.236426
0.239227
0.242194
0.245329
0.248633
0.252108
0.255758
0.259584
0.263589
0.267776
0.272148
0.276710
0.281464
0.286414
0.291565
0.296921
0.302486
0.308265
0.314264
0.320486
0.326938
0.333626
0.340555
0.347731
0.355161
0.362851
0.370808
0.379039
0.387552
0.396355
0.405454
0.414860
0.424579
0.434621
0.444995
0.455710
0.466777
0.478205
0.490005
0.502188
0.514764
0.527746
0.541146
0.554975
0.569248
0.583976
0.599173
0.614855
0.631035
0.647728
0.664951
0.682718
0.701047
0.719956
0.739461
0.759581
0.780336
0.801743
0.823825
0.846602
0.870094
0.894325
0.919317
0.945091
0.971669
0.211219
0.211344
0.211694
0.212252
0.213006
0.213945
0.215062
0.216352
0.217811
0.219435
0.221222
0.223171
0.225281
0.227552
0.229984
0.232577
0.235333
0.238251
0.241335
0.244585
0.248004
0.251594
0.255358
0.259298
0.263417
0.267718
0.272205
0.276882
0.281752
0.286819
0.292087
0.297562
0.303247
0.309148
0.315269
0.321616
0.328195
0.335011
0.342070
0.349379
0.356944
0.364771
0.372869
0.381243
0.389902
0.398854
0.408106
0.417667
0.427546
0.437751
0.448292
0.459178
0.470420
0.482028
0.494012
0.506384
0.519155
0.532337
0.545941
0.559981
0.574469
0.589419
0.604846
0.620762
0.637184
0.654126
0.671604
0.689635
0.708236
0.727423
0.747216
0.767632
0.788692
0.810414
0.832820
0.855930
0.879766
0.904351
0.929705
0.955851
0.206972
0.207094
0.207438
0.207985
0.208723
0.209643
0.210738
0.212002
0.213431
0.215023
0.216774
0.218684
0.220752
0.222977
0.225360
0.227901
0.230601
0.233461
0.236483
0.239668
0.243018
0.246536
0.250224
0.254084
0.258121
0.262335
0.266732
0.271315
0.276087
0.281052
0.286215
0.291579
0.297150
0.302932
0.308930
0.315150
0.321596
0.328275
0.335193
0.342354
0.349767
0.357437
0.365372
0.373578
0.382063
0.390835
0.399901
0.409270
0.418949
0.428949
0.439278
0.449946
0.460962
0.472337
0.484080
0.496203
0.508717
0.521634
0.534964
0.548722
0.562919
0.577569
0.592685
0.608281
0.624373
0.640974
0.658101
0.675770
0.693996
0.712798
0.732193
0.752199
0.772835
0.794120
0.816075
0.838721
0.862078
0.886168
0.911013
0.936634
0.201989
0.202109
0.202444
0.202978
0.203698
0.204596
0.205665
0.206898
0.208293
0.209846
0.211555
0.213419
0.215437
0.217609
0.219935
0.222414
0.225049
0.227840
0.230789
0.233898
0.237167
0.240600
0.244200
0.247967
0.251906
0.256020
0.260311
0.264783
0.269440
0.274286
0.279324
0.284559
0.289996
0.295639
0.301493
0.307563
0.313854
0.320372
0.327123
0.334112
0.341346
0.348832
0.356576
0.364584
0.372865
0.381425
0.390273
0.399416
0.408863
0.418622
0.428703
0.439114
0.449864
0.460965
0.472426
0.484257
0.496470
0.509075
0.522085
0.535511
0.549367
0.563664
0.578416
0.593637
0.609341
0.625543
0.642257
0.659500
0.677288
0.695637
0.714565
0.734089
0.754229
0.775002
0.796428
0.818529
0.841323
0.864834
0.889080
0.914084
0.196288
0.196404
0.196729
0.197248
0.197948
0.198821
0.199859
0.201058
0.202414
0.203923
0.205584
0.207395
0.209356
0.211467
0.213727
0.216136
0.218697
0.221409
0.224275
0.227296
0.230473
0.233809
0.237307
0.240968
0.244796
0.248793
0.252963
0.257309
0.261835
0.266544
0.271440
0.276527
0.281811
0.287294
0.292983
0.298881
0.304995
0.311329
0.317889
0.324681
0.331712
0.338986
0.346511
0.354293
0.362340
0.370659
0.379257
0.388142
0.397322
0.406806
0.416602
0.426719
0.437166
0.447954
0.459091
0.470588
0.482456
0.494706
0.507349
0.520396
0.533860
0.547754
0.562089
0.576881
0.592141
0.607886
0.624129
0.640885
0.658171
0.676002
0.694396
0.713369
0.732939
0.753126
0.773948
0.795425
0.817576
0.840423
0.863985
0.888283
0.189888
0.190000
0.190315
0.190817
0.191495
0.192339
0.193343
0.194503
0.195814
0.197274
0.198881
0.200633
0.202531
0.204572
0.206758
0.209090
0.211567
0.214191
0.216963
0.219885
0.222959
0.226186
0.229570
0.233112
0.236815
0.240682
0.244716
0.248920
0.253298
0.257853
0.262590
0.267512
0.272623
0.277927
0.283431
0.289137
0.295051
0.301179
0.307525
0.314096
0.320897
0.327934
0.335213
0.342742
0.350527
0.358574
0.366892
0.375488
0.384368
0.393543
0.403019
0.412807
0.422913
0.433349
0.444123
0.455245
0.466727
0.478577
0.490807
0.503429
0.516455
0.529895
0.543763
0.558072
0.572836
0.588067
0.603780
0.619990
0.636712
0.653962
0.671756
0.690111
0.709043
0.728572
0.748715
0.769491
0.790920
0.813022
0.835816
0.859322
0.182813
0.182921
0.183224
0.183708
0.184360
0.185173
0.186140
0.187256
0.188518
0.189924
0.191471
0.193158
0.194984
0.196950
0.199055
0.201299
0.203684
0.206210
0.208879
0.211692
0.214652
0.217759
0.221016
0.224426
0.227991
0.231714
0.235598
0.239646
0.243860
0.248246
0.252806
0.257544
0.262465
0.267572
0.272870
0.278364
0.284058
0.289957
0.296067
0.302393
0.308940
0.315715
0.322724
0.329972
0.337467
0.345214
0.353222
0.361497
0.370047
0.378880
0.388003
0.397426
0.407156
0.417203
0.427575
0.438283
0.449337
0.460745
0.472520
0.484672
0.497212
0.510152
0.523503
0.537279
0.551492
0.566156
0.581284
0.596890
0.612989
0.629596
0.646727
0.664398
0.682625
0.701426
0.720818
0.740821
0.761451
0.782730
0.804674
0.827304
0.175088
0.175191
0.175482
0.175944
0.176569
0.177347
0.178274
0.179343
0.180552
0.181898
0.183380
0.184996
0.186745
0.188627
0.190643
0.192793
0.195077
0.197496
0.200052
0.202747
0.205581
0.208557
0.211676
0.214942
0.218357
0.221922
0.225642
0.229518
0.233555
0.237756
0.242123
0.246661
0.251374
0.256265
0.261339
0.266601
0.272054
0.277704
0.283556
0.289614
0.295885
0.302374
0.309086
0.316028
0.323206
0.330626
0.338295
0.346221
0.354410
0.362869
0.371607
0.380631
0.389950
0.399572
0.409507
0.419762
0.430348
0.441275
0.452552
0.464191
0.476201
0.488593
0.501381
0.514575
0.528187
0.542231
0.556720
0.571666
0.587085
0.602990
0.619397
0.636321
0.653778
0.671785
0.690358
0.709515
0.729274
0.749653
0.770670
0.792344
0.166740
0.166838
0.167115
0.167555
0.168150
0.168892
0.169774
0.170792
0.171943
0.173225
0.174636
0.176175
0.177841
0.179634
0.181553
0.183600
0.185775
0.188079
0.190514
0.193080
0.195779
0.198613
0.201584
0.204694
0.207945
0.211341
0.214883
0.218575
0.222419
0.226419
0.230579
0.234900
0.239388
0.244046
0.248879
0.253889
0.259082
0.264463
0.270036
0.275805
0.281777
0.287956
0.294349
0.300960
0.307795
0.314862
0.322166
0.329713
0.337511
0.345567
0.353889
0.362483
0.371357
0.380521
0.389982
0.399748
0.409829
0.420235
0.430975
0.442058
0.453495
0.465297
0.477475
0.490040
0.503003
0.516378
0.530175
0.544409
0.559093
0.574240
0.589864
0.605982
0.622606
0.639754
0.657441
0.675685
0.694502
0.713909
0.733925
0.754565
0.157798
0.157892
0.158153
0.158570
0.159133
0.159835
0.160670
0.161633
0.162723
0.163936
0.165271
0.166728
0.168304
0.170001
0.171818
0.173755
0.175813
0.177994
0.180298
0.182726
0.185280
0.187962
0.190774
0.193717
0.196794
0.200008
0.203360
0.206854
0.210492
0.214278
0.218214
0.222304
0.226551
0.230959
0.235533
0.240274
0.245189
0.250281
0.255555
0.261016
0.266667
0.272515
0.278564
0.284821
0.291290
0.297978
0.304890
0.312032
0.319413
0.327037
0.334912
0.343045
0.351444
0.360116
0.369069
0.378312
0.387853
0.397700
0.407864
0.418353
0.429177
0.440346
0.451871
0.463762
0.476030
0.488687
0.501745
0.515216
0.529112
0.543447
0.558233
0.573486
0.589219
0.605448
0.622187
0.639452
0.657260
0.675626
0.694568
0.714102
0.148296
0.148383
0.148629
0.149021
0.149550
0.150210
0.150994
0.151900
0.152924
0.154064
0.155319
0.156687
0.158169
0.159763
0.161471
0.163291
0.165226
0.167275
0.169440
0.171722
0.174123
0.176643
0.179285
0.182052
0.184944
0.187964
0.191114
0.194397
0.197816
0.201374
0.205073
0.208917
0.212908
0.217051
0.221349
0.225805
0.230424
0.235209
0.240166
0.245297
0.250608
0.256104
0.261789
0.267669
0.273749
0.280033
0.286529
0.293242
0.300178
0.307343
0.314743
0.322387
0.330280
0.338430
0.346844
0.355530
0.364496
0.373751
0.383302
0.393160
0.403332
0.413828
0.424659
0.435834
0.447364
0.459258
0.471530
0.484189
0.497249
0.510720
0.524617
0.538951
0.553737
0.568988
0.584719
0.600944
0.617680
0.634940
0.652742
0.671099
0.138266
0.138347
0.138577
0.138942
0.139435
0.140050
0.140781
0.141626
0.142581
0.143644
0.144814
0.146090
0.147471
0.148958
0.150549
0.152247
0.154051
0.155961
0.157980
0.160108
0.162346
0.164696
0.167159
0.169738
0.172435
0.175250
0.178188
0.181249
0.184437
0.187754
0.191203
0.194786
0.198508
0.202371
0.206378
0.210533
0.214839
0.219301
0.223922
0.228706
0.233658
0.238782
0.244083
0.249565
0.255233
0.261093
0.267150
0.273408
0.279875
0.286555
0.293455
0.300582
0.307941
0.315540
0.323385
0.331483
0.339843
0.348472
0.357377
0.366568
0.376052
0.385839
0.395937
0.406356
0.417106
0.428196
0.439638
0.451441
0.463617
0.476177
0.489134
0.502498
0.516284
0.530504
0.545171
0.560299
0.575902
0.591996
0.608593
0.625708
0.127744
0.127819
0.128031
0.128369
0.128824
0.129392
0.130068
0.130848
0.131730
0.132712
0.133793
0.134972
0.136249
0.137622
0.139093
0.140661
0.142327
0.144093
0.145958
0.147923
0.149991
0.152162
0.154439
0.156821
0.159313
0.161914
0.164628
0.167456
0.170401
0.173466
0.176652
0.179963
0.183402
0.186970
0.190672
0.194511
0.198490
0.202612
0.206882
0.211302
0.215877
0.220611
0.225508
0.230573
0.235810
0.241224
0.246820
0.252602
0.258576
0.264748
0.271124
0.277708
0.284507
0.291527
0.298775
0.306258
0.313981
0.321953
0.330181
0.338672
0.347435
0.356477
0.365806
0.375433
0.385364
0.395611
0.406181
0.417086
0.428336
0.439940
0.451911
0.464259
0.476995
0.490133
0.503683
0.517660
0.532076
0.546945
0.562279
0.578092
0.116767
0.116836
0.117030
0.117339
0.117755
0.118274
0.118892
0.119605
0.120411
0.121309
0.122297
0.123375
0.124541
0.125797
0.127141
0.128575
0.130098
0.131712
0.133416
0.135213
0.137103
0.139088
0.141169
0.143347
0.145624
0.148002
0.150482
0.153068
0.155760
0.158561
0.161474
0.164500
0.167643
0.170905
0.174289
0.177798
0.181435
0.185203
0.189105
0.193146
0.197328
0.201655
0.206132
0.210761
0.215548
0.220497
0.225612
0.230897
0.236358
0.242000
0.247827
0.253846
0.260061
0.266478
0.273103
0.279943
0.287003
0.294290
0.301810
0.309572
0.317582
0.325847
0.334375
0.343174
0.352252
0.361618
0.371280
0.381248
0.391531
0.402139
0.413081
0.424367
0.436010
0.448018
0.460405
0.473181
0.486358
0.499949
0.513966
0.528420
0.105376
0.105438
0.105613
0.105891
0.106267
0.106736
0.107293
0.107937
0.108664
0.109474
0.110366
0.111339
0.112391
0.113524
0.114737
0.116031
0.117406
0.118862
0.120400
0.122022
0.123728
0.125519
0.127396
0.129362
0.131417
0.133563
0.135801
0.138134
0.140564
0.143092
0.145720
0.148452
0.151288
0.154232
0.157286
0.160452
0.163734
0.167135
0.170656
0.174303
0.178077
0.181982
0.186022
0.190200
0.194520
0.198986
0.203601
0.208371
0.213300
0.218391
0.223650
0.229081
0.234689
0.240481
0.246459
0.252632
0.259003
0.265579
0.272366
0.279371
0.286599
0.294057
0.301753
0.309694
0.317887
0.326339
0.335059
0.344054
0.353334
0.362906
0.372781
0.382966
0.393473
0.404310
0.415488
0.427018
0.438909
0.451174
0.463824
0.476868
0.093609
0.093664
0.093820
0.094067
0.094401
0.094817
0.095312
0.095884
0.096530
0.097250
0.098042
0.098906
0.099841
0.100848
0.101926
0.103075
0.104296
0.105589
0.106956
0.108397
0.109912
0.111503
0.113171
0.114917
0.116742
0.118649
0.120637
0.122710
0.124868
0.127114
0.129449
0.131875
0.134395
0.137010
0.139723
0.142536
0.145451
0.148472
0.151600
0.154840
0.158192
0.161661
0.165250
0.168961
0.172799
0.176766
0.180867
0.185104
0.189482
0.194005
0.198676
0.203501
0.208483
0.213628
0.218939
0.224422
0.230082
0.235924
0.241953
0.248175
0.254596
0.261222
0.268059
0.275113
0.282390
0.289899
0.297645
0.305636
0.313880
0.322383
0.331155
0.340203
0.349537
0.359164
0.369094
0.379336
0.389900
0.400795
0.412032
0.423619
0.081510
0.081558
0.081693
0.081908
0.082199
0.082562
0.082993
0.083491
0.084053
0.084680
0.085370
0.086122
0.086936
0.087813
0.088751
0.089752
0.090815
0.091941
0.093131
0.094386
0.095705
0.097091
0.098543
0.100063
0.101653
0.103313
0.105044
0.106849
0.108728
0.110684
0.112717
0.114829
0.117023
0.119300
0.121663
0.124112
0.126651
0.129281
0.132005
0.134826
0.137745
0.140766
0.143891
0.147122
0.150464
0.153918
0.157489
0.161178
0.164990
0.168928
0.172996
0.177197
0.181536
0.186015
0.190640
0.195414
0.200343
0.205429
0.210679
0.216097
0.221688
0.227458
0.233411
0.239553
0.245890
0.252428
0.259173
0.266131
0.273309
0.280713
0.288351
0.296230
0.304357
0.312740
0.321386
0.330304
0.339503
0.348990
0.358774
0.368864
0.069120
0.069161
0.069276
0.069458
0.069705
0.070012
0.070378
0.070800
0.071277
0.071809
0.072394
0.073031
0.073722
0.074465
0.075261
0.076110
0.077011
0.077966
0.078975
0.080039
0.081158
0.082333
0.083564
0.084854
0.086202
0.087609
0.089078
0.090608
0.092202
0.093860
0.095584
0.097375
0.099236
0.101167
0.103170
0.105247
0.107400
0.109630
0.111940
0.114332
0.116808
0.119369
0.122019
0.124760
0.127593
0.130523
0.133550
0.136679
0.139912
0.143251
0.146701
0.150263
0.153942
0.157741
0.161663
0.165711
0.169891
0.174204
0.178656
0.183250
0.187992
0.192884
0.197932
0.203141
0.208515
0.214059
0.219779
0.225679
0.231766
0.238045
0.244522
0.251203
0.258095
0.265203
0.272535
0.280098
0.287898
0.295944
0.304241
0.312797
0.056485
0.056518
0.056612
0.056761
0.056963
0.057214
0.057513
0.057858
0.058248
0.058682
0.059160
0.059681
0.060246
0.060853
0.061503
0.062197
0.062933
0.063714
0.064539
0.065408
0.066322
0.067282
0.068289
0.069342
0.070444
0.071594
0.072794
0.074045
0.075347
0.076702
0.078111
0.079575
0.081095
0.082673
0.084310
0.086008
0.087767
0.089590
0.091478
0.093432
0.095455
0.097548
0.099714
0.101953
0.104269
0.106663
0.109137
0.111694
0.114336
0.117065
0.119884
0.122795
0.125801
0.128906
0.132110
0.135419
0.138834
0.142359
0.145997
0.149752
0.153626
0.157624
0.161750
0.166006
0.170398
0.174928
0.179603
0.184424
0.189399
0.194530
0.199823
0.205283
0.210915
0.216724
0.222715
0.228896
0.235270
0.241844
0.248625
0.255617
0.043649
0.043674
0.043747
0.043862
0.044018
0.044212
0.044443
0.044709
0.045011
0.045346
0.045716
0.046119
0.046555
0.047024
0.047526
0.048062
0.048632
0.049235
0.049872
0.050544
0.051250
0.051992
0.052770
0.053584
0.054435
0.055324
0.056252
0.057218
0.058224
0.059271
0.060360
0.061491
0.062666
0.063886
0.065151
0.066462
0.067822
0.069230
0.070689
0.072200
0.073763
0.075380
0.077054
0.078784
0.080574
0.082424
0.084336
0.086311
0.088353
0.090462
0.092640
0.094890
0.097213
0.099612
0.102088
0.104645
0.107284
0.110008
0.112819
0.115721
0.118715
0.121804
0.124992
0.128281
0.131675
0.135176
0.138788
0.142514
0.146358
0.150323
0.154413
0.158632
0.162984
0.167473
0.172103
0.176879
0.181805
0.186885
0.192125
0.197528
0.030657
0.030675
0.030726
0.030807
0.030916
0.031053
0.031215
0.031402
0.031614
0.031850
0.032109
0.032392
0.032698
0.033028
0.033381
0.033757
0.034157
0.034581
0.035028
0.035500
0.035996
0.036517
0.037064
0.037635
0.038233
0.038858
0.039509
0.040188
0.040895
0.041630
0.042395
0.043189
0.044014
0.044871
0.045759
0.046681
0.047635
0.048625
0.049649
0.050710
0.051808
0.052944
0.054120
0.055335
0.056592
0.057891
0.059234
0.060622
0.062056
0.063537
0.065067
0.066647
0.068279
0.069963
0.071703
0.073499
0.075352
0.077265
0.079240
0.081278
0.083381
0.085551
0.087790
0.090100
0.092483
0.094942
0.097479
0.100096
0.102796
0.105581
0.108454
0.111417
0.114474
0.117627
0.120879
0.124233
0.127693
0.131261
0.134941
0.138736
0.017557
0.017567
0.017596
0.017642
0.017705
0.017783
0.017876
0.017983
0.018104
0.018239
0.018388
0.018550
0.018725
0.018914
0.019116
0.019332
0.019561
0.019804
0.020060
0.020330
0.020614
0.020913
0.021225
0.021553
0.021895
0.022253
0.022626
0.023014
0.023419
0.023840
0.024278
0.024733
0.025206
0.025696
0.026205
0.026733
0.027280
0.027846
0.028433
0.029040
0.029669
0.030320
0.030993
0.031689
0.032409
0.033153
0.033922
0.034717
0.035538
0.036386
0.037262
0.038167
0.039101
0.040066
0.041062
0.042091
0.043152
0.044248
0.045379
0.046546
0.047750
0.048993
0.050275
0.051598
0.052963
0.054371
0.055824
0.057323
0.058869
0.060464
0.062109
0.063806
0.065556
0.067362
0.069224
0.071145
0.073126
0.075170
0.077277
0.079450
0.004394
0.004396
0.004403
0.004415
0.004431
0.004450
0.004474
0.004500
0.004531
0.004564
0.004602
0.004642
0.004686
0.004733
0.004784
0.004838
0.004895
0.004956
0.005020
0.005088
0.005159
0.005233
0.005312
0.005394
0.005479
0.005569
0.005662
0.005759
0.005861
0.005966
0.006076
0.006190
0.006308
0.006431
0.006558
0.006690
0.006827
0.006969
0.007115
0.007267
0.007425
0.007588
0.007756
0.007930
0.008110
0.008297
0.008489
0.008688
0.008893
0.009106
0.009325
0.009551
0.009785
0.010027
0.010276
0.010533
0.010799
0.011073
0.011356
0.011648
0.011949
0.012260
0.012581
0.012912
0.013254
0.013606
0.013970
0.014345
0.014732
0.015131
0.015543
0.015967
0.016405
0.016857
0.017323
0.017804
0.018300
0.018811
0.019339
0.019883
-0.008785
-0.008790
-0.008805
-0.008828
-0.008859
-0.008898
-0.008945
-0.008999
-0.009059
-0.009127
-0.009201
-0.009282
-0.009370
-0.009464
-0.009566
-0.009673
-0.009788
-0.009909
-0.010038
-0.010173
-0.010315
-0.010464
-0.010621
-0.010785
-0.010956
-0.011135
-0.011322
-0.011516
-0.011719
-0.011929
-0.012149
-0.012376
-0.012613
-0.012858
-0.013113
-0.013377
-0.013650
-0.013934
-0.014227
-0.014531
-0.014846
-0.015172
-0.015508
-0.015857
-0.016217
-0.016589
-0.016974
-0.017372
-0.017783
-0.018207
-0.018646
-0.019098
-0.019566
-0.020049
-0.020547
-0.021062
-0.021593
-0.022141
-0.022707
-0.023291
-0.023894
-0.024515
-0.025157
-0.025819
-0.026502
-0.027207
-0.027934
-0.028684
-0.029457
-0.030255
-0.031079
-0.031928
-0.032804
-0.033707
-0.034639
-0.035600
-0.036592
-0.037614
-0.038669
-0.039756
-0.021932
-0.021945
-0.021982
-0.022040
-0.022118
-0.022216
-0.022332
-0.022465
-0.022617
-0.022786
-0.022971
-0.023174
-0.023393
-0.023628
-0.023881
-0.024150
-0.024436
-0.024739
-0.025060
-0.025397
-0.025752
-0.026125
-0.026516
-0.026925
-0.027353
-0.027799
-0.028265
-0.028751
-0.029256
-0.029783
-0.030330
-0.030898
-0.031488
-0.032101
-0.032737
-0.033396
-0.034079
-0.034787
-0.035520
-0.036279
-0.037064
-0.037877
-0.038718
-0.039587
-0.040487
-0.041416
-0.042377
-0.043370
-0.044395
-0.045455
-0.046550
-0.047680
-0.048847
-0.050053
-0.051297
-0.052582
-0.053908
-0.055277
-0.056689
-0.058147
-0.059652
-0.061204
-0.062806
-0.064459
-0.066164
-0.067923
-0.069738
-0.071610
-0.073542
-0.075534
-0.077589
-0.079709
-0.081896
-0.084152
-0.086478
-0.088878
-0.091353
-0.093906
-0.096539
-0.099253
-0.035002
-0.035022
-0.035081
-0.035173
-0.035298
-0.035454
-0.035639
-0.035852
-0.036094
-0.036363
-0.036659
-0.036982
-0.037332
-0.037708
-0.038111
-0.038541
-0.038998
-0.039481
-0.039992
-0.040531
-0.041098
-0.041693
-0.042316
-0.042969
-0.043652
-0.044365
-0.045108
-0.045883
-0.046690
-0.047530
-0.048403
-0.049310
-0.050252
-0.051230
-0.052244
-0.053296
-0.054386
-0.055516
-0.056686
-0.057897
-0.059150
-0.060448
-0.061789
-0.063177
-0.064612
-0.066096
-0.067629
-0.069213
-0.070850
-0.072541
-0.074288
-0.076092
-0.077955
-0.079879
-0.081865
-0.083915
-0.086031
-0.088215
-0.090470
-0.092796
-0.095197
-0.097675
-0.100231
-0.102869
-0.105590
-0.108398
-0.111294
-0.114282
-0.117364
-0.120544
-0.123824
-0.127207
-0.130697
-0.134297
-0.138010
-0.141839
-0.145789
-0.149863
-0.154065
-0.158398
-0.047947
-0.047975
-0.048055
-0.048181
-0.048352
-0.048565
-0.048819
-0.049112
-0.049443
-0.049812
-0.050217
-0.050660
-0.051139
-0.051654
-0.052206
-0.052795
-0.053420
-0.054083
-0.054783
-0.055521
-0.056297
-0.057112
-0.057966
-0.058861
-0.059796
-0.060772
-0.061791
-0.062852
-0.063958
-0.065108
-0.066304
-0.067547
-0.068837
-0.070177
-0.071566
-0.073007
-0.074500
-0.076047
-0.077650
-0.079309
-0.081026
-0.082803
-0.084641
-0.086542
-0.088508
-0.090540
-0.092640
-0.094810
-0.097053
-0.099369
-0.101762
-0.104234
-0.106785
-0.109420
-0.112141
-0.114949
-0.117848
-0.120840
-0.123929
-0.127116
-0.130405
-0.133798
-0.137300
-0.140913
-0.144641
-0.148487
-0.152454
-0.156547
-0.160770
-0.165125
-0.169618
-0.174253
-0.179033
-0.183964
-0.189050
-0.194296
-0.199707
-0.205288
-0.211043
-0.216978
-0.060721
-0.060757
-0.060858
-0.061018
-0.061235
-0.061505
-0.061826
-0.062197
-0.062616
-0.063083
-0.063597
-0.064157
-0.064764
-0.065417
-0.066116
-0.066861
-0.067653
-0.068492
-0.069379
-0.070313
-0.071296
-0.072328
-0.073410
-0.074543
-0.075727
-0.076963
-0.078253
-0.079598
-0.080998
-0.082454
-0.083969
-0.085543
-0.087177
-0.088873
-0.090633
-0.092458
-0.094349
-0.096309
-0.098338
-0.100439
-0.102614
-0.104864
-0.107192
-0.109599
-0.112089
-0.114662
-0.117322
-0.120071
-0.122910
-0.125844
-0.128874
-0.132004
-0.135236
-0.138573
-0.142018
-0.145575
-0.149246
-0.153036
-0.156947
-0.160983
-0.165148
-0.169446
-0.173881
-0.178456
-0.183177
-0.188048
-0.193072
-0.198256
-0.203603
-0.209119
-0.214809
-0.220678
-0.226732
-0.232977
-0.239418
-0.246062
-0.252915
-0.259982
-0.267271
-0.274787
-0.073279
-0.073323
-0.073444
-0.073638
-0.073899
-0.074225
-0.074613
-0.075060
-0.075566
-0.076130
-0.076750
-0.077426
-0.078158
-0.078946
-0.079790
-0.080689
-0.081645
-0.082658
-0.083728
-0.084855
-0.086041
-0.087287
-0.088593
-0.089960
-0.091389
-0.092881
-0.094438
-0.096060
-0.097750
-0.099508
-0.101335
-0.103235
-0.105207
-0.107254
-0.109378
-0.111580
-0.113862
-0.116227
-0.118676
-0.121212
-0.123836
-0.126552
-0.129361
-0.132267
-0.135271
-0.138377
-0.141586
-0.144904
-0.148331
-0.151871
-0.155528
-0.159305
-0.163206
-0.167233
-0.171390
-0.175683
-0.180113
-0.184686
-0.189406
-0.194277
-0.199304
-0.204491
-0.209842
-0.215364
-0.221062
-0.226939
-0.233003
-0.239259
-0.245712
-0.252369
-0.259236
-0.266319
-0.273625
-0.281161
-0.288935
-0.296953
-0.305222
-0.313752
-0.322548
-0.331619
-0.085577
-0.085627
-0.085769
-0.085996
-0.086301
-0.086681
-0.087134
-0.087657
-0.088248
-0.088906
-0.089630
-0.090419
-0.091274
-0.092195
-0.093180
-0.094230
-0.095347
-0.096529
-0.097779
-0.099096
-0.100481
-0.101935
-0.103460
-0.105056
-0.106725
-0.108468
-0.110286
-0.112181
-0.114154
-0.116207
-0.118341
-0.120560
-0.122863
-0.125254
-0.127734
-0.130305
-0.132971
-0.135732
-0.138592
-0.141554
-0.144619
-0.147790
-0.151071
-0.154464
-0.157972
-0.161599
-0.165347
-0.169221
-0.173223
-0.177358
-0.181629
-0.186040
-0.190594
-0.195297
-0.200153
-0.205166
-0.210340
-0.215680
-0.221192
-0.226881
-0.232751
-0.238808
-0.245058
-0.251507
-0.258160
-0.265024
-0.272106
-0.279411
-0.286947
-0.294721
-0.302740
-0.311012
-0.319545
-0.328346
-0.337424
-0.346787
-0.356444
-0.366405
-0.376677
-0.387271
-0.097570
-0.097628
-0.097790
-0.098048
-0.098396
-0.098829
-0.099346
-0.099941
-0.100615
-0.101365
-0.102191
-0.103091
-0.104066
-0.105115
-0.106239
-0.107436
-0.108709
-0.110058
-0.111482
-0.112983
-0.114563
-0.116221
-0.117960
-0.119780
-0.121682
-0.123669
-0.125742
-0.127902
-0.130152
-0.132493
-0.134927
-0.137455
-0.140082
-0.142807
-0.145635
-0.148567
-0.151606
-0.154755
-0.158016
-0.161392
-0.164886
-0.168502
-0.172243
-0.176111
-0.180111
-0.184246
-0.188520
-0.192937
-0.197500
-0.202214
-0.207083
-0.212112
-0.217305
-0.222668
-0.228204
-0.233919
-0.239818
-0.245907
-0.252191
-0.258677
-0.265370
-0.272276
-0.279402
-0.286754
-0.294340
-0.302166
-0.310240
-0.318569
-0.327162
-0.336025
-0.345168
-0.354599
-0.364328
-0.374362
-0.384712
-0.395387
-0.406398
-0.417755
-0.429467
-0.441545
-0.109216
-0.109281
-0.109462
-0.109751
-0.110140
-0.110626
-0.111204
-0.111871
-0.112625
-0.113464
-0.114389
-0.115397
-0.116488
-0.117662
-0.118919
-0.120260
-0.121685
-0.123194
-0.124789
-0.126469
-0.128237
-0.130094
-0.132040
-0.134077
-0.136207
-0.138431
-0.140751
-0.143169
-0.145687
-0.148307
-0.151032
-0.153862
-0.156802
-0.159853
-0.163018
-0.166300
-0.169702
-0.173226
-0.176877
-0.180656
-0.184567
-0.188615
-0.192802
-0.197132
-0.201610
-0.206238
-0.211022
-0.215966
-0.221074
-0.226351
-0.231801
-0.237430
-0.243243
-0.249246
-0.255442
-0.261840
-0.268443
-0.275259
-0.282293
-0.289553
-0.297045
-0.304775
-0.312752
-0.320982
-0.329473
-0.338233
-0.347271
-0.356594
-0.366212
-0.376134
-0.386368
-0.396925
-0.407814
-0.419046
-0.430632
-0.442582
-0.454907
-0.467619
-0.480729
-0.494249
-0.120474
-0.120545
-0.120745
-0.121063
-0.121493
-0.122029
-0.122666
-0.123402
-0.124234
-0.125160
-0.126180
-0.127291
-0.128495
-0.129790
-0.131177
-0.132656
-0.134228
-0.135893
-0.137651
-0.139505
-0.141456
-0.143503
-0.145650
-0.147897
-0.150246
-0.152700
-0.155259
-0.157927
-0.160704
-0.163594
-0.166599
-0.169722
-0.172965
-0.176330
-0.179822
-0.183442
-0.187194
-0.191082
-0.195108
-0.199277
-0.203592
-0.208057
-0.212675
-0.217452
-0.222391
-0.227497
-0.232774
-0.238227
-0.243861
-0.249682
-0.255695
-0.261904
-0.268316
-0.274937
-0.281773
-0.288829
-0.296113
-0.303632
-0.311391
-0.319399
-0.327663
-0.336190
-0.344989
-0.354068
-0.363434
-0.373097
-0.383067
-0.393351
-0.403960
-0.414904
-0.426194
-0.437839
-0.449851
-0.462240
-0.475020
-0.488202
-0.501797
-0.515820
-0.530281
-0.545194
-0.131303
-0.131381
-0.131598
-0.131946
-0.132414
-0.132998
-0.133692
-0.134494
-0.135401
-0.136410
-0.137521
-0.138733
-0.140045
-0.141457
-0.142968
-0.144580
-0.146293
-0.148108
-0.150025
-0.152045
-0.154171
-0.156402
-0.158742
-0.161191
-0.163752
-0.166426
-0.169215
-0.172122
-0.175150
-0.178300
-0.181575
-0.184978
-0.188512
-0.192180
-0.195985
-0.199931
-0.204021
-0.208258
-0.212646
-0.217190
-0.221892
-0.226758
-0.231792
-0.236998
-0.242381
-0.247946
-0.253697
-0.259641
-0.265782
-0.272126
-0.278678
-0.285446
-0.292435
-0.299651
-0.307101
-0.314791
-0.322730
-0.330925
-0.339382
-0.348109
-0.357116
-0.366410
-0.376000
-0.385894
-0.396102
-0.406634
-0.417500
-0.428708
-0.440271
-0.452199
-0.464503
-0.477195
-0.490287
-0.503790
-0.517719
-0.532085
-0.546903
-0.562186
-0.577947
-0.594201
-0.141665
-0.141749
-0.141984
-0.142358
-0.142864
-0.143494
-0.144243
-0.145108
-0.146086
-0.147176
-0.148374
-0.149682
-0.151097
-0.152620
-0.154251
-0.155990
-0.157838
-0.159796
-0.161864
-0.164044
-0.166337
-0.168745
-0.171269
-0.173912
-0.176674
-0.179559
-0.182569
-0.185706
-0.188972
-0.192370
-0.195904
-0.199576
-0.203389
-0.207347
-0.211452
-0.215709
-0.220122
-0.224693
-0.229428
-0.234330
-0.239404
-0.244654
-0.250085
-0.255701
-0.261509
-0.267513
-0.273718
-0.280131
-0.286756
-0.293601
-0.300671
-0.307973
-0.315513
-0.323298
-0.331336
-0.339634
-0.348199
-0.357040
-0.366165
-0.375581
-0.385299
-0.395326
-0.405672
-0.416348
-0.427362
-0.438725
-0.450447
-0.462541
-0.475016
-0.487886
-0.501161
-0.514854
-0.528979
-0.543548
-0.558575
-0.574076
-0.590063
-0.606552
-0.623557
-0.641093
-0.151523
-0.151613
-0.151864
-0.152265
-0.152805
-0.153479
-0.154280
-0.155206
-0.156252
-0.157417
-0.158699
-0.160098
-0.161611
-0.163241
-0.164985
-0.166845
-0.168822
-0.170916
-0.173128
-0.175460
-0.177912
-0.180488
-0.183188
-0.186014
-0.188969
-0.192055
-0.195274
-0.198628
-0.202122
-0.205757
-0.209537
-0.213464
-0.217542
-0.221775
-0.226167
-0.230720
-0.235439
-0.240329
-0.245393
-0.250636
-0.256063
-0.261678
-0.267487
-0.273495
-0.279707
-0.286128
-0.292766
-0.299624
-0.306711
-0.314032
-0.321594
-0.329404
-0.337468
-0.345796
-0.354393
-0.363268
-0.372430
-0.381886
-0.391645
-0.401717
-0.412111
-0.422836
-0.433902
-0.445320
-0.457101
-0.469254
-0.481793
-0.494728
-0.508072
-0.521836
-0.536035
-0.550681
-0.565789
-0.581372
-0.597445
-0.614024
-0.631124
-0.648760
-0.666949
-0.685705
-0.160842
-0.160938
-0.161204
-0.161629
-0.162203
-0.162918
-0.163769
-0.164751
-0.165862
-0.167099
-0.168460
-0.169944
-0.171551
-0.173280
-0.175132
-0.177107
-0.179205
-0.181428
-0.183776
-0.186251
-0.188855
-0.191588
-0.194454
-0.197454
-0.200591
-0.203867
-0.207284
-0.210845
-0.214553
-0.218412
-0.222424
-0.226593
-0.230922
-0.235415
-0.240076
-0.244910
-0.249920
-0.255110
-0.260485
-0.266051
-0.271812
-0.277772
-0.283939
-0.290316
-0.296910
-0.303726
-0.310772
-0.318052
-0.325575
-0.333346
-0.341373
-0.349663
-0.358224
-0.367063
-0.376189
-0.385610
-0.395335
-0.405373
-0.415733
-0.426424
-0.437457
-0.448841
-0.460588
-0.472709
-0.485214
-0.498115
-0.511425
-0.525155
-0.539320
-0.553931
-0.569003
-0.584550
-0.600587
-0.617128
-0.634190
-0.651789
-0.669940
-0.688661
-0.707968
-0.727878
-0.169589
-0.169690
-0.169971
-0.170419
-0.171024
-0.171778
-0.172675
-0.173711
-0.174882
-0.176186
-0.177621
-0.179186
-0.180880
-0.182704
-0.184656
-0.186738
-0.188951
-0.191294
-0.193770
-0.196380
-0.199125
-0.202007
-0.205029
-0.208192
-0.211500
-0.214953
-0.218556
-0.222311
-0.226221
-0.230289
-0.234520
-0.238915
-0.243480
-0.248218
-0.253132
-0.258229
-0.263511
-0.268983
-0.274651
-0.280520
-0.286594
-0.292878
-0.299380
-0.306104
-0.313056
-0.320244
-0.327672
-0.335349
-0.343280
-0.351474
-0.359938
-0.368679
-0.377705
-0.387025
-0.396647
-0.406581
-0.416835
-0.427418
-0.438341
-0.449614
-0.461247
-0.473251
-0.485636
-0.498416
-0.511601
-0.525204
-0.539237
-0.553715
-0.568649
-0.584055
-0.599947
-0.616339
-0.633248
-0.650689
-0.668679
-0.687234
-0.706373
-0.726112
-0.746469
-0.767462
-0.177733
-0.177838
-0.178133
-0.178603
-0.179237
-0.180027
-0.180967
-0.182053
-0.183280
-0.184647
-0.186151
-0.187791
-0.189566
-0.191477
-0.193524
-0.195706
-0.198024
-0.200480
-0.203075
-0.205810
-0.208687
-0.211708
-0.214875
-0.218190
-0.221656
-0.225275
-0.229051
-0.232987
-0.237084
-0.241348
-0.245781
-0.250388
-0.255172
-0.260137
-0.265288
-0.270629
-0.276165
-0.281900
-0.287840
-0.293990
-0.300356
-0.306943
-0.313756
-0.320803
-0.328089
-0.335622
-0.343407
-0.351452
-0.359765
-0.368352
-0.377222
-0.386383
-0.395842
-0.405610
-0.415695
-0.426105
-0.436851
-0.447943
-0.459391
-0.471205
-0.483396
-0.495976
-0.508957
-0.522350
-0.536168
-0.550424
-0.565132
-0.580304
-0.595956
-0.612102
-0.628757
-0.645936
-0.663657
-0.681936
-0.700789
-0.720236
-0.740293
-0.760980
-0.782315
-0.804316
-0.185245
-0.185354
-0.185662
-0.186151
-0.186812
-0.187636
-0.188615
-0.189747
-0.191026
-0.192450
-0.194018
-0.195727
-0.197578
-0.199570
-0.201703
-0.203977
-0.206393
-0.208953
-0.211658
-0.214508
-0.217507
-0.220655
-0.223956
-0.227411
-0.231024
-0.234796
-0.238732
-0.242833
-0.247104
-0.251548
-0.256169
-0.260970
-0.265956
-0.271131
-0.276500
-0.282067
-0.287836
-0.293814
-0.300005
-0.306415
-0.313050
-0.319915
-0.327017
-0.334361
-0.341956
-0.349806
-0.357921
-0.366306
-0.374970
-0.383920
-0.393165
-0.402712
-0.412572
-0.422752
-0.433263
-0.444114
-0.455314
-0.466874
-0.478806
-0.491119
-0.503826
-0.516938
-0.530467
-0.544426
-0.558828
-0.573687
-0.589016
-0.604830
-0.621143
-0.637971
-0.655330
-0.673236
-0.691705
-0.710756
-0.730407
-0.750675
-0.771580
-0.793142
-0.815378
-0.838309
-0.192097
-0.192211
-0.192530
-0.193037
-0.193723
-0.194577
-0.195593
-0.196766
-0.198092
-0.199569
-0.201195
-0.202968
-0.204887
-0.206952
-0.209164
-0.211522
-0.214028
-0.216683
-0.219487
-0.222443
-0.225553
-0.228818
-0.232241
-0.235824
-0.239570
-0.243482
-0.247563
-0.251816
-0.256245
-0.260854
-0.265645
-0.270624
-0.275795
-0.281161
-0.286728
-0.292501
-0.298484
-0.304683
-0.311103
-0.317750
-0.324630
-0.331749
-0.339114
-0.346730
-0.354605
-0.362746
-0.371161
-0.379856
-0.388841
-0.398122
-0.407709
-0.417610
-0.427834
-0.438391
-0.449290
-0.460542
-0.472157
-0.484145
-0.496518
-0.509287
-0.522463
-0.536060
-0.550090
-0.564566
-0.579501
-0.594909
-0.610805
-0.627204
-0.644120
-0.661571
-0.679572
-0.698140
-0.717293
-0.737049
-0.757426
-0.778444
-0.800123
-0.822482
-0.845541
-0.869320
-0.198267
-0.198384
-0.198713
-0.199237
-0.199944
-0.200826
-0.201874
-0.203085
-0.204454
-0.205979
-0.207656
-0.209486
-0.211467
-0.213599
-0.215881
-0.218315
-0.220902
-0.223642
-0.226536
-0.229587
-0.232797
-0.236166
-0.239699
-0.243397
-0.247264
-0.251301
-0.255514
-0.259903
-0.264475
-0.269231
-0.274176
-0.279315
-0.284652
-0.290191
-0.295937
-0.301895
-0.308070
-0.314468
-0.321094
-0.327955
-0.335056
-0.342404
-0.350004
-0.357865
-0.365994
-0.374396
-0.383081
-0.392056
-0.401328
-0.410908
-0.420802
-0.431021
-0.441574
-0.452470
-0.463720
-0.475333
-0.487320
-0.499694
-0.512464
-0.525643
-0.539243
-0.553276
-0.567756
-0.582697
-0.598112
-0.614015
-0.630421
-0.647347
-0.664807
-0.682818
-0.701397
-0.720561
-0.740329
-0.760719
-0.781751
-0.803444
-0.825819
-0.848896
-0.872696
-0.897239
-0.203731
-0.203851
-0.204189
-0.204728
-0.205454
-0.206360
-0.207438
-0.208682
-0.210089
-0.211655
-0.213379
-0.215259
-0.217295
-0.219485
-0.221831
-0.224332
-0.226990
-0.229805
-0.232779
-0.235914
-0.239212
-0.242675
-0.246305
-0.250105
-0.254078
-0.258227
-0.262555
-0.267066
-0.271763
-0.276651
-0.281732
-0.287013
-0.292497
-0.298188
-0.304092
-0.310215
-0.316560
-0.323134
-0.329943
-0.336993
-0.344290
-0.351840
-0.359650
-0.367728
-0.376080
-0.384714
-0.393638
-0.402860
-0.412389
-0.422232
-0.432399
-0.442900
-0.453743
-0.464940
-0.476499
-0.488432
-0.500750
-0.513465
-0.526587
-0.540129
-0.554104
-0.568524
-0.583403
-0.598756
-0.614595
-0.630936
-0.647795
-0.665187
-0.683128
-0.701635
-0.720726
-0.740419
-0.760732
-0.781684
-0.803296
-0.825586
-0.848578
-0.872291
-0.896746
-0.921966
-0.208470
-0.208593
-0.208939
-0.209490
-0.210234
-0.211161
-0.212263
-0.213537
-0.214976
-0.216579
-0.218343
-0.220267
-0.222350
-0.224591
-0.226991
-0.229551
-0.232270
-0.235151
-0.238194
-0.241402
-0.244777
-0.248320
-0.252035
-0.255923
-0.259989
-0.264234
-0.268663
-0.273279
-0.278085
-0.283086
-0.288286
-0.293690
-0.299301
-0.305125
-0.311166
-0.317431
-0.323924
-0.330651
-0.337619
-0.344832
-0.352299
-0.360025
-0.368017
-0.376282
-0.384829
-0.393664
-0.402795
-0.412232
-0.421982
-0.432054
-0.442458
-0.453203
-0.464299
-0.475756
-0.487584
-0.499795
-0.512399
-0.525409
-0.538837
-0.552694
-0.566994
-0.581749
-0.596975
-0.612684
-0.628892
-0.645614
-0.662865
-0.680661
-0.699019
-0.717957
-0.737492
-0.757643
-0.778429
-0.799868
-0.821982
-0.844792
-0.868318
-0.892583
-0.917607
-0.943413
-0.212468
-0.212593
-0.212946
-0.213507
-0.214265
-0.215210
-0.216334
-0.217631
-0.219099
-0.220732
-0.222530
-0.224491
-0.226614
-0.228898
-0.231344
-0.233953
-0.236724
-0.239660
-0.242762
-0.246032
-0.249471
-0.253082
-0.256868
-0.260831
-0.264974
-0.269301
-0.273815
-0.278519
-0.283418
-0.288515
-0.293815
-0.299322
-0.305040
-0.310976
-0.317134
-0.323518
-0.330136
-0.336992
-0.344093
-0.351445
-0.359055
-0.366929
-0.375074
-0.383498
-0.392208
-0.401213
-0.410520
-0.420137
-0.430074
-0.440340
-0.450943
-0.461894
-0.473202
-0.484879
-0.496934
-0.509379
-0.522226
-0.535485
-0.549170
-0.563293
-0.577867
-0.592905
-0.608423
-0.624434
-0.640952
-0.657994
-0.675576
-0.693714
-0.712424
-0.731725
-0.751635
-0.772172
-0.793356
-0.815207
-0.837745
-0.860992
-0.884970
-0.909700
-0.935204
-0.961505
-0.215710
-0.215837
-0.216195
-0.216765
-0.217535
-0.218494
-0.219635
-0.220952
-0.222442
-0.224100
-0.225926
-0.227916
-0.230072
-0.232391
-0.234874
-0.237522
-0.240336
-0.243317
-0.246466
-0.249786
-0.253278
-0.256944
-0.260788
-0.264811
-0.269018
-0.273411
-0.277993
-0.282769
-0.287743
-0.292917
-0.298298
-0.303889
-0.309695
-0.315721
-0.321973
-0.328455
-0.335173
-0.342134
-0.349344
-0.356808
-0.364534
-0.372528
-0.380797
-0.389350
-0.398193
-0.407335
-0.416784
-0.426548
-0.436637
-0.447059
-0.457824
-0.468942
-0.480423
-0.492278
-0.504517
-0.517152
-0.530194
-0.543656
-0.557549
-0.571888
-0.586684
-0.601952
-0.617707
-0.633962
-0.650732
-0.668035
-0.685885
-0.704299
-0.723295
-0.742891
-0.763104
-0.783955
-0.805462
-0.827646
-0.850528
-0.874130
-0.898473
-0.923581
-0.949474
-0.976176
-0.218185
-0.218314
-0.218675
-0.219252
-0.220031
-0.221001
-0.222155
-0.223487
-0.224994
-0.226671
-0.228518
-0.230531
-0.232711
-0.235057
-0.237569
-0.240247
-0.243094
-0.246109
-0.249294
-0.252651
-0.256183
-0.259892
-0.263779
-0.267849
-0.272104
-0.276547
-0.281182
-0.286013
-0.291044
-0.296278
-0.301720
-0.307375
-0.313248
-0.319343
-0.325666
-0.332223
-0.339019
-0.346059
-0.353351
-0.360901
-0.368716
-0.376801
-0.385166
-0.393817
-0.402761
-0.412008
-0.421565
-0.431441
-0.441646
-0.452187
-0.463076
-0.474322
-0.485935
-0.497925
-0.510305
-0.523085
-0.536277
-0.549893
-0.563946
-0.578449
-0.593415
-0.608858
-0.624793
-0.641235
-0.658198
-0.675699
-0.693753
-0.712379
-0.731593
-0.751413
-0.771859
-0.792949
-0.814703
-0.837141
-0.860286
-0.884158
-0.908781
-0.934176
-0.960367
-0.987375
-0.219883
-0.220013
-0.220378
-0.220959
-0.221744
-0.222721
-0.223884
-0.225227
-0.226745
-0.228436
-0.230297
-0.232326
-0.234523
-0.236887
-0.239418
-0.242118
-0.244986
-0.248025
-0.251235
-0.254618
-0.258178
-0.261915
-0.265833
-0.269934
-0.274222
-0.278700
-0.283371
-0.288240
-0.293309
-0.298584
-0.304069
-0.309768
-0.315687
-0.321829
-0.328202
-0.334809
-0.341658
-0.348753
-0.356102
-0.363711
-0.371586
-0.379735
-0.388164
-0.396882
-0.405897
-0.415216
-0.424847
-0.434800
-0.445084
-0.455708
-0.466681
-0.478014
-0.489718
-0.501802
-0.514278
-0.527157
-0.540452
-0.554174
-0.568336
-0.582952
-0.598035
-0.613598
-0.629657
-0.646227
-0.663322
-0.680959
-0.699154
-0.717925
-0.737289
-0.757263
-0.777868
-0.799122
-0.821045
-0.843659
-0.866983
-0.891042
-0.915856
-0.941449
-0.967843
-0.995062
-0.220800
-0.220930
-0.221296
-0.221880
-0.222668
-0.223649
-0.224817
-0.226166
-0.227690
-0.229388
-0.231256
-0.233294
-0.235500
-0.237874
-0.240416
-0.243127
-0.246007
-0.249058
-0.252282
-0.255680
-0.259254
-0.263007
-0.266941
-0.271059
-0.275365
-0.279862
-0.284552
-0.289441
-0.294532
-0.299829
-0.305336
-0.311059
-0.317002
-0.323171
-0.329570
-0.336205
-0.343082
-0.350207
-0.357586
-0.365227
-0.373135
-0.381318
-0.389782
-0.398537
-0.407588
-0.416946
-0.426618
-0.436612
-0.446939
-0.457607
-0.468626
-0.480007
-0.491759
-0.503893
-0.516421
-0.529354
-0.542704
-0.556484
-0.570705
-0.585382
-0.600527
-0.616156
-0.632282
-0.648920
-0.666087
-0.683797
-0.702068
-0.720917
-0.740362
-0.760419
-0.781110
-0.802453
-0.824467
-0.847175
-0.870597
-0.894755
-0.919673
-0.945373
-0.971877
-0.999209
-0.220931
-0.221061
-0.221428
-0.222012
-0.222800
-0.223782
-0.224951
-0.226300
-0.227826
-0.229524
-0.231394
-0.233433
-0.235640
-0.238015
-0.240559
-0.243271
-0.246153
-0.249206
-0.252432
-0.255831
-0.259408
-0.263163
-0.267099
-0.271220
-0.275529
-0.280028
-0.284721
-0.289613
-0.294707
-0.300007
-0.305518
-0.311244
-0.317190
-0.323362
-0.329765
-0.336404
-0.343285
-0.350415
-0.357799
-0.365444
-0.373356
-0.381544
-0.390014
-0.398773
-0.407830
-0.417193
-0.426871
-0.436872
-0.447204
-0.457879
-0.468904
-0.480292
-0.492051
-0.504192
-0.516728
-0.529668
-0.543026
-0.556814
-0.571044
-0.585729
-0.600884
-0.616521
-0.632657
-0.649305
-0.666482
-0.684203
-0.702485
-0.721345
-0.740801
-0.760871
-0.781574
-0.802929
-0.824957
-0.847678
-0.871114
-0.895286
-0.920219
-0.945934
-0.972454
-0.999802
-0.220276
-0.220406
-0.220771
-0.221354
-0.222139
-0.223119
-0.224284
-0.225629
-0.227150
-0.228844
-0.230708
-0.232741
-0.234941
-0.237310
-0.239846
-0.242550
-0.245424
-0.248467
-0.251683
-0.255073
-0.258639
-0.262383
-0.266308
-0.270416
-0.274712
-0.279198
-0.283877
-0.288755
-0.293833
-0.299118
-0.304612
-0.310321
-0.316250
-0.322404
-0.328788
-0.335407
-0.342268
-0.349376
-0.356738
-0.364360
-0.372250
-0.380413
-0.388858
-0.397591
-0.406622
-0.415957
-0.425606
-0.435577
-0.445879
-0.456522
-0.467515
-0.478868
-0.490592
-0.502698
-0.515196
-0.528098
-0.541417
-0.555163
-0.569351
-0.583993
-0.599103
-0.614694
-0.630782
-0.647381
-0.664506
-0.682175
-0.700403
-0.719207
-0.738605
-0.758615
-0.779257
-0.800549
-0.822511
-0.845165
-0.868532
-0.892633
-0.917491
-0.943130
-0.969572
-0.996839
-0.218837
-0.218967
-0.219330
-0.219908
-0.220689
-0.221662
-0.222819
-0.224156
-0.225667
-0.227350
-0.229201
-0.231221
-0.233407
-0.235760
-0.238280
-0.240966
-0.243821
-0.246845
-0.250040
-0.253407
-0.256950
-0.260669
-0.264569
-0.268651
-0.272918
-0.277375
-0.282024
-0.286869
-0.291914
-0.297164
-0.302623
-0.308295
-0.314185
-0.320299
-0.326641
-0.333217
-0.340033
-0.347095
-0.354409
-0.361981
-0.369819
-0.377929
-0.386318
-0.394995
-0.403966
-0.413241
-0.422826
-0.432732
-0.442967
-0.453540
-0.464462
-0.475741
-0.487388
-0.499415
-0.511832
-0.524650
-0.537881
-0.551538
-0.565633
-0.580179
-0.595190
-0.610680
-0.626663
-0.643153
-0.660167
-0.677720
-0.695829
-0.714511
-0.733782
-0.753662
-0.774168
-0.795321
-0.817140
-0.839646
-0.862860
-0.886804
-0.911500
-0.936971
-0.963240
-0.990330
-0.216621
-0.216749
-0.217108
-0.217680
-0.218453
-0.219416
-0.220562
-0.221885
-0.223381
-0.225046
-0.226880
-0.228879
-0.231043
-0.233372
-0.235866
-0.238525
-0.241351
-0.244344
-0.247507
-0.250840
-0.254347
-0.258029
-0.261889
-0.265929
-0.270153
-0.274565
-0.279167
-0.283963
-0.288957
-0.294154
-0.299557
-0.305172
-0.311003
-0.317054
-0.323332
-0.329841
-0.336588
-0.343579
-0.350818
-0.358314
-0.366073
-0.374100
-0.382405
-0.390994
-0.399874
-0.409055
-0.418543
-0.428349
-0.438480
-0.448946
-0.459757
-0.470922
-0.482451
-0.494356
-0.506647
-0.519335
-0.532432
-0.545951
-0.559903
-0.574302
-0.589161
-0.604494
-0.620315
-0.636638
-0.653480
-0.670855
-0.688780
-0.707273
-0.726349
-0.746027
-0.766326
-0.787265
-0.808863
-0.831141
-0.854119
-0.877821
-0.902267
-0.927480
-0.953483
-0.980298
-0.213633
-0.213759
-0.214114
-0.214678
-0.215441
-0.216390
-0.217520
-0.218825
-0.220300
-0.221943
-0.223751
-0.225722
-0.227857
-0.230153
-0.232613
-0.235236
-0.238023
-0.240975
-0.244094
-0.247381
-0.250839
-0.254470
-0.258277
-0.262262
-0.266428
-0.270778
-0.275317
-0.280047
-0.284972
-0.290097
-0.295426
-0.300963
-0.306714
-0.312682
-0.318873
-0.325293
-0.331947
-0.338840
-0.345980
-0.353373
-0.361024
-0.368941
-0.377131
-0.385601
-0.394360
-0.403413
-0.412771
-0.422441
-0.432433
-0.442755
-0.453416
-0.464427
-0.475798
-0.487538
-0.499660
-0.512173
-0.525090
-0.538422
-0.552182
-0.566382
-0.581036
-0.596157
-0.611760
-0.627858
-0.644468
-0.661603
-0.679282
-0.697519
-0.716332
-0.735739
-0.755758
-0.776408
-0.797708
-0.819678
-0.842340
-0.865715
-0.889824
-0.914689
-0.940333
-0.966778
-0.209886
-0.210010
-0.210358
-0.210913
-0.211662
-0.212595
-0.213705
-0.214987
-0.216436
-0.218050
-0.219826
-0.221763
-0.223860
-0.226116
-0.228533
-0.231110
-0.233847
-0.236748
-0.239812
-0.243042
-0.246439
-0.250007
-0.253746
-0.257661
-0.261754
-0.266029
-0.270488
-0.275135
-0.279974
-0.285009
-0.290244
-0.295684
-0.301334
-0.307197
-0.313280
-0.319587
-0.326124
-0.332897
-0.339912
-0.347174
-0.354691
-0.362470
-0.370516
-0.378838
-0.387442
-0.396337
-0.405531
-0.415031
-0.424848
-0.434988
-0.445463
-0.456281
-0.467452
-0.478987
-0.490895
-0.503189
-0.515879
-0.528978
-0.542496
-0.556447
-0.570844
-0.585700
-0.601029
-0.616845
-0.633163
-0.649998
-0.667366
-0.685284
-0.703767
-0.722833
-0.742501
-0.762789
-0.783715
-0.805301
-0.827565
-0.850529
-0.874215
-0.898645
-0.923839
-0.949820
-0.205392
-0.205513
-0.205854
-0.206397
-0.207130
-0.208043
-0.209129
-0.210384
-0.211802
-0.213381
-0.215119
-0.217015
-0.219067
-0.221275
-0.223640
-0.226161
-0.228841
-0.231679
-0.234677
-0.237838
-0.241163
-0.244654
-0.248313
-0.252145
-0.256150
-0.260333
-0.264696
-0.269244
-0.273979
-0.278907
-0.284030
-0.289353
-0.294882
-0.300620
-0.306572
-0.312744
-0.319141
-0.325769
-0.332634
-0.339741
-0.347097
-0.354709
-0.362583
-0.370726
-0.379147
-0.387851
-0.396848
-0.406145
-0.415751
-0.425675
-0.435925
-0.446511
-0.457443
-0.468731
-0.480385
-0.492415
-0.504834
-0.517652
-0.530881
-0.544533
-0.558622
-0.573160
-0.588161
-0.603638
-0.619607
-0.636081
-0.653077
-0.670611
-0.688698
-0.707357
-0.726603
-0.746457
-0.766935
-0.788058
-0.809846
-0.832319
-0.855497
-0.879404
-0.904059
-0.929484
-0.200167
-0.200286
-0.200618
-0.201147
-0.201861
-0.202751
-0.203810
-0.205032
-0.206414
-0.207953
-0.209647
-0.211494
-0.213494
-0.215646
-0.217951
-0.220408
-0.223020
-0.225786
-0.228708
-0.231788
-0.235028
-0.238431
-0.241997
-0.245731
-0.249634
-0.253711
-0.257963
-0.262395
-0.267010
-0.271812
-0.276805
-0.281993
-0.287381
-0.292973
-0.298774
-0.304789
-0.311023
-0.317483
-0.324173
-0.331099
-0.338268
-0.345686
-0.353360
-0.361296
-0.369502
-0.377986
-0.386753
-0.395814
-0.405176
-0.414847
-0.424837
-0.435154
-0.445807
-0.456808
-0.468165
-0.479890
-0.491992
-0.504484
-0.517377
-0.530682
-0.544412
-0.558581
-0.573200
-0.588283
-0.603846
-0.619901
-0.636465
-0.653553
-0.671180
-0.689364
-0.708121
-0.727469
-0.747427
-0.768013
-0.789246
-0.811147
-0.833736
-0.857035
-0.881063
-0.905841
-0.194231
-0.194346
-0.194668
-0.195181
-0.195874
-0.196738
-0.197765
-0.198951
-0.200293
-0.201786
-0.203430
-0.205222
-0.207163
-0.209251
-0.211487
-0.213872
-0.216405
-0.219089
-0.221925
-0.224914
-0.228058
-0.231359
-0.234820
-0.238443
-0.242231
-0.246186
-0.250313
-0.254613
-0.259091
-0.263751
-0.268596
-0.273630
-0.278858
-0.284284
-0.289913
-0.295750
-0.301799
-0.308067
-0.314558
-0.321279
-0.328236
-0.335434
-0.342880
-0.350581
-0.358544
-0.366775
-0.375283
-0.384075
-0.393159
-0.402544
-0.412237
-0.422248
-0.432586
-0.443260
-0.454281
-0.465657
-0.477401
-0.489522
-0.502033
-0.514943
-0.528266
-0.542014
-0.556200
-0.570836
-0.585937
-0.601517
-0.617589
-0.634170
-0.651275
-0.668919
-0.687120
-0.705894
-0.725260
-0.745235
-0.765839
-0.787090
-0.809010
-0.831617
-0.854932
-0.878976
-0.187604
-0.187714
-0.188026
-0.188522
-0.189191
-0.190025
-0.191017
-0.192163
-0.193458
-0.194901
-0.196488
-0.198220
-0.200094
-0.202111
-0.204271
-0.206574
-0.209021
-0.211614
-0.214353
-0.217240
-0.220276
-0.223465
-0.226808
-0.230307
-0.233966
-0.237786
-0.241772
-0.245925
-0.250251
-0.254751
-0.259431
-0.264293
-0.269343
-0.274584
-0.280021
-0.285658
-0.291501
-0.297555
-0.303825
-0.310317
-0.317036
-0.323988
-0.331181
-0.338619
-0.346310
-0.354260
-0.362478
-0.370970
-0.379744
-0.388808
-0.398171
-0.407840
-0.417825
-0.428135
-0.438780
-0.449769
-0.461111
-0.472819
-0.484903
-0.497373
-0.510241
-0.523520
-0.537222
-0.551359
-0.565944
-0.580992
-0.596516
-0.612531
-0.629052
-0.646095
-0.663674
-0.681808
-0.700513
-0.719807
-0.739707
-0.760234
-0.781405
-0.803241
-0.825761
-0.848984
-0.180309
-0.180415
-0.180714
-0.181191
-0.181834
-0.182636
-0.183590
-0.184691
-0.185936
-0.187322
-0.188848
-0.190512
-0.192313
-0.194252
-0.196328
-0.198542
-0.200894
-0.203385
-0.206018
-0.208792
-0.211711
-0.214776
-0.217989
-0.221352
-0.224868
-0.228540
-0.232371
-0.236363
-0.240520
-0.244845
-0.249343
-0.254016
-0.258870
-0.263907
-0.269132
-0.274551
-0.280167
-0.285985
-0.292011
-0.298251
-0.304708
-0.311391
-0.318303
-0.325452
-0.332844
-0.340485
-0.348384
-0.356545
-0.364978
-0.373690
-0.382688
-0.391982
-0.401579
-0.411488
-0.421718
-0.432280
-0.443182
-0.454434
-0.466048
-0.478033
-0.490401
-0.503164
-0.516332
-0.529920
-0.543938
-0.558401
-0.573321
-0.588714
-0.604592
-0.620972
-0.637868
-0.655297
-0.673274
-0.691818
-0.710945
-0.730673
-0.751021
-0.772008
-0.793652
-0.815972
-0.172373
-0.172475
-0.172760
-0.173216
-0.173831
-0.174597
-0.175509
-0.176562
-0.177752
-0.179077
-0.180536
-0.182127
-0.183849
-0.185702
-0.187687
-0.189803
-0.192052
-0.194434
-0.196950
-0.199603
-0.202393
-0.205323
-0.208394
-0.211609
-0.214971
-0.218481
-0.222143
-0.225959
-0.229934
-0.234069
-0.238368
-0.242836
-0.247476
-0.252291
-0.257287
-0.262467
-0.267835
-0.273398
-0.279159
-0.285123
-0.291297
-0.297685
-0.304293
-0.311127
-0.318194
-0.325499
-0.333050
-0.340852
-0.348914
-0.357242
-0.365845
-0.374729
-0.383904
-0.393377
-0.403157
-0.413253
-0.423675
-0.434433
-0.445535
-0.456993
-0.468817
-0.481017
-0.493606
-0.506596
-0.519997
-0.533823
-0.548087
-0.562802
-0.577982
-0.593640
-0.609793
-0.626455
-0.643641
-0.661368
-0.679653
-0.698513
-0.717966
-0.738029
-0.758720
-0.780058
-0.163823
-0.163920
-0.164192
-0.164625
-0.165209
-0.165938
-0.166804
-0.167805
-0.168936
-0.170196
-0.171582
-0.173094
-0.174730
-0.176492
-0.178378
-0.180389
-0.182526
-0.184790
-0.187182
-0.189703
-0.192355
-0.195139
-0.198058
-0.201114
-0.204309
-0.207645
-0.211125
-0.214752
-0.218529
-0.222460
-0.226546
-0.230792
-0.235202
-0.239778
-0.244526
-0.249449
-0.254551
-0.259838
-0.265313
-0.270982
-0.276849
-0.282920
-0.289201
-0.295696
-0.302412
-0.309355
-0.316531
-0.323947
-0.331609
-0.339524
-0.347700
-0.356143
-0.364863
-0.373866
-0.383161
-0.392757
-0.402662
-0.412886
-0.423438
-0.434327
-0.445564
-0.457160
-0.469125
-0.481470
-0.494206
-0.507347
-0.520903
-0.534888
-0.549315
-0.564197
-0.579549
-0.595384
-0.611718
-0.628566
-0.645944
-0.663869
-0.682356
-0.701424
-0.721090
-0.741369
-0.154691
-0.154783
-0.155039
-0.155448
-0.156000
-0.156688
-0.157506
-0.158451
-0.159519
-0.160708
-0.162017
-0.163445
-0.164990
-0.166654
-0.168435
-0.170334
-0.172352
-0.174489
-0.176748
-0.179128
-0.181632
-0.184261
-0.187018
-0.189903
-0.192920
-0.196070
-0.199356
-0.202781
-0.206348
-0.210059
-0.213918
-0.217927
-0.222091
-0.226412
-0.230895
-0.235544
-0.240362
-0.245354
-0.250524
-0.255877
-0.261417
-0.267150
-0.273080
-0.279213
-0.285555
-0.292111
-0.298887
-0.305889
-0.313124
-0.320598
-0.328318
-0.336291
-0.344524
-0.353026
-0.361803
-0.370864
-0.380217
-0.389870
-0.399834
-0.410116
-0.420727
-0.431676
-0.442974
-0.454631
-0.466658
-0.479066
-0.491867
-0.505072
-0.518695
-0.532747
-0.547243
-0.562195
-0.577619
-0.593528
-0.609937
-0.626863
-0.644320
-0.662325
-0.680894
-0.700043
-0.145009
-0.145095
-0.145335
-0.145719
-0.146236
-0.146881
-0.147648
-0.148533
-0.149535
-0.150649
-0.151877
-0.153215
-0.154664
-0.156223
-0.157892
-0.159672
-0.161564
-0.163568
-0.165685
-0.167916
-0.170264
-0.172728
-0.175312
-0.178017
-0.180845
-0.183798
-0.186878
-0.190089
-0.193432
-0.196911
-0.200528
-0.204287
-0.208190
-0.212241
-0.216443
-0.220801
-0.225317
-0.229997
-0.234843
-0.239861
-0.245054
-0.250428
-0.255988
-0.261737
-0.267682
-0.273827
-0.280179
-0.286743
-0.293525
-0.300531
-0.307768
-0.315242
-0.322960
-0.330929
-0.339157
-0.347651
-0.356418
-0.365468
-0.374808
-0.384447
-0.394393
-0.404657
-0.415248
-0.426175
-0.437449
-0.449081
-0.461080
-0.473459
-0.486229
-0.499402
-0.512990
-0.527007
-0.541465
-0.556378
-0.571761
-0.587627
-0.603991
-0.620869
-0.638276
-0.656226
-0.134811
-0.134891
-0.135114
-0.135471
-0.135952
-0.136551
-0.137264
-0.138087
-0.139018
-0.140055
-0.141195
-0.142440
-0.143786
-0.145236
-0.146788
-0.148443
-0.150202
-0.152065
-0.154033
-0.156107
-0.158289
-0.160581
-0.162983
-0.165497
-0.168126
-0.170872
-0.173736
-0.176721
-0.179829
-0.183063
-0.186426
-0.189920
-0.193548
-0.197314
-0.201221
-0.205273
-0.209471
-0.213822
-0.218327
-0.222992
-0.227820
-0.232816
-0.237985
-0.243330
-0.248856
-0.254570
-0.260475
-0.266577
-0.272882
-0.279396
-0.286124
-0.293072
-0.300247
-0.307656
-0.315305
-0.323201
-0.331352
-0.339766
-0.348449
-0.357410
-0.366657
-0.376199
-0.386045
-0.396204
-0.406685
-0.417498
-0.428654
-0.440162
-0.452034
-0.464280
-0.476913
-0.489944
-0.503385
-0.517250
-0.531550
-0.546300
-0.561514
-0.577205
-0.593388
-0.610076
-0.124133
-0.124207
-0.124413
-0.124741
-0.125184
-0.125735
-0.126392
-0.127150
-0.128007
-0.128962
-0.130012
-0.131158
-0.132398
-0.133733
-0.135162
-0.136686
-0.138305
-0.140020
-0.141833
-0.143743
-0.145752
-0.147862
-0.150074
-0.152389
-0.154810
-0.157338
-0.159975
-0.162724
-0.165586
-0.168564
-0.171660
-0.174877
-0.178218
-0.181686
-0.185284
-0.189014
-0.192880
-0.196886
-0.201035
-0.205330
-0.209776
-0.214376
-0.219135
-0.224057
-0.229146
-0.234407
-0.239844
-0.245463
-0.251269
-0.257266
-0.263461
-0.269859
-0.276466
-0.283288
-0.290331
-0.297602
-0.305108
-0.312855
-0.320850
-0.329101
-0.337616
-0.346402
-0.355468
-0.364822
-0.374473
-0.384430
-0.394702
-0.405299
-0.416231
-0.427507
-0.439140
-0.451138
-0.463515
-0.476281
-0.489449
-0.503031
-0.517040
-0.531488
-0.546389
-0.561755
-0.113014
-0.113081
-0.113268
-0.113567
-0.113970
-0.114473
-0.115071
-0.115761
-0.116541
-0.117410
-0.118366
-0.119409
-0.120538
-0.121754
-0.123055
-0.124442
-0.125916
-0.127478
-0.129128
-0.130867
-0.132697
-0.134617
-0.136631
-0.138739
-0.140943
-0.143245
-0.145645
-0.148148
-0.150753
-0.153465
-0.156284
-0.159213
-0.162255
-0.165412
-0.168687
-0.172083
-0.175603
-0.179250
-0.183027
-0.186938
-0.190985
-0.195174
-0.199506
-0.203987
-0.208620
-0.213410
-0.218360
-0.223476
-0.228761
-0.234222
-0.239862
-0.245687
-0.251702
-0.257913
-0.264325
-0.270945
-0.277778
-0.284831
-0.292110
-0.299622
-0.307374
-0.315373
-0.323627
-0.332144
-0.340930
-0.349995
-0.359347
-0.368995
-0.378947
-0.389214
-0.399804
-0.410728
-0.421996
-0.433619
-0.445607
-0.457972
-0.470726
-0.483880
-0.497447
-0.511436
-0.101493
-0.101553
-0.101721
-0.101990
-0.102352
-0.102803
-0.103340
-0.103960
-0.104660
-0.105441
-0.106300
-0.107236
-0.108250
-0.109341
-0.110510
-0.111756
-0.113080
-0.114482
-0.115964
-0.117526
-0.119169
-0.120894
-0.122702
-0.124595
-0.126575
-0.128641
-0.130798
-0.133045
-0.135385
-0.137820
-0.140351
-0.142982
-0.145714
-0.148549
-0.151490
-0.154540
-0.157701
-0.160976
-0.164369
-0.167880
-0.171515
-0.175277
-0.179168
-0.183192
-0.187352
-0.191654
-0.196100
-0.200694
-0.205440
-0.210344
-0.215409
-0.220640
-0.226042
-0.231620
-0.237379
-0.243323
-0.249460
-0.255794
-0.262331
-0.269077
-0.276039
-0.283223
-0.290635
-0.298283
-0.306174
-0.314315
-0.322714
-0.331378
-0.340315
-0.349535
-0.359046
-0.368856
-0.378976
-0.389414
-0.400180
-0.411285
-0.422738
-0.434551
-0.446735
-0.459298
-0.089611
-0.089664
-0.089812
-0.090049
-0.090369
-0.090767
-0.091241
-0.091789
-0.092407
-0.093096
-0.093855
-0.094682
-0.095577
-0.096540
-0.097572
-0.098672
-0.099841
-0.101079
-0.102388
-0.103767
-0.105217
-0.106740
-0.108337
-0.110008
-0.111756
-0.113581
-0.115485
-0.117469
-0.119535
-0.121684
-0.123920
-0.126242
-0.128654
-0.131158
-0.133755
-0.136447
-0.139239
-0.142130
-0.145125
-0.148226
-0.151435
-0.154756
-0.158192
-0.161745
-0.165418
-0.169216
-0.173141
-0.177198
-0.181389
-0.185718
-0.190190
-0.194809
-0.199578
-0.204503
-0.209588
-0.214836
-0.220255
-0.225847
-0.231619
-0.237575
-0.243722
-0.250065
-0.256609
-0.263362
-0.270329
-0.277517
-0.284932
-0.292582
-0.300473
-0.308614
-0.317011
-0.325673
-0.334607
-0.343823
-0.353329
-0.363134
-0.373246
-0.383677
-0.394433
-0.405526
-0.077410
-0.077455
-0.077584
-0.077788
-0.078065
-0.078409
-0.078818
-0.079291
-0.079826
-0.080421
-0.081076
-0.081790
-0.082564
-0.083396
-0.084287
-0.085237
-0.086247
-0.087317
-0.088447
-0.089638
-0.090891
-0.092207
-0.093586
-0.095030
-0.096540
-0.098116
-0.099761
-0.101475
-0.103259
-0.105116
-0.107047
-0.109054
-0.111137
-0.113300
-0.115543
-0.117869
-0.120280
-0.122778
-0.125366
-0.128044
-0.130817
-0.133685
-0.136653
-0.139722
-0.142896
-0.146176
-0.149567
-0.153071
-0.156692
-0.160432
-0.164295
-0.168285
-0.172405
-0.176659
-0.181051
-0.185585
-0.190266
-0.195097
-0.200082
-0.205228
-0.210538
-0.216017
-0.221671
-0.227504
-0.233522
-0.239731
-0.246137
-0.252745
-0.259562
-0.266594
-0.273848
-0.281331
-0.289049
-0.297010
-0.305221
-0.313691
-0.322427
-0.331437
-0.340729
-0.350312
-0.064933
-0.064972
-0.065079
-0.065251
-0.065483
-0.065771
-0.066115
-0.066511
-0.066960
-0.067459
-0.068009
-0.068608
-0.069257
-0.069955
-0.070702
-0.071499
-0.072346
-0.073244
-0.074192
-0.075191
-0.076242
-0.077346
-0.078503
-0.079714
-0.080980
-0.082303
-0.083682
-0.085120
-0.086617
-0.088175
-0.089794
-0.091477
-0.093225
-0.095039
-0.096921
-0.098872
-0.100895
-0.102990
-0.105160
-0.107407
-0.109733
-0.112139
-0.114628
-0.117203
-0.119865
-0.122617
-0.125461
-0.128400
-0.131437
-0.134574
-0.137815
-0.141162
-0.144618
-0.148186
-0.151871
-0.155674
-0.159600
-0.163652
-0.167835
-0.172151
-0.176605
-0.181201
-0.185943
-0.190836
-0.195885
-0.201093
-0.206466
-0.212010
-0.217728
-0.223627
-0.229711
-0.235988
-0.242462
-0.249140
-0.256028
-0.263133
-0.270461
-0.278019
-0.285813
-0.293851
-0.052226
-0.052257
-0.052344
-0.052482
-0.052668
-0.052900
-0.053176
-0.053495
-0.053856
-0.054258
-0.054699
-0.055181
-0.055703
-0.056265
-0.056866
-0.057507
-0.058188
-0.058910
-0.059673
-0.060476
-0.061322
-0.062209
-0.063140
-0.064114
-0.065133
-0.066196
-0.067306
-0.068462
-0.069666
-0.070919
-0.072222
-0.073575
-0.074981
-0.076440
-0.077954
-0.079523
-0.081150
-0.082835
-0.084580
-0.086388
-0.088258
-0.090194
-0.092196
-0.094266
-0.096408
-0.098621
-0.100909
-0.103273
-0.105715
-0.108239
-0.110845
-0.113537
-0.116316
-0.119187
-0.122150
-0.125209
-0.128367
-0.131626
-0.134990
-0.138461
-0.142044
-0.145740
-0.149555
-0.153490
-0.157551
-0.161740
-0.166061
-0.170520
-0.175119
-0.179863
-0.184757
-0.189806
-0.195013
-0.200384
-0.205924
-0.211638
-0.217532
-0.223611
-0.229880
-0.236345
-0.039333
-0.039356
-0.039421
-0.039525
-0.039666
-0.039841
-0.040049
-0.040289
-0.040560
-0.040863
-0.041196
-0.041559
-0.041952
-0.042375
-0.042827
-0.043310
-0.043823
-0.044367
-0.044941
-0.045546
-0.046183
-0.046852
-0.047553
-0.048286
-0.049053
-0.049854
-0.050690
-0.051561
-0.052468
-0.053411
-0.054392
-0.055412
-0.056470
-0.057569
-0.058709
-0.059891
-0.061116
-0.062385
-0.063700
-0.065061
-0.066470
-0.067927
-0.069435
-0.070995
-0.072607
-0.074274
-0.075997
-0.077778
-0.079617
-0.081518
-0.083481
-0.085508
-0.087601
-0.089763
-0.091995
-0.094299
-0.096677
-0.099131
-0.101665
-0.104279
-0.106977
-0.109761
-0.112634
-0.115598
-0.118656
-0.121811
-0.125066
-0.128423
-0.131887
-0.135460
-0.139146
-0.142948
-0.146870
-0.150915
-0.155087
-0.159391
-0.163830
-0.168408
-0.173130
-0.177999
-0.026300
-0.026316
-0.026359
-0.026429
-0.026522
-0.026639
-0.026779
-0.026939
-0.027121
-0.027323
-0.027546
-0.027788
-0.028051
-0.028334
-0.028637
-0.028959
-0.029303
-0.029666
-0.030050
-0.030455
-0.030880
-0.031327
-0.031796
-0.032287
-0.032799
-0.033335
-0.033894
-0.034476
-0.035082
-0.035713
-0.036369
-0.037051
-0.037759
-0.038494
-0.039256
-0.040046
-0.040865
-0.041714
-0.042593
-0.043503
-0.044445
-0.045420
-0.046428
-0.047471
-0.048549
-0.049663
-0.050815
-0.052006
-0.053236
-0.054507
-0.055819
-0.057175
-0.058575
-0.060020
-0.061512
-0.063053
-0.064643
-0.066284
-0.067978
-0.069726
-0.071530
-0.073392
-0.075313
-0.077295
-0.079339
-0.081449
-0.083625
-0.085870
-0.088186
-0.090576
-0.093040
-0.095582
-0.098204
-0.100909
-0.103699
-0.106577
-0.109545
-0.112606
-0.115763
-0.119019
-0.013173
-0.013181
-0.013203
-0.013238
-0.013285
-0.013343
-0.013413
-0.013494
-0.013585
-0.013686
-0.013797
-0.013919
-0.014050
-0.014192
-0.014344
-0.014506
-0.014677
-0.014859
-0.015052
-0.015254
-0.015468
-0.015692
-0.015926
-0.016172
-0.016429
-0.016697
-0.016977
-0.017269
-0.017572
-0.017888
-0.018217
-0.018559
-0.018913
-0.019281
-0.019663
-0.020059
-0.020469
-0.020894
-0.021334
-0.021790
-0.022262
-0.022750
-0.023255
-0.023778
-0.024318
-0.024876
-0.025453
-0.026049
-0.026665
-0.027302
-0.027959
-0.028638
-0.029339
-0.030063
-0.030811
-0.031583
-0.032379
-0.033201
-0.034050
-0.034925
-0.035829
-0.036761
-0.037723
-0.038716
-0.039740
-0.040797
-0.041887
-0.043012
-0.044172
-0.045368
-0.046603
-0.047876
-0.049190
-0.050545
-0.051942
-0.053383
-0.054870
-0.056404
-0.057985
-0.059616
0.000000
0.000000
0.000000
0.000000
0.000000
0.000000
0.000000
0.000000
0.000000
0.000000
0.000000
0.000000
0.000000
0.000000
0.000000
0.000000
0.000000
0.000000
0.000000
0.000000
0.000000
0.000000
0.000000
0.000000
0.000000
0.000000
0.000000
0.000000
0.000000
0.000000
0.000000
0.000000
0.000000
0.000000
0.000000
0.000000
0.000000
0.000000
0.000000
0.000000
0.000000
0.000000
0.000000
0.000000
0.000000
0.000000
0.000000
0.000000
0.000000
0.000000
0.000000
0.000000
0.000000
0.000000
0.000000
0.000000
0.000000
0.000000
0.000000
0.000000
0.000000
0.000000
0.000000
0.000000
0.000000
0.000000
0.000000
0.000000
0.000000
0.000000
0.000000
0.000000
0.000000
0.000000
0.000000
0.000000
0.000000
0.000000
0.000000
-0.000001
