[Running] cd "c:\Users\aarya\Files\College Classes\24W\Engs105\Code\HW0\" && gcc first.c -o first && "c:\Users\aarya\Files\College Classes\24W\Engs105\Code\HW0\"first
Maximum of A = 2.990170e-02
Minimum of A = 4.417270e-09
Mean Squared of A = 6.763173e-06

----------------------------------------------------------------------------------------------------------------
Mean of Symmetry Check for B = 0.000000e+00
Max of Symmetry Check for B = 0.000000e+00
RMS of Symmetry Check for B = 0.000000e+00

----------------------------------------------------------------------------------------------------------------
Mean of Symmetry Check for B -- Normalized = 0.000000e+00
Max of Symmetry Check for B -- Normalized = 0.000000e+00
RMS of Symmetry Check for B -- Normalized = 0.000000e+00

----------------------------------------------------------------------------------------------------------------
3rd row of B =
1.187947e-05	1.680672e-05	4.298160e-03	7.160588e-04	1.172347e-03	1.172347e-03	

----------------------------------------------------------------------------------------------------------------
2nd subdiagonal of B =
6.906543e-03	1.680672e-05	7.160588e-04	7.335651e-04	5.385796e-03	

----------------------------------------------------------------------------------------------------------------
Mean of Symmetry Check for C = 0.000000e+00
Max of Symmetry Check for C = 0.000000e+00
RMS of Symmetry Check for C = 0.000000e+00

----------------------------------------------------------------------------------------------------------------
Mean of Symmetry Check for C -- Normalized = 0.000000e+00
Max of Symmetry Check for C -- Normalized = 0.000000e+00
RMS of Symmetry Check for C -- Normalized = 0.000000e+00

----------------------------------------------------------------------------------------------------------------
3rd row of C =
9.570081e-05	9.113786e-05	7.798052e-05	1.071435e-04	1.181918e-04	9.666083e-05	7.813157e-05	1.054756e-04	8.302826e-05	7.498360e-05	6.512697e-05	6.210504e-05	1.275914e-04	1.469483e-04	1.190698e-04	8.474289e-05	7.297412e-05	6.339763e-05	1.036904e-04	8.830259e-05	1.311071e-04	7.314643e-05	7.053256e-05	6.344171e-05	5.827479e-05	5.210867e-05	4.473472e-05	5.100225e-05	1.466714e-04	1.592230e-04	1.363932e-04	1.117938e-04	9.485056e-05	6.447288e-05	6.179201e-05	7.652304e-05	5.277735e-05	9.193023e-05	8.492819e-05	1.240496e-04	1.599833e-04	7.423118e-05	6.648240e-05	6.198232e-05	6.440436e-05	5.336436e-05	6.154053e-05	4.674949e-05	4.146268e-05	3.414455e-05	3.588188e-05	4.108157e-05	4.227628e-05	1.754098e-04	1.449837e-04	1.122752e-04	9.608881e-05	7.988140e-05	5.310134e-05	6.182419e-05	4.812837e-05	4.583259e-05	3.572560e-05	4.217103e-05	7.775701e-05	7.313059e-05	1.012702e-04	1.299180e-04	1.476051e-04	6.471486e-05	6.125573e-05	5.840442e-05	5.966426e-05	4.737519e-05	4.050677e-05	3.536688e-05	2.948106e-05	2.803485e-05	2.878200e-05	3.354288e-05	1.292052e-04	1.317294e-04	1.107572e-04	9.119061e-05	8.566435e-05	6.789009e-05	5.209374e-05	4.514965e-05	3.828095e-05	3.934612e-05	3.574633e-05	2.720362e-05	2.568168e-05	3.294390e-05	6.525527e-05	6.588772e-05	7.536670e-05	7.880795e-05	8.982006e-05	1.044213e-04	1.130036e-04	1.173356e-04	5.848936e-05	2.494975e-05	2.371015e-05	2.283169e-05	2.645715e-05	1.018309e-04	8.691278e-05	9.679523e-05	8.924632e-05	7.875846e-05	7.021409e-05	5.653396e-05	4.297172e-05	3.901497e-05	3.341991e-05	3.059610e-05	3.355930e-05	2.787257e-05	2.190363e-05	2.172461e-05	1.760546e-05	2.067863e-05	6.462077e-05	6.239414e-05	6.120982e-05	5.998217e-05	6.884642e-05	7.171917e-05	7.986824e-05	9.188455e-05	8.880315e-05	9.952669e-05	2.082871e-05	1.985542e-05	1.777601e-05	8.312176e-05	7.209301e-05	6.050178e-05	6.563310e-05	6.465978e-05	5.540296e-05	6.739578e-05	6.162284e-05	5.911559e-05	5.170011e-05	3.860781e-05	3.018336e-05	3.305197e-05	2.908875e-05	2.413176e-05	2.712570e-05	2.358897e-05	1.734516e-05	1.451207e-05	1.166037e-05	1.425653e-05	1.728116e-05	6.403318e-05	6.612960e-05	7.218666e-05	8.003079e-05	7.968977e-05	7.717433e-05	1.505200e-05	1.621359e-05	1.399605e-05	1.489640e-05	7.066307e-05	6.470216e-05	5.322947e-05	4.848473e-05	4.616019e-05	4.848907e-05	4.310305e-05	3.656247e-05	5.360534e-05	4.226150e-05	5.263482e-05	4.464722e-05	3.437323e-05	2.845963e-05	2.233862e-05	2.275452e-05	2.567070e-05	2.151959e-05	1.679505e-05	1.998994e-05	1.408648e-05	1.243949e-05	9.783181e-06	1.039324e-05	8.553564e-06	8.170122e-06	1.317115e-05	1.048690e-05	1.384008e-05	7.621639e-05	7.570503e-05	7.172668e-05	1.216714e-05	1.152128e-05	1.202548e-05	4.508344e-05	3.190171e-05	3.340114e-05	2.919809e-05	2.461713e-05	3.224613e-05	4.531900e-05	3.539596e-05	2.700543e-05	2.018297e-05	1.648103e-05	1.781993e-05	1.932076e-05	1.644419e-05	1.198905e-05	1.189763e-05	7.784090e-06	7.007821e-06	9.843839e-06	8.462958e-06	6.900622e-06	6.803229e-06	6.207082e-06	1.088501e-05	8.408292e-06	9.357160e-06	9.757218e-06	9.618032e-06	1.024814e-05	2.463520e-05	2.025927e-05	2.237771e-05	1.877713e-05	1.421696e-05	2.577298e-05	1.790155e-05	1.958802e-05	1.479373e-05	1.480813e-05	1.321964e-05	1.226029e-05	1.389753e-05	9.742177e-06	8.611036e-06	8.571012e-06	5.931428e-06	5.971288e-06	4.937094e-06	8.601989e-06	6.957052e-06	5.682796e-06	5.732837e-06	5.717183e-06	5.183708e-06	6.736616e-06	7.202507e-06	7.267901e-06	7.981407e-06	7.736802e-06	1.702352e-05	1.472603e-05	1.488207e-05	1.103777e-05	8.846618e-06	8.344526e-06	1.105856e-05	1.446069e-05	1.052330e-05	1.151029e-05	9.784269e-06	1.022708e-05	9.198578e-06	8.000418e-06	7.093037e-06	6.370184e-06	6.270841e-06	4.890438e-06	4.567454e-06	4.078431e-06	3.609034e-06	4.346119e-06	3.672002e-06	5.794386e-06	4.745271e-06	4.649456e-06	4.919609e-06	5.554152e-06	6.144850e-06	1.158518e-05	1.123809e-05	9.194641e-06	7.270998e-06	6.577175e-06	5.574007e-06	5.461424e-06	7.261472e-06	7.500775e-06	8.455299e-06	7.451820e-06	7.326563e-06	7.680367e-06	6.866085e-06	5.804208e-06	4.829564e-06	4.728360e-06	4.535690e-06	4.064788e-06	3.524017e-06	3.317191e-06	2.972835e-06	2.923424e-06	2.696884e-06	4.091800e-06	3.560099e-06	3.088288e-06	4.913309e-06	3.884811e-06	3.608140e-06	8.803102e-06	9.075588e-06	7.100373e-06	5.999812e-06	4.735905e-06	4.210719e-06	3.316153e-06	3.934333e-06	3.480867e-06	5.235085e-06	5.279667e-06	6.166497e-06	5.441234e-06	5.667680e-06	5.059201e-06	4.022685e-06	4.156001e-06	3.579177e-06	3.260949e-06	3.572967e-06	3.326254e-06	2.923132e-06	2.706864e-06	2.417777e-06	2.219740e-06	2.495802e-06	2.314938e-06	1.983621e-06	3.463937e-06	2.966052e-06	3.005603e-06	2.895363e-06	6.307702e-06	5.633596e-06	4.734119e-06	3.102598e-06	3.310212e-06	2.687808e-06	2.051703e-06	2.512196e-06	2.334489e-06	3.481904e-06	2.422928e-06	3.749013e-06	4.458381e-06	4.096705e-06	4.178430e-06	3.738971e-06	3.088455e-06	3.276453e-06	2.763722e-06	2.748747e-06	2.787417e-06	2.396439e-06	2.441489e-06	2.760938e-06	2.303083e-06	2.090019e-06	1.731535e-06	1.662331e-06	2.452409e-06	2.006044e-06	2.063423e-06	1.904445e-06	1.607211e-06	1.482606e-06	2.150748e-06	2.249981e-06	2.575236e-06	1.725086e-06	1.258057e-06	1.577143e-06	1.819822e-06	1.724784e-06	2.740007e-06	2.236728e-06	1.773937e-06	3.212394e-06	3.218781e-06	3.180717e-06	2.751333e-06	2.329114e-06	2.358985e-06	1.920295e-06	2.113070e-06	2.056640e-06	1.671138e-06	1.845114e-06	1.741477e-06	1.660143e-06	1.536500e-06	1.345501e-06	1.232856e-06	1.229171e-06	1.628460e-06	1.680817e-06	1.402713e-06	1.321071e-06	1.150124e-06	1.511544e-06	1.855328e-06	1.307955e-06	1.194614e-06	8.725873e-07	8.410781e-07	1.113396e-06	1.215699e-06	1.219116e-06	2.268584e-06	1.866263e-06	1.534969e-06	2.514602e-06	1.905852e-06	1.961316e-06	1.663235e-06	1.828600e-06	1.394451e-06	1.359361e-06	1.628508e-06	1.612095e-06	1.497801e-06	1.450737e-06	1.265407e-06	1.395383e-06	1.340478e-06	1.181826e-06	9.992182e-07	9.105646e-07	8.656373e-07	1.293789e-06	1.431747e-06	1.122294e-06	1.235977e-06	1.224086e-06	1.137741e-06	9.673327e-07	8.680396e-07	6.063407e-07	6.376487e-07	8.461797e-07	5.650502e-07	7.091124e-07	8.680171e-07	1.110345e-06	1.560332e-06	1.226944e-06	1.239813e-06	1.489873e-06	1.191813e-06	1.401934e-06	1.035521e-06	1.028578e-06	1.020050e-06	1.257950e-06	1.286418e-06	1.132749e-06	1.176245e-06	1.020425e-06	1.129835e-06	1.004457e-06	8.482101e-07	7.796677e-07	7.910238e-07	7.640664e-07	6.826532e-07	6.519798e-07	6.623095e-07	7.067937e-07	1.054786e-06	7.525558e-07	8.414231e-07	1.067904e-06	8.835159e-07	5.688216e-07	4.377930e-07	4.366141e-07	3.381737e-07	4.000093e-07	4.276712e-07	6.097766e-07	7.993612e-07	1.133490e-06	8.769267e-07	9.004426e-07	8.901897e-07	1.126891e-06	8.945905e-07	9.088221e-07	7.489374e-07	7.658905e-07	7.446003e-07	8.082649e-07	1.005886e-06	9.528476e-07	7.928392e-07	8.997603e-07	7.714020e-07	6.278483e-07	6.410865e-07	7.052353e-07	5.943687e-07	5.072648e-07	5.178660e-07	5.348039e-07	5.641508e-07	5.571825e-07	5.459744e-07	3.533577e-07	3.377217e-07	2.989505e-07	2.135988e-07	2.534301e-07	2.796496e-07	2.912093e-07	4.262786e-07	5.197890e-07	6.210560e-07	7.013594e-07	6.703406e-07	6.452248e-07	7.342830e-07	5.482791e-07	5.967854e-07	5.400544e-07	6.332455e-07	5.593997e-07	6.158974e-07	7.415307e-07	7.564708e-07	6.104242e-07	6.100556e-07	5.716073e-07	4.951346e-07	4.634365e-07	4.630045e-07	4.104341e-07	3.778376e-07	4.230761e-07	4.333490e-07	4.047266e-07	2.521695e-07	1.357997e-07	1.427224e-07	1.699315e-07	1.765471e-07	1.987573e-07	1.847847e-07	1.993029e-07	3.554313e-07	2.435541e-07	4.262493e-07	5.003839e-07	4.873879e-07	4.383200e-07	3.720458e-07	4.434646e-07	3.749211e-07	4.323997e-07	4.836822e-07	6.222693e-07	4.882441e-07	4.351221e-07	5.424583e-07	4.500164e-07	4.448600e-07	3.675861e-07	3.465348e-07	3.750841e-07	3.402113e-07	3.511508e-07	3.096066e-07	3.068233e-07	3.246794e-07	2.931900e-07	8.802898e-08	1.212349e-07	1.404686e-07	1.147612e-07	1.398354e-07	1.614604e-07	2.973516e-07	2.083863e-07	3.421805e-07	3.655290e-07	3.676398e-07	2.991920e-07	2.766049e-07	2.907763e-07	2.808886e-07	3.172183e-07	3.847714e-07	3.870804e-07	3.756117e-07	4.092709e-07	3.250004e-07	3.144283e-07	3.605794e-07	3.380026e-07	2.647219e-07	2.852071e-07	2.541932e-07	2.823908e-07	2.421419e-07	2.442456e-07	2.511545e-07	2.067690e-07	9.027964e-08	6.601943e-08	5.701592e-08	7.333615e-08	9.306390e-08	1.106738e-07	1.472751e-07	1.202509e-07	2.544669e-07	1.813785e-07	2.661045e-07	2.846485e-07	2.176228e-07	2.078800e-07	2.287592e-07	2.089701e-07	2.148479e-07	2.314844e-07	3.314135e-07	2.554174e-07	2.995298e-07	3.228804e-07	2.443599e-07	2.449260e-07	2.159911e-07	2.814512e-07	2.221567e-07	1.939425e-07	2.153107e-07	1.993058e-07	2.020710e-07	2.147857e-07	1.868961e-07	1.831675e-07	1.307216e-07	5.776342e-08	4.546459e-08	3.127065e-08	4.581680e-08	6.193484e-08	7.725465e-08	9.057326e-08	1.052905e-07	1.265877e-07	2.195147e-07	1.675687e-07	1.260064e-07	1.590194e-07	1.435002e-07	1.744252e-07	1.519760e-07	1.614890e-07	1.933938e-07	1.898736e-07	1.844902e-07	1.840089e-07	1.543975e-07	1.663015e-07	1.532243e-07	1.640789e-07	1.743951e-07	1.624523e-07	1.619781e-07	1.555228e-07	1.400178e-07	1.172291e-07	9.574418e-08	8.813856e-08	4.142415e-08	3.399491e-08	2.479724e-08	2.455253e-08	3.170635e-08	3.054303e-08	4.272707e-08	5.495031e-08	6.699261e-08	7.758172e-08	9.112675e-08	1.223228e-07	9.750478e-08	1.139428e-07	1.026680e-07	1.243942e-07	9.820597e-08	1.129074e-07	1.503872e-07	1.163508e-07	1.439736e-07	1.367673e-07	1.200749e-07	1.203738e-07	1.253108e-07	1.231545e-07	1.400287e-07	1.213157e-07	1.310989e-07	1.047959e-07	8.067121e-08	7.558840e-08	6.161983e-08	1.893976e-08	1.855792e-08	2.436747e-08	2.117663e-08	2.400050e-08	3.243922e-08	4.024519e-08	5.234140e-08	5.775958e-08	6.390975e-08	6.985115e-08	8.906001e-08	8.162013e-08	7.450793e-08	9.248871e-08	7.228113e-08	8.581315e-08	7.434574e-08	8.334360e-08	1.141791e-07	8.987906e-08	1.064746e-07	9.346084e-08	9.950127e-08	1.010218e-07	8.969166e-08	9.802061e-08	1.092117e-07	8.998749e-08	9.802183e-08	9.583518e-08	7.787375e-08	6.651307e-08	6.005191e-08	4.718140e-08	1.311392e-08	1.546540e-08	1.816826e-08	1.842997e-08	2.862691e-08	2.144234e-08	4.677175e-08	3.873689e-08	3.176626e-08	4.717688e-08	5.270274e-08	4.992130e-08	6.411978e-08	5.814616e-08	5.199665e-08	5.723848e-08	6.586479e-08	5.977596e-08	7.222545e-08	9.006319e-08	7.178552e-08	7.331552e-08	6.399657e-08	7.712507e-08	7.727579e-08	7.085642e-08	7.718846e-08	8.927486e-08	6.639830e-08	7.369953e-08	6.222388e-08	6.224413e-08	5.499471e-08	4.497496e-08	3.591469e-08	3.699715e-08	1.039904e-08	8.906144e-09	1.404347e-08	1.611456e-08	2.458313e-08	1.848433e-08	3.733286e-08	3.288913e-08	2.759288e-08	3.914954e-08	3.624884e-08	4.635519e-08	4.132295e-08	3.365101e-08	4.261923e-08	4.555013e-08	4.476422e-08	5.981606e-08	5.468626e-08	4.997236e-08	4.705105e-08	5.478568e-08	5.913290e-08	5.659453e-08	4.881335e-08	5.952686e-08	5.014209e-08	5.270597e-08	4.679054e-08	3.469683e-08	4.038150e-08	2.934260e-08	2.859867e-08	1.013333e-08	8.167422e-09	6.652899e-09	7.226802e-09	6.039246e-09	1.218748e-08	1.415111e-08	2.091589e-08	1.470791e-08	3.061316e-08	2.349893e-08	2.657561e-08	2.811684e-08	3.405762e-08	3.101654e-08	2.294467e-08	3.119068e-08	2.490753e-08	3.482113e-08	3.146118e-08	3.894336e-08	3.470669e-08	3.773966e-08	4.272487e-08	4.145670e-08	3.778406e-08	3.918498e-08	4.331323e-08	2.789080e-08	3.459237e-08	2.245671e-08	2.326031e-08	9.349881e-09	7.787218e-09	6.643401e-09	5.184225e-09	4.629874e-09	3.846818e-09	3.159916e-09	1.007251e-08	1.745812e-08	9.771605e-09	1.302316e-08	1.972176e-08	2.065140e-08	1.890252e-08	2.537178e-08	1.863425e-08	1.539793e-08	1.849654e-08	2.174476e-08	2.591389e-08	2.403093e-08	2.772428e-08	2.321845e-08	2.788320e-08	2.817539e-08	3.429841e-08	3.441454e-08	3.209029e-08	3.281170e-08	3.222933e-08	2.298026e-08	2.868880e-08	1.817023e-08	1.814289e-08	1.654911e-08	7.317867e-09	5.924482e-09	3.655658e-09	4.199216e-09	2.995527e-09	3.076873e-09	2.546800e-09	7.565029e-09	6.533567e-09	1.438292e-08	1.019114e-08	7.798148e-09	6.598605e-09	1.555186e-08	1.553660e-08	1.463538e-08	1.253611e-08	1.307541e-08	1.168415e-08	1.675723e-08	1.801559e-08	1.999055e-08	1.580195e-08	2.070401e-08	1.946661e-08	2.780774e-08	2.852678e-08	2.770686e-08	2.361813e-08	1.906017e-08	1.658096e-08	1.504459e-08	1.416556e-08	1.330502e-08	1.350565e-08	5.323600e-09	2.572409e-09	2.937927e-09	4.083765e-09	3.177587e-09	2.050784e-09	2.110202e-09	1.839879e-09	5.552884e-09	4.673211e-09	1.041365e-08	1.270208e-08	7.494197e-09	5.773748e-09	4.685632e-09	1.317119e-08	1.197501e-08	1.006248e-08	1.393593e-08	1.073597e-08	8.873215e-09	1.279048e-08	1.529586e-08	1.193161e-08	1.145045e-08	1.506517e-08	1.480189e-08	1.670186e-08	1.503215e-08	1.297405e-08	1.309506e-08	1.179902e-08	1.224098e-08	1.892959e-09	2.115706e-09	2.404624e-09	3.431318e-09	2.497040e-09	1.402659e-09	1.599395e-09	1.649629e-09	1.486325e-09	1.088979e-09	3.955347e-09	8.383518e-09	1.081077e-08	5.209344e-09	6.354908e-09	3.924271e-09	3.311708e-09	9.177394e-09	7.697837e-09	7.937508e-09	9.741437e-09	6.533661e-09	6.360965e-09	9.211140e-09	8.928851e-09	1.269257e-08	1.082568e-08	1.243269e-08	1.293996e-08	1.063872e-08	1.115680e-08	1.641625e-09	1.490965e-09	1.930547e-09	1.697649e-09	2.083218e-09	2.759690e-09	2.179802e-09	1.958630e-09	1.012370e-09	1.213591e-09	1.363427e-09	1.219832e-09	7.931495e-10	7.357376e-09	3.938367e-09	4.991670e-09	5.793041e-09	2.682276e-09	2.929067e-09	2.426686e-09	6.122816e-09	7.551207e-09	4.942123e-09	5.170286e-09	7.527647e-09	7.574901e-09	9.454789e-09	8.265578e-09	1.135554e-08	1.279740e-08	1.352591e-08	9.605921e-09	1.483665e-09	1.328987e-09	1.216283e-09	1.770247e-09	1.664282e-09	1.484420e-09	2.071826e-09	1.809938e-09	1.637786e-09	9.427522e-10	7.997847e-10	1.049504e-09	1.191506e-09	1.104884e-09	6.682812e-10	4.263965e-09	3.215115e-09	2.113895e-09	2.377144e-09	2.172987e-09	2.641931e-09	2.332048e-09	1.991489e-09	4.823044e-09	6.083318e-09	3.713530e-09	4.158202e-09	6.729897e-09	7.001066e-09	8.044313e-09	9.838710e-09	1.203505e-08	1.186280e-08	1.258836e-08	8.550668e-09	1.316852e-09	1.145516e-09	1.170456e-09	1.099891e-09	1.031608e-09	1.503124e-09	1.333522e-09	1.702183e-09	1.532290e-09	1.422489e-09	9.303798e-10	8.323454e-10	7.156001e-10	7.529380e-10	9.870727e-10	6.449501e-10	6.010879e-10	3.076156e-09	2.667176e-09	1.789553e-09	1.867078e-09	1.989422e-09	2.284193e-09	1.997289e-09	3.804218e-09	5.156634e-09	4.303073e-09	5.892975e-09	3.248569e-09	6.010344e-09	7.336419e-09	8.450890e-09	9.347658e-09	1.057855e-08	1.055609e-08	1.172842e-08	1.197622e-09	1.045700e-09	1.079638e-09	8.951539e-10	9.526369e-10	1.342823e-09	1.237709e-09	1.447669e-09	1.560691e-09	1.357791e-09	1.288933e-09	8.904361e-10	8.377864e-10	7.916042e-10	6.487462e-10	7.008117e-10	7.223318e-10	7.653306e-10	2.773658e-09	2.336791e-09	1.654038e-09	1.661889e-09	1.795676e-09	1.990933e-09	1.809615e-09	3.175866e-09	3.627344e-09	5.079470e-09	4.452292e-09	3.835217e-09	2.709776e-09	5.132432e-09	6.259344e-09	7.635302e-09	8.096770e-09	9.447024e-09	9.894148e-09	1.135175e-09	9.710920e-10	1.032246e-09	8.132051e-10	8.719849e-10	1.198668e-09	1.318486e-09	1.406972e-09	1.504663e-09	1.260197e-09	7.788221e-10	2.350535e-09	2.025918e-09	1.641236e-09	1.476108e-09	1.736607e-09	2.760141e-09	3.251238e-09	4.267137e-09	3.505661e-09	5.135748e-09	6.226634e-09	7.378797e-09	8.678791e-09	1.112280e-09	9.232603e-10	9.904396e-10	1.044112e-09	8.511161e-10	1.165496e-09	1.208624e-09	1.246511e-09	1.339891e-09	1.279321e-09	1.403255e-09	2.108383e-09	2.460128e-09	1.883105e-09	1.548650e-09	1.359974e-09	1.424285e-09	1.596838e-09	1.750874e-09	2.929533e-09	4.023120e-09	3.185103e-09	5.334372e-09	1.099312e-09	9.271245e-10	1.157543e-09	1.196891e-09	1.236518e-09	1.342390e-09	1.929608e-09	2.253018e-09	2.684599e-09	1.566120e-09	1.744755e-09	3.187537e-09	2.036231e-09	2.504521e-09	

----------------------------------------------------------------------------------------------------------------
2nd subdiagonal of C =
1.119880e-04	9.113786e-05	1.071435e-04	1.631286e-04	1.468373e-04	9.685828e-05	1.057124e-04	1.130108e-04	7.988615e-05	6.260949e-05	5.190321e-05	1.012498e-04	2.442197e-04	2.272287e-04	1.303348e-04	7.941824e-05	5.932032e-05	8.420993e-05	1.198273e-04	1.519800e-04	1.251076e-04	6.631446e-05	5.734506e-05	4.745100e-05	3.901093e-05	2.996212e-05	2.928964e-05	9.542264e-05	3.239037e-04	3.035640e-04	2.067041e-04	1.408966e-04	7.899819e-05	5.130437e-05	6.144805e-05	5.184006e-05	6.230821e-05	1.033878e-04	1.410813e-04	2.840709e-04	1.613025e-04	6.436757e-05	5.325511e-05	5.130182e-05	4.399370e-05	4.214389e-05	3.691996e-05	2.494443e-05	1.822260e-05	1.575563e-05	1.893176e-05	2.228464e-05	9.399663e-05	4.315434e-04	2.447482e-04	1.509342e-04	1.040221e-04	5.498460e-05	4.246282e-05	3.901333e-05	2.855806e-05	2.099374e-05	1.931845e-05	4.241141e-05	7.642778e-05	1.015292e-04	1.971424e-04	3.180638e-04	1.341052e-04	5.165826e-05	4.622639e-05	4.480000e-05	3.617058e-05	2.470104e-05	1.844937e-05	1.343200e-05	1.064451e-05	1.038182e-05	1.240135e-05	5.431030e-05	3.187917e-04	2.507432e-04	1.584778e-04	1.139852e-04	8.135730e-05	4.861021e-05	3.156467e-05	2.258837e-05	1.960642e-05	1.820234e-05	1.245325e-05	8.957562e-06	1.085223e-05	2.777977e-05	5.774255e-05	6.754340e-05	8.664366e-05	1.086841e-04	1.481106e-04	1.967030e-04	2.388048e-04	9.451188e-05	1.857086e-05	7.618776e-06	6.964401e-06	7.761855e-06	3.360780e-05	1.703931e-04	1.621382e-04	1.593245e-04	1.191145e-04	8.529674e-05	5.760213e-05	3.447673e-05	2.311871e-05	1.739374e-05	1.332161e-05	1.332527e-05	1.207491e-05	7.814622e-06	6.105853e-06	4.904962e-06	4.668059e-06	1.735020e-05	5.522317e-05	5.091255e-05	4.845697e-05	5.614455e-05	7.422219e-05	9.013501e-05	1.207682e-04	1.423975e-04	1.620953e-04	2.533599e-05	5.326227e-06	4.540184e-06	1.827266e-05	1.156330e-04	8.502640e-05	7.719716e-05	8.076759e-05	6.542101e-05	6.521699e-05	6.975978e-05	5.864092e-05	4.677202e-05	2.981523e-05	1.702358e-05	1.400893e-05	1.309939e-05	9.346775e-06	8.577400e-06	8.294183e-06	5.233412e-06	3.229964e-06	2.170489e-06	2.131095e-06	3.167001e-06	1.458849e-05	6.265971e-05	7.387086e-05	9.553059e-05	1.125399e-04	1.131144e-04	1.422550e-05	3.142792e-06	2.920414e-06	2.680171e-06	1.308780e-05	8.823358e-05	6.725768e-05	5.044087e-05	4.360322e-05	4.313854e-05	3.945112e-05	2.876611e-05	3.406291e-05	3.859871e-05	3.718120e-05	3.774605e-05	2.415496e-05	1.504503e-05	9.444271e-06	7.292052e-06	8.143020e-06	7.513691e-06	4.811262e-06	4.396581e-06	3.596073e-06	2.249236e-06	1.559705e-06	1.303064e-06	1.140896e-06	8.963083e-07	1.379717e-06	1.778637e-06	1.873267e-06	1.449219e-05	1.041700e-04	1.005880e-04	1.067354e-05	1.804447e-06	1.781074e-06	6.732048e-06	2.804680e-05	2.062061e-05	1.838831e-05	1.298839e-05	1.384380e-05	2.464656e-05	2.647180e-05	1.546998e-05	8.520099e-06	5.001587e-06	4.243122e-06	4.810925e-06	4.331878e-06	2.650588e-06	1.889748e-06	1.196450e-06	7.002769e-07	8.840005e-07	1.070129e-06	7.499336e-07	6.024905e-07	5.416753e-07	8.663813e-07	1.182183e-06	1.018959e-06	1.162371e-06	1.207953e-06	1.268030e-06	3.119792e-06	9.606339e-06	8.614728e-06	7.825338e-06	4.808998e-06	6.302881e-06	7.785624e-06	5.810029e-06	4.637774e-06	3.398589e-06	2.885724e-06	2.365919e-06	2.428712e-06	1.861793e-06	1.124295e-06	9.825271e-07	6.620396e-07	4.556314e-07	3.784849e-07	5.444074e-07	7.692435e-07	5.080436e-07	4.183882e-07	4.206398e-07	3.802826e-07	4.477172e-07	6.317175e-07	6.664072e-07	7.462622e-07	7.945773e-07	1.620160e-06	4.793532e-06	4.154597e-06	3.056667e-06	1.770220e-06	1.302986e-06	1.578958e-06	2.656609e-06	2.473808e-06	1.909948e-06	1.683800e-06	1.429991e-06	1.363980e-06	1.059594e-06	7.825393e-07	6.040545e-07	5.299357e-07	4.019806e-07	2.881745e-07	2.401618e-07	1.896925e-07	2.015503e-07	2.050651e-07	2.731053e-07	3.533662e-07	2.835843e-07	2.938151e-07	3.497778e-07	4.346391e-07	8.779263e-07	2.470846e-06	1.947438e-06	1.246304e-06	8.802666e-07	6.638299e-07	5.402407e-07	6.835303e-07	9.136673e-07	1.017644e-06	9.978561e-07	8.366943e-07	8.153244e-07	7.751303e-07	5.791539e-07	3.881431e-07	3.064251e-07	2.857958e-07	2.439372e-07	1.870721e-07	1.515654e-07	1.279695e-07	1.125538e-07	1.021542e-07	1.420605e-07	1.873027e-07	1.416233e-07	1.950507e-07	2.455132e-07	1.804704e-07	3.940097e-07	1.509689e-06	1.215261e-06	7.994843e-07	5.320502e-07	3.736881e-07	2.665457e-07	2.502274e-07	2.588958e-07	3.256865e-07	4.654544e-07	5.261727e-07	5.168870e-07	4.550854e-07	4.297815e-07	3.056004e-07	2.395551e-07	2.064800e-07	1.622763e-07	1.599632e-07	1.587928e-07	1.288234e-07	1.044663e-07	8.610333e-08	7.117842e-08	7.266400e-08	7.544509e-08	6.081331e-08	8.914816e-08	1.324731e-07	1.151568e-07	1.125079e-07	2.276522e-07	6.688214e-07	5.023778e-07	2.812287e-07	2.038438e-07	1.827276e-07	1.365093e-07	1.389766e-07	1.517567e-07	1.772643e-07	1.810678e-07	1.855969e-07	2.835000e-07	2.931493e-07	2.635344e-07	2.461376e-07	1.877887e-07	1.536868e-07	1.368798e-07	1.103435e-07	1.072277e-07	9.867151e-08	8.952673e-08	9.474657e-08	8.679132e-08	6.601793e-08	5.013012e-08	4.127510e-08	5.450206e-08	6.469137e-08	5.506043e-08	5.255380e-08	4.222323e-08	3.471115e-08	4.360448e-08	6.165331e-08	1.313757e-07	1.160246e-07	1.236019e-07	1.420506e-07	1.411338e-07	1.480316e-07	1.461891e-07	1.549746e-07	1.506873e-07	1.475254e-07	1.844436e-07	1.732318e-07	1.571970e-07	1.290090e-07	1.063478e-07	8.847456e-08	6.839718e-08	6.408430e-08	5.625820e-08	5.905382e-08	5.078442e-08	4.377874e-08	3.912994e-08	3.326265e-08	2.876041e-08	2.800803e-08	3.099528e-08	3.826080e-08	3.410956e-08	2.906197e-08	2.646843e-08	2.785666e-08	3.712764e-08	1.009474e-07	1.218885e-07	1.702826e-07	2.423346e-07	2.304124e-07	2.039173e-07	2.226151e-07	1.573530e-07	1.421026e-07	1.619019e-07	1.305727e-07	1.223002e-07	1.181114e-07	1.060733e-07	9.414165e-08	8.395532e-08	7.450588e-08	5.158603e-08	4.594073e-08	4.136220e-08	4.210885e-08	5.277174e-08	4.912805e-08	3.693253e-08	3.110585e-08	2.751060e-08	2.608455e-08	2.769201e-08	2.514183e-08	2.885357e-08	2.645188e-08	2.479654e-08	2.603638e-08	2.534573e-08	2.416983e-08	1.748528e-08	2.442705e-07	3.615997e-07	3.532200e-07	4.408159e-07	5.766851e-07	4.893098e-07	3.450029e-07	2.062655e-07	1.888245e-07	2.046842e-07	1.509592e-07	1.315254e-07	1.157406e-07	1.114858e-07	1.119971e-07	8.439570e-08	4.768914e-08	3.694051e-08	3.374257e-08	3.721411e-08	5.352403e-08	4.995694e-08	3.405170e-08	3.147804e-08	3.228196e-08	3.126679e-08	2.954113e-08	3.167111e-08	3.868613e-08	4.327692e-08	4.226310e-08	2.746075e-08	2.406174e-08	2.616530e-08	2.381444e-08	2.381284e-08	1.541187e-08	4.253804e-07	6.012785e-07	8.905145e-07	1.226182e-06	1.290747e-06	1.019482e-06	6.066717e-07	3.334743e-07	2.985879e-07	3.466376e-07	2.958790e-07	2.200630e-07	2.003326e-07	2.065560e-07	2.036592e-07	1.910986e-07	1.419822e-07	9.916947e-08	4.862809e-08	3.930719e-08	4.022618e-08	4.369381e-08	4.020432e-08	4.429550e-08	4.565045e-08	3.600921e-08	3.639170e-08	5.114580e-08	6.281245e-08	6.377332e-08	6.188527e-08	5.264044e-08	4.738410e-08	1.990978e-08	7.608938e-07	1.023916e-06	1.698392e-06	2.283680e-06	2.306713e-06	2.547857e-06	1.944753e-06	1.183080e-06	8.297914e-07	5.976520e-07	5.000412e-07	4.497435e-07	3.405327e-07	3.388490e-07	3.398635e-07	2.579438e-07	1.655154e-07	1.407404e-07	1.208322e-07	6.574852e-08	5.444533e-08	5.859800e-08	5.900945e-08	6.161928e-08	7.295517e-08	8.629254e-08	7.952283e-08	8.466047e-08	1.073249e-07	1.065835e-07	9.954493e-08	9.409532e-08	2.958438e-08	1.997945e-06	3.857891e-06	3.924082e-06	2.841164e-06	2.781444e-06	4.203385e-06	5.026016e-06	3.109840e-06	2.651445e-06	2.214285e-06	1.099622e-06	8.407849e-07	7.626439e-07	7.444386e-07	5.676042e-07	4.125148e-07	3.109550e-07	1.984712e-07	1.049404e-07	8.878285e-08	1.259746e-07	1.070264e-07	9.039007e-08	1.015615e-07	1.204529e-07	1.521530e-07	1.341393e-07	1.302704e-07	1.474480e-07	1.612460e-07	1.839929e-07	1.820444e-07	1.856427e-07	9.698464e-08	6.754249e-06	5.838824e-06	7.562365e-06	9.320259e-06	8.045014e-06	4.277946e-06	3.387327e-06	2.869703e-06	1.568081e-06	1.266588e-06	1.248896e-06	1.242570e-06	9.389053e-07	6.496695e-07	4.449920e-07	2.931376e-07	2.205832e-07	1.780107e-07	1.445961e-07	1.681376e-07	1.954938e-07	1.703328e-07	1.605852e-07	2.150882e-07	2.554286e-07	2.680180e-07	2.623708e-07	2.729801e-07	3.220201e-07	3.129829e-07	3.765226e-07	1.465328e-07	1.066061e-05	1.153127e-05	1.429751e-05	1.689277e-05	1.455525e-05	1.038329e-05	9.738222e-06	5.939982e-06	3.965737e-06	3.585464e-06	2.160638e-06	2.214771e-06	2.301803e-06	1.640579e-06	1.257427e-06	1.013946e-06	6.911454e-07	3.884653e-07	3.192805e-07	2.877524e-07	2.123812e-07	2.528582e-07	3.132569e-07	3.348871e-07	3.020367e-07	3.016670e-07	4.386128e-07	4.624658e-07	4.598944e-07	4.953443e-07	4.569093e-07	5.072773e-07	6.229198e-07	9.461625e-07	2.677723e-07	1.611709e-05	1.737410e-05	2.391955e-05	2.952863e-05	2.587258e-05	2.072466e-05	1.607472e-05	1.161835e-05	5.516265e-06	3.857200e-06	6.303882e-06	5.728013e-06	3.573755e-06	2.500212e-06	1.703782e-06	1.172577e-06	7.337444e-07	5.429132e-07	4.908236e-07	4.883513e-07	5.889668e-07	6.784790e-07	7.333274e-07	7.768093e-07	6.971133e-07	7.203613e-07	7.890653e-07	8.550326e-07	1.050137e-06	1.472436e-06	2.262203e-06	3.081765e-06	3.900459e-07	2.057387e-05	2.261591e-05	2.327679e-05	2.447250e-05	3.623215e-05	4.770496e-05	4.344573e-05	3.433371e-05	2.639496e-05	1.941057e-05	1.070368e-05	9.119932e-06	8.286210e-06	5.242957e-06	3.618955e-06	2.668902e-06	1.999565e-06	1.064399e-06	9.347319e-07	8.843437e-07	7.491535e-07	9.347970e-07	1.145814e-06	1.200620e-06	1.270378e-06	1.192589e-06	1.264436e-06	1.412724e-06	1.715937e-06	3.003283e-06	4.452680e-06	6.023258e-06	5.652528e-07	2.956057e-05	3.377452e-05	3.759662e-05	5.148414e-05	6.287485e-05	6.583047e-05	5.479941e-05	4.052212e-05	3.313006e-05	2.444361e-05	1.465068e-05	9.372469e-06	7.095476e-06	4.838990e-06	3.984991e-06	2.969420e-06	2.557720e-06	2.238261e-06	1.328452e-06	1.222565e-06	1.256687e-06	1.320078e-06	1.595656e-06	1.713781e-06	1.970304e-06	2.102607e-06	1.958266e-06	2.220299e-06	2.544300e-06	2.526270e-06	3.324613e-06	5.128124e-06	7.087527e-06	1.021803e-05	7.874775e-07	3.483521e-05	4.284183e-05	5.138258e-05	6.883256e-05	8.037511e-05	6.300354e-05	6.067519e-05	8.060030e-05	6.761994e-05	4.136539e-05	3.100599e-05	2.057472e-05	1.276797e-05	8.376241e-06	5.001201e-06	3.157128e-06	2.479614e-06	2.156443e-06	1.637586e-06	1.654858e-06	1.945935e-06	2.445527e-06	2.768728e-06	2.807208e-06	3.234629e-06	3.418081e-06	3.209794e-06	3.864068e-06	4.751974e-06	5.429969e-06	6.816132e-06	8.135991e-06	1.181712e-05	1.834381e-05	2.218956e-05	1.040767e-06	2.858247e-05	3.135317e-05	4.899874e-05	7.447958e-05	8.681652e-05	7.102926e-05	7.559172e-05	9.748441e-05	7.700475e-05	4.189837e-05	2.488012e-05	1.485002e-05	9.362899e-06	6.105204e-06	4.061428e-06	3.232892e-06	2.790693e-06	2.559565e-06	3.238917e-06	4.394043e-06	4.917110e-06	4.836513e-06	5.502283e-06	7.564376e-06	7.998559e-06	8.272865e-06	9.857724e-06	1.120100e-05	1.756408e-05	2.033775e-05	2.441860e-05	3.507159e-05	1.415842e-06	2.813151e-05	2.484649e-05	2.522053e-05	2.583771e-05	2.746453e-05	4.609248e-05	6.858124e-05	7.278582e-05	6.871608e-05	8.282767e-05	6.960454e-05	4.128111e-05	2.421554e-05	1.573906e-05	1.115777e-05	6.725641e-06	5.681405e-06	4.965938e-06	4.464565e-06	4.787209e-06	5.686142e-06	7.755833e-06	8.508976e-06	9.779839e-06	1.272141e-05	1.500725e-05	1.471458e-05	2.222908e-05	2.777967e-05	3.621664e-05	5.844560e-05	1.980907e-06	2.699735e-05	2.392623e-05	2.342796e-05	2.641711e-05	2.919388e-05	2.864135e-05	2.109109e-05	4.573053e-05	4.250944e-05	3.503378e-05	4.770587e-05	3.911391e-05	3.308151e-05	2.657664e-05	1.585748e-05	1.099813e-05	7.884388e-06	6.462604e-06	5.678411e-06	6.119381e-06	7.299304e-06	9.866666e-06	1.290478e-05	1.432411e-05	1.515045e-05	1.495649e-05	1.732575e-05	1.951612e-05	2.136682e-05	3.216971e-05	3.703557e-05	4.755287e-05	8.689035e-05	1.091571e-04	2.867351e-06	2.303570e-05	2.441548e-05	2.797969e-05	2.949533e-05	3.409071e-05	3.366669e-05	2.067279e-05	2.281772e-05	2.522935e-05	3.021491e-05	2.200088e-05	1.918886e-05	1.631242e-05	2.104905e-05	1.708114e-05	1.045589e-05	8.094235e-06	7.937680e-06	7.437734e-06	7.604135e-06	9.704571e-06	1.655949e-05	2.329189e-05	2.855847e-05	2.830040e-05	2.316969e-05	2.656685e-05	3.144170e-05	4.237703e-05	6.137801e-05	8.508201e-05	1.449068e-04	1.823709e-04	1.844736e-04	3.828336e-06	2.644587e-05	3.741840e-05	2.915627e-05	2.765928e-05	3.598293e-05	4.227922e-05	4.179819e-05	2.362644e-05	2.057060e-05	1.623591e-05	2.023891e-05	1.720756e-05	1.472231e-05	1.635081e-05	1.354077e-05	1.426358e-05	9.846352e-06	7.726426e-06	1.002059e-05	9.780229e-06	1.035797e-05	1.445032e-05	2.005474e-05	3.818876e-05	4.932752e-05	5.221830e-05	6.051080e-05	6.748491e-05	9.033421e-05	1.905356e-04	2.408045e-04	2.167379e-04	3.060029e-06	4.841362e-05	4.572107e-05	3.400682e-05	3.306862e-05	4.481600e-05	4.766031e-05	4.657190e-05	4.763278e-05	5.020416e-05	3.196171e-05	1.291741e-05	1.319001e-05	1.152747e-05	1.067606e-05	1.152976e-05	1.931163e-05	1.032150e-05	8.880502e-06	9.402621e-06	1.791631e-05	1.201087e-05	1.000345e-05	2.152508e-05	6.371037e-05	8.230866e-05	9.316927e-05	2.442058e-04	5.674284e-04	3.704110e-04	2.705221e-04	4.154132e-06	5.768069e-05	5.544846e-05	5.802944e-05	5.556900e-05	4.070078e-05	3.886810e-05	4.975632e-05	5.560714e-05	5.388134e-05	5.166542e-05	5.195438e-05	5.199814e-05	1.093501e-05	9.098244e-06	1.020631e-05	8.762486e-06	1.077888e-05	1.958659e-05	2.273971e-05	8.088375e-06	2.586066e-05	1.565644e-05	1.189508e-05	2.875925e-05	7.510664e-05	1.225095e-04	1.525767e-04	2.668103e-04	5.881507e-04	7.979421e-04	4.914683e-04	5.085799e-06	7.213449e-05	6.850534e-05	6.362442e-05	6.522981e-05	7.260081e-05	5.949532e-05	5.264629e-05	6.784570e-05	6.445192e-05	5.645635e-05	5.569442e-05	5.488974e-05	5.594317e-05	5.195121e-05	1.482858e-05	9.978946e-06	1.776473e-05	2.794914e-05	2.549094e-05	1.974771e-05	1.647183e-05	2.836973e-05	9.994013e-06	3.329084e-05	1.735842e-05	1.160320e-05	2.996963e-05	9.522298e-05	1.520238e-04	2.728843e-04	5.179447e-04	7.086822e-04	7.751579e-04	4.594365e-04	6.222723e-06	8.479972e-05	8.852046e-05	7.735428e-05	6.746367e-05	7.985025e-05	9.394532e-05	8.092040e-05	7.487872e-05	9.603821e-05	7.703063e-05	5.687446e-05	5.539083e-05	5.502613e-05	5.844693e-05	5.304274e-05	4.393640e-05	1.565334e-05	1.168166e-05	2.192410e-05	4.345137e-05	3.297266e-05	2.105960e-05	1.921487e-05	1.204316e-05	2.979283e-05	4.047100e-05	5.047065e-05	2.643983e-05	3.188364e-05	1.418619e-04	2.323116e-04	3.382226e-04	4.694820e-04	5.600238e-04	6.467302e-04	6.758496e-06	1.080229e-04	1.116080e-04	9.638693e-05	8.050480e-05	1.011595e-04	1.261948e-04	1.163855e-04	8.151950e-05	9.325324e-05	1.347557e-04	9.308612e-05	6.153162e-05	6.147002e-05	5.321583e-05	4.964740e-05	5.434460e-05	5.878976e-05	2.001066e-05	1.298789e-05	2.415953e-05	4.812478e-05	3.698355e-05	2.430950e-05	2.266748e-05	1.385839e-05	2.101238e-05	3.926726e-05	5.678098e-05	4.278296e-05	1.962426e-05	2.760384e-05	1.100578e-04	1.901801e-04	2.728147e-04	3.633726e-04	4.645182e-04	7.826118e-06	1.384147e-04	1.382960e-04	1.064609e-04	8.029721e-05	1.334791e-04	1.652140e-04	1.147728e-04	7.797290e-05	1.061010e-04	1.100195e-04	2.369587e-05	1.530994e-05	2.394206e-05	4.729163e-05	3.894095e-05	1.554089e-05	1.961722e-05	3.559200e-05	4.307209e-05	5.615051e-05	1.261962e-04	2.032672e-04	3.005307e-04	9.178235e-06	1.561489e-04	1.373653e-04	1.656095e-04	1.293754e-04	1.432688e-04	2.087667e-04	1.896605e-04	1.393528e-04	1.212577e-04	1.053425e-04	3.022419e-05	1.567106e-05	1.584472e-05	2.695065e-05	5.972728e-05	7.058745e-05	4.236526e-05	2.652693e-05	1.571821e-05	3.397252e-05	3.971900e-05	5.541464e-05	1.505436e-05	1.580916e-04	1.636959e-04	2.082834e-04	1.869218e-04	1.222300e-04	3.487539e-05	1.635280e-05	1.760382e-05	1.728383e-05	2.657326e-05	1.655783e-05	1.845423e-05	1.634253e-05	

[Done] exited with code=0 in 11.563 seconds