-0.142083
-0.142203
-0.142540
-0.143077
-0.143803
-0.144707
-0.145784
-0.147029
-0.148438
-0.150009
-0.151740
-0.153631
-0.155683
-0.157894
-0.160267
-0.162804
-0.165505
-0.168373
-0.171411
-0.174622
-0.178009
-0.181576
-0.185327
-0.189266
-0.193398
-0.197728
-0.202260
-0.207001
-0.211956
-0.217131
-0.222533
-0.228169
-0.234046
-0.240170
-0.246551
-0.253196
-0.260114
-0.267314
-0.274805
-0.282596
-0.290699
-0.299124
-0.307881
-0.316983
-0.326440
-0.336267
-0.346476
-0.357079
-0.368092
-0.379529
-0.391405
-0.403736
-0.416537
-0.429825
-0.443617
-0.457931
-0.472785
-0.488196
-0.504182
-0.520762
-0.537954
-0.555776
-0.574245
-0.593379
-0.613195
-0.633706
-0.654929
-0.676876
-0.699561
-0.722993
-0.747183
-0.772138
-0.797867
-0.824374
-0.851664
-0.879742
-0.908611
-0.938275
-0.968736
-1.000000
-0.141831
-0.141950
-0.142287
-0.142823
-0.143547
-0.144450
-0.145525
-0.146767
-0.148174
-0.149742
-0.151470
-0.153358
-0.155406
-0.157613
-0.159982
-0.162514
-0.165210
-0.168073
-0.171106
-0.174311
-0.177693
-0.181253
-0.184998
-0.188930
-0.193054
-0.197376
-0.201900
-0.206633
-0.211579
-0.216745
-0.222138
-0.227763
-0.233629
-0.239743
-0.246113
-0.252746
-0.259651
-0.266838
-0.274316
-0.282094
-0.290182
-0.298592
-0.307333
-0.316419
-0.325860
-0.335669
-0.345859
-0.356444
-0.367438
-0.378854
-0.390709
-0.403018
-0.415796
-0.429060
-0.442828
-0.457117
-0.471944
-0.487327
-0.503285
-0.519836
-0.536997
-0.554788
-0.573224
-0.592324
-0.612104
-0.632579
-0.653764
-0.675673
-0.698317
-0.721707
-0.745854
-0.770765
-0.796448
-0.822908
-0.850149
-0.878178
-0.906995
-0.936606
-0.967013
-0.998221
-0.141073
-0.141192
-0.141527
-0.142060
-0.142780
-0.143678
-0.144748
-0.145984
-0.147383
-0.148942
-0.150661
-0.152539
-0.154576
-0.156772
-0.159128
-0.161646
-0.164328
-0.167176
-0.170193
-0.173381
-0.176744
-0.180286
-0.184010
-0.187921
-0.192024
-0.196322
-0.200823
-0.205530
-0.210449
-0.215588
-0.220952
-0.226547
-0.232382
-0.238463
-0.244799
-0.251396
-0.258265
-0.265414
-0.272851
-0.280588
-0.288633
-0.296998
-0.305693
-0.314729
-0.324120
-0.333877
-0.344013
-0.354541
-0.365476
-0.376832
-0.388623
-0.400866
-0.413576
-0.426770
-0.440464
-0.454676
-0.469424
-0.484726
-0.500598
-0.517060
-0.534130
-0.551826
-0.570164
-0.589162
-0.608836
-0.629202
-0.650274
-0.672065
-0.694588
-0.717854
-0.741872
-0.766650
-0.792196
-0.818514
-0.845611
-0.873489
-0.902153
-0.931606
-0.961851
-0.992892
-0.139814
-0.139932
-0.140264
-0.140792
-0.141506
-0.142396
-0.143456
-0.144681
-0.146067
-0.147613
-0.149317
-0.151178
-0.153197
-0.155373
-0.157708
-0.160204
-0.162862
-0.165684
-0.168674
-0.171833
-0.175166
-0.178677
-0.182368
-0.186244
-0.190310
-0.194570
-0.199030
-0.203695
-0.208571
-0.213664
-0.218980
-0.224525
-0.230308
-0.236335
-0.242614
-0.249153
-0.255960
-0.263045
-0.270416
-0.278084
-0.286057
-0.294347
-0.302964
-0.311921
-0.321228
-0.330897
-0.340943
-0.351377
-0.362214
-0.373469
-0.385155
-0.397288
-0.409885
-0.422961
-0.436533
-0.450619
-0.465235
-0.480400
-0.496131
-0.512446
-0.529363
-0.546901
-0.565075
-0.583904
-0.603402
-0.623586
-0.644470
-0.666067
-0.688389
-0.711448
-0.735251
-0.759808
-0.785126
-0.811209
-0.838064
-0.865693
-0.894102
-0.923291
-0.953267
-0.984031
-0.138058
-0.138175
-0.138502
-0.139024
-0.139729
-0.140607
-0.141654
-0.142863
-0.144232
-0.145759
-0.147441
-0.149279
-0.151272
-0.153421
-0.155727
-0.158191
-0.160816
-0.163603
-0.166555
-0.169675
-0.172966
-0.176432
-0.180077
-0.183904
-0.187919
-0.192126
-0.196530
-0.201136
-0.205951
-0.210980
-0.216229
-0.221705
-0.227415
-0.233366
-0.239566
-0.246023
-0.252745
-0.259741
-0.267019
-0.274590
-0.282463
-0.290649
-0.299159
-0.308002
-0.317192
-0.326740
-0.336660
-0.346963
-0.357664
-0.368777
-0.380317
-0.392298
-0.404736
-0.417648
-0.431049
-0.444958
-0.459391
-0.474365
-0.489898
-0.506009
-0.522713
-0.540031
-0.557977
-0.576569
-0.595822
-0.615753
-0.636374
-0.657700
-0.679742
-0.702510
-0.726015
-0.750263
-0.775263
-0.801019
-0.827536
-0.854819
-0.882870
-0.911693
-0.941291
-0.971669
-0.135810
-0.135925
-0.136247
-0.136761
-0.137454
-0.138318
-0.139348
-0.140538
-0.141884
-0.143386
-0.145041
-0.146849
-0.148809
-0.150923
-0.153192
-0.155616
-0.158198
-0.160939
-0.163843
-0.166913
-0.170150
-0.173560
-0.177145
-0.180911
-0.184860
-0.188998
-0.193331
-0.197862
-0.202598
-0.207545
-0.212709
-0.218096
-0.223713
-0.229567
-0.235666
-0.242018
-0.248630
-0.255512
-0.262672
-0.270120
-0.277865
-0.285918
-0.294289
-0.302988
-0.312029
-0.321421
-0.331179
-0.341315
-0.351842
-0.362774
-0.374125
-0.385911
-0.398147
-0.410849
-0.424032
-0.437714
-0.451912
-0.466642
-0.481923
-0.497771
-0.514204
-0.531239
-0.548893
-0.567183
-0.586123
-0.605729
-0.626015
-0.646993
-0.668676
-0.691074
-0.714196
-0.738050
-0.762642
-0.787979
-0.814064
-0.840903
-0.868497
-0.896851
-0.925968
-0.955851
-0.133080
-0.133192
-0.133508
-0.134011
-0.134690
-0.135537
-0.136546
-0.137712
-0.139032
-0.140503
-0.142125
-0.143896
-0.145818
-0.147889
-0.150112
-0.152487
-0.155017
-0.157704
-0.160549
-0.163557
-0.166729
-0.170070
-0.173584
-0.177273
-0.181143
-0.185199
-0.189444
-0.193884
-0.198525
-0.203372
-0.208432
-0.213711
-0.219215
-0.224952
-0.230928
-0.237152
-0.243632
-0.250375
-0.257391
-0.264689
-0.272279
-0.280169
-0.288372
-0.296897
-0.305755
-0.314959
-0.324521
-0.334453
-0.344768
-0.355480
-0.366603
-0.378152
-0.390142
-0.402588
-0.415507
-0.428914
-0.442826
-0.457260
-0.472234
-0.487763
-0.503866
-0.520558
-0.537858
-0.555779
-0.574339
-0.593550
-0.613428
-0.633985
-0.655232
-0.677180
-0.699837
-0.723211
-0.747309
-0.772136
-0.797697
-0.823996
-0.851036
-0.878820
-0.907351
-0.936634
-0.129876
-0.129986
-0.130294
-0.130785
-0.131448
-0.132274
-0.133259
-0.134396
-0.135684
-0.137120
-0.138703
-0.140432
-0.142307
-0.144329
-0.146498
-0.148816
-0.151285
-0.153907
-0.156684
-0.159619
-0.162715
-0.165976
-0.169405
-0.173005
-0.176782
-0.180740
-0.184883
-0.189216
-0.193745
-0.198476
-0.203414
-0.208566
-0.213937
-0.219536
-0.225368
-0.231443
-0.237766
-0.244347
-0.251194
-0.258317
-0.265723
-0.273424
-0.281429
-0.289749
-0.298394
-0.307376
-0.316708
-0.326400
-0.336467
-0.346922
-0.357777
-0.369048
-0.380749
-0.392896
-0.405503
-0.418588
-0.432165
-0.446252
-0.460865
-0.476020
-0.491735
-0.508026
-0.524908
-0.542399
-0.560511
-0.579261
-0.598660
-0.618722
-0.639457
-0.660876
-0.682988
-0.705799
-0.729317
-0.753547
-0.778492
-0.804158
-0.830547
-0.857662
-0.885506
-0.914084
-0.126210
-0.126317
-0.126616
-0.127093
-0.127737
-0.128541
-0.129497
-0.130603
-0.131855
-0.133250
-0.134788
-0.136468
-0.138290
-0.140255
-0.142363
-0.144616
-0.147015
-0.149563
-0.152261
-0.155114
-0.158122
-0.161291
-0.164623
-0.168122
-0.171792
-0.175638
-0.179664
-0.183875
-0.188277
-0.192874
-0.197673
-0.202679
-0.207899
-0.213339
-0.219007
-0.224910
-0.231055
-0.237450
-0.244104
-0.251025
-0.258223
-0.265706
-0.273485
-0.281570
-0.289971
-0.298700
-0.307768
-0.317187
-0.326970
-0.337129
-0.347679
-0.358631
-0.370002
-0.381806
-0.394058
-0.406773
-0.419967
-0.433656
-0.447856
-0.462584
-0.477855
-0.493686
-0.510092
-0.527089
-0.544690
-0.562910
-0.581762
-0.601258
-0.621408
-0.642222
-0.663710
-0.685877
-0.708731
-0.732277
-0.756519
-0.781460
-0.807104
-0.833453
-0.860512
-0.888283
-0.122095
-0.122198
-0.122488
-0.122949
-0.123573
-0.124350
-0.125275
-0.126345
-0.127556
-0.128906
-0.130394
-0.132019
-0.133781
-0.135682
-0.137721
-0.139901
-0.142222
-0.144686
-0.147297
-0.150056
-0.152967
-0.156032
-0.159256
-0.162641
-0.166191
-0.169912
-0.173807
-0.177880
-0.182138
-0.186586
-0.191228
-0.196071
-0.201120
-0.206384
-0.211867
-0.217577
-0.223522
-0.229709
-0.236146
-0.242841
-0.249804
-0.257043
-0.264569
-0.272390
-0.280517
-0.288962
-0.297734
-0.306846
-0.316310
-0.326138
-0.336343
-0.346939
-0.357939
-0.369358
-0.381210
-0.393510
-0.406274
-0.419517
-0.433254
-0.447502
-0.462276
-0.477590
-0.493462
-0.509904
-0.526931
-0.544557
-0.562795
-0.581655
-0.601148
-0.621284
-0.642070
-0.663515
-0.685624
-0.708402
-0.731854
-0.755982
-0.780789
-0.806280
-0.832456
-0.859322
-0.117546
-0.117645
-0.117924
-0.118368
-0.118968
-0.119717
-0.120608
-0.121637
-0.122803
-0.124103
-0.125535
-0.127100
-0.128797
-0.130627
-0.132590
-0.134688
-0.136923
-0.139295
-0.141809
-0.144465
-0.147268
-0.150219
-0.153322
-0.156581
-0.159999
-0.163581
-0.167331
-0.171253
-0.175352
-0.179634
-0.184103
-0.188765
-0.193627
-0.198694
-0.203973
-0.209470
-0.215193
-0.221150
-0.227347
-0.233793
-0.240497
-0.247466
-0.254711
-0.262241
-0.270066
-0.278195
-0.286641
-0.295413
-0.304524
-0.313986
-0.323811
-0.334012
-0.344603
-0.355596
-0.367006
-0.378849
-0.391137
-0.403886
-0.417112
-0.430829
-0.445052
-0.459796
-0.475076
-0.490905
-0.507298
-0.524268
-0.541825
-0.559983
-0.578750
-0.598135
-0.618147
-0.638793
-0.660078
-0.682008
-0.704585
-0.727814
-0.751698
-0.776239
-0.801440
-0.827304
-0.112579
-0.112674
-0.112941
-0.113366
-0.113941
-0.114658
-0.115511
-0.116497
-0.117614
-0.118858
-0.120230
-0.121729
-0.123354
-0.125107
-0.126987
-0.128996
-0.131136
-0.133409
-0.135816
-0.138361
-0.141044
-0.143871
-0.146843
-0.149964
-0.153238
-0.156668
-0.160260
-0.164016
-0.167942
-0.172043
-0.176323
-0.180788
-0.185445
-0.190297
-0.195353
-0.200618
-0.206100
-0.211804
-0.217740
-0.223913
-0.230334
-0.237009
-0.243948
-0.251159
-0.258653
-0.266439
-0.274528
-0.282930
-0.291656
-0.300718
-0.310127
-0.319897
-0.330040
-0.340569
-0.351497
-0.362839
-0.374608
-0.386819
-0.399485
-0.412622
-0.426244
-0.440366
-0.455000
-0.470160
-0.485861
-0.502113
-0.518929
-0.536319
-0.554293
-0.572859
-0.592026
-0.611799
-0.632185
-0.653187
-0.674811
-0.697058
-0.719932
-0.743436
-0.767572
-0.792344
-0.107211
-0.107302
-0.107556
-0.107961
-0.108508
-0.109191
-0.110003
-0.110943
-0.112006
-0.113191
-0.114498
-0.115925
-0.117473
-0.119141
-0.120932
-0.122846
-0.124884
-0.127048
-0.129341
-0.131764
-0.134319
-0.137011
-0.139841
-0.142814
-0.145932
-0.149198
-0.152618
-0.156196
-0.159934
-0.163840
-0.167916
-0.172168
-0.176603
-0.181224
-0.186039
-0.191053
-0.196273
-0.201706
-0.207358
-0.213237
-0.219351
-0.225708
-0.232316
-0.239184
-0.246320
-0.253735
-0.261438
-0.269439
-0.277750
-0.286379
-0.295341
-0.304645
-0.314304
-0.324331
-0.334738
-0.345539
-0.356747
-0.368375
-0.380438
-0.392949
-0.405921
-0.419369
-0.433305
-0.447743
-0.462695
-0.478172
-0.494186
-0.510747
-0.527864
-0.545545
-0.563798
-0.582628
-0.602042
-0.622043
-0.642636
-0.663822
-0.685606
-0.707989
-0.730974
-0.754565
-0.101462
-0.101548
-0.101788
-0.102172
-0.102690
-0.103335
-0.104105
-0.104993
-0.106000
-0.107121
-0.108358
-0.109708
-0.111173
-0.112753
-0.114447
-0.116258
-0.118187
-0.120235
-0.122405
-0.124698
-0.127117
-0.129664
-0.132343
-0.135155
-0.138106
-0.141198
-0.144434
-0.147820
-0.151358
-0.155054
-0.158911
-0.162936
-0.167132
-0.171506
-0.176063
-0.180808
-0.185748
-0.190889
-0.196238
-0.201803
-0.207589
-0.213605
-0.219858
-0.226358
-0.233112
-0.240129
-0.247419
-0.254991
-0.262855
-0.271023
-0.279503
-0.288308
-0.297450
-0.306939
-0.316788
-0.327010
-0.337616
-0.348621
-0.360037
-0.371877
-0.384154
-0.396881
-0.410070
-0.423733
-0.437883
-0.452531
-0.467686
-0.483359
-0.499558
-0.516291
-0.533565
-0.551385
-0.569758
-0.588687
-0.608175
-0.628225
-0.648841
-0.670024
-0.691776
-0.714102
-0.095352
-0.095432
-0.095658
-0.096019
-0.096506
-0.097113
-0.097835
-0.098671
-0.099616
-0.100671
-0.101833
-0.103102
-0.104478
-0.105963
-0.107555
-0.109257
-0.111070
-0.112995
-0.115034
-0.117189
-0.119462
-0.121856
-0.124373
-0.127016
-0.129789
-0.132695
-0.135737
-0.138918
-0.142243
-0.145716
-0.149342
-0.153124
-0.157068
-0.161178
-0.165460
-0.169920
-0.174562
-0.179394
-0.184421
-0.189650
-0.195088
-0.200741
-0.206618
-0.212727
-0.219074
-0.225668
-0.232519
-0.239635
-0.247026
-0.254702
-0.262672
-0.270946
-0.279537
-0.288455
-0.297711
-0.307317
-0.317285
-0.327627
-0.338356
-0.349483
-0.361020
-0.372980
-0.385375
-0.398216
-0.411514
-0.425279
-0.439522
-0.454251
-0.469474
-0.485200
-0.501433
-0.518181
-0.535447
-0.553236
-0.571551
-0.590394
-0.609768
-0.629675
-0.650118
-0.671099
-0.088903
-0.088978
-0.089189
-0.089525
-0.089978
-0.090544
-0.091218
-0.091997
-0.092879
-0.093862
-0.094945
-0.096128
-0.097412
-0.098796
-0.100281
-0.101868
-0.103558
-0.105352
-0.107253
-0.109262
-0.111382
-0.113614
-0.115961
-0.118426
-0.121011
-0.123720
-0.126556
-0.129522
-0.132623
-0.135861
-0.139241
-0.142767
-0.146444
-0.150277
-0.154269
-0.158427
-0.162756
-0.167260
-0.171948
-0.176823
-0.181893
-0.187164
-0.192644
-0.198339
-0.204256
-0.210405
-0.216793
-0.223428
-0.230318
-0.237475
-0.244905
-0.252621
-0.260630
-0.268945
-0.277575
-0.286531
-0.295825
-0.305468
-0.315471
-0.325845
-0.336602
-0.347754
-0.359310
-0.371282
-0.383681
-0.396515
-0.409794
-0.423527
-0.437721
-0.452383
-0.467518
-0.483133
-0.499232
-0.515817
-0.532893
-0.550462
-0.568526
-0.587086
-0.606146
-0.625708
-0.082137
-0.082207
-0.082401
-0.082712
-0.083131
-0.083654
-0.084277
-0.084996
-0.085811
-0.086719
-0.087720
-0.088813
-0.089999
-0.091277
-0.092649
-0.094115
-0.095677
-0.097335
-0.099091
-0.100948
-0.102906
-0.104968
-0.107136
-0.109413
-0.111802
-0.114305
-0.116925
-0.119666
-0.122530
-0.125522
-0.128645
-0.131903
-0.135300
-0.138841
-0.142529
-0.146371
-0.150370
-0.154532
-0.158862
-0.163367
-0.168051
-0.172921
-0.177984
-0.183245
-0.188713
-0.194393
-0.200295
-0.206425
-0.212791
-0.219403
-0.226268
-0.233396
-0.240797
-0.248478
-0.256452
-0.264727
-0.273313
-0.282222
-0.291464
-0.301048
-0.310987
-0.321290
-0.331967
-0.343028
-0.354483
-0.366341
-0.378609
-0.391297
-0.404411
-0.417957
-0.431941
-0.446367
-0.461241
-0.476564
-0.492340
-0.508572
-0.525261
-0.542409
-0.560019
-0.578092
-0.075080
-0.075143
-0.075321
-0.075605
-0.075988
-0.076466
-0.077035
-0.077693
-0.078437
-0.079267
-0.080182
-0.081182
-0.082266
-0.083434
-0.084688
-0.086029
-0.087456
-0.088972
-0.090577
-0.092274
-0.094064
-0.095948
-0.097931
-0.100012
-0.102195
-0.104483
-0.106878
-0.109383
-0.112002
-0.114736
-0.117591
-0.120569
-0.123674
-0.126911
-0.130282
-0.133794
-0.137449
-0.141254
-0.145212
-0.149329
-0.153611
-0.158063
-0.162690
-0.167500
-0.172498
-0.177690
-0.183085
-0.188688
-0.194507
-0.200551
-0.206826
-0.213342
-0.220106
-0.227128
-0.234416
-0.241980
-0.249829
-0.257972
-0.266420
-0.275181
-0.284266
-0.293683
-0.303443
-0.313553
-0.324024
-0.334863
-0.346077
-0.357675
-0.369662
-0.382044
-0.394826
-0.408013
-0.421609
-0.435615
-0.450036
-0.464873
-0.480128
-0.495803
-0.511899
-0.528420
-0.067755
-0.067812
-0.067973
-0.068229
-0.068575
-0.069006
-0.069520
-0.070113
-0.070785
-0.071534
-0.072360
-0.073262
-0.074240
-0.075295
-0.076426
-0.077636
-0.078924
-0.080292
-0.081740
-0.083272
-0.084887
-0.086588
-0.088377
-0.090255
-0.092225
-0.094290
-0.096451
-0.098712
-0.101075
-0.103543
-0.106119
-0.108806
-0.111609
-0.114529
-0.117572
-0.120741
-0.124040
-0.127473
-0.131045
-0.134761
-0.138625
-0.142642
-0.146819
-0.151159
-0.155669
-0.160355
-0.165223
-0.170280
-0.175531
-0.180985
-0.186649
-0.192529
-0.198633
-0.204970
-0.211547
-0.218373
-0.225456
-0.232805
-0.240428
-0.248335
-0.256533
-0.265032
-0.273839
-0.282964
-0.292413
-0.302194
-0.312314
-0.322781
-0.333598
-0.344772
-0.356307
-0.368208
-0.380477
-0.393117
-0.406131
-0.419521
-0.433287
-0.447433
-0.461959
-0.476868
-0.060189
-0.060240
-0.060383
-0.060610
-0.060918
-0.061301
-0.061757
-0.062284
-0.062881
-0.063547
-0.064280
-0.065081
-0.065950
-0.066887
-0.067892
-0.068967
-0.070111
-0.071326
-0.072613
-0.073973
-0.075408
-0.076919
-0.078508
-0.080177
-0.081927
-0.083761
-0.085681
-0.087690
-0.089789
-0.091981
-0.094269
-0.096657
-0.099146
-0.101741
-0.104444
-0.107259
-0.110189
-0.113239
-0.116413
-0.119713
-0.123146
-0.126715
-0.130424
-0.134280
-0.138287
-0.142449
-0.146774
-0.151266
-0.155931
-0.160776
-0.165807
-0.171030
-0.176453
-0.182082
-0.187925
-0.193989
-0.200281
-0.206809
-0.213581
-0.220605
-0.227888
-0.235437
-0.243261
-0.251367
-0.259761
-0.268450
-0.277441
-0.286738
-0.296348
-0.306274
-0.316521
-0.327093
-0.337992
-0.349221
-0.360781
-0.372676
-0.384905
-0.397471
-0.410375
-0.423619
-0.052409
-0.052454
-0.052578
-0.052776
-0.053044
-0.053377
-0.053774
-0.054234
-0.054753
-0.055333
-0.055971
-0.056669
-0.057426
-0.058242
-0.059117
-0.060052
-0.061049
-0.062107
-0.063227
-0.064412
-0.065661
-0.066977
-0.068361
-0.069814
-0.071338
-0.072935
-0.074607
-0.076355
-0.078183
-0.080092
-0.082085
-0.084163
-0.086331
-0.088590
-0.090944
-0.093395
-0.095947
-0.098602
-0.101366
-0.104240
-0.107229
-0.110336
-0.113566
-0.116924
-0.120412
-0.124037
-0.127802
-0.131714
-0.135776
-0.139995
-0.144375
-0.148924
-0.153645
-0.158547
-0.163635
-0.168914
-0.174393
-0.180078
-0.185975
-0.192090
-0.198432
-0.205006
-0.211819
-0.218876
-0.226185
-0.233751
-0.241580
-0.249675
-0.258043
-0.266686
-0.275609
-0.284814
-0.294304
-0.304082
-0.314148
-0.324505
-0.335154
-0.346096
-0.357332
-0.368864
-0.044443
-0.044481
-0.044586
-0.044754
-0.044981
-0.045264
-0.045601
-0.045990
-0.046431
-0.046922
-0.047464
-0.048055
-0.048697
-0.049389
-0.050131
-0.050924
-0.051769
-0.052666
-0.053617
-0.054621
-0.055681
-0.056796
-0.057970
-0.059202
-0.060494
-0.061849
-0.063266
-0.064749
-0.066299
-0.067918
-0.069608
-0.071371
-0.073209
-0.075125
-0.077120
-0.079199
-0.081363
-0.083615
-0.085958
-0.088395
-0.090930
-0.093565
-0.096304
-0.099151
-0.102110
-0.105183
-0.108376
-0.111693
-0.115138
-0.118716
-0.122430
-0.126287
-0.130291
-0.134448
-0.138762
-0.143240
-0.147886
-0.152706
-0.157707
-0.162893
-0.168270
-0.173845
-0.179622
-0.185607
-0.191805
-0.198221
-0.204860
-0.211725
-0.218820
-0.226150
-0.233716
-0.241522
-0.249570
-0.257862
-0.266398
-0.275181
-0.284211
-0.293489
-0.303018
-0.312797
-0.036319
-0.036350
-0.036436
-0.036573
-0.036758
-0.036990
-0.037265
-0.037583
-0.037943
-0.038345
-0.038787
-0.039271
-0.039795
-0.040360
-0.040967
-0.041615
-0.042306
-0.043039
-0.043816
-0.044636
-0.045502
-0.046414
-0.047373
-0.048380
-0.049436
-0.050543
-0.051701
-0.052913
-0.054180
-0.055502
-0.056883
-0.058324
-0.059826
-0.061392
-0.063023
-0.064721
-0.066490
-0.068330
-0.070245
-0.072236
-0.074308
-0.076461
-0.078700
-0.081026
-0.083444
-0.085956
-0.088565
-0.091276
-0.094091
-0.097014
-0.100050
-0.103202
-0.106474
-0.109871
-0.113396
-0.117055
-0.120852
-0.124791
-0.128877
-0.133116
-0.137510
-0.142066
-0.146787
-0.151678
-0.156743
-0.161986
-0.167411
-0.173021
-0.178820
-0.184809
-0.190993
-0.197372
-0.203948
-0.210724
-0.217700
-0.224877
-0.232256
-0.239839
-0.247625
-0.255617
-0.028065
-0.028089
-0.028156
-0.028262
-0.028405
-0.028584
-0.028796
-0.029042
-0.029321
-0.029631
-0.029973
-0.030346
-0.030752
-0.031189
-0.031657
-0.032158
-0.032692
-0.033258
-0.033858
-0.034493
-0.035162
-0.035866
-0.036607
-0.037385
-0.038202
-0.039057
-0.039952
-0.040888
-0.041867
-0.042889
-0.043957
-0.045070
-0.046230
-0.047440
-0.048701
-0.050013
-0.051380
-0.052802
-0.054282
-0.055821
-0.057421
-0.059085
-0.060815
-0.062613
-0.064481
-0.066422
-0.068439
-0.070533
-0.072708
-0.074968
-0.077313
-0.079749
-0.082278
-0.084902
-0.087627
-0.090454
-0.093388
-0.096432
-0.099590
-0.102865
-0.106261
-0.109781
-0.113429
-0.117209
-0.121123
-0.125175
-0.129367
-0.133702
-0.138183
-0.142811
-0.147589
-0.152519
-0.157601
-0.162837
-0.168227
-0.173773
-0.179476
-0.185335
-0.191352
-0.197528
-0.019712
-0.019729
-0.019775
-0.019850
-0.019951
-0.020076
-0.020225
-0.020398
-0.020594
-0.020812
-0.021052
-0.021314
-0.021599
-0.021906
-0.022235
-0.022587
-0.022961
-0.023359
-0.023781
-0.024226
-0.024696
-0.025191
-0.025712
-0.026258
-0.026831
-0.027432
-0.028061
-0.028718
-0.029406
-0.030124
-0.030873
-0.031655
-0.032471
-0.033320
-0.034205
-0.035127
-0.036087
-0.037086
-0.038125
-0.039206
-0.040330
-0.041499
-0.042714
-0.043977
-0.045289
-0.046652
-0.048069
-0.049540
-0.051068
-0.052654
-0.054302
-0.056013
-0.057789
-0.059632
-0.061546
-0.063532
-0.065592
-0.067730
-0.069948
-0.072248
-0.074634
-0.077106
-0.079668
-0.082323
-0.085072
-0.087918
-0.090862
-0.093907
-0.097054
-0.100305
-0.103661
-0.107123
-0.110693
-0.114370
-0.118156
-0.122052
-0.126057
-0.130172
-0.134398
-0.138736
-0.011289
-0.011298
-0.011325
-0.011368
-0.011425
-0.011497
-0.011583
-0.011682
-0.011793
-0.011918
-0.012056
-0.012206
-0.012369
-0.012545
-0.012733
-0.012935
-0.013149
-0.013377
-0.013619
-0.013874
-0.014143
-0.014426
-0.014724
-0.015037
-0.015366
-0.015710
-0.016070
-0.016446
-0.016840
-0.017251
-0.017680
-0.018128
-0.018595
-0.019082
-0.019589
-0.020117
-0.020666
-0.021238
-0.021833
-0.022452
-0.023096
-0.023766
-0.024461
-0.025184
-0.025936
-0.026717
-0.027528
-0.028370
-0.029245
-0.030154
-0.031097
-0.032077
-0.033094
-0.034150
-0.035246
-0.036383
-0.037563
-0.038787
-0.040058
-0.041375
-0.042741
-0.044157
-0.045624
-0.047144
-0.048719
-0.050348
-0.052034
-0.053778
-0.055580
-0.057442
-0.059364
-0.061347
-0.063391
-0.065497
-0.067665
-0.069896
-0.072190
-0.074546
-0.076967
-0.079450
-0.002825
-0.002827
-0.002834
-0.002845
-0.002859
-0.002877
-0.002899
-0.002923
-0.002951
-0.002983
-0.003017
-0.003055
-0.003095
-0.003139
-0.003187
-0.003237
-0.003291
-0.003348
-0.003408
-0.003472
-0.003539
-0.003610
-0.003685
-0.003763
-0.003845
-0.003931
-0.004021
-0.004116
-0.004214
-0.004317
-0.004425
-0.004537
-0.004653
-0.004775
-0.004902
-0.005034
-0.005172
-0.005315
-0.005464
-0.005619
-0.005780
-0.005947
-0.006121
-0.006302
-0.006490
-0.006686
-0.006889
-0.007100
-0.007319
-0.007546
-0.007782
-0.008027
-0.008282
-0.008546
-0.008820
-0.009105
-0.009400
-0.009707
-0.010024
-0.010354
-0.010696
-0.011050
-0.011417
-0.011798
-0.012192
-0.012600
-0.013022
-0.013458
-0.013909
-0.014375
-0.014856
-0.015352
-0.015864
-0.016391
-0.016933
-0.017491
-0.018065
-0.018655
-0.019261
-0.019883
0.005649
0.005653
0.005667
0.005688
0.005717
0.005753
0.005796
0.005845
0.005901
0.005964
0.006033
0.006108
0.006189
0.006277
0.006372
0.006472
0.006580
0.006694
0.006815
0.006942
0.007077
0.007219
0.007368
0.007524
0.007689
0.007861
0.008041
0.008230
0.008427
0.008632
0.008847
0.009071
0.009305
0.009548
0.009802
0.010066
0.010341
0.010627
0.010925
0.011235
0.011557
0.011892
0.012240
0.012602
0.012978
0.013369
0.013775
0.014196
0.014634
0.015089
0.015561
0.016051
0.016560
0.017088
0.017637
0.018206
0.018796
0.019409
0.020044
0.020704
0.021387
0.022096
0.022830
0.023590
0.024378
0.025194
0.026037
0.026910
0.027812
0.028743
0.029705
0.030697
0.031720
0.032774
0.033859
0.034975
0.036123
0.037302
0.038513
0.039756
0.014102
0.014114
0.014148
0.014201
0.014273
0.014363
0.014470
0.014593
0.014733
0.014889
0.015061
0.015248
0.015452
0.015672
0.015907
0.016159
0.016427
0.016712
0.017013
0.017332
0.017668
0.018022
0.018394
0.018785
0.019195
0.019625
0.020075
0.020546
0.021037
0.021551
0.022087
0.022647
0.023230
0.023838
0.024471
0.025131
0.025817
0.026532
0.027275
0.028049
0.028853
0.029689
0.030558
0.031462
0.032400
0.033376
0.034389
0.035441
0.036534
0.037670
0.038848
0.040072
0.041343
0.042662
0.044031
0.045451
0.046926
0.048455
0.050042
0.051687
0.053394
0.055163
0.056996
0.058895
0.060862
0.062898
0.065004
0.067182
0.069434
0.071760
0.074160
0.076637
0.079191
0.081822
0.084531
0.087317
0.090183
0.093127
0.096150
0.099253
0.022506
0.022525
0.022578
0.022663
0.022778
0.022921
0.023092
0.023289
0.023512
0.023761
0.024035
0.024335
0.024660
0.025010
0.025386
0.025788
0.026216
0.026670
0.027151
0.027660
0.028196
0.028761
0.029355
0.029979
0.030634
0.031320
0.032038
0.032788
0.033573
0.034393
0.035249
0.036141
0.037072
0.038042
0.039053
0.040106
0.041201
0.042342
0.043528
0.044763
0.046046
0.047380
0.048768
0.050209
0.051707
0.053264
0.054881
0.056561
0.058305
0.060117
0.061998
0.063951
0.065978
0.068083
0.070268
0.072535
0.074888
0.077329
0.079861
0.082487
0.085211
0.088034
0.090959
0.093990
0.097129
0.100378
0.103739
0.107216
0.110809
0.114520
0.118352
0.122305
0.126380
0.130579
0.134902
0.139349
0.143922
0.148621
0.153446
0.158398
0.030829
0.030855
0.030928
0.031045
0.031202
0.031398
0.031632
0.031902
0.032208
0.032549
0.032924
0.033335
0.033780
0.034260
0.034775
0.035325
0.035911
0.036533
0.037192
0.037889
0.038624
0.039398
0.040212
0.041067
0.041963
0.042903
0.043886
0.044915
0.045990
0.047113
0.048285
0.049508
0.050783
0.052112
0.053496
0.054938
0.056439
0.058001
0.059627
0.061317
0.063075
0.064903
0.066804
0.068778
0.070831
0.072963
0.075178
0.077479
0.079868
0.082350
0.084926
0.087602
0.090379
0.093263
0.096255
0.099361
0.102584
0.105928
0.109397
0.112994
0.116724
0.120591
0.124599
0.128751
0.133050
0.137501
0.142105
0.146868
0.151790
0.156874
0.162123
0.167537
0.173120
0.178871
0.184793
0.190885
0.197149
0.203585
0.210195
0.216978
0.039043
0.039076
0.039168
0.039316
0.039515
0.039764
0.040060
0.040402
0.040789
0.041220
0.041696
0.042216
0.042780
0.043387
0.044039
0.044736
0.045479
0.046267
0.047102
0.047984
0.048915
0.049895
0.050926
0.052008
0.053143
0.054333
0.055579
0.056881
0.058243
0.059665
0.061149
0.062698
0.064313
0.065996
0.067749
0.069575
0.071476
0.073454
0.075513
0.077654
0.079880
0.082195
0.084602
0.087103
0.089702
0.092402
0.095207
0.098121
0.101147
0.104290
0.107553
0.110941
0.114459
0.118110
0.121900
0.125834
0.129915
0.134150
0.138543
0.143099
0.147823
0.152720
0.157795
0.163053
0.168498
0.174134
0.179966
0.185997
0.192230
0.198669
0.205316
0.212174
0.219244
0.226528
0.234027
0.241742
0.249675
0.257826
0.266197
0.274787
0.047117
0.047157
0.047269
0.047447
0.047688
0.047988
0.048345
0.048757
0.049225
0.049746
0.050320
0.050947
0.051627
0.052361
0.053148
0.053989
0.054884
0.055836
0.056843
0.057908
0.059031
0.060214
0.061458
0.062764
0.064135
0.065570
0.067073
0.068645
0.070289
0.072005
0.073796
0.075665
0.077614
0.079645
0.081761
0.083965
0.086259
0.088646
0.091130
0.093714
0.096401
0.099195
0.102099
0.105117
0.108254
0.111513
0.114898
0.118414
0.122066
0.125859
0.129797
0.133886
0.138131
0.142538
0.147112
0.151859
0.156784
0.161895
0.167196
0.172695
0.178396
0.184306
0.190431
0.196776
0.203347
0.210149
0.217187
0.224465
0.231988
0.239758
0.247780
0.256056
0.264588
0.273378
0.282428
0.291739
0.301313
0.311150
0.321251
0.331619
0.055025
0.055071
0.055202
0.055410
0.055690
0.056041
0.056458
0.056940
0.057486
0.058094
0.058764
0.059497
0.060291
0.061148
0.062067
0.063049
0.064095
0.065206
0.066382
0.067626
0.068938
0.070319
0.071772
0.073297
0.074897
0.076574
0.078329
0.080165
0.082084
0.084089
0.086181
0.088363
0.090639
0.093011
0.095482
0.098055
0.100735
0.103523
0.106424
0.109441
0.112579
0.115842
0.119233
0.122758
0.126421
0.130226
0.134180
0.138286
0.142551
0.146981
0.151580
0.156355
0.161312
0.166459
0.171800
0.177343
0.183096
0.189064
0.195255
0.201676
0.208334
0.215236
0.222388
0.229799
0.237472
0.245416
0.253635
0.262134
0.270919
0.279994
0.289362
0.299027
0.308991
0.319256
0.329825
0.340698
0.351879
0.363366
0.375163
0.387271
0.062736
0.062789
0.062938
0.063175
0.063495
0.063895
0.064370
0.064920
0.065542
0.066236
0.067000
0.067835
0.068741
0.069717
0.070765
0.071885
0.073078
0.074344
0.075686
0.077103
0.078599
0.080174
0.081830
0.083570
0.085394
0.087306
0.089307
0.091400
0.093588
0.095873
0.098258
0.100747
0.103342
0.106046
0.108863
0.111798
0.114852
0.118031
0.121339
0.124779
0.128357
0.132077
0.135943
0.139962
0.144138
0.148477
0.152985
0.157667
0.162529
0.167579
0.172823
0.178268
0.183920
0.189787
0.195877
0.202197
0.208756
0.215560
0.222619
0.229940
0.237531
0.245400
0.253555
0.262004
0.270753
0.279810
0.289181
0.298871
0.308888
0.319234
0.329915
0.340934
0.352294
0.363998
0.376048
0.388446
0.401193
0.414291
0.427741
0.441545
0.070224
0.070284
0.070450
0.070716
0.071074
0.071521
0.072054
0.072669
0.073365
0.074142
0.074997
0.075932
0.076946
0.078039
0.079212
0.080465
0.081800
0.083218
0.084720
0.086307
0.087981
0.089744
0.091598
0.093545
0.095587
0.097727
0.099967
0.102310
0.104759
0.107317
0.109987
0.112772
0.115677
0.118704
0.121858
0.125142
0.128561
0.132119
0.135822
0.139673
0.143678
0.147842
0.152170
0.156668
0.161343
0.166200
0.171245
0.176486
0.181929
0.187582
0.193452
0.199546
0.205873
0.212440
0.219257
0.226332
0.233673
0.241290
0.249191
0.257386
0.265883
0.274692
0.283820
0.293277
0.303071
0.313208
0.323698
0.334545
0.345757
0.357338
0.369294
0.381629
0.394345
0.407446
0.420934
0.434812
0.449080
0.463741
0.478797
0.494249
0.077463
0.077528
0.077712
0.078005
0.078400
0.078893
0.079481
0.080159
0.080927
0.081784
0.082728
0.083759
0.084877
0.086083
0.087377
0.088760
0.090232
0.091796
0.093452
0.095203
0.097050
0.098994
0.101039
0.103187
0.105440
0.107800
0.110271
0.112856
0.115557
0.118379
0.121324
0.124396
0.127600
0.130939
0.134418
0.138041
0.141813
0.145738
0.149822
0.154070
0.158488
0.163081
0.167855
0.172817
0.177973
0.183331
0.188897
0.194678
0.200682
0.206917
0.213392
0.220114
0.227093
0.234338
0.241858
0.249662
0.257760
0.266161
0.274877
0.283917
0.293290
0.303006
0.313075
0.323507
0.334310
0.345493
0.357064
0.369029
0.381397
0.394172
0.407360
0.420966
0.434992
0.449444
0.464323
0.479631
0.495370
0.511542
0.528150
0.545194
0.084426
0.084497
0.084697
0.085017
0.085448
0.085985
0.086625
0.087364
0.088202
0.089135
0.090164
0.091288
0.092507
0.093821
0.095231
0.096738
0.098343
0.100047
0.101852
0.103760
0.105773
0.107893
0.110122
0.112462
0.114917
0.117490
0.120183
0.123000
0.125944
0.129019
0.132229
0.135578
0.139070
0.142709
0.146501
0.150449
0.154560
0.158838
0.163289
0.167919
0.172734
0.177739
0.182943
0.188351
0.193971
0.199810
0.205876
0.212177
0.218721
0.225517
0.232573
0.239900
0.247506
0.255402
0.263598
0.272103
0.280929
0.290086
0.299585
0.309437
0.319653
0.330242
0.341217
0.352586
0.364361
0.376549
0.389159
0.402200
0.415679
0.429603
0.443977
0.458805
0.474093
0.489843
0.506059
0.522743
0.539897
0.557524
0.575624
0.594201
0.091089
0.091166
0.091381
0.091726
0.092191
0.092771
0.093461
0.094259
0.095162
0.096169
0.097279
0.098492
0.099807
0.101225
0.102746
0.104372
0.106104
0.107943
0.109890
0.111949
0.114120
0.116407
0.118812
0.121337
0.123986
0.126762
0.129668
0.132707
0.135883
0.139201
0.142665
0.146278
0.150045
0.153972
0.158062
0.162322
0.166757
0.171373
0.176175
0.181171
0.186365
0.191766
0.197380
0.203215
0.209279
0.215579
0.222123
0.228921
0.235982
0.243314
0.250927
0.258832
0.267039
0.275558
0.284400
0.293577
0.303099
0.312979
0.323228
0.333857
0.344879
0.356304
0.368145
0.380412
0.393115
0.406265
0.419871
0.433941
0.448484
0.463506
0.479014
0.495013
0.511507
0.528500
0.545996
0.563997
0.582505
0.601522
0.621050
0.641093
0.097427
0.097510
0.097741
0.098109
0.098606
0.099226
0.099965
0.100818
0.101784
0.102862
0.104049
0.105346
0.106752
0.108269
0.109896
0.111635
0.113487
0.115454
0.117537
0.119739
0.122062
0.124508
0.127080
0.129781
0.132614
0.135583
0.138691
0.141942
0.145339
0.148888
0.152592
0.156457
0.160486
0.164686
0.169061
0.173618
0.178362
0.183298
0.188435
0.193778
0.199334
0.205111
0.211116
0.217357
0.223842
0.230580
0.237580
0.244851
0.252403
0.260245
0.268389
0.276844
0.285621
0.294733
0.304191
0.314006
0.324191
0.334758
0.345720
0.357089
0.368878
0.381099
0.393763
0.406884
0.420471
0.434536
0.449088
0.464138
0.479693
0.495760
0.512347
0.529460
0.547102
0.565278
0.583991
0.603244
0.623040
0.643380
0.664268
0.685705
0.103419
0.103507
0.103752
0.104143
0.104671
0.105329
0.106113
0.107019
0.108045
0.109188
0.110448
0.111825
0.113318
0.114928
0.116655
0.118501
0.120467
0.122555
0.124766
0.127103
0.129569
0.132165
0.134896
0.137763
0.140770
0.143922
0.147221
0.150672
0.154278
0.158045
0.161977
0.166079
0.170357
0.174815
0.179459
0.184296
0.189331
0.194572
0.200024
0.205696
0.211594
0.217726
0.224100
0.230725
0.237609
0.244762
0.252192
0.259910
0.267927
0.276251
0.284895
0.293870
0.303188
0.312860
0.322900
0.333318
0.344130
0.355347
0.366983
0.379051
0.391565
0.404537
0.417981
0.431908
0.446331
0.461261
0.476709
0.492684
0.509195
0.526251
0.543858
0.562023
0.580750
0.600044
0.619908
0.640345
0.661359
0.682950
0.705122
0.727878
0.109043
0.109136
0.109394
0.109806
0.110363
0.111057
0.111884
0.112839
0.113920
0.115126
0.116455
0.117906
0.119481
0.121178
0.122999
0.124946
0.127018
0.129220
0.131551
0.134016
0.136615
0.139353
0.142232
0.145255
0.148426
0.151749
0.155227
0.158865
0.162668
0.166640
0.170786
0.175111
0.179621
0.184322
0.189219
0.194318
0.199628
0.205153
0.210902
0.216882
0.223101
0.229566
0.236287
0.243272
0.250531
0.258072
0.265907
0.274045
0.282497
0.291274
0.300389
0.309852
0.319676
0.329874
0.340460
0.351445
0.362845
0.374672
0.386941
0.399665
0.412859
0.426537
0.440712
0.455396
0.470604
0.486346
0.502633
0.519477
0.536887
0.554870
0.573435
0.592587
0.612333
0.632676
0.653620
0.675169
0.697325
0.720091
0.743469
0.767462
0.114280
0.114376
0.114647
0.115079
0.115663
0.116390
0.117256
0.118257
0.119391
0.120654
0.122047
0.123568
0.125218
0.126997
0.128906
0.130945
0.133118
0.135425
0.137869
0.140451
0.143176
0.146045
0.149062
0.152230
0.155553
0.159036
0.162681
0.166494
0.170480
0.174642
0.178987
0.183520
0.188247
0.193173
0.198305
0.203650
0.209214
0.215005
0.221030
0.227297
0.233814
0.240590
0.247634
0.254954
0.262561
0.270465
0.278676
0.287205
0.296063
0.305262
0.314814
0.324731
0.335027
0.345715
0.356809
0.368322
0.380269
0.392664
0.405522
0.418857
0.432685
0.447020
0.461875
0.477265
0.493202
0.509700
0.526770
0.544423
0.562668
0.581515
0.600971
0.621043
0.641737
0.663057
0.685007
0.707591
0.730811
0.754670
0.779170
0.804316
0.119110
0.119210
0.119493
0.119943
0.120551
0.121309
0.122212
0.123255
0.124437
0.125754
0.127205
0.128791
0.130510
0.132364
0.134354
0.136480
0.138744
0.141148
0.143695
0.146387
0.149227
0.152217
0.155361
0.158664
0.162127
0.165757
0.169557
0.173531
0.177685
0.182023
0.186552
0.191276
0.196203
0.201337
0.206686
0.212257
0.218056
0.224092
0.230371
0.236903
0.243696
0.250758
0.258099
0.265729
0.273658
0.281896
0.290454
0.299343
0.308575
0.318163
0.328119
0.338455
0.349186
0.360326
0.371888
0.383888
0.396340
0.409259
0.422660
0.436560
0.450972
0.465912
0.481395
0.497435
0.514047
0.531242
0.549033
0.567432
0.586448
0.606092
0.626370
0.647291
0.668859
0.691080
0.713958
0.737496
0.761697
0.786564
0.812101
0.838309
0.123516
0.123620
0.123913
0.124380
0.125010
0.125797
0.126733
0.127815
0.129040
0.130405
0.131911
0.133555
0.135338
0.137261
0.139324
0.141528
0.143876
0.146370
0.149011
0.151802
0.154747
0.157848
0.161109
0.164533
0.168125
0.171889
0.175829
0.179950
0.184257
0.188756
0.193453
0.198352
0.203460
0.208785
0.214332
0.220108
0.226122
0.232381
0.238893
0.245667
0.252711
0.260034
0.267647
0.275559
0.283781
0.292324
0.301198
0.310416
0.319990
0.329932
0.340256
0.350975
0.362104
0.373655
0.385645
0.398089
0.411001
0.424398
0.438295
0.452709
0.467654
0.483147
0.499203
0.515837
0.533062
0.550893
0.569343
0.588422
0.608142
0.628512
0.649541
0.671235
0.693602
0.716645
0.740369
0.764777
0.789874
0.815661
0.842142
0.869320
0.127483
0.127590
0.127892
0.128374
0.129025
0.129837
0.130803
0.131920
0.133184
0.134593
0.136147
0.137844
0.139684
0.141669
0.143798
0.146074
0.148497
0.151071
0.153796
0.156677
0.159717
0.162917
0.166283
0.169817
0.173524
0.177409
0.181476
0.185729
0.190175
0.194818
0.199665
0.204722
0.209995
0.215490
0.221215
0.227177
0.233384
0.239844
0.246565
0.253556
0.260826
0.268385
0.276243
0.284409
0.292895
0.301712
0.310871
0.320385
0.330267
0.340528
0.351184
0.362247
0.373733
0.385656
0.398031
0.410874
0.424201
0.438028
0.452371
0.467248
0.482673
0.498664
0.515235
0.532403
0.550182
0.568586
0.587628
0.607320
0.627673
0.648697
0.670401
0.692792
0.715877
0.739660
0.764146
0.789339
0.815241
0.841856
0.869188
0.897239
0.130996
0.131106
0.131417
0.131912
0.132581
0.133415
0.134408
0.135555
0.136854
0.138303
0.139899
0.141643
0.143534
0.145573
0.147761
0.150099
0.152589
0.155234
0.158035
0.160995
0.164118
0.167407
0.170865
0.174497
0.178307
0.182298
0.186477
0.190848
0.195416
0.200187
0.205168
0.210364
0.215782
0.221429
0.227312
0.233438
0.239816
0.246454
0.253360
0.260544
0.268015
0.275782
0.283856
0.292247
0.300967
0.310027
0.319439
0.329215
0.339369
0.349913
0.360862
0.372230
0.384033
0.396284
0.409000
0.422197
0.435891
0.450100
0.464838
0.480125
0.495975
0.512406
0.529435
0.547075
0.565344
0.584255
0.603822
0.624057
0.644971
0.666575
0.688877
0.711885
0.735606
0.760044
0.785205
0.811092
0.837708
0.865057
0.893142
0.921966
0.134043
0.134156
0.134474
0.134981
0.135665
0.136518
0.137534
0.138709
0.140038
0.141520
0.143153
0.144938
0.146873
0.148959
0.151198
0.153591
0.156139
0.158845
0.161711
0.164741
0.167936
0.171301
0.174840
0.178556
0.182454
0.186539
0.190815
0.195287
0.199962
0.204844
0.209941
0.215258
0.220802
0.226580
0.232600
0.238869
0.245395
0.252187
0.259254
0.266605
0.274249
0.282197
0.290459
0.299045
0.307968
0.317239
0.326870
0.336873
0.347263
0.358053
0.369257
0.380889
0.392966
0.405502
0.418514
0.432018
0.446031
0.460570
0.475652
0.491294
0.507513
0.524326
0.541751
0.559802
0.578496
0.597847
0.617869
0.638574
0.659975
0.682081
0.704902
0.728446
0.752718
0.777725
0.803471
0.829960
0.857196
0.885181
0.913919
0.943413
0.136614
0.136729
0.137053
0.137569
0.138267
0.139136
0.140172
0.141369
0.142723
0.144234
0.145899
0.147717
0.149690
0.151816
0.154098
0.156536
0.159133
0.161891
0.164812
0.167900
0.171157
0.174586
0.178193
0.181980
0.185953
0.190116
0.194474
0.199032
0.203797
0.208773
0.213967
0.219386
0.225036
0.230925
0.237060
0.243449
0.250101
0.257023
0.264226
0.271718
0.279509
0.287609
0.296029
0.304780
0.313874
0.323322
0.333138
0.343333
0.353923
0.364919
0.376338
0.388194
0.400502
0.413279
0.426540
0.440303
0.454585
0.469402
0.484773
0.500715
0.517245
0.534381
0.552140
0.570537
0.589589
0.609311
0.629717
0.650820
0.672631
0.695161
0.718420
0.742415
0.767153
0.792639
0.818879
0.845876
0.873634
0.902156
0.931445
0.961505
0.138698
0.138815
0.139144
0.139669
0.140377
0.141259
0.142311
0.143526
0.144901
0.146435
0.148125
0.149971
0.151974
0.154133
0.156449
0.158925
0.161562
0.164361
0.167327
0.170462
0.173768
0.177250
0.180912
0.184757
0.188791
0.193017
0.197442
0.202069
0.206906
0.211958
0.217232
0.222733
0.228470
0.234448
0.240677
0.247164
0.253917
0.260945
0.268258
0.275864
0.283774
0.291997
0.300546
0.309431
0.318663
0.328256
0.338221
0.348572
0.359323
0.370488
0.382080
0.394117
0.406613
0.419585
0.433049
0.447022
0.461521
0.476565
0.492170
0.508355
0.525138
0.542535
0.560565
0.579243
0.598586
0.618609
0.639326
0.660751
0.682895
0.705769
0.729382
0.753743
0.778859
0.804734
0.831374
0.858783
0.886965
0.915922
0.945657
0.976176
0.140289
0.140408
0.140741
0.141271
0.141987
0.142880
0.143943
0.145172
0.146564
0.148115
0.149824
0.151692
0.153717
0.155901
0.158244
0.160748
0.163415
0.166247
0.169247
0.172417
0.175762
0.179284
0.182987
0.186877
0.190957
0.195231
0.199707
0.204388
0.209280
0.214390
0.219724
0.225288
0.231091
0.237138
0.243438
0.250000
0.256830
0.263939
0.271335
0.279029
0.287029
0.295347
0.303994
0.312981
0.322319
0.332022
0.342101
0.352571
0.363445
0.374738
0.386464
0.398639
0.411278
0.424398
0.438017
0.452150
0.466816
0.482032
0.497817
0.514187
0.531162
0.548759
0.566996
0.585888
0.605453
0.625706
0.646661
0.668331
0.690729
0.713865
0.737750
0.762390
0.787794
0.813966
0.840912
0.868636
0.897140
0.926429
0.956506
0.987375
0.141382
0.141501
0.141836
0.142371
0.143092
0.143992
0.145064
0.146303
0.147705
0.149268
0.150991
0.152873
0.154914
0.157115
0.159476
0.162000
0.164687
0.167541
0.170564
0.173760
0.177130
0.180680
0.184412
0.188332
0.192443
0.196751
0.201261
0.205979
0.210909
0.216059
0.221434
0.227042
0.232890
0.238984
0.245334
0.251946
0.258830
0.265994
0.273448
0.281201
0.289264
0.297647
0.306361
0.315417
0.324828
0.334607
0.344765
0.355316
0.366275
0.377655
0.389472
0.401742
0.414480
0.427702
0.441427
0.455670
0.470450
0.485785
0.501692
0.518191
0.535298
0.553032
0.571410
0.590449
0.610167
0.630577
0.651695
0.673534
0.696106
0.719423
0.743493
0.768326
0.793927
0.820303
0.847459
0.875398
0.904125
0.933642
0.963953
0.995062
0.141971
0.142091
0.142427
0.142964
0.143689
0.144592
0.145669
0.146912
0.148320
0.149890
0.151620
0.153510
0.155559
0.157769
0.160141
0.162675
0.165374
0.168240
0.171275
0.174484
0.177868
0.181433
0.185181
0.189117
0.193245
0.197571
0.202100
0.206837
0.211788
0.216959
0.222357
0.227989
0.233860
0.239980
0.246356
0.252996
0.259908
0.267102
0.274587
0.282373
0.290469
0.298887
0.307638
0.316732
0.326182
0.336001
0.346202
0.356797
0.367801
0.379229
0.391096
0.403416
0.416207
0.429485
0.443267
0.457569
0.472411
0.487810
0.503783
0.520350
0.537529
0.555337
0.573791
0.592910
0.612710
0.633205
0.654411
0.676341
0.699008
0.722421
0.746592
0.771528
0.797236
0.823722
0.850991
0.879047
0.907893
0.937533
0.967970
0.999209
0.142055
0.142175
0.142512
0.143049
0.143774
0.144678
0.145755
0.146999
0.148408
0.149979
0.151710
0.153601
0.155652
0.157863
0.160236
0.162771
0.165472
0.168339
0.171377
0.174587
0.177974
0.181540
0.185291
0.189229
0.193360
0.197689
0.202220
0.206960
0.211914
0.217088
0.222489
0.228124
0.233999
0.240123
0.246502
0.253146
0.260063
0.267261
0.274750
0.282540
0.290642
0.299065
0.307820
0.316920
0.326376
0.336201
0.346407
0.357009
0.368020
0.379454
0.391328
0.403656
0.416454
0.429740
0.443530
0.457841
0.472691
0.488099
0.504082
0.520659
0.537848
0.555666
0.574132
0.593262
0.613073
0.633581
0.654799
0.676743
0.699423
0.722850
0.747035
0.771986
0.797709
0.824211
0.851496
0.879568
0.908432
0.938089
0.968545
0.999802
0.141634
0.141754
0.142089
0.142625
0.143348
0.144249
0.145323
0.146564
0.147968
0.149534
0.151260
0.153146
0.155190
0.157395
0.159761
0.162289
0.164981
0.167840
0.170869
0.174070
0.177446
0.181002
0.184741
0.188668
0.192787
0.197103
0.201621
0.206347
0.211286
0.216445
0.221830
0.227448
0.233306
0.239411
0.245772
0.252396
0.259292
0.266469
0.273936
0.281703
0.289780
0.298178
0.306908
0.315980
0.325408
0.335204
0.345380
0.355951
0.366929
0.378330
0.390168
0.402459
0.415220
0.428466
0.442215
0.456484
0.471290
0.486652
0.502588
0.519116
0.536253
0.554019
0.572430
0.591504
0.611256
0.631703
0.652859
0.674737
0.697349
0.720708
0.744821
0.769698
0.795345
0.821768
0.848972
0.876961
0.905739
0.935309
0.965674
0.996839
0.140709
0.140828
0.141162
0.141694
0.142412
0.143307
0.144374
0.145607
0.147002
0.148558
0.150273
0.152146
0.154177
0.156367
0.158717
0.161229
0.163904
0.166744
0.169753
0.172933
0.176288
0.179820
0.183535
0.187436
0.191528
0.195816
0.200304
0.204999
0.209906
0.215031
0.220381
0.225963
0.231782
0.237848
0.244167
0.250748
0.257599
0.264729
0.272147
0.279863
0.287888
0.296231
0.304904
0.313917
0.323284
0.333015
0.343125
0.353626
0.364533
0.375859
0.387620
0.399831
0.412509
0.425668
0.439327
0.453503
0.468213
0.483474
0.499306
0.515726
0.532752
0.550401
0.568692
0.587641
0.607265
0.627578
0.648595
0.670331
0.692796
0.716001
0.739957
0.764672
0.790151
0.816402
0.843428
0.871235
0.899825
0.929201
0.959368
0.990330
0.139284
0.139401
0.139732
0.140258
0.140969
0.141856
0.142912
0.144132
0.145513
0.147053
0.148750
0.150604
0.152615
0.154783
0.157110
0.159596
0.162244
0.165055
0.168034
0.171181
0.174502
0.177999
0.181676
0.185537
0.189588
0.193832
0.198275
0.202922
0.207780
0.212853
0.218149
0.223674
0.229434
0.235438
0.241693
0.248207
0.254989
0.262047
0.269390
0.277028
0.284972
0.293230
0.301815
0.310737
0.320009
0.329642
0.339649
0.350044
0.360840
0.372052
0.383694
0.395781
0.408330
0.421356
0.434877
0.448909
0.463470
0.478577
0.494248
0.510502
0.527355
0.544826
0.562931
0.581688
0.601113
0.621220
0.642025
0.663540
0.685778
0.708748
0.732461
0.756925
0.782147
0.808132
0.834884
0.862409
0.890709
0.919788
0.949650
0.980298
0.137363
0.137479
0.137805
0.138324
0.139025
0.139899
0.140941
0.142144
0.143506
0.145025
0.146699
0.148527
0.150511
0.152649
0.154943
0.157395
0.160006
0.162779
0.165716
0.168821
0.172095
0.175544
0.179170
0.182979
0.186973
0.191159
0.195541
0.200124
0.204914
0.209918
0.215140
0.220589
0.226270
0.232191
0.238360
0.244785
0.251473
0.258433
0.265675
0.273208
0.281042
0.289186
0.297653
0.306452
0.315596
0.325096
0.334965
0.345217
0.355864
0.366921
0.378402
0.390323
0.402699
0.415545
0.428880
0.442718
0.457078
0.471977
0.487432
0.503461
0.520082
0.537312
0.555168
0.573666
0.592823
0.612653
0.633171
0.654389
0.676320
0.698974
0.722360
0.746487
0.771360
0.796987
0.823371
0.850516
0.878426
0.907104
0.936553
0.966778
0.134953
0.135067
0.135387
0.135898
0.136586
0.137446
0.138468
0.139651
0.140989
0.142481
0.144126
0.145922
0.147870
0.149971
0.152225
0.154634
0.157199
0.159924
0.162809
0.165859
0.169077
0.172465
0.176027
0.179769
0.183694
0.187806
0.192111
0.196614
0.201320
0.206236
0.211367
0.216720
0.222301
0.228119
0.234179
0.240491
0.247062
0.253900
0.261015
0.268416
0.276112
0.284114
0.292432
0.301076
0.310060
0.319393
0.329089
0.339161
0.349622
0.360485
0.371765
0.383476
0.395635
0.408256
0.421357
0.434953
0.449061
0.463698
0.478882
0.494630
0.510960
0.527887
0.545430
0.563604
0.582425
0.601907
0.622065
0.642911
0.664457
0.686714
0.709689
0.733393
0.757830
0.783007
0.808928
0.835597
0.863017
0.891193
0.920126
0.949820
0.132064
0.132176
0.132489
0.132988
0.133662
0.134503
0.135504
0.136661
0.137970
0.139430
0.141040
0.142798
0.144704
0.146760
0.148966
0.151323
0.153834
0.156500
0.159324
0.162308
0.165456
0.168772
0.172259
0.175920
0.179760
0.183785
0.187997
0.192404
0.197009
0.201820
0.206841
0.212079
0.217541
0.223234
0.229165
0.235342
0.241772
0.248464
0.255426
0.262669
0.270200
0.278030
0.286170
0.294630
0.303421
0.312555
0.322043
0.331899
0.342136
0.352766
0.363805
0.375266
0.387164
0.399515
0.412335
0.425640
0.439446
0.453770
0.468629
0.484040
0.500019
0.516585
0.533752
0.551536
0.569954
0.589019
0.608746
0.629146
0.650230
0.672010
0.694494
0.717690
0.741604
0.766242
0.791608
0.817706
0.844539
0.872111
0.900425
0.929484
0.128705
0.128813
0.129119
0.129605
0.130262
0.131081
0.132057
0.133184
0.134461
0.135884
0.137452
0.139165
0.141024
0.143027
0.145177
0.147474
0.149921
0.152519
0.155271
0.158180
0.161248
0.164479
0.167877
0.171445
0.175188
0.179110
0.183215
0.187510
0.191998
0.196686
0.201580
0.206685
0.212008
0.217556
0.223336
0.229355
0.235622
0.242144
0.248929
0.255987
0.263327
0.270958
0.278891
0.287136
0.295703
0.304604
0.313852
0.323457
0.333433
0.343793
0.354551
0.365720
0.377316
0.389353
0.401847
0.414813
0.428268
0.442227
0.456708
0.471727
0.487301
0.503444
0.520175
0.537507
0.555456
0.574037
0.593261
0.613142
0.633691
0.654917
0.676829
0.699434
0.722740
0.746751
0.771472
0.796906
0.823057
0.849928
0.877521
0.905841
0.124888
0.124993
0.125289
0.125761
0.126399
0.127194
0.128140
0.129234
0.130473
0.131854
0.133376
0.135038
0.136841
0.138785
0.140871
0.143100
0.145474
0.147995
0.150666
0.153488
0.156466
0.159601
0.162898
0.166360
0.169992
0.173798
0.177782
0.181949
0.186304
0.190853
0.195601
0.200555
0.205720
0.211104
0.216712
0.222553
0.228634
0.234962
0.241546
0.248395
0.255517
0.262922
0.270620
0.278620
0.286933
0.295570
0.304543
0.313864
0.323544
0.333597
0.344036
0.354874
0.366125
0.377806
0.389929
0.402510
0.415566
0.429112
0.443163
0.457737
0.472848
0.488513
0.504748
0.521566
0.538983
0.557012
0.575666
0.594958
0.614897
0.635493
0.656755
0.678691
0.701305
0.724604
0.748592
0.773272
0.798647
0.824721
0.851496
0.878976
0.120626
0.120728
0.121014
0.121470
0.122086
0.122854
0.123768
0.124825
0.126021
0.127355
0.128825
0.130430
0.132172
0.134050
0.136064
0.138217
0.140511
0.142946
0.145525
0.148251
0.151127
0.154155
0.157340
0.160684
0.164192
0.167868
0.171716
0.175740
0.179947
0.184341
0.188927
0.193712
0.198701
0.203901
0.209318
0.214959
0.220833
0.226945
0.233305
0.239920
0.246799
0.253951
0.261386
0.269113
0.277143
0.285485
0.294152
0.303154
0.312504
0.322214
0.332297
0.342765
0.353633
0.364914
0.376624
0.388776
0.401387
0.414470
0.428042
0.442118
0.456714
0.471845
0.487525
0.503769
0.520592
0.538006
0.556024
0.574657
0.593916
0.613809
0.634346
0.655533
0.677376
0.699880
0.723049
0.746887
0.771396
0.796580
0.822441
0.848984
0.115936
0.116034
0.116309
0.116747
0.117339
0.118077
0.118955
0.119971
0.121121
0.122403
0.123816
0.125359
0.127033
0.128837
0.130774
0.132843
0.135047
0.137387
0.139866
0.142486
0.145250
0.148161
0.151222
0.154436
0.157807
0.161340
0.165039
0.168907
0.172950
0.177173
0.181581
0.186179
0.190975
0.195972
0.201179
0.206601
0.212246
0.218120
0.224233
0.230591
0.237202
0.244076
0.251222
0.258649
0.266366
0.274384
0.282714
0.291367
0.300353
0.309685
0.319376
0.329437
0.339882
0.350725
0.361979
0.373659
0.385779
0.398354
0.411398
0.424927
0.438955
0.453498
0.468568
0.484181
0.500349
0.517086
0.534404
0.552312
0.570822
0.589942
0.609680
0.630043
0.651037
0.672666
0.694934
0.717845
0.741401
0.765606
0.790462
0.815972
0.110833
0.110927
0.111189
0.111608
0.112174
0.112880
0.113720
0.114691
0.115790
0.117015
0.118366
0.119841
0.121441
0.123167
0.125018
0.126996
0.129103
0.131340
0.133710
0.136215
0.138857
0.141640
0.144566
0.147639
0.150862
0.154239
0.157775
0.161473
0.165338
0.169375
0.173589
0.177985
0.182569
0.187347
0.192324
0.197508
0.202904
0.208520
0.214363
0.220441
0.226762
0.233334
0.240165
0.247265
0.254642
0.262308
0.270271
0.278542
0.287133
0.296055
0.305319
0.314937
0.324923
0.335288
0.346047
0.357213
0.368799
0.380821
0.393291
0.406224
0.419635
0.433537
0.447945
0.462870
0.478327
0.494327
0.510882
0.528003
0.545698
0.563976
0.582846
0.602313
0.622382
0.643059
0.664347
0.686250
0.708769
0.731909
0.755670
0.780058
0.105336
0.105425
0.105675
0.106073
0.106611
0.107281
0.108080
0.109002
0.110047
0.111212
0.112495
0.113897
0.115418
0.117058
0.118817
0.120697
0.122700
0.124826
0.127079
0.129459
0.131970
0.134615
0.137396
0.140316
0.143379
0.146589
0.149949
0.153464
0.157137
0.160974
0.164979
0.169157
0.173514
0.178055
0.182785
0.187712
0.192840
0.198178
0.203731
0.209508
0.215515
0.221761
0.228253
0.235001
0.242013
0.249298
0.256866
0.264727
0.272892
0.281371
0.290176
0.299317
0.308807
0.318659
0.328884
0.339496
0.350508
0.361933
0.373785
0.386077
0.398822
0.412035
0.425728
0.439913
0.454603
0.469810
0.485544
0.501815
0.518632
0.536004
0.553938
0.572439
0.591513
0.611165
0.631397
0.652213
0.673616
0.695608
0.718191
0.741369
0.099464
0.099548
0.099784
0.100160
0.100668
0.101301
0.102055
0.102926
0.103913
0.105012
0.106224
0.107548
0.108984
0.110533
0.112194
0.113969
0.115860
0.117868
0.119995
0.122243
0.124614
0.127111
0.129737
0.132494
0.135387
0.138418
0.141591
0.144909
0.148378
0.152001
0.155783
0.159728
0.163842
0.168129
0.172596
0.177248
0.182091
0.187131
0.192375
0.197829
0.203502
0.209399
0.215530
0.221901
0.228522
0.235401
0.242548
0.249971
0.257680
0.265687
0.274000
0.282632
0.291593
0.300896
0.310551
0.320571
0.330969
0.341758
0.352949
0.364555
0.376591
0.389067
0.401996
0.415391
0.429262
0.443621
0.458478
0.473842
0.489722
0.506126
0.523060
0.540530
0.558541
0.577097
0.596201
0.615857
0.636067
0.656832
0.678157
0.700043
0.093239
0.093317
0.093538
0.093891
0.094367
0.094960
0.095667
0.096484
0.097409
0.098439
0.099576
0.100817
0.102163
0.103614
0.105172
0.106836
0.108608
0.110491
0.112484
0.114591
0.116814
0.119155
0.121616
0.124201
0.126913
0.129754
0.132728
0.135839
0.139091
0.142487
0.146032
0.149730
0.153587
0.157606
0.161793
0.166154
0.170694
0.175418
0.180334
0.185447
0.190764
0.196293
0.202039
0.208012
0.214219
0.220667
0.227366
0.234325
0.241552
0.249057
0.256850
0.264942
0.273342
0.282062
0.291113
0.300507
0.310254
0.320367
0.330857
0.341738
0.353019
0.364715
0.376835
0.389391
0.402394
0.415855
0.429782
0.444184
0.459070
0.474447
0.490321
0.506698
0.523581
0.540976
0.558884
0.577310
0.596255
0.615721
0.635710
0.656226
0.086681
0.086755
0.086960
0.087288
0.087730
0.088282
0.088939
0.089698
0.090558
0.091516
0.092573
0.093727
0.094978
0.096327
0.097775
0.099322
0.100970
0.102720
0.104574
0.106532
0.108599
0.110775
0.113064
0.115467
0.117987
0.120629
0.123394
0.126286
0.129309
0.132466
0.135762
0.139200
0.142785
0.146522
0.150415
0.154469
0.158689
0.163081
0.167651
0.172405
0.177348
0.182488
0.187831
0.193383
0.199153
0.205148
0.211376
0.217845
0.224564
0.231542
0.238787
0.246309
0.254119
0.262226
0.270640
0.279373
0.288434
0.297836
0.307589
0.317704
0.328193
0.339065
0.350333
0.362006
0.374095
0.386609
0.399556
0.412946
0.426785
0.441080
0.455838
0.471063
0.486759
0.502930
0.519580
0.536709
0.554322
0.572419
0.591003
0.610076
0.079816
0.079883
0.080073
0.080374
0.080782
0.081290
0.081895
0.082594
0.083385
0.084268
0.085241
0.086303
0.087455
0.088698
0.090031
0.091456
0.092973
0.094584
0.096291
0.098095
0.099997
0.102001
0.104108
0.106321
0.108642
0.111074
0.113621
0.116284
0.119067
0.121974
0.125009
0.128175
0.131476
0.134917
0.138501
0.142234
0.146120
0.150165
0.154373
0.158750
0.163302
0.168034
0.172954
0.178066
0.183379
0.188900
0.194634
0.200591
0.206778
0.213202
0.219874
0.226800
0.233991
0.241456
0.249204
0.257245
0.265589
0.274246
0.283227
0.292541
0.302198
0.312210
0.322585
0.333334
0.344465
0.355987
0.367910
0.380239
0.392982
0.406145
0.419734
0.433753
0.448206
0.463096
0.478427
0.494200
0.510417
0.527081
0.544193
0.561755
0.072666
0.072728
0.072900
0.073175
0.073546
0.074008
0.074559
0.075196
0.075916
0.076720
0.077605
0.078573
0.079622
0.080753
0.081966
0.083263
0.084645
0.086112
0.087666
0.089308
0.091040
0.092865
0.094783
0.096798
0.098911
0.101125
0.103443
0.105868
0.108402
0.111049
0.113811
0.116694
0.119699
0.122832
0.126095
0.129494
0.133032
0.136714
0.140545
0.144530
0.148674
0.152982
0.157461
0.162116
0.166953
0.171979
0.177200
0.182623
0.188256
0.194105
0.200179
0.206485
0.213032
0.219828
0.226882
0.234202
0.241799
0.249681
0.257857
0.266336
0.275129
0.284244
0.293690
0.303476
0.313610
0.324100
0.334954
0.346179
0.357781
0.369765
0.382136
0.394899
0.408058
0.421614
0.435572
0.449932
0.464697
0.479868
0.495447
0.511436
0.065258
0.065314
0.065468
0.065715
0.066048
0.066463
0.066958
0.067530
0.068177
0.068899
0.069694
0.070562
0.071505
0.072520
0.073610
0.074775
0.076016
0.077333
0.078729
0.080203
0.081759
0.083397
0.085120
0.086930
0.088827
0.090816
0.092898
0.095075
0.097351
0.099728
0.102209
0.104797
0.107497
0.110310
0.113240
0.116292
0.119470
0.122777
0.126217
0.129796
0.133517
0.137387
0.141409
0.145589
0.149933
0.154447
0.159135
0.164006
0.169064
0.174317
0.179771
0.185435
0.191314
0.197418
0.203752
0.210327
0.217149
0.224227
0.231570
0.239185
0.247081
0.255267
0.263750
0.272538
0.281639
0.291060
0.300807
0.310888
0.321307
0.332069
0.343179
0.354642
0.366459
0.378633
0.391168
0.404064
0.417323
0.430948
0.444939
0.459298
0.057618
0.057667
0.057804
0.058021
0.058316
0.058682
0.059119
0.059624
0.060195
0.060832
0.061534
0.062301
0.063133
0.064030
0.064992
0.066021
0.067116
0.068279
0.069511
0.070814
0.072187
0.073634
0.075155
0.076752
0.078428
0.080184
0.082022
0.083944
0.085953
0.088052
0.090243
0.092528
0.094911
0.097395
0.099983
0.102677
0.105483
0.108403
0.111440
0.114600
0.117886
0.121302
0.124854
0.128544
0.132380
0.136365
0.140505
0.144805
0.149271
0.153909
0.158725
0.163725
0.168916
0.174305
0.179898
0.185703
0.191726
0.197976
0.204459
0.211182
0.218154
0.225381
0.232871
0.240631
0.248666
0.256984
0.265591
0.274491
0.283690
0.293192
0.303002
0.313122
0.323556
0.334305
0.345372
0.356758
0.368466
0.380495
0.392848
0.405526
0.049773
0.049815
0.049933
0.050122
0.050376
0.050692
0.051070
0.051506
0.051999
0.052550
0.053156
0.053819
0.054537
0.055312
0.056143
0.057032
0.057978
0.058983
0.060047
0.061172
0.062359
0.063608
0.064922
0.066302
0.067750
0.069266
0.070854
0.072515
0.074250
0.076063
0.077956
0.079930
0.081989
0.084134
0.086370
0.088697
0.091121
0.093643
0.096267
0.098997
0.101835
0.104786
0.107854
0.111042
0.114356
0.117798
0.121374
0.125089
0.128947
0.132953
0.137114
0.141433
0.145917
0.150572
0.155404
0.160418
0.165622
0.171020
0.176621
0.182429
0.188451
0.194695
0.201165
0.207867
0.214809
0.221994
0.229429
0.237117
0.245064
0.253273
0.261747
0.270489
0.279502
0.288788
0.298348
0.308184
0.318297
0.328689
0.339360
0.350312
0.041751
0.041786
0.041885
0.042043
0.042256
0.042522
0.042839
0.043204
0.043618
0.044080
0.044589
0.045145
0.045747
0.046397
0.047095
0.047840
0.048634
0.049476
0.050369
0.051313
0.052308
0.053356
0.054458
0.055616
0.056830
0.058102
0.059434
0.060827
0.062283
0.063804
0.065391
0.067048
0.068774
0.070574
0.072449
0.074402
0.076435
0.078550
0.080751
0.083041
0.085422
0.087898
0.090471
0.093145
0.095925
0.098812
0.101812
0.104928
0.108164
0.111525
0.115015
0.118638
0.122399
0.126304
0.130357
0.134563
0.138928
0.143457
0.148154
0.153026
0.158078
0.163315
0.168742
0.174365
0.180188
0.186215
0.192451
0.198901
0.205566
0.212452
0.219560
0.226893
0.234454
0.242243
0.250262
0.258513
0.266996
0.275713
0.284664
0.293851
0.033581
0.033609
0.033689
0.033816
0.033987
0.034201
0.034455
0.034749
0.035082
0.035454
0.035863
0.036310
0.036795
0.037317
0.037878
0.038478
0.039116
0.039794
0.040512
0.041271
0.042071
0.042915
0.043801
0.044732
0.045709
0.046732
0.047803
0.048924
0.050095
0.051318
0.052595
0.053926
0.055315
0.056763
0.058271
0.059842
0.061477
0.063178
0.064949
0.066790
0.068705
0.070696
0.072766
0.074917
0.077152
0.079475
0.081888
0.084394
0.086997
0.089700
0.092507
0.095421
0.098446
0.101587
0.104847
0.108230
0.111740
0.115382
0.119161
0.123079
0.127143
0.131355
0.135720
0.140242
0.144925
0.149773
0.154789
0.159976
0.165338
0.170876
0.176593
0.182491
0.188572
0.194837
0.201287
0.207923
0.214746
0.221757
0.228956
0.236345
0.025291
0.025312
0.025372
0.025467
0.025597
0.025758
0.025949
0.026171
0.026422
0.026701
0.027009
0.027346
0.027711
0.028105
0.028527
0.028979
0.029459
0.029970
0.030511
0.031082
0.031685
0.032320
0.032988
0.033689
0.034424
0.035195
0.036002
0.036846
0.037728
0.038649
0.039610
0.040614
0.041660
0.042750
0.043886
0.045068
0.046300
0.047581
0.048915
0.050302
0.051744
0.053243
0.054802
0.056422
0.058106
0.059855
0.061672
0.063559
0.065520
0.067555
0.069669
0.071864
0.074143
0.076508
0.078963
0.081511
0.084155
0.086898
0.089743
0.092695
0.095755
0.098927
0.102215
0.105620
0.109147
0.112799
0.116576
0.120483
0.124521
0.128691
0.132997
0.137439
0.142019
0.146737
0.151595
0.156593
0.161731
0.167012
0.172434
0.177999
0.016910
0.016925
0.016965
0.017029
0.017115
0.017223
0.017351
0.017499
0.017667
0.017854
0.018060
0.018285
0.018529
0.018792
0.019075
0.019377
0.019698
0.020039
0.020401
0.020783
0.021186
0.021611
0.022057
0.022526
0.023018
0.023533
0.024073
0.024637
0.025227
0.025843
0.026486
0.027156
0.027856
0.028585
0.029344
0.030135
0.030958
0.031815
0.032707
0.033634
0.034598
0.035601
0.036643
0.037727
0.038852
0.040022
0.041237
0.042499
0.043810
0.045171
0.046584
0.048052
0.049575
0.051157
0.052799
0.054502
0.056270
0.058104
0.060007
0.061980
0.064026
0.066148
0.068346
0.070623
0.072981
0.075423
0.077949
0.080561
0.083261
0.086049
0.088929
0.091899
0.094961
0.098116
0.101364
0.104706
0.108142
0.111672
0.115298
0.119019
0.008470
0.008477
0.008498
0.008530
0.008573
0.008627
0.008691
0.008765
0.008849
0.008943
0.009046
0.009159
0.009281
0.009413
0.009554
0.009706
0.009867
0.010038
0.010219
0.010410
0.010612
0.010825
0.011048
0.011283
0.011529
0.011788
0.012058
0.012340
0.012636
0.012944
0.013266
0.013602
0.013953
0.014318
0.014698
0.015094
0.015507
0.015936
0.016383
0.016847
0.017330
0.017832
0.018354
0.018897
0.019461
0.020047
0.020655
0.021287
0.021944
0.022626
0.023334
0.024069
0.024832
0.025624
0.026446
0.027300
0.028185
0.029104
0.030057
0.031045
0.032070
0.033133
0.034234
0.035374
0.036556
0.037779
0.039044
0.040352
0.041704
0.043101
0.044543
0.046031
0.047565
0.049145
0.050772
0.052446
0.054167
0.055936
0.057752
0.059616
0.000000
0.000000
0.000000
0.000000
0.000000
0.000000
0.000000
0.000000
0.000000
0.000000
0.000000
0.000000
0.000000
0.000000
0.000000
0.000000
0.000000
0.000000
0.000000
0.000000
0.000000
0.000000
0.000000
0.000000
0.000000
0.000000
0.000000
0.000000
0.000000
0.000000
0.000000
0.000000
0.000000
0.000000
0.000000
0.000000
0.000000
0.000000
0.000000
0.000000
0.000000
0.000000
0.000000
0.000000
0.000000
0.000000
0.000000
0.000000
0.000000
0.000000
0.000000
0.000000
0.000000
0.000000
0.000000
0.000000
0.000000
0.000000
0.000000
0.000000
0.000000
0.000000
0.000000
0.000000
0.000000
0.000000
0.000000
0.000000
0.000000
0.000000
0.000000
0.000000
0.000000
0.000000
0.000000
0.000000
0.000000
0.000000
0.000000
0.000001
