-0.221257
-0.221388
-0.221753
-0.222336
-0.223123
-0.224103
-0.225270
-0.226616
-0.228139
-0.229834
-0.231700
-0.233735
-0.235938
-0.238309
-0.240848
-0.243556
-0.246433
-0.249480
-0.252700
-0.256094
-0.259665
-0.263414
-0.267344
-0.271459
-0.275760
-0.280253
-0.284940
-0.289824
-0.294911
-0.300204
-0.305708
-0.311427
-0.317366
-0.323531
-0.329926
-0.336558
-0.343432
-0.350554
-0.357931
-0.365568
-0.373474
-0.381655
-0.390118
-0.398871
-0.407922
-0.417279
-0.426950
-0.436945
-0.447273
-0.457942
-0.468963
-0.480346
-0.492101
-0.504239
-0.516771
-0.529709
-0.543065
-0.556851
-0.571080
-0.585765
-0.600920
-0.616559
-0.632696
-0.649347
-0.666527
-0.684253
-0.702540
-0.721406
-0.740869
-0.760948
-0.781660
-0.803026
-0.825065
-0.847799
-0.871249
-0.895435
-0.920381
-0.946109
-0.972641
-1.000000
-0.220864
-0.220994
-0.221359
-0.221941
-0.222726
-0.223705
-0.224869
-0.226213
-0.227733
-0.229425
-0.231288
-0.233320
-0.235519
-0.237886
-0.240420
-0.243123
-0.245995
-0.249037
-0.252251
-0.255639
-0.259203
-0.262945
-0.266869
-0.270976
-0.275270
-0.279754
-0.284433
-0.289309
-0.294386
-0.299670
-0.305164
-0.310873
-0.316801
-0.322955
-0.329339
-0.335959
-0.342821
-0.349930
-0.357294
-0.364918
-0.372810
-0.380976
-0.389424
-0.398161
-0.407196
-0.416537
-0.426191
-0.436168
-0.446477
-0.457127
-0.468129
-0.479491
-0.491225
-0.503342
-0.515852
-0.528767
-0.542099
-0.555861
-0.570064
-0.584723
-0.599851
-0.615462
-0.631571
-0.648192
-0.665342
-0.683036
-0.701290
-0.720123
-0.739552
-0.759594
-0.780270
-0.801597
-0.823598
-0.846291
-0.869699
-0.893843
-0.918744
-0.944426
-0.970911
-0.998221
-0.219685
-0.219814
-0.220177
-0.220756
-0.221537
-0.222510
-0.223668
-0.225005
-0.226517
-0.228201
-0.230053
-0.232074
-0.234261
-0.236616
-0.239136
-0.241825
-0.244681
-0.247707
-0.250904
-0.254274
-0.257819
-0.261541
-0.265444
-0.269529
-0.273800
-0.278261
-0.282914
-0.287764
-0.292815
-0.298070
-0.303535
-0.309213
-0.315110
-0.321231
-0.327581
-0.334166
-0.340991
-0.348062
-0.355386
-0.362970
-0.370819
-0.378942
-0.387345
-0.396036
-0.405022
-0.414313
-0.423915
-0.433839
-0.444093
-0.454687
-0.465629
-0.476931
-0.488603
-0.500655
-0.513098
-0.525944
-0.539205
-0.552893
-0.567021
-0.581602
-0.596649
-0.612176
-0.628199
-0.644732
-0.661790
-0.679389
-0.697546
-0.716279
-0.735603
-0.755539
-0.776104
-0.797318
-0.819201
-0.841773
-0.865056
-0.889071
-0.913839
-0.939384
-0.965727
-0.992892
-0.217724
-0.217852
-0.218212
-0.218786
-0.219560
-0.220524
-0.221672
-0.222997
-0.224496
-0.226164
-0.228000
-0.230003
-0.232171
-0.234504
-0.237002
-0.239667
-0.242497
-0.245496
-0.248665
-0.252005
-0.255518
-0.259207
-0.263075
-0.267124
-0.271357
-0.275777
-0.280389
-0.285196
-0.290201
-0.295410
-0.300826
-0.306453
-0.312298
-0.318364
-0.324657
-0.331183
-0.337947
-0.344956
-0.352215
-0.359731
-0.367510
-0.375560
-0.383888
-0.392501
-0.401408
-0.410615
-0.420132
-0.429968
-0.440130
-0.450629
-0.461474
-0.472675
-0.484242
-0.496186
-0.508519
-0.521250
-0.534393
-0.547959
-0.561960
-0.576411
-0.591324
-0.606713
-0.622593
-0.638978
-0.655883
-0.673326
-0.691321
-0.709886
-0.729038
-0.748796
-0.769177
-0.790202
-0.811890
-0.834260
-0.857335
-0.881136
-0.905684
-0.931000
-0.957108
-0.984031
-0.214989
-0.215116
-0.215471
-0.216037
-0.216802
-0.217754
-0.218887
-0.220196
-0.221675
-0.223323
-0.225136
-0.227113
-0.229254
-0.231558
-0.234025
-0.236656
-0.239451
-0.242412
-0.245541
-0.248839
-0.252308
-0.255951
-0.259770
-0.263768
-0.267948
-0.272313
-0.276867
-0.281613
-0.286556
-0.291699
-0.297047
-0.302604
-0.308375
-0.314365
-0.320579
-0.327023
-0.333702
-0.340622
-0.347790
-0.355212
-0.362893
-0.370842
-0.379065
-0.387571
-0.396365
-0.405457
-0.414854
-0.424566
-0.434601
-0.444968
-0.455677
-0.466737
-0.478159
-0.489953
-0.502131
-0.514702
-0.527680
-0.541075
-0.554901
-0.569170
-0.583896
-0.599091
-0.614772
-0.630951
-0.647644
-0.664867
-0.682637
-0.700968
-0.719880
-0.739389
-0.759515
-0.780275
-0.801691
-0.823780
-0.846565
-0.870067
-0.894306
-0.919305
-0.945085
-0.971669
-0.211489
-0.211614
-0.211963
-0.212520
-0.213272
-0.214209
-0.215324
-0.216611
-0.218067
-0.219687
-0.221471
-0.223416
-0.225522
-0.227788
-0.230215
-0.232803
-0.235553
-0.238466
-0.241544
-0.244788
-0.248201
-0.251784
-0.255541
-0.259474
-0.263586
-0.267880
-0.272360
-0.277029
-0.281891
-0.286950
-0.292211
-0.297678
-0.303355
-0.309247
-0.315360
-0.321699
-0.328270
-0.335077
-0.342128
-0.349429
-0.356986
-0.364805
-0.372895
-0.381261
-0.389913
-0.398856
-0.408101
-0.417655
-0.427526
-0.437724
-0.448259
-0.459139
-0.470375
-0.481977
-0.493956
-0.506323
-0.519089
-0.532267
-0.545868
-0.559904
-0.574390
-0.589339
-0.604764
-0.620679
-0.637101
-0.654044
-0.671524
-0.689557
-0.708161
-0.727353
-0.747151
-0.767573
-0.788640
-0.810370
-0.832784
-0.855903
-0.879748
-0.904340
-0.929700
-0.955851
-0.207237
-0.207359
-0.207702
-0.208248
-0.208984
-0.209903
-0.210995
-0.212256
-0.213682
-0.215270
-0.217018
-0.218924
-0.220988
-0.223209
-0.225587
-0.228123
-0.230817
-0.233672
-0.236688
-0.239867
-0.243211
-0.246722
-0.250403
-0.254257
-0.258286
-0.262494
-0.266884
-0.271459
-0.276223
-0.281181
-0.286336
-0.291693
-0.297256
-0.303030
-0.309020
-0.315231
-0.321670
-0.328340
-0.335250
-0.342404
-0.349808
-0.357471
-0.365397
-0.373596
-0.382073
-0.390837
-0.399896
-0.409257
-0.418930
-0.428924
-0.439246
-0.449908
-0.460918
-0.472287
-0.484025
-0.496143
-0.508653
-0.521565
-0.534893
-0.548647
-0.562842
-0.577490
-0.592605
-0.608200
-0.624292
-0.640894
-0.658022
-0.675693
-0.693923
-0.712729
-0.732129
-0.752141
-0.772784
-0.794077
-0.816041
-0.838695
-0.862060
-0.886157
-0.911008
-0.936634
-0.202248
-0.202367
-0.202701
-0.203234
-0.203953
-0.204849
-0.205915
-0.207146
-0.208538
-0.210088
-0.211793
-0.213654
-0.215668
-0.217835
-0.220156
-0.222631
-0.225260
-0.228046
-0.230989
-0.234092
-0.237355
-0.240782
-0.244375
-0.248136
-0.252068
-0.256175
-0.260459
-0.264924
-0.269573
-0.274412
-0.279442
-0.284670
-0.290099
-0.295734
-0.301580
-0.307642
-0.313925
-0.320436
-0.327179
-0.334160
-0.341387
-0.348864
-0.356600
-0.364601
-0.372875
-0.381428
-0.390268
-0.399404
-0.408845
-0.418597
-0.428671
-0.439076
-0.449821
-0.460916
-0.472372
-0.484199
-0.496407
-0.509009
-0.522015
-0.535438
-0.549291
-0.563587
-0.578337
-0.593558
-0.609262
-0.625464
-0.642180
-0.659426
-0.677217
-0.695570
-0.714503
-0.734033
-0.754179
-0.774959
-0.796394
-0.818503
-0.841306
-0.864823
-0.889075
-0.914084
-0.196539
-0.196655
-0.196980
-0.197497
-0.198196
-0.199067
-0.200103
-0.201299
-0.202652
-0.204158
-0.205815
-0.207623
-0.209580
-0.211686
-0.213941
-0.216346
-0.218902
-0.221609
-0.224469
-0.227484
-0.230656
-0.233986
-0.237477
-0.241132
-0.244953
-0.248944
-0.253107
-0.257446
-0.261964
-0.266666
-0.271555
-0.276635
-0.281911
-0.287387
-0.293068
-0.298958
-0.305064
-0.311391
-0.317943
-0.324728
-0.331751
-0.339017
-0.346535
-0.354310
-0.362350
-0.370661
-0.379252
-0.388131
-0.397304
-0.406782
-0.416572
-0.426683
-0.437124
-0.447906
-0.459039
-0.470531
-0.482395
-0.494641
-0.507280
-0.520325
-0.533787
-0.547679
-0.562013
-0.576804
-0.592065
-0.607810
-0.624054
-0.640813
-0.658101
-0.675937
-0.694335
-0.713314
-0.732891
-0.753085
-0.773915
-0.795400
-0.817559
-0.840412
-0.863980
-0.888283
-0.190131
-0.190243
-0.190558
-0.191058
-0.191734
-0.192577
-0.193579
-0.194736
-0.196045
-0.197502
-0.199105
-0.200854
-0.202747
-0.204784
-0.206966
-0.209293
-0.211765
-0.214384
-0.217151
-0.220067
-0.223136
-0.226357
-0.229735
-0.233270
-0.236967
-0.240827
-0.244855
-0.249052
-0.253423
-0.257972
-0.262701
-0.267616
-0.272719
-0.278017
-0.283513
-0.289211
-0.295118
-0.301239
-0.307577
-0.314141
-0.320934
-0.327964
-0.335237
-0.342758
-0.350536
-0.358577
-0.366888
-0.375476
-0.384351
-0.393519
-0.402990
-0.412771
-0.422873
-0.433303
-0.444073
-0.455191
-0.466668
-0.478514
-0.490741
-0.503361
-0.516384
-0.529822
-0.543690
-0.557998
-0.572761
-0.587993
-0.603708
-0.619920
-0.636645
-0.653899
-0.671697
-0.690057
-0.708996
-0.728532
-0.748683
-0.769467
-0.790904
-0.813012
-0.835811
-0.859322
-0.183047
-0.183155
-0.183458
-0.183940
-0.184591
-0.185401
-0.186366
-0.187480
-0.188740
-0.190143
-0.191687
-0.193370
-0.195193
-0.197154
-0.199255
-0.201495
-0.203875
-0.206396
-0.209060
-0.211868
-0.214822
-0.217923
-0.221175
-0.224579
-0.228138
-0.231854
-0.235732
-0.239773
-0.243981
-0.248360
-0.252913
-0.257645
-0.262558
-0.267658
-0.272949
-0.278436
-0.284122
-0.290015
-0.296117
-0.302436
-0.308977
-0.315745
-0.322746
-0.329987
-0.337475
-0.345216
-0.353218
-0.361487
-0.370030
-0.378857
-0.387975
-0.397392
-0.407117
-0.417159
-0.427527
-0.438231
-0.449280
-0.460685
-0.472457
-0.484606
-0.497144
-0.510082
-0.523432
-0.537208
-0.551421
-0.566085
-0.581214
-0.596822
-0.612924
-0.629535
-0.646670
-0.664346
-0.682580
-0.701388
-0.720787
-0.740797
-0.761435
-0.782720
-0.804670
-0.827304
-0.175312
-0.175415
-0.175705
-0.176167
-0.176790
-0.177567
-0.178491
-0.179558
-0.180764
-0.182108
-0.183586
-0.185199
-0.186944
-0.188823
-0.190835
-0.192980
-0.195259
-0.197674
-0.200226
-0.202915
-0.205744
-0.208714
-0.211828
-0.215088
-0.218497
-0.222057
-0.225770
-0.229640
-0.233671
-0.237865
-0.242225
-0.246757
-0.251463
-0.256347
-0.261415
-0.266669
-0.272116
-0.277759
-0.283604
-0.289656
-0.295920
-0.302402
-0.309107
-0.316043
-0.323214
-0.330628
-0.338291
-0.346211
-0.354394
-0.362847
-0.371580
-0.380599
-0.389913
-0.399530
-0.409460
-0.419712
-0.430294
-0.441217
-0.452492
-0.464127
-0.476135
-0.488527
-0.501313
-0.514506
-0.528119
-0.542163
-0.556653
-0.571602
-0.587023
-0.602932
-0.619343
-0.636272
-0.653735
-0.671748
-0.690328
-0.709492
-0.729258
-0.749643
-0.770666
-0.792344
-0.166953
-0.167051
-0.167327
-0.167767
-0.168361
-0.169100
-0.169980
-0.170997
-0.172146
-0.173425
-0.174833
-0.176368
-0.178031
-0.179820
-0.181736
-0.183779
-0.185950
-0.188249
-0.190679
-0.193240
-0.195934
-0.198763
-0.201728
-0.204833
-0.208079
-0.211469
-0.215005
-0.218691
-0.222529
-0.226523
-0.230676
-0.234992
-0.239473
-0.244125
-0.248951
-0.253955
-0.259141
-0.264516
-0.270082
-0.275845
-0.281810
-0.287983
-0.294369
-0.300974
-0.307803
-0.314864
-0.322162
-0.329703
-0.337496
-0.345547
-0.353863
-0.362452
-0.371322
-0.380481
-0.389937
-0.399700
-0.409778
-0.420180
-0.430917
-0.441998
-0.453433
-0.465234
-0.477410
-0.489974
-0.502938
-0.516313
-0.530112
-0.544348
-0.559034
-0.574184
-0.589813
-0.605935
-0.622565
-0.639719
-0.657413
-0.675664
-0.694487
-0.713900
-0.733920
-0.754565
-0.158000
-0.158093
-0.158354
-0.158771
-0.159332
-0.160032
-0.160865
-0.161827
-0.162914
-0.164125
-0.165458
-0.166911
-0.168484
-0.170177
-0.171990
-0.173924
-0.175978
-0.178154
-0.180454
-0.182877
-0.185427
-0.188104
-0.190911
-0.193849
-0.196921
-0.200129
-0.203476
-0.206964
-0.210596
-0.214376
-0.218306
-0.222390
-0.226632
-0.231034
-0.235601
-0.240336
-0.245245
-0.250331
-0.255599
-0.261053
-0.266698
-0.272540
-0.278584
-0.284834
-0.291298
-0.297979
-0.304886
-0.312023
-0.319398
-0.327017
-0.334887
-0.343016
-0.351410
-0.360078
-0.369027
-0.378266
-0.387804
-0.397648
-0.407809
-0.418296
-0.429118
-0.440286
-0.451809
-0.463700
-0.475968
-0.488626
-0.501685
-0.515157
-0.529056
-0.543394
-0.558185
-0.573442
-0.589180
-0.605415
-0.622160
-0.639432
-0.657246
-0.675618
-0.694564
-0.714102
-0.148486
-0.148573
-0.148818
-0.149210
-0.149737
-0.150395
-0.151178
-0.152082
-0.153104
-0.154241
-0.155494
-0.156859
-0.158338
-0.159929
-0.161633
-0.163450
-0.165381
-0.167426
-0.169587
-0.171865
-0.174261
-0.176777
-0.179414
-0.182175
-0.185062
-0.188077
-0.191223
-0.194501
-0.197914
-0.201466
-0.205160
-0.208998
-0.212984
-0.217121
-0.221413
-0.225863
-0.230477
-0.235256
-0.240207
-0.245332
-0.250638
-0.256128
-0.261807
-0.267682
-0.273756
-0.280035
-0.286526
-0.293233
-0.300164
-0.307324
-0.314720
-0.322359
-0.330248
-0.338394
-0.346804
-0.355487
-0.364450
-0.373702
-0.383251
-0.393106
-0.403277
-0.413772
-0.424602
-0.435776
-0.447306
-0.459201
-0.471474
-0.484135
-0.497196
-0.510671
-0.524571
-0.538909
-0.553700
-0.568957
-0.584694
-0.600925
-0.617667
-0.634932
-0.652738
-0.671099
-0.138443
-0.138524
-0.138753
-0.139118
-0.139610
-0.140223
-0.140953
-0.141796
-0.142748
-0.143809
-0.144977
-0.146250
-0.147629
-0.149112
-0.150701
-0.152395
-0.154195
-0.156102
-0.158117
-0.160240
-0.162474
-0.164820
-0.167279
-0.169854
-0.172546
-0.175357
-0.178289
-0.181345
-0.184528
-0.187840
-0.191284
-0.194862
-0.198578
-0.202436
-0.206437
-0.210587
-0.214888
-0.219344
-0.223960
-0.228739
-0.233686
-0.238805
-0.244100
-0.249577
-0.255240
-0.261095
-0.267146
-0.273400
-0.279862
-0.286538
-0.293434
-0.300556
-0.307911
-0.315506
-0.323348
-0.331443
-0.339800
-0.348426
-0.357329
-0.366518
-0.376001
-0.385786
-0.395883
-0.406302
-0.417052
-0.428143
-0.439585
-0.451390
-0.463568
-0.476131
-0.489091
-0.502460
-0.516250
-0.530475
-0.545147
-0.560281
-0.575890
-0.591988
-0.608589
-0.625708
-0.127907
-0.127983
-0.128194
-0.128531
-0.128986
-0.129552
-0.130227
-0.131005
-0.131885
-0.132865
-0.133944
-0.135121
-0.136394
-0.137765
-0.139233
-0.140798
-0.142461
-0.144223
-0.146084
-0.148046
-0.150110
-0.152277
-0.154550
-0.156928
-0.159415
-0.162012
-0.164721
-0.167545
-0.170486
-0.173546
-0.176727
-0.180033
-0.183467
-0.187031
-0.190728
-0.194561
-0.198535
-0.202652
-0.206917
-0.211332
-0.215902
-0.220632
-0.225524
-0.230584
-0.235816
-0.241226
-0.246817
-0.252595
-0.258565
-0.264733
-0.271104
-0.277684
-0.284480
-0.291496
-0.298741
-0.306221
-0.313942
-0.321911
-0.330137
-0.338626
-0.347387
-0.356428
-0.365757
-0.375383
-0.385314
-0.395561
-0.406133
-0.417039
-0.428291
-0.439898
-0.451871
-0.464223
-0.476964
-0.490106
-0.503662
-0.517644
-0.532065
-0.546938
-0.562276
-0.578092
-0.116917
-0.116986
-0.117179
-0.117487
-0.117903
-0.118421
-0.119037
-0.119748
-0.120553
-0.121449
-0.122435
-0.123510
-0.124675
-0.125927
-0.127269
-0.128700
-0.130220
-0.131830
-0.133532
-0.135325
-0.137212
-0.139193
-0.141270
-0.143444
-0.145717
-0.148091
-0.150568
-0.153149
-0.155837
-0.158634
-0.161542
-0.164564
-0.167702
-0.170960
-0.174339
-0.177844
-0.181476
-0.185240
-0.189138
-0.193174
-0.197351
-0.201674
-0.206146
-0.210771
-0.215554
-0.220498
-0.225609
-0.230890
-0.236348
-0.241986
-0.247809
-0.253824
-0.260036
-0.266450
-0.273072
-0.279909
-0.286966
-0.294251
-0.301770
-0.309530
-0.317538
-0.325802
-0.334329
-0.343128
-0.352206
-0.361573
-0.371236
-0.381205
-0.391490
-0.402100
-0.413044
-0.424335
-0.435981
-0.447994
-0.460385
-0.473166
-0.486348
-0.499943
-0.513963
-0.528420
-0.105511
-0.105573
-0.105747
-0.106025
-0.106400
-0.106868
-0.107424
-0.108066
-0.108792
-0.109601
-0.110490
-0.111461
-0.112511
-0.113642
-0.114853
-0.116144
-0.117516
-0.118969
-0.120505
-0.122123
-0.123826
-0.125614
-0.127488
-0.129450
-0.131501
-0.133644
-0.135878
-0.138208
-0.140634
-0.143158
-0.145782
-0.148509
-0.151342
-0.154281
-0.157331
-0.160494
-0.163772
-0.167168
-0.170686
-0.174328
-0.178098
-0.181999
-0.186035
-0.190209
-0.194525
-0.198987
-0.203599
-0.208365
-0.213290
-0.218378
-0.223633
-0.229061
-0.234667
-0.240455
-0.246431
-0.252601
-0.258970
-0.265544
-0.272330
-0.279332
-0.286559
-0.294017
-0.301712
-0.309653
-0.317845
-0.326298
-0.335019
-0.344015
-0.353297
-0.362871
-0.372748
-0.382937
-0.393447
-0.404288
-0.415470
-0.427004
-0.438900
-0.451169
-0.463821
-0.476868
-0.093729
-0.093784
-0.093939
-0.094186
-0.094519
-0.094934
-0.095429
-0.095999
-0.096644
-0.097362
-0.098153
-0.099015
-0.099948
-0.100953
-0.102028
-0.103175
-0.104394
-0.105685
-0.107049
-0.108487
-0.109999
-0.111587
-0.113252
-0.114995
-0.116817
-0.118721
-0.120706
-0.122775
-0.124930
-0.127172
-0.129504
-0.131926
-0.134442
-0.137054
-0.139763
-0.142572
-0.145484
-0.148501
-0.151626
-0.154862
-0.158211
-0.161676
-0.165261
-0.168969
-0.172804
-0.176767
-0.180864
-0.185098
-0.189473
-0.193993
-0.198662
-0.203484
-0.208463
-0.213605
-0.218914
-0.224395
-0.230053
-0.235893
-0.241921
-0.248141
-0.254561
-0.261186
-0.268022
-0.275076
-0.282354
-0.289863
-0.297610
-0.305602
-0.313847
-0.322352
-0.331126
-0.340177
-0.349514
-0.359144
-0.369078
-0.379324
-0.389891
-0.400790
-0.412029
-0.423619
-0.081614
-0.081662
-0.081797
-0.082012
-0.082302
-0.082664
-0.083094
-0.083591
-0.084152
-0.084778
-0.085466
-0.086217
-0.087029
-0.087904
-0.088840
-0.089839
-0.090900
-0.092024
-0.093212
-0.094464
-0.095781
-0.097164
-0.098614
-0.100131
-0.101718
-0.103375
-0.105104
-0.106906
-0.108782
-0.110734
-0.112765
-0.114874
-0.117065
-0.119339
-0.121698
-0.124144
-0.126680
-0.129307
-0.132028
-0.134845
-0.137761
-0.140779
-0.143900
-0.147129
-0.150468
-0.153919
-0.157487
-0.161173
-0.164983
-0.168918
-0.172984
-0.177182
-0.181518
-0.185996
-0.190618
-0.195391
-0.200317
-0.205402
-0.210651
-0.216068
-0.221658
-0.227426
-0.233379
-0.239521
-0.245858
-0.252396
-0.259142
-0.266101
-0.273280
-0.280686
-0.288326
-0.296207
-0.304337
-0.312723
-0.321372
-0.330294
-0.339496
-0.348986
-0.358772
-0.368864
-0.069209
-0.069249
-0.069364
-0.069546
-0.069792
-0.070099
-0.070464
-0.070885
-0.071361
-0.071891
-0.072475
-0.073112
-0.073801
-0.074542
-0.075337
-0.076184
-0.077083
-0.078037
-0.079044
-0.080106
-0.081222
-0.082395
-0.083624
-0.084911
-0.086257
-0.087662
-0.089128
-0.090656
-0.092247
-0.093903
-0.095624
-0.097413
-0.099271
-0.101199
-0.103200
-0.105274
-0.107424
-0.109652
-0.111960
-0.114349
-0.116822
-0.119380
-0.122028
-0.124766
-0.127597
-0.130523
-0.133549
-0.136675
-0.139905
-0.143243
-0.146690
-0.150251
-0.153928
-0.157724
-0.161644
-0.165691
-0.169869
-0.174181
-0.178632
-0.183226
-0.187966
-0.192858
-0.197905
-0.203114
-0.208488
-0.214032
-0.219752
-0.225654
-0.231742
-0.238022
-0.244501
-0.251184
-0.258078
-0.265189
-0.272524
-0.280089
-0.287892
-0.295940
-0.304239
-0.312797
-0.056557
-0.056590
-0.056684
-0.056833
-0.057034
-0.057285
-0.057583
-0.057927
-0.058316
-0.058750
-0.059227
-0.059747
-0.060310
-0.060916
-0.061565
-0.062257
-0.062992
-0.063771
-0.064595
-0.065462
-0.066375
-0.067333
-0.068338
-0.069389
-0.070489
-0.071637
-0.072835
-0.074084
-0.075384
-0.076737
-0.078144
-0.079606
-0.081124
-0.082700
-0.084335
-0.086030
-0.087787
-0.089608
-0.091493
-0.093445
-0.095466
-0.097557
-0.099721
-0.101958
-0.104272
-0.106663
-0.109136
-0.111691
-0.114330
-0.117058
-0.119875
-0.122784
-0.125789
-0.128892
-0.132095
-0.135403
-0.138817
-0.142341
-0.145978
-0.149731
-0.153605
-0.157603
-0.161728
-0.165984
-0.170376
-0.174907
-0.179581
-0.184404
-0.189379
-0.194511
-0.199805
-0.205267
-0.210901
-0.216712
-0.222706
-0.228888
-0.235265
-0.241841
-0.248623
-0.255617
-0.043704
-0.043730
-0.043802
-0.043918
-0.044073
-0.044267
-0.044497
-0.044763
-0.045064
-0.045399
-0.045767
-0.046169
-0.046604
-0.047073
-0.047574
-0.048109
-0.048677
-0.049279
-0.049915
-0.050586
-0.051291
-0.052032
-0.052808
-0.053621
-0.054470
-0.055358
-0.056283
-0.057248
-0.058253
-0.059299
-0.060386
-0.061515
-0.062689
-0.063906
-0.065170
-0.066480
-0.067837
-0.069244
-0.070701
-0.072210
-0.073771
-0.075387
-0.077059
-0.078788
-0.080576
-0.082424
-0.084335
-0.086309
-0.088349
-0.090456
-0.092633
-0.094882
-0.097204
-0.099601
-0.102077
-0.104632
-0.107270
-0.109994
-0.112804
-0.115705
-0.118698
-0.121787
-0.124975
-0.128264
-0.131658
-0.135159
-0.138771
-0.142498
-0.146342
-0.150308
-0.154399
-0.158620
-0.162973
-0.167464
-0.172096
-0.176873
-0.181801
-0.186883
-0.192123
-0.197528
-0.030696
-0.030714
-0.030765
-0.030846
-0.030955
-0.031091
-0.031253
-0.031440
-0.031651
-0.031886
-0.032145
-0.032427
-0.032733
-0.033062
-0.033414
-0.033790
-0.034189
-0.034612
-0.035059
-0.035530
-0.036025
-0.036545
-0.037090
-0.037661
-0.038258
-0.038881
-0.039531
-0.040209
-0.040915
-0.041649
-0.042413
-0.043206
-0.044030
-0.044885
-0.045773
-0.046693
-0.047646
-0.048634
-0.049658
-0.050717
-0.051814
-0.052949
-0.054123
-0.055338
-0.056593
-0.057892
-0.059233
-0.060620
-0.062053
-0.063533
-0.065062
-0.066641
-0.068272
-0.069956
-0.071695
-0.073490
-0.075343
-0.077255
-0.079229
-0.081267
-0.083369
-0.085539
-0.087778
-0.090088
-0.092471
-0.094930
-0.097467
-0.100085
-0.102785
-0.105571
-0.108444
-0.111408
-0.114466
-0.117620
-0.120873
-0.124229
-0.127690
-0.131259
-0.134940
-0.138736
-0.017579
-0.017589
-0.017618
-0.017665
-0.017727
-0.017805
-0.017898
-0.018005
-0.018126
-0.018260
-0.018409
-0.018570
-0.018745
-0.018934
-0.019136
-0.019351
-0.019579
-0.019821
-0.020077
-0.020347
-0.020631
-0.020928
-0.021241
-0.021568
-0.021909
-0.022266
-0.022639
-0.023027
-0.023431
-0.023851
-0.024289
-0.024743
-0.025215
-0.025705
-0.026213
-0.026740
-0.027286
-0.027852
-0.028438
-0.029045
-0.029673
-0.030323
-0.030995
-0.031691
-0.032410
-0.033153
-0.033921
-0.034716
-0.035536
-0.036384
-0.037259
-0.038164
-0.039098
-0.040062
-0.041058
-0.042086
-0.043147
-0.044242
-0.045373
-0.046539
-0.047743
-0.048986
-0.050268
-0.051591
-0.052956
-0.054364
-0.055817
-0.057316
-0.058862
-0.060458
-0.062103
-0.063801
-0.065552
-0.067358
-0.069221
-0.071143
-0.073125
-0.075169
-0.077277
-0.079450
-0.004399
-0.004402
-0.004409
-0.004421
-0.004436
-0.004456
-0.004479
-0.004506
-0.004536
-0.004570
-0.004607
-0.004647
-0.004691
-0.004738
-0.004789
-0.004843
-0.004900
-0.004960
-0.005024
-0.005092
-0.005163
-0.005237
-0.005316
-0.005397
-0.005483
-0.005572
-0.005665
-0.005762
-0.005864
-0.005969
-0.006078
-0.006192
-0.006310
-0.006433
-0.006560
-0.006692
-0.006828
-0.006970
-0.007117
-0.007268
-0.007426
-0.007588
-0.007757
-0.007931
-0.008111
-0.008297
-0.008489
-0.008688
-0.008893
-0.009105
-0.009324
-0.009550
-0.009784
-0.010026
-0.010275
-0.010532
-0.010798
-0.011072
-0.011355
-0.011646
-0.011948
-0.012259
-0.012580
-0.012911
-0.013252
-0.013605
-0.013968
-0.014343
-0.014730
-0.015130
-0.015541
-0.015966
-0.016404
-0.016856
-0.017323
-0.017804
-0.018299
-0.018811
-0.019339
-0.019883
0.008796
0.008801
0.008816
0.008839
0.008870
0.008909
0.008956
0.009009
0.009070
0.009137
0.009211
0.009292
0.009380
0.009474
0.009575
0.009683
0.009797
0.009918
0.010046
0.010181
0.010323
0.010472
0.010629
0.010792
0.010963
0.011142
0.011328
0.011522
0.011724
0.011935
0.012154
0.012381
0.012617
0.012862
0.013117
0.013380
0.013653
0.013937
0.014230
0.014534
0.014848
0.015173
0.015510
0.015858
0.016217
0.016589
0.016974
0.017371
0.017782
0.018206
0.018644
0.019097
0.019564
0.020047
0.020545
0.021059
0.021590
0.022138
0.022704
0.023288
0.023890
0.024512
0.025154
0.025816
0.026499
0.027203
0.027930
0.028680
0.029454
0.030252
0.031076
0.031925
0.032801
0.033705
0.034638
0.035599
0.036591
0.037614
0.038668
0.039756
0.021961
0.021973
0.022010
0.022068
0.022146
0.022243
0.022359
0.022492
0.022644
0.022812
0.022997
0.023199
0.023418
0.023653
0.023905
0.024174
0.024459
0.024762
0.025081
0.025418
0.025773
0.026145
0.026535
0.026943
0.027370
0.027816
0.028281
0.028766
0.029271
0.029796
0.030342
0.030910
0.031500
0.032111
0.032746
0.033404
0.034087
0.034794
0.035526
0.036284
0.037069
0.037881
0.038721
0.039589
0.040488
0.041416
0.042376
0.043368
0.044393
0.045452
0.046546
0.047676
0.048843
0.050047
0.051291
0.052575
0.053901
0.055269
0.056682
0.058139
0.059643
0.061196
0.062797
0.064450
0.066155
0.067914
0.069730
0.071602
0.073534
0.075527
0.077582
0.079703
0.081891
0.084147
0.086474
0.088875
0.091351
0.093905
0.096538
0.099253
0.035047
0.035067
0.035125
0.035217
0.035342
0.035497
0.035682
0.035895
0.036137
0.036405
0.036701
0.037023
0.037372
0.037748
0.038150
0.038579
0.039034
0.039517
0.040027
0.040565
0.041130
0.041724
0.042347
0.042998
0.043680
0.044391
0.045134
0.045907
0.046713
0.047552
0.048423
0.049329
0.050270
0.051246
0.052259
0.053310
0.054399
0.055527
0.056695
0.057905
0.059157
0.060453
0.061794
0.063180
0.064614
0.066096
0.067628
0.069211
0.070847
0.072537
0.074283
0.076086
0.077948
0.079870
0.081855
0.083905
0.086020
0.088204
0.090458
0.092784
0.095184
0.097661
0.100218
0.102855
0.105576
0.108384
0.111281
0.114269
0.117352
0.120532
0.123813
0.127197
0.130688
0.134289
0.138004
0.141835
0.145786
0.149861
0.154064
0.158398
0.048008
0.048036
0.048116
0.048242
0.048413
0.048626
0.048879
0.049171
0.049501
0.049869
0.050274
0.050715
0.051193
0.051708
0.052259
0.052846
0.053471
0.054132
0.054830
0.055567
0.056342
0.057155
0.058008
0.058901
0.059834
0.060809
0.061826
0.062886
0.063989
0.065138
0.066332
0.067573
0.068862
0.070199
0.071587
0.073026
0.074517
0.076063
0.077663
0.079320
0.081036
0.082811
0.084647
0.086546
0.088510
0.090540
0.092639
0.094808
0.097048
0.099363
0.101755
0.104225
0.106775
0.109409
0.112128
0.114935
0.117833
0.120825
0.123912
0.127098
0.130387
0.133780
0.137281
0.140894
0.144622
0.148468
0.152436
0.156530
0.160753
0.165109
0.169603
0.174239
0.179021
0.183954
0.189042
0.194290
0.199703
0.205285
0.211042
0.216978
0.060799
0.060834
0.060935
0.061095
0.061311
0.061581
0.061901
0.062271
0.062690
0.063155
0.063668
0.064227
0.064833
0.065484
0.066182
0.066926
0.067717
0.068554
0.069439
0.070371
0.071353
0.072383
0.073463
0.074593
0.075775
0.077010
0.078298
0.079640
0.081038
0.082492
0.084005
0.085576
0.087208
0.088902
0.090659
0.092482
0.094371
0.096328
0.098355
0.100454
0.102626
0.104874
0.107199
0.109605
0.112092
0.114663
0.117321
0.120067
0.122905
0.125837
0.128865
0.131993
0.135223
0.138558
0.142002
0.145557
0.149227
0.153016
0.156926
0.160961
0.165125
0.169423
0.173857
0.178432
0.183153
0.188024
0.193049
0.198233
0.203582
0.209099
0.214790
0.220661
0.226717
0.232964
0.239408
0.246054
0.252909
0.259979
0.267269
0.274787
0.073373
0.073416
0.073538
0.073731
0.073992
0.074317
0.074704
0.075150
0.075655
0.076217
0.076836
0.077511
0.078242
0.079028
0.079870
0.080768
0.081722
0.082732
0.083800
0.084926
0.086110
0.087353
0.088656
0.090021
0.091447
0.092937
0.094491
0.096111
0.097798
0.099553
0.101378
0.103275
0.105244
0.107289
0.109410
0.111609
0.113888
0.116250
0.118696
0.121229
0.123851
0.126564
0.129370
0.132273
0.135275
0.138377
0.141585
0.144899
0.148324
0.151862
0.155517
0.159292
0.163190
0.167215
0.171371
0.175662
0.180091
0.184662
0.189381
0.194251
0.199276
0.204463
0.209814
0.215336
0.221033
0.226911
0.232976
0.239232
0.245686
0.252345
0.259213
0.266298
0.273607
0.281146
0.288922
0.296943
0.305216
0.313748
0.322546
0.331619
0.085686
0.085737
0.085879
0.086104
0.086409
0.086789
0.087240
0.087762
0.088351
0.089008
0.089731
0.090519
0.091372
0.092290
0.093273
0.094322
0.095436
0.096616
0.097863
0.099178
0.100560
0.102012
0.103534
0.105128
0.106794
0.108534
0.110349
0.112240
0.114210
0.116260
0.118392
0.120606
0.122906
0.125294
0.127771
0.130339
0.133001
0.135759
0.138616
0.141574
0.144636
0.147804
0.151081
0.154471
0.157976
0.161600
0.165345
0.169216
0.173216
0.177347
0.181616
0.186024
0.190576
0.195277
0.200130
0.205141
0.210313
0.215652
0.221163
0.226850
0.232719
0.238775
0.245025
0.251473
0.258127
0.264991
0.272073
0.279380
0.286917
0.294693
0.302714
0.310988
0.319524
0.328328
0.337409
0.346776
0.356437
0.366400
0.376675
0.387271
0.097695
0.097753
0.097914
0.098171
0.098519
0.098952
0.099467
0.100061
0.100734
0.101482
0.102306
0.103205
0.104177
0.105224
0.106345
0.107541
0.108811
0.110157
0.111579
0.113077
0.114654
0.116309
0.118044
0.119861
0.121761
0.123744
0.125814
0.127970
0.130216
0.132554
0.134984
0.137509
0.140131
0.142853
0.145677
0.148605
0.151641
0.154785
0.158042
0.161415
0.164906
0.168518
0.172255
0.176119
0.180116
0.184247
0.188518
0.192931
0.197491
0.202202
0.207068
0.212094
0.217285
0.222644
0.228178
0.233890
0.239788
0.245875
0.252158
0.258642
0.265333
0.272239
0.279364
0.286716
0.294302
0.302128
0.310203
0.318533
0.327127
0.335993
0.345138
0.354572
0.364303
0.374342
0.384696
0.395375
0.406390
0.417750
0.429465
0.441545
0.109356
0.109421
0.109601
0.109889
0.110278
0.110763
0.111339
0.112005
0.112757
0.113595
0.114517
0.115523
0.116612
0.117784
0.119039
0.120377
0.121799
0.123305
0.124897
0.126574
0.128339
0.130192
0.132134
0.134168
0.136294
0.138515
0.140831
0.143245
0.145759
0.148375
0.151096
0.153922
0.156858
0.159905
0.163065
0.166343
0.169741
0.173261
0.176907
0.180682
0.184589
0.188632
0.192815
0.197141
0.201615
0.206239
0.211020
0.215960
0.221064
0.226337
0.231784
0.237410
0.243220
0.249219
0.255413
0.261808
0.268409
0.275223
0.282256
0.289514
0.297004
0.304733
0.312709
0.320939
0.329430
0.338191
0.347230
0.356554
0.366174
0.376097
0.386334
0.396894
0.407787
0.419024
0.430614
0.442568
0.454897
0.467613
0.480727
0.494249
0.120628
0.120699
0.120899
0.121216
0.121645
0.122180
0.122816
0.123550
0.124380
0.125304
0.126322
0.127431
0.128632
0.129925
0.131309
0.132785
0.134354
0.136015
0.137771
0.139621
0.141568
0.143612
0.145754
0.147998
0.150343
0.152792
0.155347
0.158010
0.160784
0.163669
0.166670
0.169788
0.173026
0.176387
0.179874
0.183489
0.187237
0.191120
0.195142
0.199306
0.203616
0.208076
0.212690
0.217462
0.222397
0.227498
0.232771
0.238220
0.243850
0.249667
0.255676
0.261882
0.268290
0.274908
0.281741
0.288794
0.296076
0.303592
0.311350
0.319356
0.327618
0.336144
0.344942
0.354020
0.363387
0.373051
0.383021
0.393307
0.403918
0.414864
0.426157
0.437805
0.449821
0.462215
0.475000
0.488186
0.501787
0.515813
0.530278
0.545194
0.131471
0.131549
0.131766
0.132112
0.132580
0.133162
0.133855
0.134655
0.135560
0.136568
0.137676
0.138886
0.140195
0.141604
0.143112
0.144721
0.146430
0.148241
0.150155
0.152171
0.154293
0.156521
0.158856
0.161301
0.163857
0.166526
0.169311
0.172214
0.175236
0.178381
0.181652
0.185050
0.188579
0.192242
0.196042
0.199983
0.204067
0.208299
0.212682
0.217221
0.221918
0.226779
0.231808
0.237009
0.242387
0.247947
0.253694
0.259633
0.265770
0.272109
0.278658
0.285422
0.292406
0.299619
0.307066
0.314753
0.322690
0.330881
0.339336
0.348062
0.357067
0.366360
0.375949
0.385843
0.396051
0.406583
0.417450
0.428660
0.440225
0.452156
0.464463
0.477158
0.490254
0.503763
0.517696
0.532068
0.546891
0.562178
0.577944
0.594201
0.141847
0.141930
0.142165
0.142538
0.143043
0.143671
0.144419
0.145282
0.146258
0.147345
0.148541
0.149846
0.151258
0.152778
0.154406
0.156142
0.157986
0.159940
0.162004
0.164180
0.166469
0.168873
0.171392
0.174030
0.176788
0.179668
0.182673
0.185804
0.189065
0.192459
0.195987
0.199653
0.203461
0.207413
0.211513
0.215765
0.220172
0.224738
0.229467
0.234363
0.239432
0.244676
0.250102
0.255713
0.261516
0.267514
0.273715
0.280123
0.286743
0.293583
0.300649
0.307946
0.315482
0.323264
0.331298
0.339593
0.348155
0.356993
0.366116
0.375530
0.385246
0.395272
0.405617
0.416292
0.427306
0.438670
0.450394
0.462489
0.474966
0.487838
0.501117
0.514814
0.528944
0.543518
0.558552
0.574058
0.590050
0.606544
0.623553
0.641093
0.151717
0.151807
0.152057
0.152457
0.152996
0.153669
0.154468
0.155392
0.156436
0.157599
0.158878
0.160273
0.161784
0.163410
0.165151
0.167008
0.168980
0.171070
0.173278
0.175605
0.178053
0.180624
0.183319
0.186141
0.189090
0.192171
0.195385
0.198734
0.202222
0.205851
0.209625
0.213547
0.217619
0.221847
0.226232
0.230779
0.235493
0.240377
0.245435
0.250672
0.256093
0.261703
0.267506
0.273508
0.279714
0.286130
0.292762
0.299616
0.306697
0.314013
0.321570
0.329376
0.337436
0.345759
0.354353
0.363224
0.372383
0.381836
0.391593
0.401662
0.412054
0.422778
0.433843
0.445261
0.457041
0.469196
0.481735
0.494672
0.508018
0.521786
0.535988
0.550639
0.565752
0.581340
0.597420
0.614005
0.631110
0.648752
0.666945
0.685705
0.161048
0.161143
0.161409
0.161834
0.162406
0.163120
0.163969
0.164949
0.166057
0.167291
0.168650
0.170131
0.171734
0.173460
0.175308
0.177279
0.179373
0.181591
0.183935
0.186405
0.189004
0.191733
0.194594
0.197589
0.200720
0.203990
0.207401
0.210957
0.214659
0.218512
0.222518
0.226681
0.231004
0.235491
0.240146
0.244973
0.249976
0.255161
0.260530
0.266089
0.271844
0.277798
0.283958
0.290329
0.296917
0.303728
0.310768
0.318043
0.325560
0.333326
0.341348
0.349633
0.358189
0.367024
0.376146
0.385564
0.395285
0.405320
0.415677
0.426366
0.437397
0.448780
0.460526
0.472646
0.485151
0.498053
0.511364
0.525096
0.539263
0.553877
0.568953
0.584505
0.600547
0.617095
0.634163
0.651768
0.669926
0.688652
0.707964
0.727878
0.169807
0.169907
0.170187
0.170635
0.171238
0.171991
0.172886
0.173919
0.175088
0.176389
0.177821
0.179383
0.181074
0.182893
0.184842
0.186920
0.189128
0.191467
0.193938
0.196543
0.199283
0.202160
0.205176
0.208334
0.211636
0.215083
0.218680
0.222429
0.226333
0.230395
0.234619
0.239008
0.243566
0.248297
0.253206
0.258295
0.263571
0.269037
0.274698
0.280560
0.286627
0.292906
0.299401
0.306118
0.313064
0.320246
0.327668
0.335339
0.343265
0.351453
0.359911
0.368647
0.377669
0.386984
0.396602
0.406532
0.416782
0.427362
0.438282
0.449553
0.461183
0.473186
0.485571
0.498349
0.511535
0.525138
0.539173
0.553652
0.568589
0.583999
0.599894
0.616292
0.633206
0.650654
0.668650
0.687213
0.706358
0.726103
0.746465
0.767462
0.177961
0.178066
0.178360
0.178829
0.179461
0.180250
0.181188
0.182271
0.183496
0.184859
0.186360
0.187997
0.189769
0.191676
0.193718
0.195896
0.198210
0.200661
0.203251
0.205981
0.208852
0.211868
0.215029
0.218338
0.221798
0.225412
0.229181
0.233110
0.237202
0.241459
0.245885
0.250485
0.255262
0.260221
0.265365
0.270699
0.276228
0.281956
0.287889
0.294032
0.300391
0.306971
0.313778
0.320818
0.328098
0.335624
0.343403
0.351442
0.359749
0.368330
0.377194
0.386350
0.395804
0.405567
0.415647
0.426054
0.436796
0.447884
0.459329
0.471140
0.483330
0.495908
0.508888
0.522280
0.536099
0.550356
0.565064
0.580239
0.595893
0.612042
0.628702
0.645887
0.663613
0.681899
0.700759
0.720213
0.740278
0.760971
0.782311
0.804316
0.185482
0.185591
0.185898
0.186386
0.187046
0.187868
0.188845
0.189974
0.191251
0.192672
0.194236
0.195942
0.197789
0.199777
0.201905
0.204175
0.206587
0.209142
0.211841
0.214686
0.217679
0.220822
0.224117
0.227566
0.231172
0.234938
0.238867
0.242962
0.247226
0.251664
0.256277
0.261072
0.266051
0.271219
0.276580
0.282139
0.287902
0.293872
0.300056
0.306459
0.313087
0.319945
0.327039
0.334377
0.341964
0.349808
0.357916
0.366295
0.374953
0.383897
0.393136
0.402678
0.412532
0.422708
0.433214
0.444060
0.455256
0.466813
0.478742
0.491052
0.503757
0.516867
0.530395
0.544354
0.558756
0.573615
0.588946
0.604761
0.621077
0.637909
0.655273
0.673184
0.691660
0.710718
0.730376
0.750652
0.771564
0.793132
0.815374
0.838309
0.192343
0.192457
0.192775
0.193281
0.193965
0.194817
0.195831
0.197002
0.198326
0.199799
0.201422
0.203191
0.205106
0.207167
0.209374
0.211728
0.214229
0.216878
0.219677
0.222628
0.225732
0.228991
0.232407
0.235984
0.239724
0.243629
0.247704
0.251950
0.256372
0.260973
0.265758
0.270729
0.275892
0.281252
0.286811
0.292576
0.298552
0.304743
0.311156
0.317796
0.324668
0.331780
0.339137
0.346746
0.354614
0.362749
0.371156
0.379845
0.388823
0.398098
0.407679
0.417574
0.427793
0.438345
0.449239
0.460487
0.472097
0.484082
0.496451
0.509217
0.522392
0.535987
0.550015
0.564490
0.579425
0.594835
0.610732
0.627133
0.644052
0.661507
0.679512
0.698086
0.717246
0.737009
0.757394
0.778420
0.800106
0.822471
0.845536
0.869320
0.198521
0.198637
0.198966
0.199489
0.200194
0.201074
0.202120
0.203329
0.204695
0.206216
0.207890
0.209716
0.211693
0.213820
0.216098
0.218528
0.221109
0.223843
0.226732
0.229778
0.232981
0.236345
0.239871
0.243563
0.247423
0.251454
0.255659
0.260041
0.264605
0.269354
0.274293
0.279424
0.284753
0.290284
0.296022
0.301973
0.308140
0.314530
0.321149
0.328002
0.335095
0.342435
0.350029
0.357882
0.366003
0.374398
0.383076
0.392044
0.401310
0.410883
0.420771
0.430985
0.441532
0.452422
0.463667
0.475275
0.487259
0.499628
0.512395
0.525571
0.539169
0.553200
0.567679
0.582619
0.598034
0.613938
0.630346
0.647273
0.664737
0.682751
0.701335
0.720506
0.740280
0.760678
0.781718
0.803419
0.825802
0.848885
0.872691
0.897239
0.203992
0.204112
0.204449
0.204986
0.205712
0.206615
0.207691
0.208932
0.210336
0.211899
0.213620
0.215496
0.217527
0.219713
0.222054
0.224550
0.227202
0.230012
0.232981
0.236110
0.239402
0.242858
0.246482
0.250275
0.254241
0.258383
0.262704
0.267208
0.271898
0.276778
0.281852
0.287125
0.292600
0.298284
0.304180
0.310295
0.316632
0.323199
0.330000
0.337041
0.344330
0.351872
0.359675
0.367745
0.376090
0.384717
0.393633
0.402848
0.412370
0.422207
0.432368
0.442862
0.453700
0.464891
0.476445
0.488374
0.500687
0.513397
0.526516
0.540055
0.554028
0.568446
0.583324
0.598676
0.614515
0.630857
0.647718
0.665112
0.683056
0.701567
0.720663
0.740362
0.760682
0.781642
0.803261
0.825561
0.848560
0.872280
0.896741
0.921966
0.208737
0.208860
0.209205
0.209755
0.210497
0.211422
0.212522
0.213793
0.215229
0.216829
0.218589
0.220509
0.222587
0.224824
0.227219
0.229774
0.232488
0.235363
0.238401
0.241603
0.244971
0.248508
0.252216
0.256097
0.260156
0.264394
0.268816
0.273424
0.278223
0.283216
0.288408
0.293804
0.299407
0.305223
0.311256
0.317513
0.323998
0.330717
0.337676
0.344882
0.352340
0.360058
0.368042
0.376300
0.384839
0.393666
0.402790
0.412220
0.421963
0.432028
0.442426
0.453164
0.464254
0.475705
0.487528
0.499734
0.512335
0.525341
0.538764
0.552618
0.566916
0.581670
0.596894
0.612603
0.628811
0.645533
0.662785
0.680584
0.698946
0.717888
0.737428
0.757585
0.778377
0.799825
0.821947
0.844765
0.868300
0.892571
0.917602
0.943413
0.212740
0.212865
0.213217
0.213777
0.214534
0.215476
0.216598
0.217892
0.219356
0.220987
0.222781
0.224737
0.226856
0.229136
0.231577
0.234180
0.236946
0.239876
0.242972
0.246236
0.249669
0.253273
0.257052
0.261009
0.265145
0.269464
0.273971
0.278667
0.283558
0.288647
0.293939
0.299438
0.305149
0.311076
0.317225
0.323602
0.330211
0.337059
0.344152
0.351496
0.359097
0.366963
0.375100
0.383516
0.392219
0.401215
0.410515
0.420125
0.430055
0.440313
0.450910
0.461854
0.473157
0.484828
0.496878
0.509318
0.522160
0.535415
0.549096
0.563216
0.577787
0.592824
0.608340
0.624350
0.640869
0.657912
0.675495
0.693635
0.712349
0.731655
0.751570
0.772113
0.793304
0.815163
0.837710
0.860965
0.884951
0.909688
0.935199
0.961505
0.215986
0.216113
0.216470
0.217039
0.217807
0.218764
0.219903
0.221217
0.222704
0.224359
0.226180
0.228167
0.230317
0.232632
0.235110
0.237753
0.240562
0.243537
0.246680
0.249993
0.253478
0.257138
0.260975
0.264991
0.269191
0.273576
0.278151
0.282919
0.287885
0.293052
0.298424
0.304007
0.309805
0.315823
0.322066
0.328540
0.335250
0.342202
0.349403
0.356859
0.364576
0.372562
0.380824
0.389368
0.398203
0.407337
0.416779
0.426535
0.436617
0.447032
0.457790
0.468902
0.480377
0.492226
0.504459
0.517089
0.530127
0.543585
0.557475
0.571810
0.586604
0.601870
0.617623
0.633877
0.650648
0.667951
0.685803
0.704220
0.723219
0.742819
0.763038
0.783894
0.805409
0.827601
0.850492
0.874103
0.898454
0.923569
0.949469
0.976176
0.218464
0.218593
0.218954
0.219529
0.220306
0.221274
0.222425
0.223755
0.225258
0.226933
0.228775
0.230784
0.232960
0.235301
0.237808
0.240481
0.243322
0.246331
0.249510
0.252861
0.256386
0.260088
0.263969
0.268031
0.272279
0.276715
0.281342
0.286165
0.291188
0.296414
0.301848
0.307495
0.313359
0.319446
0.325761
0.332309
0.339096
0.346128
0.353412
0.360953
0.368759
0.376836
0.385193
0.393835
0.402772
0.412011
0.421560
0.431429
0.441626
0.452160
0.463042
0.474281
0.485888
0.497873
0.510247
0.523022
0.536209
0.549821
0.563870
0.578370
0.593334
0.608775
0.624709
0.641149
0.658113
0.675614
0.693670
0.712299
0.731516
0.751341
0.771791
0.792888
0.814649
0.837096
0.860249
0.884131
0.908762
0.934164
0.960361
0.987375
0.220165
0.220294
0.220658
0.221238
0.222021
0.222996
0.224157
0.225497
0.227012
0.228699
0.230556
0.232581
0.234773
0.237133
0.239659
0.242353
0.245216
0.248248
0.251452
0.254830
0.258382
0.262113
0.266024
0.270118
0.274399
0.278869
0.283532
0.288393
0.293455
0.298721
0.304198
0.309889
0.315799
0.321933
0.328297
0.334896
0.341736
0.348823
0.356163
0.363763
0.371630
0.379770
0.388191
0.396901
0.405907
0.415218
0.424842
0.434787
0.445064
0.455680
0.466647
0.477974
0.489671
0.501749
0.514219
0.527093
0.540383
0.554101
0.568260
0.582873
0.597953
0.613514
0.629572
0.646141
0.663236
0.680874
0.699071
0.717844
0.737211
0.757190
0.777800
0.799060
0.820991
0.843613
0.866946
0.891014
0.915836
0.941437
0.967838
0.995062
0.221082
0.221213
0.221578
0.222160
0.222946
0.223926
0.225091
0.226437
0.227958
0.229652
0.231517
0.233550
0.235752
0.238121
0.240658
0.243363
0.246238
0.249283
0.252500
0.255892
0.259459
0.263205
0.267133
0.271244
0.275542
0.280031
0.284714
0.289595
0.294678
0.299966
0.305466
0.311180
0.317115
0.323275
0.329665
0.336292
0.343160
0.350277
0.357647
0.365279
0.373179
0.381353
0.389809
0.398555
0.407599
0.416949
0.426613
0.436600
0.446919
0.457580
0.468592
0.479966
0.491711
0.503840
0.516362
0.529290
0.542636
0.556411
0.570628
0.585302
0.600445
0.616071
0.632196
0.648834
0.666000
0.683712
0.701984
0.720836
0.740284
0.760346
0.781042
0.802391
0.824413
0.847129
0.870560
0.894727
0.919654
0.945361
0.971872
0.999209
0.221214
0.221344
0.221709
0.222292
0.223079
0.224059
0.225225
0.226571
0.228094
0.229789
0.231654
0.233689
0.235892
0.238262
0.240801
0.243508
0.246384
0.249431
0.252650
0.256044
0.259613
0.263361
0.267291
0.271405
0.275706
0.280197
0.284883
0.289767
0.294853
0.300144
0.305647
0.311365
0.317303
0.323466
0.329861
0.336491
0.343364
0.350484
0.357860
0.365496
0.373400
0.381579
0.390041
0.398792
0.407841
0.417196
0.426866
0.436859
0.447184
0.457851
0.468870
0.480251
0.492003
0.504139
0.516669
0.529604
0.542958
0.556741
0.570967
0.585649
0.600801
0.616437
0.632571
0.649219
0.666396
0.684117
0.702401
0.721264
0.740723
0.760797
0.781505
0.802867
0.824902
0.847631
0.871076
0.895258
0.920199
0.945922
0.972448
0.999802
0.220558
0.220688
0.221052
0.221633
0.222417
0.223395
0.224557
0.225900
0.227417
0.229108
0.230968
0.232996
0.235192
0.237556
0.240087
0.242786
0.245654
0.248692
0.251901
0.255285
0.258844
0.262581
0.266499
0.270600
0.274889
0.279367
0.284039
0.288908
0.293979
0.299255
0.304741
0.310442
0.316363
0.322508
0.328883
0.335494
0.342346
0.349446
0.356799
0.364413
0.372293
0.380448
0.388884
0.397610
0.406632
0.415959
0.425600
0.435564
0.445859
0.456494
0.467480
0.478827
0.490545
0.502645
0.515137
0.528035
0.541348
0.555091
0.569275
0.583913
0.599020
0.614610
0.630696
0.647294
0.664420
0.682090
0.700319
0.719126
0.738527
0.758542
0.779189
0.800487
0.822457
0.845119
0.868494
0.892605
0.917472
0.943118
0.969566
0.996839
0.219118
0.219247
0.219609
0.220186
0.220965
0.221936
0.223091
0.224425
0.225932
0.227611
0.229459
0.231475
0.233657
0.236005
0.238519
0.241200
0.244050
0.247068
0.250256
0.253618
0.257153
0.260866
0.264759
0.268833
0.273093
0.277543
0.282184
0.287021
0.292059
0.297301
0.302751
0.308415
0.314297
0.320402
0.326735
0.333303
0.340110
0.347164
0.354469
0.362033
0.369862
0.377964
0.386345
0.395013
0.403977
0.413243
0.422821
0.432720
0.442947
0.453513
0.464428
0.475700
0.487342
0.499362
0.511773
0.524586
0.537813
0.551466
0.565557
0.580100
0.595109
0.610596
0.626578
0.643068
0.660082
0.677636
0.695746
0.714430
0.733705
0.753589
0.774101
0.795260
0.817086
0.839600
0.862823
0.886776
0.911481
0.936960
0.963235
0.990330
0.216898
0.217026
0.217384
0.217956
0.218727
0.219688
0.220831
0.222151
0.223644
0.225306
0.227135
0.229130
0.231290
0.233614
0.236103
0.238757
0.241577
0.244565
0.247721
0.251049
0.254548
0.258224
0.262077
0.266110
0.270327
0.274731
0.279325
0.284114
0.289100
0.294289
0.299684
0.305291
0.311113
0.317156
0.323425
0.329927
0.336665
0.343647
0.350878
0.358366
0.366116
0.374135
0.382431
0.391012
0.399884
0.409057
0.418538
0.428336
0.438460
0.448919
0.459723
0.470881
0.482405
0.494304
0.506589
0.519272
0.532365
0.545880
0.559828
0.574224
0.589080
0.604411
0.620230
0.636553
0.653395
0.670771
0.688698
0.707193
0.726272
0.745955
0.766259
0.787204
0.808809
0.831095
0.854083
0.877793
0.902247
0.927468
0.953477
0.980298
0.213907
0.214033
0.214386
0.214950
0.215710
0.216658
0.217786
0.219087
0.220559
0.222199
0.224003
0.225970
0.228100
0.230392
0.232847
0.235464
0.238246
0.241192
0.244305
0.247586
0.251038
0.254663
0.258462
0.262440
0.266599
0.270942
0.275473
0.280196
0.285113
0.290230
0.295551
0.301080
0.306822
0.312782
0.318965
0.325377
0.332022
0.338908
0.346039
0.353423
0.361066
0.368975
0.377157
0.385620
0.394370
0.403416
0.412766
0.422429
0.432413
0.442728
0.453383
0.464388
0.475752
0.487487
0.499603
0.512111
0.525023
0.538351
0.552108
0.566305
0.580956
0.596076
0.611677
0.627775
0.644384
0.661521
0.679200
0.697440
0.716256
0.735668
0.755692
0.776348
0.797655
0.819634
0.842304
0.865687
0.889805
0.914678
0.940328
0.966778
0.210155
0.210278
0.210626
0.211179
0.211926
0.212858
0.213965
0.215244
0.216691
0.218301
0.220073
0.222006
0.224099
0.226351
0.228763
0.231334
0.234067
0.236961
0.240020
0.243243
0.246635
0.250196
0.253929
0.257837
0.261923
0.266190
0.270641
0.275281
0.280112
0.285140
0.290367
0.295799
0.301440
0.307296
0.313370
0.319669
0.326198
0.332963
0.339970
0.347224
0.354733
0.362503
0.370542
0.378855
0.387452
0.396340
0.405526
0.415019
0.424828
0.434962
0.445430
0.456242
0.467407
0.478936
0.490839
0.503128
0.515814
0.528908
0.542423
0.556372
0.570766
0.585620
0.600948
0.616763
0.633081
0.649917
0.667287
0.685206
0.703693
0.722763
0.742436
0.762730
0.783664
0.805257
0.827530
0.850503
0.874197
0.898633
0.923834
0.949820
0.205655
0.205776
0.206116
0.206658
0.207389
0.208300
0.209384
0.210636
0.212051
0.213627
0.215361
0.217253
0.219301
0.221505
0.223864
0.226381
0.229055
0.231888
0.234881
0.238035
0.241354
0.244839
0.248492
0.252316
0.256315
0.260490
0.264846
0.269387
0.274115
0.279034
0.284150
0.289466
0.294986
0.300716
0.306661
0.312825
0.319214
0.325834
0.332690
0.339790
0.347138
0.354742
0.362608
0.370744
0.379156
0.387854
0.396843
0.406133
0.415732
0.425649
0.435893
0.446473
0.457399
0.468681
0.480330
0.492356
0.504770
0.517584
0.530809
0.544459
0.558545
0.573081
0.588081
0.603558
0.619526
0.636002
0.652999
0.670535
0.688626
0.707288
0.726540
0.746399
0.766885
0.788015
0.809811
0.832292
0.855479
0.879393
0.904054
0.929484
0.200424
0.200542
0.200873
0.201401
0.202114
0.203002
0.204058
0.205278
0.206657
0.208193
0.209883
0.211727
0.213722
0.215870
0.218170
0.220623
0.223229
0.225989
0.228906
0.231981
0.235215
0.238611
0.242171
0.245898
0.249795
0.253864
0.258110
0.262534
0.267142
0.271937
0.276922
0.282103
0.287483
0.293067
0.298860
0.304868
0.311094
0.317546
0.324228
0.331146
0.338308
0.345718
0.353384
0.361313
0.369512
0.377988
0.386749
0.395803
0.405157
0.414822
0.424805
0.435116
0.445765
0.456760
0.468112
0.479832
0.491930
0.504418
0.517307
0.530610
0.544338
0.558504
0.573122
0.588205
0.603767
0.619824
0.636389
0.653479
0.671110
0.689297
0.708059
0.727413
0.747378
0.767971
0.789212
0.811122
0.833719
0.857024
0.881058
0.905841
0.194480
0.194594
0.194916
0.195428
0.196119
0.196981
0.198006
0.199190
0.200528
0.202018
0.203659
0.205447
0.207384
0.209468
0.211700
0.214079
0.216608
0.219287
0.222117
0.225101
0.228239
0.231534
0.234989
0.238605
0.242386
0.246335
0.250455
0.254748
0.259219
0.263872
0.268709
0.273736
0.278957
0.284375
0.289997
0.295826
0.301868
0.308128
0.314612
0.321325
0.328274
0.335465
0.342904
0.350597
0.358553
0.366778
0.375279
0.384064
0.393141
0.402520
0.412207
0.422212
0.432544
0.443213
0.454229
0.465601
0.477341
0.489458
0.501965
0.514873
0.528194
0.541940
0.556124
0.570760
0.585861
0.601441
0.617515
0.634098
0.651206
0.668854
0.687060
0.705840
0.725212
0.745195
0.765806
0.787066
0.808993
0.831607
0.854927
0.878976
0.187844
0.187954
0.188265
0.188760
0.189428
0.190260
0.191250
0.192393
0.193686
0.195125
0.196710
0.198437
0.200308
0.202321
0.204476
0.206775
0.209217
0.211805
0.214538
0.217420
0.220451
0.223634
0.226971
0.230464
0.234116
0.237930
0.241909
0.246056
0.250374
0.254868
0.259541
0.264396
0.269438
0.274672
0.280102
0.285732
0.291568
0.297614
0.303877
0.310361
0.317073
0.324018
0.331203
0.338635
0.346319
0.354263
0.362474
0.370959
0.379727
0.388785
0.398142
0.407805
0.417785
0.428090
0.438730
0.449714
0.461053
0.472757
0.484838
0.497305
0.510171
0.523448
0.537149
0.551285
0.565871
0.580919
0.596445
0.612462
0.628986
0.646032
0.663616
0.681756
0.700467
0.719768
0.739676
0.760210
0.781389
0.803231
0.825756
0.848984
0.180540
0.180646
0.180944
0.181420
0.182062
0.182862
0.183813
0.184912
0.186155
0.187538
0.189061
0.190721
0.192519
0.194454
0.196525
0.198735
0.201082
0.203569
0.206196
0.208966
0.211879
0.214938
0.218145
0.221502
0.225013
0.228678
0.232502
0.236488
0.240639
0.244958
0.249449
0.254115
0.258961
0.263992
0.269210
0.274622
0.280230
0.286042
0.292061
0.298293
0.304744
0.311419
0.318325
0.325467
0.332852
0.340488
0.348379
0.356535
0.364962
0.373668
0.382660
0.391948
0.401540
0.411444
0.421670
0.432228
0.443126
0.454375
0.465985
0.477968
0.490334
0.503095
0.516262
0.529849
0.543868
0.558331
0.573253
0.588647
0.604529
0.620912
0.637812
0.655246
0.673230
0.691780
0.710914
0.730650
0.751005
0.771998
0.793648
0.815972
0.172593
0.172695
0.172980
0.173435
0.174049
0.174813
0.175723
0.176774
0.177961
0.179284
0.180739
0.182327
0.184045
0.185895
0.187875
0.189987
0.192232
0.194609
0.197121
0.199768
0.202553
0.205478
0.208544
0.211753
0.215109
0.218613
0.222269
0.226079
0.230047
0.234176
0.238469
0.242931
0.247564
0.252372
0.257361
0.262534
0.267896
0.273452
0.279206
0.285164
0.291331
0.297713
0.304314
0.311142
0.318202
0.325501
0.333046
0.340842
0.348898
0.357221
0.365818
0.374697
0.383867
0.393335
0.403111
0.413204
0.423622
0.434376
0.445475
0.456930
0.468752
0.480951
0.493540
0.506528
0.519930
0.533757
0.548022
0.562738
0.577921
0.593583
0.609740
0.626406
0.643598
0.661332
0.679624
0.698491
0.717951
0.738020
0.758716
0.780058
0.164033
0.164130
0.164401
0.164833
0.165416
0.166143
0.167008
0.168006
0.169135
0.170392
0.171775
0.173284
0.174917
0.176675
0.178557
0.180565
0.182697
0.184957
0.187344
0.189860
0.192507
0.195286
0.198200
0.201251
0.204440
0.207770
0.211245
0.214866
0.218638
0.222562
0.226642
0.230882
0.235285
0.239855
0.244597
0.249513
0.254609
0.259889
0.265358
0.271021
0.276882
0.282947
0.289221
0.295710
0.302420
0.309357
0.316527
0.323937
0.331594
0.339504
0.347674
0.356113
0.364828
0.373827
0.383118
0.392710
0.402611
0.412832
0.423381
0.434268
0.445503
0.457097
0.469061
0.481406
0.494142
0.507283
0.520841
0.534828
0.549257
0.564143
0.579498
0.595338
0.611677
0.628532
0.645916
0.663848
0.682342
0.701416
0.721085
0.741369
0.154889
0.154981
0.155237
0.155645
0.156195
0.156882
0.157698
0.158641
0.159707
0.160894
0.162200
0.163624
0.165167
0.166827
0.168604
0.170499
0.172513
0.174647
0.176901
0.179277
0.181776
0.184401
0.187152
0.190032
0.193044
0.196189
0.199470
0.202889
0.206450
0.210155
0.214008
0.218012
0.222169
0.226485
0.230962
0.235605
0.240417
0.245402
0.250566
0.255913
0.261448
0.267174
0.273099
0.279226
0.285562
0.292113
0.298883
0.305880
0.313110
0.320579
0.328294
0.336262
0.344491
0.352988
0.361762
0.370819
0.380168
0.389819
0.399780
0.410060
0.420669
0.431617
0.442914
0.454571
0.466597
0.479006
0.491808
0.505015
0.518640
0.532696
0.547195
0.562152
0.577581
0.593495
0.609911
0.626843
0.644306
0.662317
0.680890
0.700043
0.145195
0.145280
0.145520
0.145903
0.146419
0.147062
0.147828
0.148711
0.149710
0.150823
0.152048
0.153383
0.154829
0.156385
0.158051
0.159828
0.161715
0.163715
0.165828
0.168056
0.170399
0.172859
0.175438
0.178138
0.180961
0.183909
0.186985
0.190190
0.193528
0.197001
0.200613
0.204366
0.208264
0.212309
0.216506
0.220858
0.225369
0.230042
0.234883
0.239895
0.245083
0.250452
0.256005
0.261749
0.267689
0.273829
0.280176
0.286735
0.293512
0.300513
0.307746
0.315215
0.322929
0.330894
0.339119
0.347609
0.356373
0.365420
0.374758
0.384394
0.394339
0.404602
0.415192
0.426119
0.437393
0.449024
0.461025
0.473406
0.486178
0.499354
0.512946
0.526966
0.541429
0.556348
0.571736
0.587608
0.603978
0.620862
0.638272
0.656226
0.134984
0.135063
0.135286
0.135642
0.136122
0.136720
0.137431
0.138253
0.139182
0.140216
0.141354
0.142596
0.143940
0.145387
0.146936
0.148587
0.150342
0.152202
0.154166
0.156237
0.158415
0.160702
0.163100
0.165610
0.168234
0.170975
0.173834
0.176815
0.179918
0.183147
0.186505
0.189994
0.193617
0.197378
0.201280
0.205326
0.209519
0.213864
0.218365
0.223024
0.227847
0.232838
0.238001
0.243341
0.248863
0.254571
0.260472
0.266569
0.272870
0.279379
0.286103
0.293047
0.300218
0.307624
0.315269
0.323162
0.331311
0.339721
0.348402
0.357361
0.366607
0.376147
0.385992
0.396151
0.406632
0.417446
0.428602
0.440112
0.451986
0.464236
0.476872
0.489906
0.503352
0.517222
0.531528
0.546283
0.561502
0.577198
0.593385
0.610076
0.124292
0.124365
0.124571
0.124898
0.125340
0.125891
0.126546
0.127303
0.128158
0.129110
0.130159
0.131302
0.132539
0.133871
0.135298
0.136819
0.138435
0.140147
0.141955
0.143862
0.145868
0.147974
0.150182
0.152493
0.154910
0.157433
0.160066
0.162810
0.165667
0.168641
0.171733
0.174945
0.178282
0.181745
0.185337
0.189063
0.192924
0.196925
0.201069
0.205360
0.209801
0.214396
0.219150
0.224067
0.229152
0.234408
0.239841
0.245456
0.251257
0.257251
0.263442
0.269836
0.276440
0.283258
0.290298
0.297567
0.305069
0.312814
0.320807
0.329056
0.337570
0.346355
0.355420
0.364774
0.374425
0.384382
0.394655
0.405253
0.416187
0.427466
0.439101
0.451104
0.463484
0.476255
0.489428
0.503015
0.517029
0.531481
0.546386
0.561755
0.113159
0.113225
0.113412
0.113711
0.114113
0.114614
0.115211
0.115899
0.116678
0.117545
0.118500
0.119540
0.120667
0.121880
0.123178
0.124563
0.126034
0.127593
0.129240
0.130976
0.132802
0.134719
0.136729
0.138833
0.141034
0.143331
0.145728
0.148226
0.150828
0.153535
0.156350
0.159275
0.162312
0.165465
0.168736
0.172128
0.175643
0.179286
0.183058
0.186965
0.191008
0.195192
0.199520
0.203997
0.208626
0.213411
0.218358
0.223469
0.228751
0.234208
0.239844
0.245666
0.251678
0.257886
0.264295
0.270912
0.277743
0.284794
0.292071
0.299581
0.307332
0.315330
0.323584
0.332099
0.340886
0.349951
0.359304
0.368953
0.378907
0.389176
0.399769
0.410696
0.421968
0.433595
0.445588
0.457958
0.470716
0.483874
0.497444
0.511436
0.101623
0.101683
0.101851
0.102118
0.102480
0.102930
0.103466
0.104084
0.104783
0.105562
0.106419
0.107354
0.108366
0.109455
0.110621
0.111865
0.113186
0.114586
0.116065
0.117623
0.119263
0.120985
0.122790
0.124680
0.126656
0.128719
0.130872
0.133115
0.135452
0.137883
0.140411
0.143037
0.145765
0.148597
0.151534
0.154580
0.157737
0.161008
0.164397
0.167905
0.171536
0.175293
0.179180
0.183200
0.187357
0.191655
0.196097
0.200688
0.205431
0.210331
0.215393
0.220621
0.226021
0.231596
0.237352
0.243294
0.249428
0.255760
0.262296
0.269040
0.276001
0.283184
0.290596
0.298244
0.306134
0.314276
0.322675
0.331340
0.340280
0.349502
0.359015
0.368828
0.378951
0.389392
0.400163
0.411272
0.422729
0.434546
0.446732
0.459298
0.089725
0.089778
0.089927
0.090163
0.090482
0.090879
0.091352
0.091899
0.092516
0.093204
0.093960
0.094786
0.095679
0.096640
0.097670
0.098768
0.099935
0.101171
0.102476
0.103853
0.105301
0.106821
0.108415
0.110083
0.111828
0.113650
0.115550
0.117531
0.119594
0.121740
0.123972
0.126291
0.128700
0.131200
0.133793
0.136483
0.139270
0.142158
0.145150
0.148247
0.151453
0.154771
0.158203
0.161752
0.165423
0.169217
0.173139
0.177192
0.181380
0.185707
0.190176
0.194792
0.199559
0.204482
0.209564
0.214811
0.220227
0.225817
0.231588
0.237543
0.243688
0.250030
0.256575
0.263327
0.270294
0.277482
0.284898
0.292549
0.300442
0.308584
0.316983
0.325648
0.334585
0.343804
0.353314
0.363122
0.373239
0.383672
0.394431
0.405526
0.077509
0.077554
0.077683
0.077887
0.078162
0.078506
0.078914
0.079386
0.079919
0.080513
0.081167
0.081880
0.082652
0.083482
0.084372
0.085320
0.086328
0.087396
0.088524
0.089713
0.090963
0.092277
0.093653
0.095095
0.096602
0.098176
0.099817
0.101529
0.103310
0.105165
0.107093
0.109096
0.111177
0.113336
0.115577
0.117900
0.120308
0.122803
0.125387
0.128063
0.130832
0.133698
0.136662
0.139729
0.142899
0.146177
0.149565
0.153067
0.156684
0.160422
0.164283
0.168270
0.172388
0.176640
0.181031
0.185563
0.190242
0.195071
0.200056
0.205200
0.210509
0.215987
0.221641
0.227474
0.233492
0.239701
0.246108
0.252717
0.259535
0.266569
0.273824
0.281309
0.289030
0.296994
0.305208
0.313681
0.322420
0.331433
0.340727
0.350312
0.065017
0.065055
0.065162
0.065334
0.065565
0.065853
0.066195
0.066591
0.067039
0.067537
0.068085
0.068683
0.069331
0.070027
0.070773
0.071569
0.072414
0.073310
0.074256
0.075253
0.076303
0.077404
0.078559
0.079768
0.081032
0.082352
0.083730
0.085165
0.086660
0.088215
0.089832
0.091513
0.093258
0.095070
0.096949
0.098898
0.100917
0.103010
0.105178
0.107422
0.109745
0.112149
0.114636
0.117208
0.119868
0.122617
0.125459
0.128396
0.131431
0.134566
0.137805
0.141150
0.144604
0.148171
0.151853
0.155655
0.159580
0.163631
0.167812
0.172127
0.176581
0.181176
0.185918
0.190811
0.195859
0.201068
0.206442
0.211986
0.217705
0.223605
0.229691
0.235970
0.242446
0.249126
0.256017
0.263124
0.270455
0.278015
0.285812
0.293851
0.052293
0.052324
0.052410
0.052548
0.052734
0.052966
0.053241
0.053559
0.053919
0.054320
0.054761
0.055242
0.055763
0.056323
0.056923
0.057563
0.058243
0.058963
0.059724
0.060526
0.061370
0.062256
0.063185
0.064158
0.065174
0.066236
0.067344
0.068498
0.069701
0.070952
0.072252
0.073604
0.075008
0.076465
0.077976
0.079544
0.081168
0.082851
0.084595
0.086400
0.088269
0.090202
0.092202
0.094271
0.096410
0.098622
0.100907
0.103270
0.105710
0.108232
0.110837
0.113527
0.116305
0.119174
0.122136
0.125194
0.128350
0.131609
0.134972
0.138442
0.142024
0.145720
0.149534
0.153470
0.157530
0.161719
0.166042
0.170501
0.175101
0.179846
0.184741
0.189791
0.195000
0.200373
0.205915
0.211632
0.217528
0.223608
0.229879
0.236345
0.039383
0.039407
0.039472
0.039575
0.039715
0.039890
0.040097
0.040337
0.040608
0.040910
0.041242
0.041604
0.041997
0.042419
0.042870
0.043352
0.043865
0.044407
0.044980
0.045584
0.046220
0.046887
0.047587
0.048319
0.049085
0.049884
0.050719
0.051588
0.052494
0.053436
0.054415
0.055433
0.056490
0.057588
0.058726
0.059907
0.061130
0.062398
0.063711
0.065070
0.066478
0.067934
0.069440
0.070998
0.072609
0.074275
0.075996
0.077775
0.079614
0.081513
0.083474
0.085501
0.087593
0.089753
0.091984
0.094287
0.096664
0.099118
0.101651
0.104265
0.106963
0.109746
0.112619
0.115583
0.118641
0.121796
0.125051
0.128409
0.131873
0.135447
0.139134
0.142937
0.146860
0.150907
0.155081
0.159386
0.163827
0.168406
0.173129
0.177999
0.026334
0.026349
0.026393
0.026462
0.026556
0.026672
0.026811
0.026971
0.027153
0.027354
0.027577
0.027819
0.028081
0.028363
0.028665
0.028988
0.029330
0.029693
0.030076
0.030480
0.030905
0.031351
0.031819
0.032308
0.032820
0.033355
0.033913
0.034494
0.035100
0.035730
0.036385
0.037065
0.037772
0.038506
0.039267
0.040056
0.040875
0.041722
0.042600
0.043509
0.044450
0.045424
0.046431
0.047473
0.048550
0.049664
0.050815
0.052004
0.053234
0.054503
0.055815
0.057170
0.058569
0.060014
0.061505
0.063045
0.064635
0.066275
0.067969
0.069717
0.071520
0.073382
0.075302
0.077284
0.079329
0.081439
0.083615
0.085861
0.088177
0.090567
0.093032
0.095575
0.098198
0.100904
0.103695
0.106573
0.109543
0.112605
0.115763
0.119019
0.013190
0.013198
0.013220
0.013255
0.013301
0.013360
0.013429
0.013510
0.013601
0.013702
0.013813
0.013934
0.014065
0.014207
0.014358
0.014520
0.014691
0.014873
0.015065
0.015267
0.015480
0.015703
0.015938
0.016183
0.016439
0.016707
0.016987
0.017278
0.017581
0.017897
0.018225
0.018566
0.018920
0.019287
0.019669
0.020064
0.020474
0.020898
0.021338
0.021793
0.022265
0.022752
0.023257
0.023779
0.024318
0.024876
0.025453
0.026049
0.026664
0.027300
0.027957
0.028636
0.029337
0.030060
0.030807
0.031579
0.032375
0.033197
0.034045
0.034920
0.035824
0.036756
0.037718
0.038711
0.039735
0.040792
0.041882
0.043007
0.044167
0.045364
0.046599
0.047873
0.049186
0.050542
0.051940
0.053382
0.054869
0.056403
0.057985
0.059616
0.000000
0.000000
0.000000
0.000000
0.000000
0.000000
0.000000
0.000000
0.000000
0.000000
0.000000
0.000000
0.000000
0.000000
0.000000
0.000000
0.000000
0.000000
0.000000
0.000000
0.000000
0.000000
0.000000
0.000000
0.000000
0.000000
0.000000
0.000000
0.000000
0.000000
0.000000
0.000000
0.000000
0.000000
0.000000
0.000000
0.000000
0.000000
0.000000
0.000000
0.000000
0.000000
0.000000
0.000000
0.000000
0.000000
0.000000
0.000000
0.000000
0.000000
0.000000
0.000000
0.000000
0.000000
0.000000
0.000000
0.000000
0.000000
0.000000
0.000000
0.000000
0.000000
0.000000
0.000000
0.000000
0.000000
0.000000
0.000000
0.000000
0.000000
0.000000
0.000000
0.000000
0.000000
0.000000
0.000000
0.000000
0.000000
0.000000
0.000001
