-0.234796
-0.234692
-0.234355
-0.233810
-0.233066
-0.232118
-0.230963
-0.229592
-0.228000
-0.226181
-0.224131
-0.221847
-0.219327
-0.216569
-0.213574
-0.210341
-0.206871
-0.203164
-0.199222
-0.195046
-0.190637
-0.185997
-0.181126
-0.176026
-0.170699
-0.165144
-0.159363
-0.153357
-0.147126
-0.140670
-0.133989
-0.127084
-0.119955
-0.112600
-0.105019
-0.097212
-0.089177
-0.080913
-0.072420
-0.063696
-0.054738
-0.045546
-0.036117
-0.026449
-0.016540
-0.006388
0.004010
0.014656
0.025553
0.036705
0.048113
0.059782
0.071714
0.083912
0.096381
0.109123
0.122141
0.135441
0.149025
0.162897
0.177062
0.191522
0.206283
0.221348
0.236721
0.252407
0.268409
0.284733
0.301383
0.318362
0.335676
0.353329
0.371325
0.389670
0.408367
0.427421
0.446838
0.466622
0.486777
0.507308
0.528221
0.549520
0.571210
0.593295
0.615781
0.638673
0.661976
0.685694
0.709832
0.734396
0.759391
0.784821
0.810691
0.837008
0.863774
0.890997
0.918680
0.946829
0.975449
1.004545
-0.234893
-0.234789
-0.234452
-0.233909
-0.233165
-0.232219
-0.231065
-0.229696
-0.228106
-0.226288
-0.224240
-0.221958
-0.219440
-0.216685
-0.213692
-0.210461
-0.206993
-0.203289
-0.199349
-0.195176
-0.190769
-0.186132
-0.181264
-0.176167
-0.170842
-0.165291
-0.159513
-0.153510
-0.147282
-0.140830
-0.134153
-0.127252
-0.120126
-0.112775
-0.105199
-0.097396
-0.089366
-0.081107
-0.072619
-0.063900
-0.054947
-0.045761
-0.036338
-0.026676
-0.016774
-0.006628
0.003763
0.014402
0.025292
0.036436
0.047837
0.059497
0.071420
0.083610
0.096070
0.108802
0.121811
0.135101
0.148675
0.162536
0.176690
0.191139
0.205888
0.220940
0.236301
0.251974
0.267963
0.284274
0.300909
0.317874
0.335173
0.352810
0.370791
0.389119
0.407800
0.426838
0.446237
0.466003
0.486139
0.506652
0.527546
0.548825
0.570494
0.592559
0.615024
0.637894
0.661175
0.684870
0.708985
0.733525
0.758496
0.783901
0.809746
0.836037
0.862777
0.889973
0.917628
0.945749
0.974341
1.003408
-0.235092
-0.234989
-0.234655
-0.234114
-0.233375
-0.232433
-0.231284
-0.229921
-0.228336
-0.226525
-0.224483
-0.222208
-0.219697
-0.216949
-0.213963
-0.210740
-0.207279
-0.203583
-0.199652
-0.195487
-0.191089
-0.186461
-0.181602
-0.176515
-0.171200
-0.165658
-0.159891
-0.153899
-0.147683
-0.141242
-0.134577
-0.127688
-0.120575
-0.113238
-0.105676
-0.097887
-0.089872
-0.081629
-0.073157
-0.064454
-0.055519
-0.046351
-0.036946
-0.027304
-0.017422
-0.007297
0.003073
0.013689
0.024557
0.035677
0.047052
0.058687
0.070584
0.082747
0.095178
0.107881
0.120860
0.134119
0.147661
0.161489
0.175608
0.190022
0.204735
0.219750
0.235073
0.250706
0.266655
0.282923
0.299515
0.316436
0.333690
0.351280
0.369213
0.387492
0.406122
0.425108
0.444454
0.464165
0.484246
0.504702
0.525537
0.546756
0.568364
0.590366
0.612766
0.635571
0.658784
0.682410
0.706455
0.730923
0.755820
0.781150
0.806919
0.833130
0.859791
0.886905
0.914477
0.942514
0.971018
0.999997
-0.235394
-0.235293
-0.234962
-0.234427
-0.233694
-0.232760
-0.231620
-0.230265
-0.228691
-0.226890
-0.224860
-0.222596
-0.220096
-0.217360
-0.214387
-0.211176
-0.207730
-0.204047
-0.200130
-0.195979
-0.191596
-0.186983
-0.182140
-0.177069
-0.171771
-0.166247
-0.160498
-0.154524
-0.148326
-0.141905
-0.135261
-0.128394
-0.121303
-0.113988
-0.106449
-0.098685
-0.090695
-0.082478
-0.074033
-0.065359
-0.056453
-0.047315
-0.037942
-0.028332
-0.018483
-0.008394
0.001940
0.012519
0.023347
0.034427
0.045762
0.057354
0.069207
0.081323
0.093707
0.106362
0.119290
0.132497
0.145985
0.159758
0.173820
0.188175
0.202827
0.217780
0.233038
0.248605
0.264486
0.280684
0.297205
0.314052
0.331229
0.348742
0.366595
0.384791
0.403337
0.422236
0.441494
0.461114
0.481102
0.501462
0.522199
0.543317
0.564823
0.586720
0.609013
0.631707
0.654808
0.678319
0.702247
0.726595
0.751369
0.776574
0.802214
0.828296
0.854823
0.881801
0.909235
0.937129
0.965489
0.994321
-0.235799
-0.235699
-0.235373
-0.234846
-0.234122
-0.233200
-0.232071
-0.230730
-0.229170
-0.227384
-0.225369
-0.223121
-0.220638
-0.217919
-0.214964
-0.211772
-0.208343
-0.204680
-0.200782
-0.196652
-0.192290
-0.187699
-0.182878
-0.177830
-0.172555
-0.167056
-0.161331
-0.155384
-0.149213
-0.142820
-0.136205
-0.129367
-0.122307
-0.115024
-0.107518
-0.099788
-0.091834
-0.083654
-0.075248
-0.066613
-0.057748
-0.048652
-0.039323
-0.029759
-0.019958
-0.009917
0.000366
0.010893
0.021667
0.032690
0.043967
0.055499
0.067289
0.079342
0.091659
0.104245
0.117103
0.130237
0.143650
0.157345
0.171328
0.185600
0.200168
0.215033
0.230201
0.245676
0.261461
0.277562
0.293982
0.310725
0.327796
0.345200
0.362940
0.381022
0.399450
0.418228
0.437362
0.456854
0.476712
0.496938
0.517538
0.538517
0.559879
0.581629
0.603772
0.626313
0.649256
0.672607
0.696370
0.720550
0.745153
0.770183
0.795645
0.821543
0.847884
0.874672
0.901912
0.929608
0.957767
0.986392
-0.236305
-0.236209
-0.235889
-0.235372
-0.234660
-0.233752
-0.232639
-0.231315
-0.229773
-0.228006
-0.226011
-0.223784
-0.221323
-0.218626
-0.215693
-0.212525
-0.209121
-0.205482
-0.201610
-0.197506
-0.193171
-0.188607
-0.183815
-0.178797
-0.173553
-0.168084
-0.162393
-0.156479
-0.150343
-0.143985
-0.137407
-0.130607
-0.123587
-0.116346
-0.108882
-0.101197
-0.093288
-0.085156
-0.076798
-0.068214
-0.059402
-0.050361
-0.041089
-0.031583
-0.021843
-0.011865
-0.001647
0.008812
0.019517
0.030468
0.041670
0.053125
0.064836
0.076806
0.089038
0.101536
0.114304
0.127344
0.140660
0.154256
0.168136
0.182303
0.196761
0.211515
0.226568
0.241923
0.257587
0.273562
0.289852
0.306463
0.323398
0.340662
0.358259
0.376193
0.394469
0.413092
0.432066
0.451396
0.471086
0.491141
0.511566
0.532365
0.553543
0.575105
0.597055
0.619399
0.642140
0.665285
0.688838
0.712803
0.737186
0.761991
0.787224
0.812888
0.838990
0.865534
0.892525
0.919968
0.947867
0.976229
-0.236915
-0.236821
-0.236510
-0.236004
-0.235308
-0.234416
-0.233323
-0.232020
-0.230500
-0.228757
-0.226786
-0.224585
-0.222150
-0.219480
-0.216575
-0.213436
-0.210061
-0.206453
-0.202612
-0.198540
-0.194239
-0.189709
-0.184952
-0.179969
-0.174763
-0.169333
-0.163681
-0.157807
-0.151714
-0.145400
-0.138867
-0.132115
-0.125143
-0.117951
-0.110540
-0.102909
-0.095056
-0.086981
-0.078684
-0.070162
-0.061414
-0.052440
-0.043236
-0.033802
-0.024136
-0.014235
-0.004097
0.006281
0.016900
0.027764
0.038875
0.050235
0.061849
0.073719
0.085848
0.098239
0.110896
0.123822
0.137021
0.150496
0.164250
0.178289
0.192615
0.207232
0.222144
0.237355
0.252870
0.268692
0.284825
0.301274
0.318043
0.335136
0.352558
0.370313
0.388405
0.406839
0.425619
0.444750
0.464237
0.484083
0.504294
0.524874
0.545828
0.567160
0.588876
0.610980
0.633477
0.656370
0.679667
0.703370
0.727485
0.752017
0.776970
0.802350
0.828161
0.854408
0.881096
0.908230
0.935814
0.963854
-0.237626
-0.237536
-0.237235
-0.236743
-0.236064
-0.235193
-0.234123
-0.232845
-0.231351
-0.229636
-0.227694
-0.225523
-0.223119
-0.220481
-0.217610
-0.214504
-0.211165
-0.207592
-0.203789
-0.199755
-0.195492
-0.191002
-0.186287
-0.181347
-0.176184
-0.170800
-0.165195
-0.159370
-0.153326
-0.147064
-0.140584
-0.133887
-0.126972
-0.119840
-0.112490
-0.104922
-0.097135
-0.089129
-0.080902
-0.072453
-0.063781
-0.054885
-0.045763
-0.036414
-0.026834
-0.017023
-0.006979
0.003302
0.013821
0.024581
0.035585
0.046835
0.058335
0.070087
0.082093
0.094359
0.106886
0.119678
0.132738
0.146070
0.159678
0.173565
0.187735
0.202191
0.216938
0.231980
0.247319
0.262961
0.278910
0.295169
0.311742
0.328635
0.345851
0.363394
0.381270
0.399481
0.418033
0.436931
0.456178
0.475778
0.495738
0.516061
0.536751
0.557814
0.579254
0.601076
0.623283
0.645882
0.668877
0.692272
0.716072
0.740283
0.764907
0.789952
0.815421
0.841318
0.867650
0.894420
0.921634
0.949296
-0.238439
-0.238354
-0.238064
-0.237588
-0.236930
-0.236083
-0.235038
-0.233789
-0.232326
-0.230642
-0.228734
-0.226598
-0.224230
-0.221630
-0.218796
-0.215730
-0.212431
-0.208900
-0.205139
-0.201149
-0.196931
-0.192488
-0.187820
-0.182929
-0.177817
-0.172485
-0.166933
-0.161164
-0.155178
-0.148975
-0.142557
-0.135923
-0.129075
-0.122010
-0.114731
-0.107236
-0.099525
-0.091596
-0.083451
-0.075086
-0.066501
-0.057695
-0.048667
-0.039414
-0.029935
-0.020227
-0.010290
-0.000120
0.010284
0.020926
0.031807
0.042930
0.054298
0.065914
0.077781
0.089902
0.102280
0.114918
0.127820
0.140988
0.154428
0.168141
0.182132
0.196404
0.210961
0.225807
0.240946
0.256381
0.272118
0.288159
0.304508
0.321171
0.338151
0.355452
0.373078
0.391035
0.409325
0.427954
0.446926
0.466246
0.485917
0.505944
0.526332
0.547086
0.568209
0.589707
0.611584
0.633844
0.656492
0.679534
0.702973
0.726814
0.751062
0.775722
0.800798
0.826295
0.852218
0.878571
0.905359
0.932588
-0.239355
-0.239274
-0.238996
-0.238539
-0.237904
-0.237084
-0.236070
-0.234852
-0.233424
-0.231777
-0.229907
-0.227810
-0.225483
-0.222924
-0.220134
-0.217112
-0.213859
-0.210375
-0.206662
-0.202722
-0.198555
-0.194164
-0.189550
-0.184715
-0.179660
-0.174387
-0.168896
-0.163190
-0.157269
-0.151133
-0.144784
-0.138222
-0.131448
-0.124460
-0.117260
-0.109848
-0.102221
-0.094382
-0.086327
-0.078057
-0.069571
-0.060866
-0.051943
-0.042799
-0.033433
-0.023842
-0.014026
-0.003981
0.006294
0.016802
0.027545
0.038525
0.049745
0.061209
0.072918
0.084876
0.097086
0.109551
0.122274
0.135259
0.148508
0.162025
0.175815
0.189879
0.204223
0.218849
0.233762
0.248965
0.264463
0.280258
0.296356
0.312759
0.329473
0.346501
0.363847
0.381517
0.399513
0.417840
0.436502
0.455505
0.474851
0.494546
0.514594
0.534999
0.555766
0.576899
0.598402
0.620282
0.642540
0.665184
0.688216
0.711642
0.735465
0.759692
0.784326
0.809371
0.834834
0.860717
0.887027
0.913767
-0.240371
-0.240296
-0.240032
-0.239596
-0.238987
-0.238197
-0.237216
-0.236035
-0.234645
-0.233039
-0.231211
-0.229158
-0.226877
-0.224365
-0.221623
-0.218651
-0.215449
-0.212017
-0.208358
-0.204473
-0.200363
-0.196031
-0.191477
-0.186704
-0.181712
-0.176505
-0.171082
-0.165446
-0.159597
-0.153536
-0.147264
-0.140782
-0.134089
-0.127188
-0.120076
-0.112755
-0.105223
-0.097481
-0.089529
-0.081364
-0.072986
-0.064395
-0.055588
-0.046565
-0.037324
-0.027863
-0.018181
-0.008275
0.001857
0.012216
0.022805
0.033627
0.044683
0.055978
0.067512
0.079290
0.091313
0.103586
0.116111
0.128891
0.141930
0.155230
0.168796
0.182631
0.196737
0.211120
0.225782
0.240727
0.255960
0.271483
0.287300
0.303417
0.319835
0.336561
0.353596
0.370947
0.388616
0.406608
0.424928
0.443578
0.462564
0.481890
0.501560
0.521579
0.541950
0.562679
0.583769
0.605225
0.627052
0.649253
0.671834
0.694799
0.718152
0.741898
0.766041
0.790586
0.815537
0.840900
0.866678
0.892876
-0.241489
-0.241420
-0.241172
-0.240759
-0.240178
-0.239421
-0.238477
-0.237336
-0.235989
-0.234428
-0.232647
-0.230643
-0.228411
-0.225952
-0.223264
-0.220346
-0.217200
-0.213826
-0.210227
-0.206402
-0.202355
-0.198087
-0.193599
-0.188894
-0.183973
-0.178838
-0.173490
-0.167930
-0.162160
-0.156181
-0.149994
-0.143600
-0.136998
-0.130190
-0.123175
-0.115955
-0.108527
-0.100893
-0.093052
-0.085002
-0.076744
-0.068277
-0.059598
-0.050708
-0.041604
-0.032285
-0.022750
-0.012996
-0.003022
0.007175
0.017596
0.028243
0.039120
0.050229
0.061572
0.073152
0.084971
0.097033
0.109341
0.121897
0.134705
0.147768
0.161088
0.174671
0.188518
0.202633
0.217021
0.231683
0.246625
0.261850
0.277361
0.293162
0.309258
0.325651
0.342346
0.359348
0.376659
0.394284
0.412227
0.430492
0.449083
0.468005
0.487261
0.506856
0.526794
0.547079
0.567716
0.588708
0.610061
0.631778
0.653864
0.676323
0.699160
0.722379
0.745984
0.769980
0.794372
0.819163
0.844358
0.869962
-0.242708
-0.242646
-0.242415
-0.242026
-0.241477
-0.240756
-0.239853
-0.238756
-0.237456
-0.235944
-0.234214
-0.232263
-0.230087
-0.227684
-0.225054
-0.222196
-0.219112
-0.215801
-0.212267
-0.208509
-0.204530
-0.200332
-0.195916
-0.191285
-0.186441
-0.181384
-0.176117
-0.170641
-0.164958
-0.159069
-0.152974
-0.146674
-0.140171
-0.133465
-0.126556
-0.119444
-0.112130
-0.104613
-0.096893
-0.088969
-0.080840
-0.072507
-0.063968
-0.055221
-0.046267
-0.037102
-0.027726
-0.018138
-0.008334
0.001685
0.011924
0.022383
0.033065
0.043972
0.055107
0.066472
0.078070
0.089904
0.101976
0.114289
0.126846
0.139651
0.152706
0.166015
0.179580
0.193406
0.207495
0.221851
0.236478
0.251378
0.266557
0.282016
0.297761
0.313794
0.330120
0.346743
0.363665
0.380892
0.398426
0.416273
0.434436
0.452919
0.471726
0.490861
0.510328
0.530132
0.550277
0.570766
0.591605
0.612796
0.634345
0.656256
0.678533
0.701180
0.724201
0.747601
0.771385
0.795556
0.820119
0.845077
-0.244027
-0.243973
-0.243760
-0.243399
-0.242883
-0.242203
-0.241344
-0.240294
-0.239044
-0.237586
-0.235912
-0.234019
-0.231902
-0.229561
-0.226994
-0.224202
-0.221184
-0.217942
-0.214477
-0.210791
-0.206886
-0.202764
-0.198427
-0.193876
-0.189114
-0.184143
-0.178964
-0.173578
-0.167988
-0.162195
-0.156200
-0.150003
-0.143607
-0.137010
-0.130215
-0.123221
-0.116028
-0.108637
-0.101047
-0.093259
-0.085270
-0.077082
-0.068692
-0.060101
-0.051307
-0.042308
-0.033104
-0.023693
-0.014074
-0.004244
0.005798
0.016054
0.026526
0.037217
0.048128
0.059262
0.070622
0.082209
0.094028
0.106080
0.118368
0.130895
0.143664
0.156678
0.169941
0.183455
0.197223
0.211249
0.225537
0.240089
0.254910
0.270002
0.285369
0.301015
0.316944
0.333158
0.349663
0.366461
0.383556
0.400953
0.418654
0.436665
0.454989
0.473629
0.492590
0.511877
0.531492
0.551440
0.571724
0.592350
0.613322
0.634642
0.656316
0.678347
0.700740
0.723499
0.746629
0.770132
0.794014
0.818279
-0.245447
-0.245400
-0.245208
-0.244876
-0.244397
-0.243759
-0.242948
-0.241950
-0.240755
-0.239354
-0.237741
-0.235910
-0.233858
-0.231583
-0.229084
-0.226361
-0.223415
-0.220247
-0.216857
-0.213249
-0.209424
-0.205383
-0.201130
-0.196665
-0.191992
-0.187112
-0.182027
-0.176739
-0.171249
-0.165559
-0.159670
-0.153584
-0.147301
-0.140823
-0.134149
-0.127281
-0.120219
-0.112962
-0.105512
-0.097868
-0.090029
-0.081995
-0.073766
-0.065340
-0.056717
-0.047896
-0.038876
-0.029655
-0.020232
-0.010605
-0.000773
0.009266
0.019514
0.029974
0.040646
0.051533
0.062639
0.073964
0.085511
0.097284
0.109284
0.121515
0.133979
0.146679
0.159618
0.172799
0.186225
0.199899
0.213825
0.228005
0.242443
0.257143
0.272107
0.287339
0.302843
0.318622
0.334680
0.351020
0.367647
0.384562
0.401772
0.419278
0.437086
0.455198
0.473618
0.492351
0.511401
0.530770
0.550464
0.570485
0.590839
0.611529
0.632559
0.653933
0.675654
0.697728
0.720158
0.742949
0.766103
0.789626
-0.246967
-0.246928
-0.246757
-0.246457
-0.246018
-0.245426
-0.244666
-0.243723
-0.242587
-0.241248
-0.239699
-0.237935
-0.235952
-0.233748
-0.231322
-0.228674
-0.225805
-0.222715
-0.219407
-0.215882
-0.212141
-0.208188
-0.204024
-0.199652
-0.195073
-0.190291
-0.185306
-0.180121
-0.174738
-0.169158
-0.163383
-0.157414
-0.151252
-0.144899
-0.138355
-0.131621
-0.124697
-0.117584
-0.110282
-0.102791
-0.095111
-0.087242
-0.079182
-0.070933
-0.062492
-0.053860
-0.045034
-0.036015
-0.026800
-0.017389
-0.007779
0.002030
0.012040
0.022254
0.032673
0.043299
0.054134
0.065180
0.076441
0.087917
0.099612
0.111529
0.123669
0.136035
0.148631
0.161458
0.174521
0.187822
0.201363
0.215149
0.229182
0.243465
0.258001
0.272794
0.287848
0.303165
0.318749
0.334604
0.350732
0.367138
0.383824
0.400795
0.418055
0.435606
0.453453
0.471599
0.490048
0.508803
0.527869
0.547250
0.566948
0.586969
0.607315
0.627990
0.649000
0.670346
0.692034
0.714067
0.736449
0.759185
-0.248586
-0.248556
-0.248408
-0.248142
-0.247745
-0.247202
-0.246497
-0.245613
-0.244540
-0.243267
-0.241787
-0.240094
-0.238184
-0.236056
-0.233708
-0.231140
-0.228353
-0.225347
-0.222125
-0.218687
-0.215037
-0.211177
-0.207108
-0.202834
-0.198356
-0.193677
-0.188798
-0.183723
-0.178453
-0.172990
-0.167335
-0.161490
-0.155457
-0.149236
-0.142829
-0.136236
-0.129459
-0.122498
-0.115352
-0.108024
-0.100511
-0.092816
-0.084936
-0.076872
-0.068624
-0.060190
-0.051571
-0.042764
-0.033769
-0.024585
-0.015211
-0.005645
0.004115
0.014070
0.024221
0.034571
0.045121
0.055874
0.066831
0.077995
0.089369
0.100953
0.112751
0.124766
0.137000
0.149455
0.162134
0.175041
0.188177
0.201546
0.215151
0.228995
0.243080
0.257410
0.271989
0.286818
0.301903
0.317244
0.332847
0.348715
0.364850
0.381257
0.397938
0.414897
0.432138
0.449665
0.467480
0.485588
0.503991
0.522695
0.541702
0.561015
0.580640
0.600579
0.620836
0.641414
0.662319
0.683553
0.705120
0.727024
-0.250303
-0.250284
-0.250160
-0.249930
-0.249579
-0.249088
-0.248440
-0.247620
-0.246613
-0.245411
-0.244003
-0.242386
-0.240555
-0.238508
-0.236242
-0.233759
-0.231058
-0.228141
-0.225010
-0.221666
-0.218111
-0.214349
-0.210381
-0.206210
-0.201838
-0.197268
-0.192502
-0.187543
-0.182392
-0.177052
-0.171524
-0.165810
-0.159912
-0.153830
-0.147568
-0.141124
-0.134501
-0.127699
-0.120718
-0.113560
-0.106224
-0.098711
-0.091020
-0.083152
-0.075105
-0.066880
-0.058477
-0.049893
-0.041130
-0.032184
-0.023057
-0.013745
-0.004249
0.005434
0.015304
0.025364
0.035616
0.046060
0.056700
0.067536
0.078571
0.089808
0.101247
0.112893
0.124747
0.136811
0.149088
0.161581
0.174292
0.187224
0.200380
0.213762
0.227374
0.241218
0.255298
0.269616
0.284175
0.298979
0.314031
0.329333
0.344889
0.360703
0.376777
0.393115
0.409721
0.426597
0.443747
0.461174
0.478882
0.496875
0.515155
0.533727
0.552593
0.571759
0.591225
0.610998
0.631080
0.651474
0.672185
0.693216
-0.252120
-0.252111
-0.252013
-0.251821
-0.251517
-0.251082
-0.250496
-0.249742
-0.248806
-0.247678
-0.246349
-0.244812
-0.243063
-0.241101
-0.238923
-0.236529
-0.233920
-0.231097
-0.228061
-0.224816
-0.221362
-0.217703
-0.213841
-0.209779
-0.205519
-0.201064
-0.196416
-0.191578
-0.186553
-0.181341
-0.175946
-0.170370
-0.164613
-0.158678
-0.152567
-0.146279
-0.139818
-0.133182
-0.126375
-0.119395
-0.112243
-0.104921
-0.097428
-0.089763
-0.081928
-0.073922
-0.065744
-0.057394
-0.048872
-0.040176
-0.031306
-0.022261
-0.013040
-0.003641
0.005936
0.015694
0.025633
0.035755
0.046063
0.056556
0.067239
0.078112
0.089177
0.100437
0.111894
0.123549
0.135406
0.147467
0.159734
0.172210
0.184897
0.197797
0.210915
0.224251
0.237810
0.251593
0.265604
0.279846
0.294321
0.309033
0.323985
0.339179
0.354619
0.370307
0.386248
0.402445
0.418899
0.435616
0.452597
0.469847
0.487368
0.505164
0.523238
0.541595
0.560236
0.579165
0.598387
0.617904
0.637720
0.657838
-0.254034
-0.254036
-0.253966
-0.253814
-0.253561
-0.253185
-0.252663
-0.251980
-0.251119
-0.250069
-0.248821
-0.247369
-0.245708
-0.243835
-0.241749
-0.239449
-0.236937
-0.234212
-0.231278
-0.228136
-0.224788
-0.221238
-0.217487
-0.213539
-0.209396
-0.205061
-0.200537
-0.195827
-0.190932
-0.185856
-0.180600
-0.175167
-0.169558
-0.163776
-0.157822
-0.151698
-0.145405
-0.138943
-0.132315
-0.125522
-0.118563
-0.111439
-0.104151
-0.096700
-0.089084
-0.081305
-0.073363
-0.065256
-0.056985
-0.048548
-0.039947
-0.031179
-0.022244
-0.013140
-0.003868
0.005575
0.015189
0.024976
0.034938
0.045076
0.055391
0.065886
0.076562
0.087421
0.098465
0.109696
0.121116
0.132727
0.144532
0.156533
0.168732
0.181132
0.193735
0.206543
0.219559
0.232787
0.246227
0.259884
0.273760
0.287858
0.302180
0.316730
0.331510
0.346523
0.361772
0.377261
0.392992
0.408969
0.425194
0.441670
0.458401
0.475390
0.492640
0.510154
0.527936
0.545988
0.564314
0.582918
0.601801
0.620969
-0.256046
-0.256059
-0.256018
-0.255909
-0.255709
-0.255395
-0.254942
-0.254333
-0.253550
-0.252583
-0.251421
-0.250058
-0.248489
-0.246710
-0.244720
-0.242520
-0.240108
-0.237487
-0.234659
-0.231625
-0.228388
-0.224951
-0.221317
-0.217488
-0.213468
-0.209259
-0.204864
-0.200286
-0.195528
-0.190592
-0.185481
-0.180198
-0.174743
-0.169120
-0.163330
-0.157375
-0.151257
-0.144977
-0.138536
-0.131935
-0.125175
-0.118258
-0.111184
-0.103953
-0.096566
-0.089022
-0.081323
-0.073468
-0.065458
-0.057290
-0.048967
-0.040486
-0.031847
-0.023050
-0.014094
-0.004977
0.004301
0.013741
0.023345
0.033114
0.043049
0.053152
0.063425
0.073868
0.084484
0.095275
0.106243
0.117389
0.128715
0.140224
0.151918
0.163798
0.175868
0.188129
0.200584
0.213235
0.226085
0.239136
0.252391
0.265852
0.279522
0.293403
0.307499
0.321813
0.336345
0.351101
0.366082
0.381292
0.396732
0.412407
0.428319
0.444471
0.460866
0.477508
0.494398
0.511541
0.528938
0.546594
0.564512
0.582694
-0.258155
-0.258180
-0.258169
-0.258105
-0.257961
-0.257712
-0.257331
-0.256800
-0.256100
-0.255220
-0.254148
-0.252878
-0.251405
-0.249725
-0.247836
-0.245739
-0.243433
-0.240921
-0.238203
-0.235282
-0.232161
-0.228843
-0.225330
-0.221625
-0.217732
-0.213654
-0.209393
-0.204954
-0.200338
-0.195548
-0.190588
-0.185459
-0.180164
-0.174706
-0.169086
-0.163307
-0.157370
-0.151277
-0.145029
-0.138628
-0.132075
-0.125371
-0.118517
-0.111514
-0.104363
-0.097063
-0.089616
-0.082021
-0.074279
-0.066390
-0.058353
-0.050169
-0.041836
-0.033355
-0.024725
-0.015945
-0.007014
0.002068
0.011302
0.020690
0.030233
0.039932
0.049788
0.059803
0.069978
0.080315
0.090815
0.101481
0.112314
0.123315
0.134487
0.145832
0.157351
0.169047
0.180922
0.192979
0.205219
0.217644
0.230257
0.243061
0.256058
0.269250
0.282640
0.296230
0.310023
0.324021
0.338227
0.352645
0.367276
0.382123
0.397188
0.412476
0.427988
0.443728
0.459697
0.475900
0.492339
0.509016
0.525935
0.543098
-0.260359
-0.260397
-0.260419
-0.260402
-0.260317
-0.260135
-0.259830
-0.259380
-0.258767
-0.257978
-0.257000
-0.255828
-0.254455
-0.252878
-0.251095
-0.249106
-0.246911
-0.244511
-0.241909
-0.239106
-0.236106
-0.232910
-0.229523
-0.225948
-0.222187
-0.218245
-0.214124
-0.209827
-0.205358
-0.200720
-0.195916
-0.190947
-0.185818
-0.180530
-0.175086
-0.169488
-0.163738
-0.157837
-0.151789
-0.145594
-0.139254
-0.132771
-0.126144
-0.119376
-0.112467
-0.105419
-0.098231
-0.090904
-0.083439
-0.075835
-0.068094
-0.060214
-0.052197
-0.044041
-0.035746
-0.027312
-0.018739
-0.010025
-0.001170
0.007826
0.016966
0.026249
0.035677
0.045251
0.054972
0.064842
0.074862
0.085034
0.095358
0.105837
0.116473
0.127266
0.138220
0.149335
0.160614
0.172059
0.183671
0.195453
0.207406
0.219534
0.231838
0.244320
0.256983
0.269829
0.282860
0.296079
0.309489
0.323091
0.336888
0.350883
0.365078
0.379476
0.394079
0.408890
0.423912
0.439147
0.454598
0.470267
0.486158
0.502273
-0.262660
-0.262711
-0.262766
-0.262798
-0.262775
-0.262664
-0.262438
-0.262074
-0.261551
-0.260857
-0.259978
-0.258908
-0.257639
-0.256170
-0.254497
-0.252621
-0.250541
-0.248258
-0.245776
-0.243095
-0.240220
-0.237153
-0.233896
-0.230455
-0.226832
-0.223030
-0.219053
-0.214904
-0.210587
-0.206105
-0.201461
-0.196659
-0.191700
-0.186587
-0.181324
-0.175913
-0.170355
-0.164654
-0.158811
-0.152828
-0.146707
-0.140449
-0.134056
-0.127529
-0.120869
-0.114078
-0.107156
-0.100104
-0.092923
-0.085613
-0.078174
-0.070608
-0.062913
-0.055090
-0.047140
-0.039061
-0.030854
-0.022517
-0.014052
-0.005457
0.003269
0.012126
0.021115
0.030237
0.039494
0.048885
0.058412
0.068077
0.077881
0.087825
0.097911
0.108140
0.118513
0.129032
0.139700
0.150517
0.161486
0.172608
0.183885
0.195319
0.206912
0.218667
0.230584
0.242667
0.254917
0.267337
0.279929
0.292694
0.305636
0.318757
0.332058
0.345543
0.359213
0.373072
0.387121
0.401363
0.415800
0.430435
0.445271
0.460310
-0.265055
-0.265120
-0.265210
-0.265294
-0.265335
-0.265299
-0.265155
-0.264880
-0.264452
-0.263856
-0.263080
-0.262116
-0.260957
-0.259599
-0.258041
-0.256281
-0.254321
-0.252160
-0.249802
-0.247249
-0.244503
-0.241568
-0.238447
-0.235144
-0.231662
-0.228006
-0.224178
-0.220182
-0.216022
-0.211701
-0.207222
-0.202590
-0.197806
-0.192874
-0.187797
-0.182577
-0.177217
-0.171720
-0.166087
-0.160321
-0.154424
-0.148398
-0.142244
-0.135964
-0.129560
-0.123032
-0.116383
-0.109612
-0.102721
-0.095711
-0.088582
-0.081335
-0.073970
-0.066488
-0.058889
-0.051173
-0.043340
-0.035390
-0.027322
-0.019137
-0.010834
-0.002412
0.006129
0.014789
0.023570
0.032472
0.041497
0.050644
0.059916
0.069313
0.078837
0.088488
0.098268
0.108179
0.118222
0.128398
0.138709
0.149156
0.159741
0.170467
0.181334
0.192344
0.203499
0.214802
0.226254
0.237856
0.249611
0.261522
0.273589
0.285815
0.298203
0.310753
0.323470
0.336353
0.349407
0.362633
0.376033
0.389610
0.403366
0.417303
-0.267544
-0.267624
-0.267751
-0.267888
-0.267996
-0.268037
-0.267980
-0.267797
-0.267468
-0.266975
-0.266306
-0.265452
-0.264406
-0.263165
-0.261725
-0.260087
-0.258250
-0.256216
-0.253987
-0.251565
-0.248953
-0.246155
-0.243174
-0.240014
-0.236678
-0.233171
-0.229496
-0.225657
-0.221658
-0.217503
-0.213194
-0.208736
-0.204132
-0.199385
-0.194499
-0.189475
-0.184318
-0.179029
-0.173612
-0.168068
-0.162400
-0.156610
-0.150701
-0.144673
-0.138529
-0.132270
-0.125899
-0.119415
-0.112820
-0.106115
-0.099302
-0.092381
-0.085353
-0.078218
-0.070978
-0.063631
-0.056179
-0.048622
-0.040960
-0.033192
-0.025319
-0.017341
-0.009257
-0.001067
0.007230
0.015634
0.024146
0.032766
0.041496
0.050336
0.059287
0.068350
0.077526
0.086817
0.096223
0.105745
0.115386
0.125146
0.135027
0.145029
0.155156
0.165408
0.175786
0.186293
0.196931
0.207700
0.218602
0.229640
0.240816
0.252130
0.263585
0.275184
0.286927
0.298817
0.310855
0.323045
0.335387
0.347884
0.360539
0.373352
-0.270127
-0.270222
-0.270387
-0.270580
-0.270758
-0.270880
-0.270912
-0.270826
-0.270598
-0.270212
-0.269654
-0.268915
-0.267987
-0.266866
-0.265550
-0.264037
-0.262328
-0.260425
-0.258329
-0.256042
-0.253569
-0.250912
-0.248075
-0.245062
-0.241876
-0.238523
-0.235005
-0.231328
-0.227494
-0.223508
-0.219374
-0.215095
-0.210675
-0.206117
-0.201425
-0.196602
-0.191652
-0.186576
-0.181378
-0.176061
-0.170627
-0.165078
-0.159417
-0.153646
-0.147767
-0.141782
-0.135693
-0.129501
-0.123207
-0.116814
-0.110321
-0.103732
-0.097045
-0.090264
-0.083387
-0.076416
-0.069351
-0.062193
-0.054943
-0.047599
-0.040164
-0.032636
-0.025016
-0.017303
-0.009498
-0.001600
0.006391
0.014476
0.022656
0.030930
0.039299
0.047765
0.056327
0.064987
0.073747
0.082605
0.091565
0.100626
0.109791
0.119059
0.128433
0.137914
0.147503
0.157202
0.167011
0.176933
0.186969
0.197120
0.207388
0.217776
0.228283
0.238913
0.249666
0.260545
0.271551
0.282686
0.293952
0.305351
0.316885
0.328555
-0.272803
-0.272913
-0.273118
-0.273369
-0.273620
-0.273826
-0.273950
-0.273964
-0.273843
-0.273568
-0.273125
-0.272504
-0.271698
-0.270702
-0.269513
-0.268130
-0.266554
-0.264785
-0.262826
-0.260680
-0.258349
-0.255837
-0.253148
-0.250286
-0.247255
-0.244059
-0.240703
-0.237191
-0.233527
-0.229714
-0.225758
-0.221662
-0.217430
-0.213065
-0.208572
-0.203953
-0.199213
-0.194354
-0.189380
-0.184293
-0.179096
-0.173792
-0.168384
-0.162874
-0.157265
-0.151557
-0.145754
-0.139858
-0.133870
-0.127792
-0.121625
-0.115371
-0.109031
-0.102607
-0.096099
-0.089508
-0.082836
-0.076082
-0.069249
-0.062335
-0.055343
-0.048271
-0.041121
-0.033892
-0.026584
-0.019199
-0.011735
-0.004192
0.003430
0.011131
0.018911
0.026771
0.034712
0.042734
0.050838
0.059024
0.067294
0.075647
0.084086
0.092610
0.101222
0.109921
0.118710
0.127589
0.136559
0.145622
0.154779
0.164031
0.173380
0.182827
0.192373
0.202020
0.211770
0.221623
0.231582
0.241648
0.251822
0.262107
0.272503
0.283013
-0.275570
-0.275697
-0.275943
-0.276255
-0.276580
-0.276873
-0.277095
-0.277212
-0.277201
-0.277041
-0.276717
-0.276219
-0.275539
-0.274672
-0.273614
-0.272365
-0.270925
-0.269296
-0.267478
-0.265475
-0.263291
-0.260928
-0.258391
-0.255685
-0.252812
-0.249778
-0.246587
-0.243244
-0.239753
-0.236118
-0.232343
-0.228433
-0.224393
-0.220225
-0.215933
-0.211523
-0.206996
-0.202358
-0.197610
-0.192757
-0.187801
-0.182746
-0.177594
-0.172348
-0.167011
-0.161585
-0.156072
-0.150475
-0.144796
-0.139036
-0.133199
-0.127284
-0.121294
-0.115231
-0.109096
-0.102890
-0.096614
-0.090269
-0.083856
-0.077377
-0.070831
-0.064220
-0.057544
-0.050804
-0.044000
-0.037131
-0.030200
-0.023205
-0.016146
-0.009024
-0.001839
0.005410
0.012723
0.020100
0.027542
0.035048
0.042621
0.050259
0.057964
0.065737
0.073578
0.081488
0.089467
0.097518
0.105640
0.113835
0.122103
0.130446
0.138865
0.147361
0.155935
0.164588
0.173323
0.182139
0.191038
0.200022
0.209092
0.218249
0.227495
0.236831
-0.278429
-0.278573
-0.278861
-0.279236
-0.279639
-0.280023
-0.280344
-0.280569
-0.280671
-0.280630
-0.280430
-0.280058
-0.279508
-0.278774
-0.277852
-0.276742
-0.275442
-0.273955
-0.272283
-0.270428
-0.268394
-0.266185
-0.263804
-0.261256
-0.258545
-0.255677
-0.252655
-0.249484
-0.246169
-0.242715
-0.239125
-0.235405
-0.231559
-0.227591
-0.223505
-0.219305
-0.214996
-0.210580
-0.206062
-0.201446
-0.196734
-0.191930
-0.187037
-0.182058
-0.176996
-0.171854
-0.166634
-0.161339
-0.155972
-0.150534
-0.145028
-0.139455
-0.133819
-0.128120
-0.122360
-0.116541
-0.110664
-0.104731
-0.098742
-0.092700
-0.086605
-0.080458
-0.074260
-0.068011
-0.061713
-0.055366
-0.048971
-0.042527
-0.036036
-0.029498
-0.022912
-0.016278
-0.009598
-0.002871
0.003904
0.010726
0.017596
0.024514
0.031480
0.038495
0.045559
0.052673
0.059837
0.067052
0.074319
0.081638
0.089010
0.096437
0.103918
0.111455
0.119048
0.126699
0.134409
0.142179
0.150009
0.157901
0.165856
0.173876
0.181960
0.190112
-0.281377
-0.281539
-0.281872
-0.282311
-0.282796
-0.283272
-0.283697
-0.284033
-0.284253
-0.284335
-0.284262
-0.284021
-0.283605
-0.283008
-0.282226
-0.281258
-0.280103
-0.278763
-0.277240
-0.275537
-0.273657
-0.271604
-0.269383
-0.266998
-0.264453
-0.261753
-0.258903
-0.255908
-0.252773
-0.249502
-0.246101
-0.242573
-0.238925
-0.235159
-0.231281
-0.227295
-0.223206
-0.219016
-0.214730
-0.210353
-0.205887
-0.201336
-0.196704
-0.191995
-0.187210
-0.182354
-0.177429
-0.172438
-0.167385
-0.162270
-0.157098
-0.151869
-0.146588
-0.141255
-0.135872
-0.130442
-0.124966
-0.119447
-0.113885
-0.108281
-0.102639
-0.096958
-0.091240
-0.085485
-0.079696
-0.073872
-0.068016
-0.062126
-0.056205
-0.050252
-0.044268
-0.038253
-0.032208
-0.026134
-0.020029
-0.013895
-0.007731
-0.001538
0.004686
0.010939
0.017222
0.023536
0.029880
0.036256
0.042662
0.049101
0.055572
0.062077
0.068615
0.075187
0.081794
0.088437
0.095116
0.101832
0.108587
0.115380
0.122214
0.129088
0.136004
0.142962
-0.284415
-0.284595
-0.284973
-0.285480
-0.286048
-0.286622
-0.287153
-0.287604
-0.287946
-0.288154
-0.288212
-0.288107
-0.287829
-0.287373
-0.286735
-0.285912
-0.284906
-0.283717
-0.282347
-0.280800
-0.279078
-0.277186
-0.275127
-0.272908
-0.270532
-0.268004
-0.265329
-0.262513
-0.259561
-0.256477
-0.253266
-0.249934
-0.246486
-0.242926
-0.239258
-0.235488
-0.231620
-0.227658
-0.223607
-0.219470
-0.215252
-0.210957
-0.206588
-0.202149
-0.197643
-0.193074
-0.188446
-0.183760
-0.179021
-0.174232
-0.169394
-0.164511
-0.159585
-0.154619
-0.149615
-0.144575
-0.139501
-0.134395
-0.129260
-0.124097
-0.118908
-0.113693
-0.108456
-0.103197
-0.097917
-0.092618
-0.087300
-0.081966
-0.076615
-0.071249
-0.065868
-0.060473
-0.055065
-0.049644
-0.044211
-0.038767
-0.033310
-0.027842
-0.022364
-0.016874
-0.011373
-0.005862
-0.000340
0.005194
0.010738
0.016294
0.021861
0.027440
0.033032
0.038636
0.044254
0.049884
0.055529
0.061189
0.066864
0.072554
0.078261
0.083986
0.089728
0.095488
-0.287541
-0.287739
-0.288166
-0.288742
-0.289397
-0.290070
-0.290712
-0.291282
-0.291748
-0.292088
-0.292281
-0.292314
-0.292179
-0.291868
-0.291377
-0.290705
-0.289851
-0.288817
-0.287604
-0.286215
-0.284655
-0.282927
-0.281035
-0.278984
-0.276780
-0.274428
-0.271931
-0.269297
-0.266530
-0.263635
-0.260618
-0.257484
-0.254238
-0.250885
-0.247430
-0.243878
-0.240233
-0.236501
-0.232685
-0.228791
-0.224823
-0.220784
-0.216678
-0.212511
-0.208285
-0.204004
-0.199673
-0.195293
-0.190870
-0.186405
-0.181902
-0.177364
-0.172794
-0.168195
-0.163569
-0.158919
-0.154247
-0.149555
-0.144847
-0.140123
-0.135386
-0.130639
-0.125881
-0.121116
-0.116346
-0.111570
-0.106792
-0.102011
-0.097231
-0.092451
-0.087672
-0.082897
-0.078125
-0.073358
-0.068596
-0.063840
-0.059091
-0.054349
-0.049614
-0.044888
-0.040170
-0.035461
-0.030760
-0.026069
-0.021387
-0.016715
-0.012052
-0.007398
-0.002753
0.001883
0.006509
0.011127
0.015737
0.020339
0.024932
0.029519
0.034098
0.038671
0.043237
0.047799
-0.290754
-0.290972
-0.291448
-0.292096
-0.292840
-0.293616
-0.294372
-0.295064
-0.295660
-0.296134
-0.296466
-0.296643
-0.296653
-0.296491
-0.296152
-0.295634
-0.294936
-0.294060
-0.293008
-0.291782
-0.290387
-0.288826
-0.287104
-0.285226
-0.283196
-0.281022
-0.278707
-0.276257
-0.273678
-0.270975
-0.268154
-0.265219
-0.262178
-0.259034
-0.255793
-0.252460
-0.249040
-0.245539
-0.241960
-0.238309
-0.234590
-0.230808
-0.226967
-0.223072
-0.219126
-0.215134
-0.211099
-0.207025
-0.202916
-0.198776
-0.194607
-0.190414
-0.186199
-0.181966
-0.177717
-0.173455
-0.169184
-0.164905
-0.160622
-0.156336
-0.152050
-0.147767
-0.143488
-0.139216
-0.134952
-0.130698
-0.126457
-0.122229
-0.118016
-0.113820
-0.109642
-0.105483
-0.101345
-0.097229
-0.093136
-0.089067
-0.085022
-0.081004
-0.077011
-0.073046
-0.069108
-0.065199
-0.061318
-0.057467
-0.053646
-0.049854
-0.046093
-0.042363
-0.038663
-0.034994
-0.031356
-0.027749
-0.024173
-0.020628
-0.017114
-0.013630
-0.010177
-0.006755
-0.003362
0.000000
-0.294054
-0.294292
-0.294818
-0.295540
-0.296377
-0.297260
-0.298132
-0.298951
-0.299679
-0.300292
-0.300767
-0.301091
-0.301251
-0.301242
-0.301059
-0.300698
-0.300160
-0.299446
-0.298558
-0.297499
-0.296271
-0.294881
-0.293332
-0.291629
-0.289778
-0.287784
-0.285653
-0.283390
-0.281001
-0.278492
-0.275868
-0.273135
-0.270300
-0.267366
-0.264341
-0.261228
-0.258035
-0.254765
-0.251423
-0.248016
-0.244548
-0.241023
-0.237446
-0.233823
-0.230156
-0.226451
-0.222713
-0.218944
-0.215149
-0.211331
-0.207496
-0.203645
-0.199784
-0.195914
-0.192041
-0.188165
-0.184292
-0.180423
-0.176562
-0.172712
-0.168875
-0.165053
-0.161249
-0.157466
-0.153706
-0.149970
-0.146262
-0.142583
-0.138934
-0.135318
-0.131737
-0.128191
-0.124683
-0.121214
-0.117786
-0.114399
-0.111055
-0.107755
-0.104500
-0.101291
-0.098130
-0.095016
-0.091951
-0.088935
-0.085970
-0.083055
-0.080192
-0.077380
-0.074621
-0.071914
-0.069260
-0.066660
-0.064113
-0.061620
-0.059181
-0.056796
-0.054465
-0.052189
-0.049966
-0.047798
-0.297439
-0.297697
-0.298276
-0.299075
-0.300006
-0.300999
-0.301992
-0.302940
-0.303806
-0.304561
-0.305183
-0.305657
-0.305972
-0.306120
-0.306096
-0.305897
-0.305523
-0.304974
-0.304254
-0.303364
-0.302308
-0.301091
-0.299718
-0.298193
-0.296523
-0.294712
-0.292767
-0.290693
-0.288496
-0.286183
-0.283759
-0.281229
-0.278601
-0.275879
-0.273070
-0.270179
-0.267212
-0.264173
-0.261070
-0.257906
-0.254688
-0.251420
-0.248107
-0.244754
-0.241366
-0.237948
-0.234503
-0.231037
-0.227554
-0.224058
-0.220553
-0.217043
-0.213532
-0.210024
-0.206522
-0.203030
-0.199551
-0.196089
-0.192647
-0.189228
-0.185834
-0.182470
-0.179137
-0.175839
-0.172577
-0.169355
-0.166175
-0.163039
-0.159949
-0.156908
-0.153917
-0.150979
-0.148095
-0.145268
-0.142498
-0.139787
-0.137137
-0.134550
-0.132027
-0.129568
-0.127176
-0.124851
-0.122595
-0.120408
-0.118292
-0.116247
-0.114274
-0.112375
-0.110549
-0.108798
-0.107121
-0.105520
-0.103996
-0.102548
-0.101176
-0.099883
-0.098667
-0.097529
-0.096469
-0.095488
-0.300908
-0.301188
-0.301820
-0.302698
-0.303728
-0.304833
-0.305951
-0.307032
-0.308039
-0.308940
-0.309713
-0.310342
-0.310815
-0.311123
-0.311262
-0.311228
-0.311022
-0.310642
-0.310093
-0.309375
-0.308494
-0.307454
-0.306260
-0.304916
-0.303429
-0.301804
-0.300047
-0.298164
-0.296161
-0.294045
-0.291822
-0.289497
-0.287077
-0.284568
-0.281976
-0.279306
-0.276566
-0.273759
-0.270893
-0.267973
-0.265004
-0.261991
-0.258941
-0.255857
-0.252746
-0.249612
-0.246460
-0.243295
-0.240121
-0.236943
-0.233765
-0.230592
-0.227429
-0.224278
-0.221144
-0.218030
-0.214942
-0.211882
-0.208853
-0.205860
-0.202905
-0.199993
-0.197125
-0.194305
-0.191536
-0.188821
-0.186163
-0.183563
-0.181026
-0.178552
-0.176145
-0.173807
-0.171540
-0.169345
-0.167226
-0.165184
-0.163220
-0.161338
-0.159537
-0.157820
-0.156189
-0.154644
-0.153188
-0.151821
-0.150545
-0.149361
-0.148269
-0.147272
-0.146371
-0.145565
-0.144856
-0.144245
-0.143733
-0.143320
-0.143006
-0.142794
-0.142683
-0.142673
-0.142766
-0.142961
-0.304459
-0.304762
-0.305450
-0.306409
-0.307540
-0.308761
-0.310007
-0.311226
-0.312376
-0.313428
-0.314356
-0.315144
-0.315778
-0.316251
-0.316557
-0.316692
-0.316656
-0.316449
-0.316074
-0.315533
-0.314829
-0.313969
-0.312956
-0.311796
-0.310494
-0.309057
-0.307490
-0.305800
-0.303993
-0.302076
-0.300055
-0.297935
-0.295724
-0.293428
-0.291053
-0.288606
-0.286091
-0.283516
-0.280887
-0.278209
-0.275488
-0.272730
-0.269940
-0.267124
-0.264287
-0.261435
-0.258572
-0.255704
-0.252836
-0.249973
-0.247119
-0.244279
-0.241458
-0.238659
-0.235888
-0.233148
-0.230445
-0.227780
-0.225159
-0.222586
-0.220064
-0.217596
-0.215186
-0.212838
-0.210554
-0.208338
-0.206193
-0.204122
-0.202128
-0.200214
-0.198381
-0.196634
-0.194974
-0.193404
-0.191926
-0.190542
-0.189254
-0.188066
-0.186978
-0.185992
-0.185110
-0.184335
-0.183667
-0.183109
-0.182662
-0.182327
-0.182105
-0.181999
-0.182009
-0.182137
-0.182384
-0.182750
-0.183237
-0.183846
-0.184578
-0.185434
-0.186415
-0.187520
-0.188752
-0.190111
-0.308093
-0.308418
-0.309163
-0.310206
-0.311441
-0.312782
-0.314160
-0.315519
-0.316818
-0.318023
-0.319111
-0.320061
-0.320861
-0.321502
-0.321979
-0.322286
-0.322424
-0.322394
-0.322196
-0.321834
-0.321311
-0.320633
-0.319804
-0.318830
-0.317716
-0.316469
-0.315094
-0.313599
-0.311989
-0.310272
-0.308454
-0.306540
-0.304539
-0.302456
-0.300299
-0.298072
-0.295784
-0.293440
-0.291046
-0.288608
-0.286134
-0.283628
-0.281096
-0.278545
-0.275979
-0.273406
-0.270829
-0.268255
-0.265689
-0.263136
-0.260601
-0.258088
-0.255604
-0.253153
-0.250739
-0.248366
-0.246040
-0.243765
-0.241545
-0.239384
-0.237286
-0.235255
-0.233294
-0.231409
-0.229601
-0.227876
-0.226235
-0.224683
-0.223222
-0.221856
-0.220588
-0.219421
-0.218357
-0.217399
-0.216551
-0.215814
-0.215190
-0.214684
-0.214295
-0.214028
-0.213884
-0.213864
-0.213972
-0.214209
-0.214577
-0.215077
-0.215711
-0.216481
-0.217389
-0.218435
-0.219622
-0.220951
-0.222423
-0.224039
-0.225800
-0.227709
-0.229765
-0.231970
-0.234325
-0.236830
-0.311807
-0.312156
-0.312960
-0.314089
-0.315431
-0.316895
-0.318408
-0.319912
-0.321363
-0.322726
-0.323976
-0.325093
-0.326063
-0.326876
-0.327526
-0.328010
-0.328326
-0.328475
-0.328457
-0.328278
-0.327939
-0.327446
-0.326803
-0.326017
-0.325093
-0.324038
-0.322857
-0.321558
-0.320147
-0.318631
-0.317016
-0.315309
-0.313518
-0.311648
-0.309707
-0.307702
-0.305638
-0.303523
-0.301363
-0.299165
-0.296934
-0.294678
-0.292402
-0.290112
-0.287815
-0.285516
-0.283222
-0.280937
-0.278668
-0.276419
-0.274197
-0.272007
-0.269854
-0.267743
-0.265679
-0.263666
-0.261711
-0.259817
-0.257989
-0.256231
-0.254548
-0.252945
-0.251425
-0.249992
-0.248650
-0.247404
-0.246256
-0.245212
-0.244273
-0.243444
-0.242728
-0.242128
-0.241648
-0.241290
-0.241057
-0.240953
-0.240980
-0.241141
-0.241438
-0.241874
-0.242452
-0.243174
-0.244041
-0.245057
-0.246224
-0.247543
-0.249016
-0.250646
-0.252434
-0.254382
-0.256492
-0.258766
-0.261204
-0.263809
-0.266581
-0.269524
-0.272636
-0.275921
-0.279380
-0.283013
-0.315601
-0.315973
-0.316839
-0.318056
-0.319508
-0.321098
-0.322750
-0.324403
-0.326010
-0.327535
-0.328951
-0.330239
-0.331382
-0.332371
-0.333199
-0.333862
-0.334359
-0.334691
-0.334857
-0.334862
-0.334710
-0.334405
-0.333951
-0.333356
-0.332624
-0.331762
-0.330777
-0.329675
-0.328463
-0.327149
-0.325738
-0.324238
-0.322657
-0.321000
-0.319275
-0.317490
-0.315650
-0.313763
-0.311835
-0.309873
-0.307884
-0.305874
-0.303851
-0.301819
-0.299786
-0.297757
-0.295740
-0.293739
-0.291761
-0.289812
-0.287897
-0.286022
-0.284192
-0.282414
-0.280692
-0.279032
-0.277438
-0.275916
-0.274471
-0.273107
-0.271830
-0.270643
-0.269552
-0.268560
-0.267673
-0.266894
-0.266228
-0.265677
-0.265248
-0.264942
-0.264764
-0.264718
-0.264806
-0.265033
-0.265401
-0.265915
-0.266576
-0.267388
-0.268355
-0.269478
-0.270760
-0.272205
-0.273815
-0.275593
-0.277540
-0.279659
-0.281952
-0.284423
-0.287072
-0.289902
-0.292914
-0.296112
-0.299496
-0.303068
-0.306831
-0.310786
-0.314934
-0.319277
-0.323817
-0.328554
-0.319472
-0.319870
-0.320798
-0.322106
-0.323671
-0.325391
-0.327185
-0.328990
-0.330757
-0.332449
-0.334035
-0.335497
-0.336817
-0.337986
-0.338995
-0.339842
-0.340523
-0.341040
-0.341394
-0.341587
-0.341624
-0.341509
-0.341247
-0.340844
-0.340306
-0.339639
-0.338851
-0.337947
-0.336936
-0.335824
-0.334618
-0.333325
-0.331953
-0.330508
-0.328999
-0.327432
-0.325814
-0.324152
-0.322454
-0.320727
-0.318976
-0.317210
-0.315434
-0.313657
-0.311883
-0.310120
-0.308374
-0.306651
-0.304959
-0.303302
-0.301687
-0.300119
-0.298606
-0.297152
-0.295764
-0.294446
-0.293204
-0.292045
-0.290972
-0.289991
-0.289107
-0.288326
-0.287652
-0.287089
-0.286643
-0.286318
-0.286119
-0.286049
-0.286113
-0.286316
-0.286661
-0.287152
-0.287793
-0.288588
-0.289540
-0.290654
-0.291932
-0.293378
-0.294994
-0.296786
-0.298754
-0.300903
-0.303235
-0.305753
-0.308460
-0.311358
-0.314451
-0.317740
-0.321228
-0.324917
-0.328810
-0.332909
-0.337216
-0.341733
-0.346461
-0.351404
-0.356563
-0.361939
-0.367535
-0.373351
-0.323420
-0.323844
-0.324836
-0.326238
-0.327919
-0.329772
-0.331713
-0.333674
-0.335605
-0.337466
-0.339227
-0.340866
-0.342368
-0.343719
-0.344914
-0.345947
-0.346817
-0.347523
-0.348066
-0.348450
-0.348679
-0.348756
-0.348688
-0.348479
-0.348137
-0.347667
-0.347077
-0.346373
-0.345563
-0.344653
-0.343652
-0.342566
-0.341403
-0.340170
-0.338875
-0.337524
-0.336127
-0.334689
-0.333217
-0.331721
-0.330205
-0.328678
-0.327147
-0.325618
-0.324099
-0.322596
-0.321115
-0.319665
-0.318250
-0.316878
-0.315555
-0.314288
-0.313082
-0.311943
-0.310878
-0.309893
-0.308993
-0.308185
-0.307473
-0.306863
-0.306361
-0.305972
-0.305701
-0.305554
-0.305535
-0.305649
-0.305901
-0.306296
-0.306838
-0.307533
-0.308383
-0.309395
-0.310571
-0.311915
-0.313433
-0.315127
-0.317002
-0.319061
-0.321308
-0.323747
-0.326379
-0.329210
-0.332243
-0.335479
-0.338923
-0.342578
-0.346446
-0.350529
-0.354832
-0.359356
-0.364104
-0.369078
-0.374282
-0.379716
-0.385384
-0.391288
-0.397430
-0.403812
-0.410435
-0.417303
-0.327444
-0.327893
-0.328952
-0.330451
-0.332251
-0.334241
-0.336331
-0.338452
-0.340551
-0.342586
-0.344525
-0.346346
-0.348032
-0.349571
-0.350955
-0.352178
-0.353238
-0.354136
-0.354873
-0.355451
-0.355873
-0.356146
-0.356273
-0.356261
-0.356116
-0.355845
-0.355454
-0.354950
-0.354342
-0.353635
-0.352838
-0.351958
-0.351003
-0.349981
-0.348898
-0.347763
-0.346583
-0.345366
-0.344119
-0.342850
-0.341566
-0.340274
-0.338982
-0.337697
-0.336427
-0.335177
-0.333956
-0.332770
-0.331626
-0.330532
-0.329492
-0.328515
-0.327607
-0.326774
-0.326022
-0.325359
-0.324789
-0.324319
-0.323956
-0.323704
-0.323570
-0.323559
-0.323677
-0.323930
-0.324322
-0.324859
-0.325547
-0.326389
-0.327392
-0.328560
-0.329898
-0.331410
-0.333102
-0.334976
-0.337038
-0.339293
-0.341743
-0.344394
-0.347248
-0.350311
-0.353585
-0.357074
-0.360783
-0.364713
-0.368869
-0.373254
-0.377871
-0.382723
-0.387813
-0.393145
-0.398720
-0.404542
-0.410614
-0.416937
-0.423515
-0.430351
-0.437445
-0.444802
-0.452422
-0.460309
-0.331541
-0.332018
-0.333144
-0.334742
-0.336665
-0.338795
-0.341039
-0.343324
-0.345594
-0.347807
-0.349929
-0.351936
-0.353810
-0.355540
-0.357115
-0.358532
-0.359787
-0.360880
-0.361812
-0.362587
-0.363206
-0.363676
-0.364001
-0.364188
-0.364242
-0.364170
-0.363979
-0.363676
-0.363270
-0.362766
-0.362174
-0.361500
-0.360752
-0.359939
-0.359067
-0.358145
-0.357181
-0.356182
-0.355155
-0.354110
-0.353053
-0.351992
-0.350934
-0.349887
-0.348859
-0.347857
-0.346888
-0.345959
-0.345078
-0.344252
-0.343487
-0.342791
-0.342170
-0.341631
-0.341182
-0.340828
-0.340576
-0.340432
-0.340404
-0.340496
-0.340715
-0.341067
-0.341559
-0.342195
-0.342982
-0.343925
-0.345029
-0.346301
-0.347746
-0.349368
-0.351173
-0.353165
-0.355350
-0.357733
-0.360318
-0.363109
-0.366112
-0.369330
-0.372768
-0.376430
-0.380320
-0.384442
-0.388800
-0.393397
-0.398238
-0.403326
-0.408664
-0.414256
-0.420104
-0.426214
-0.432586
-0.439225
-0.446134
-0.453315
-0.460771
-0.468505
-0.476519
-0.484817
-0.493401
-0.502272
-0.335711
-0.336216
-0.337412
-0.339112
-0.341161
-0.343434
-0.345836
-0.348288
-0.350734
-0.353128
-0.355437
-0.357633
-0.359700
-0.361624
-0.363395
-0.365008
-0.366461
-0.367753
-0.368884
-0.369857
-0.370676
-0.371346
-0.371871
-0.372257
-0.372511
-0.372640
-0.372651
-0.372550
-0.372346
-0.372045
-0.371657
-0.371188
-0.370646
-0.370040
-0.369378
-0.368667
-0.367915
-0.367131
-0.366322
-0.365496
-0.364661
-0.363825
-0.362997
-0.362182
-0.361390
-0.360628
-0.359903
-0.359224
-0.358596
-0.358029
-0.357529
-0.357103
-0.356759
-0.356504
-0.356344
-0.356287
-0.356340
-0.356509
-0.356800
-0.357221
-0.357778
-0.358477
-0.359325
-0.360327
-0.361490
-0.362821
-0.364323
-0.366005
-0.367870
-0.369925
-0.372175
-0.374626
-0.377283
-0.380150
-0.383233
-0.386537
-0.390067
-0.393827
-0.397823
-0.402057
-0.406536
-0.411263
-0.416242
-0.421477
-0.426973
-0.432734
-0.438762
-0.445063
-0.451638
-0.458493
-0.465630
-0.473053
-0.480765
-0.488769
-0.497069
-0.505667
-0.514565
-0.523768
-0.533278
-0.543098
-0.339952
-0.340485
-0.341753
-0.343558
-0.345735
-0.348157
-0.350719
-0.353344
-0.355970
-0.358549
-0.361047
-0.363438
-0.365701
-0.367822
-0.369793
-0.371607
-0.373260
-0.374753
-0.376086
-0.377261
-0.378282
-0.379153
-0.379880
-0.380468
-0.380924
-0.381255
-0.381468
-0.381569
-0.381567
-0.381470
-0.381285
-0.381020
-0.380684
-0.380283
-0.379828
-0.379325
-0.378783
-0.378210
-0.377614
-0.377004
-0.376387
-0.375771
-0.375165
-0.374577
-0.374014
-0.373484
-0.372996
-0.372556
-0.372174
-0.371856
-0.371610
-0.371444
-0.371365
-0.371381
-0.371498
-0.371725
-0.372067
-0.372533
-0.373130
-0.373864
-0.374741
-0.375770
-0.376956
-0.378306
-0.379827
-0.381524
-0.383404
-0.385474
-0.387738
-0.390204
-0.392877
-0.395762
-0.398865
-0.402192
-0.405749
-0.409539
-0.413569
-0.417844
-0.422369
-0.427147
-0.432185
-0.437487
-0.443057
-0.448900
-0.455019
-0.461420
-0.468107
-0.475082
-0.482351
-0.489917
-0.497784
-0.505955
-0.514435
-0.523225
-0.532331
-0.541755
-0.551500
-0.561569
-0.571966
-0.582693
-0.344262
-0.344824
-0.346167
-0.348078
-0.350389
-0.352961
-0.355689
-0.358489
-0.361299
-0.364068
-0.366760
-0.369348
-0.371811
-0.374134
-0.376307
-0.378325
-0.380183
-0.381880
-0.383417
-0.384797
-0.386022
-0.387097
-0.388028
-0.388819
-0.389479
-0.390013
-0.390428
-0.390732
-0.390933
-0.391038
-0.391056
-0.390994
-0.390861
-0.390665
-0.390415
-0.390117
-0.389782
-0.389417
-0.389030
-0.388630
-0.388225
-0.387824
-0.387435
-0.387065
-0.386724
-0.386419
-0.386159
-0.385951
-0.385803
-0.385725
-0.385722
-0.385804
-0.385977
-0.386251
-0.386632
-0.387128
-0.387746
-0.388494
-0.389379
-0.390408
-0.391590
-0.392930
-0.394435
-0.396113
-0.397970
-0.400014
-0.402250
-0.404685
-0.407326
-0.410178
-0.413248
-0.416543
-0.420067
-0.423828
-0.427830
-0.432079
-0.436581
-0.441341
-0.446365
-0.451657
-0.457223
-0.463068
-0.469197
-0.475613
-0.482323
-0.489330
-0.496640
-0.504255
-0.512181
-0.520422
-0.528981
-0.537862
-0.547070
-0.556609
-0.566481
-0.576690
-0.587240
-0.598134
-0.609376
-0.620968
-0.348640
-0.349232
-0.350651
-0.352673
-0.355119
-0.357846
-0.360743
-0.363723
-0.366721
-0.369684
-0.372574
-0.375363
-0.378030
-0.380558
-0.382938
-0.385162
-0.387228
-0.389132
-0.390877
-0.392463
-0.393895
-0.395176
-0.396313
-0.397310
-0.398173
-0.398911
-0.399530
-0.400037
-0.400441
-0.400749
-0.400969
-0.401109
-0.401178
-0.401184
-0.401135
-0.401041
-0.400909
-0.400747
-0.400565
-0.400371
-0.400174
-0.399981
-0.399802
-0.399644
-0.399517
-0.399429
-0.399387
-0.399401
-0.399478
-0.399627
-0.399857
-0.400174
-0.400588
-0.401106
-0.401736
-0.402486
-0.403364
-0.404377
-0.405534
-0.406841
-0.408307
-0.409939
-0.411744
-0.413729
-0.415902
-0.418269
-0.420838
-0.423615
-0.426607
-0.429821
-0.433264
-0.436941
-0.440859
-0.445025
-0.449444
-0.454122
-0.459066
-0.464280
-0.469772
-0.475545
-0.481607
-0.487961
-0.494614
-0.501570
-0.508834
-0.516411
-0.524306
-0.532523
-0.541068
-0.549944
-0.559156
-0.568708
-0.578604
-0.588848
-0.599444
-0.610396
-0.621708
-0.633383
-0.645425
-0.657837
-0.353083
-0.353707
-0.355204
-0.357339
-0.359924
-0.362810
-0.365881
-0.369045
-0.372234
-0.375395
-0.378488
-0.381482
-0.384356
-0.387093
-0.389683
-0.392118
-0.394394
-0.396509
-0.398463
-0.400260
-0.401900
-0.403390
-0.404734
-0.405937
-0.407007
-0.407950
-0.408773
-0.409484
-0.410090
-0.410600
-0.411021
-0.411362
-0.411631
-0.411837
-0.411989
-0.412094
-0.412161
-0.412200
-0.412218
-0.412225
-0.412229
-0.412238
-0.412262
-0.412309
-0.412388
-0.412507
-0.412675
-0.412901
-0.413192
-0.413559
-0.414008
-0.414548
-0.415188
-0.415936
-0.416800
-0.417789
-0.418910
-0.420172
-0.421583
-0.423150
-0.424881
-0.426785
-0.428868
-0.431138
-0.433604
-0.436272
-0.439149
-0.442243
-0.445562
-0.449111
-0.452898
-0.456930
-0.461213
-0.465754
-0.470560
-0.475636
-0.480989
-0.486626
-0.492552
-0.498773
-0.505295
-0.512123
-0.519264
-0.526721
-0.534502
-0.542611
-0.551053
-0.559833
-0.568955
-0.578426
-0.588248
-0.598428
-0.608969
-0.619875
-0.631150
-0.642800
-0.654827
-0.667237
-0.680031
-0.693215
-0.357591
-0.358247
-0.359824
-0.362076
-0.364804
-0.367853
-0.371100
-0.374453
-0.377838
-0.381201
-0.384499
-0.387703
-0.390788
-0.393738
-0.396541
-0.399190
-0.401680
-0.404008
-0.406176
-0.408184
-0.410037
-0.411737
-0.413290
-0.414702
-0.415979
-0.417127
-0.418155
-0.419069
-0.419878
-0.420589
-0.421211
-0.421752
-0.422220
-0.422624
-0.422972
-0.423274
-0.423537
-0.423772
-0.423986
-0.424188
-0.424387
-0.424593
-0.424813
-0.425057
-0.425333
-0.425651
-0.426019
-0.426447
-0.426941
-0.427513
-0.428169
-0.428919
-0.429772
-0.430735
-0.431818
-0.433030
-0.434377
-0.435870
-0.437515
-0.439322
-0.441298
-0.443452
-0.445792
-0.448325
-0.451060
-0.454004
-0.457165
-0.460550
-0.464168
-0.468024
-0.472128
-0.476485
-0.481103
-0.485989
-0.491149
-0.496591
-0.502321
-0.508345
-0.514670
-0.521303
-0.528249
-0.535514
-0.543104
-0.551025
-0.559283
-0.567883
-0.576830
-0.586131
-0.595789
-0.605810
-0.616200
-0.626962
-0.638102
-0.649623
-0.661532
-0.673831
-0.686526
-0.699620
-0.713118
-0.727023
-0.362162
-0.362851
-0.364510
-0.366881
-0.369756
-0.372972
-0.376401
-0.379945
-0.383531
-0.387099
-0.390608
-0.394025
-0.397326
-0.400492
-0.403512
-0.406378
-0.409085
-0.411630
-0.414013
-0.416237
-0.418303
-0.420215
-0.421980
-0.423601
-0.425087
-0.426442
-0.427675
-0.428794
-0.429805
-0.430717
-0.431539
-0.432277
-0.432942
-0.433542
-0.434085
-0.434580
-0.435036
-0.435462
-0.435866
-0.436258
-0.436647
-0.437042
-0.437451
-0.437884
-0.438350
-0.438858
-0.439416
-0.440034
-0.440720
-0.441485
-0.442335
-0.443282
-0.444333
-0.445496
-0.446782
-0.448199
-0.449755
-0.451460
-0.453321
-0.455348
-0.457548
-0.459931
-0.462505
-0.465277
-0.468256
-0.471451
-0.474869
-0.478519
-0.482407
-0.486542
-0.490932
-0.495584
-0.500505
-0.505703
-0.511185
-0.516959
-0.523030
-0.529406
-0.536095
-0.543101
-0.550432
-0.558095
-0.566095
-0.574439
-0.583132
-0.592181
-0.601591
-0.611368
-0.621517
-0.632044
-0.642954
-0.654252
-0.665943
-0.678032
-0.690524
-0.703423
-0.716734
-0.730462
-0.744611
-0.759184
-0.366793
-0.367516
-0.369260
-0.371754
-0.374779
-0.378165
-0.381780
-0.385521
-0.389311
-0.393090
-0.396814
-0.400447
-0.403967
-0.407354
-0.410594
-0.413681
-0.416608
-0.419373
-0.421975
-0.424415
-0.426697
-0.428825
-0.430802
-0.432635
-0.434330
-0.435894
-0.437333
-0.438656
-0.439869
-0.440982
-0.442002
-0.442938
-0.443798
-0.444591
-0.445325
-0.446010
-0.446655
-0.447268
-0.447858
-0.448435
-0.449008
-0.449585
-0.450176
-0.450790
-0.451436
-0.452124
-0.452862
-0.453660
-0.454526
-0.455471
-0.456503
-0.457632
-0.458866
-0.460215
-0.461687
-0.463292
-0.465039
-0.466936
-0.468993
-0.471219
-0.473622
-0.476210
-0.478994
-0.481981
-0.485180
-0.488599
-0.492247
-0.496132
-0.500263
-0.504647
-0.509292
-0.514206
-0.519398
-0.524875
-0.530644
-0.536713
-0.543090
-0.549781
-0.556794
-0.564135
-0.571813
-0.579832
-0.588200
-0.596924
-0.606009
-0.615463
-0.625290
-0.635498
-0.646091
-0.657076
-0.668458
-0.680243
-0.692436
-0.705041
-0.718065
-0.731512
-0.745387
-0.759694
-0.774439
-0.789626
-0.371483
-0.372241
-0.374072
-0.376692
-0.379872
-0.383433
-0.387237
-0.391179
-0.395178
-0.399172
-0.403113
-0.406969
-0.410711
-0.414322
-0.417787
-0.421097
-0.424248
-0.427235
-0.430059
-0.432719
-0.435220
-0.437564
-0.439756
-0.441803
-0.443709
-0.445481
-0.447127
-0.448654
-0.450070
-0.451383
-0.452600
-0.453732
-0.454785
-0.455769
-0.456692
-0.457564
-0.458394
-0.459189
-0.459961
-0.460716
-0.461466
-0.462219
-0.462984
-0.463771
-0.464589
-0.465447
-0.466355
-0.467322
-0.468357
-0.469469
-0.470669
-0.471966
-0.473368
-0.474885
-0.476527
-0.478303
-0.480221
-0.482292
-0.484524
-0.486927
-0.489510
-0.492282
-0.495251
-0.498428
-0.501820
-0.505436
-0.509286
-0.513378
-0.517720
-0.522321
-0.527190
-0.532335
-0.537763
-0.543484
-0.549504
-0.555832
-0.562476
-0.569443
-0.576741
-0.584377
-0.592358
-0.600692
-0.609385
-0.618445
-0.627877
-0.637689
-0.647887
-0.658478
-0.669467
-0.680860
-0.692664
-0.704884
-0.717526
-0.730596
-0.744098
-0.758038
-0.772421
-0.787252
-0.802536
-0.818278
-0.376230
-0.377023
-0.378945
-0.381694
-0.385032
-0.388772
-0.392771
-0.396918
-0.401130
-0.405342
-0.409507
-0.413587
-0.417557
-0.421395
-0.425088
-0.428626
-0.432003
-0.435216
-0.438264
-0.441148
-0.443869
-0.446433
-0.448842
-0.451102
-0.453221
-0.455203
-0.457056
-0.458788
-0.460406
-0.461918
-0.463333
-0.464659
-0.465903
-0.467076
-0.468186
-0.469241
-0.470251
-0.471226
-0.472173
-0.473102
-0.474023
-0.474945
-0.475876
-0.476828
-0.477808
-0.478827
-0.479894
-0.481018
-0.482210
-0.483478
-0.484831
-0.486281
-0.487836
-0.489506
-0.491300
-0.493227
-0.495299
-0.497523
-0.499909
-0.502468
-0.505208
-0.508138
-0.511269
-0.514608
-0.518166
-0.521952
-0.525975
-0.530243
-0.534767
-0.539553
-0.544613
-0.549953
-0.555583
-0.561511
-0.567745
-0.574294
-0.581166
-0.588369
-0.595911
-0.603799
-0.612041
-0.620646
-0.629619
-0.638968
-0.648701
-0.658824
-0.669344
-0.680267
-0.691601
-0.703352
-0.715526
-0.728128
-0.741166
-0.754644
-0.768569
-0.782945
-0.797779
-0.813076
-0.828840
-0.845077
-0.381031
-0.381862
-0.383876
-0.386758
-0.390258
-0.394182
-0.398380
-0.402737
-0.407166
-0.411601
-0.415993
-0.420303
-0.424503
-0.428573
-0.432497
-0.436266
-0.439874
-0.443316
-0.446591
-0.449700
-0.452645
-0.455429
-0.458057
-0.460534
-0.462866
-0.465059
-0.467121
-0.469058
-0.470878
-0.472589
-0.474200
-0.475718
-0.477153
-0.478512
-0.479805
-0.481041
-0.482228
-0.483376
-0.484494
-0.485591
-0.486677
-0.487761
-0.488852
-0.489959
-0.491093
-0.492263
-0.493479
-0.494749
-0.496084
-0.497494
-0.498988
-0.500577
-0.502268
-0.504074
-0.506002
-0.508064
-0.510269
-0.512626
-0.515145
-0.517836
-0.520710
-0.523774
-0.527040
-0.530517
-0.534213
-0.538140
-0.542305
-0.546720
-0.551392
-0.556331
-0.561547
-0.567047
-0.572842
-0.578941
-0.585351
-0.592082
-0.599141
-0.606539
-0.614282
-0.622379
-0.630838
-0.639666
-0.648873
-0.658464
-0.668449
-0.678833
-0.689625
-0.700830
-0.712457
-0.724512
-0.737001
-0.749930
-0.763307
-0.777138
-0.791427
-0.806181
-0.821407
-0.837108
-0.853291
-0.869962
-0.385885
-0.386754
-0.388863
-0.391882
-0.395549
-0.399661
-0.404062
-0.408633
-0.413284
-0.417947
-0.422570
-0.427113
-0.431548
-0.435853
-0.440013
-0.444017
-0.447858
-0.451532
-0.455037
-0.458374
-0.461545
-0.464553
-0.467402
-0.470097
-0.472644
-0.475049
-0.477319
-0.479462
-0.481484
-0.483394
-0.485200
-0.486910
-0.488533
-0.490076
-0.491550
-0.492963
-0.494324
-0.495642
-0.496926
-0.498185
-0.499429
-0.500668
-0.501910
-0.503166
-0.504444
-0.505755
-0.507109
-0.508514
-0.509981
-0.511520
-0.513140
-0.514852
-0.516665
-0.518589
-0.520635
-0.522811
-0.525129
-0.527599
-0.530229
-0.533030
-0.536013
-0.539187
-0.542562
-0.546148
-0.549955
-0.553993
-0.558271
-0.562799
-0.567588
-0.572645
-0.577982
-0.583608
-0.589531
-0.595761
-0.602307
-0.609179
-0.616385
-0.623934
-0.631834
-0.640095
-0.648725
-0.657731
-0.667123
-0.676908
-0.687093
-0.697688
-0.708699
-0.720133
-0.731999
-0.744302
-0.757051
-0.770251
-0.783909
-0.798032
-0.812627
-0.827698
-0.843253
-0.859297
-0.875836
-0.892875
-0.390790
-0.391698
-0.393905
-0.397064
-0.400902
-0.405207
-0.409816
-0.414606
-0.419484
-0.424379
-0.429237
-0.434018
-0.438691
-0.443236
-0.447635
-0.451876
-0.455954
-0.459863
-0.463602
-0.467170
-0.470570
-0.473803
-0.476875
-0.479790
-0.482553
-0.485171
-0.487651
-0.490000
-0.492225
-0.494333
-0.496334
-0.498234
-0.500043
-0.501770
-0.503422
-0.505008
-0.506539
-0.508022
-0.509467
-0.510883
-0.512280
-0.513667
-0.515053
-0.516449
-0.517863
-0.519305
-0.520786
-0.522315
-0.523901
-0.525556
-0.527288
-0.529108
-0.531026
-0.533053
-0.535197
-0.537470
-0.539881
-0.542442
-0.545161
-0.548049
-0.551117
-0.554375
-0.557833
-0.561501
-0.565389
-0.569508
-0.573867
-0.578478
-0.583349
-0.588490
-0.593913
-0.599625
-0.605638
-0.611961
-0.618603
-0.625574
-0.632883
-0.640540
-0.648553
-0.656931
-0.665684
-0.674820
-0.684347
-0.694275
-0.704610
-0.715362
-0.726539
-0.738147
-0.750195
-0.762691
-0.775641
-0.789052
-0.802933
-0.817288
-0.832126
-0.847452
-0.863273
-0.879595
-0.896425
-0.913766
-0.395743
-0.396692
-0.398999
-0.402303
-0.406317
-0.410818
-0.415640
-0.420654
-0.425763
-0.430894
-0.435992
-0.441015
-0.445932
-0.450719
-0.455361
-0.459844
-0.464162
-0.468310
-0.472285
-0.476087
-0.479717
-0.483179
-0.486476
-0.489612
-0.492594
-0.495427
-0.498117
-0.500672
-0.503100
-0.505407
-0.507601
-0.509691
-0.511685
-0.513592
-0.515420
-0.517178
-0.518874
-0.520519
-0.522120
-0.523688
-0.525231
-0.526760
-0.528282
-0.529809
-0.531350
-0.532914
-0.534512
-0.536152
-0.537846
-0.539603
-0.541434
-0.543348
-0.545355
-0.547466
-0.549691
-0.552041
-0.554526
-0.557156
-0.559942
-0.562894
-0.566022
-0.569338
-0.572852
-0.576574
-0.580514
-0.584684
-0.589093
-0.593752
-0.598671
-0.603862
-0.609333
-0.615095
-0.621159
-0.627534
-0.634230
-0.641258
-0.648626
-0.656345
-0.664425
-0.672873
-0.681701
-0.690916
-0.700528
-0.710546
-0.720979
-0.731834
-0.743120
-0.754847
-0.767020
-0.779649
-0.792741
-0.806304
-0.820344
-0.834870
-0.849887
-0.865403
-0.881425
-0.897959
-0.915011
-0.932588
-0.400741
-0.401732
-0.404144
-0.407597
-0.411790
-0.416494
-0.421534
-0.426776
-0.432120
-0.437493
-0.442835
-0.448104
-0.453267
-0.458302
-0.463190
-0.467919
-0.472481
-0.476870
-0.481085
-0.485124
-0.488988
-0.492680
-0.496204
-0.499564
-0.502766
-0.505814
-0.508716
-0.511479
-0.514109
-0.516614
-0.519002
-0.521281
-0.523459
-0.525544
-0.527546
-0.529471
-0.531331
-0.533133
-0.534886
-0.536600
-0.538284
-0.539948
-0.541600
-0.543250
-0.544909
-0.546585
-0.548289
-0.550031
-0.551820
-0.553666
-0.555581
-0.557573
-0.559654
-0.561833
-0.564121
-0.566529
-0.569067
-0.571745
-0.574575
-0.577567
-0.580732
-0.584080
-0.587622
-0.591369
-0.595332
-0.599521
-0.603948
-0.608622
-0.613556
-0.618759
-0.624241
-0.630015
-0.636089
-0.642476
-0.649184
-0.656224
-0.663607
-0.671343
-0.679441
-0.687911
-0.696763
-0.706007
-0.715652
-0.725707
-0.736181
-0.747084
-0.758424
-0.770210
-0.782450
-0.795152
-0.808325
-0.821976
-0.836113
-0.850744
-0.865877
-0.881517
-0.897672
-0.914349
-0.931555
-0.949296
-0.405784
-0.406818
-0.409337
-0.412943
-0.417321
-0.422232
-0.427494
-0.432970
-0.438555
-0.444172
-0.449763
-0.455283
-0.460698
-0.465983
-0.471122
-0.476100
-0.480909
-0.485544
-0.490001
-0.494279
-0.498380
-0.502306
-0.506059
-0.509645
-0.513068
-0.516334
-0.519449
-0.522419
-0.525253
-0.527957
-0.530538
-0.533005
-0.535365
-0.537627
-0.539800
-0.541892
-0.543911
-0.545866
-0.547767
-0.549622
-0.551442
-0.553234
-0.555008
-0.556774
-0.558542
-0.560322
-0.562122
-0.563953
-0.565825
-0.567748
-0.569733
-0.571789
-0.573927
-0.576158
-0.578491
-0.580938
-0.583508
-0.586214
-0.589066
-0.592074
-0.595249
-0.598603
-0.602147
-0.605891
-0.609846
-0.614024
-0.618435
-0.623092
-0.628004
-0.633183
-0.638639
-0.644385
-0.650430
-0.656785
-0.663462
-0.670471
-0.677822
-0.685527
-0.693595
-0.702037
-0.710863
-0.720083
-0.729707
-0.739745
-0.750205
-0.761098
-0.772433
-0.784219
-0.796465
-0.809179
-0.822370
-0.836046
-0.850215
-0.864886
-0.880065
-0.895761
-0.911981
-0.928732
-0.946021
-0.963854
-0.410867
-0.411946
-0.414576
-0.418340
-0.422908
-0.428031
-0.433521
-0.439234
-0.445065
-0.450933
-0.456776
-0.462551
-0.468221
-0.473762
-0.479155
-0.484386
-0.489446
-0.494329
-0.499032
-0.503553
-0.507894
-0.512055
-0.516040
-0.519854
-0.523500
-0.526985
-0.530314
-0.533494
-0.536532
-0.539434
-0.542208
-0.544863
-0.547405
-0.549843
-0.552185
-0.554439
-0.556615
-0.558721
-0.560765
-0.562757
-0.564706
-0.566621
-0.568511
-0.570385
-0.572254
-0.574127
-0.576014
-0.577924
-0.579868
-0.581855
-0.583896
-0.586002
-0.588181
-0.590446
-0.592807
-0.595274
-0.597857
-0.600569
-0.603420
-0.606421
-0.609582
-0.612916
-0.616433
-0.620145
-0.624063
-0.628198
-0.632562
-0.637165
-0.642020
-0.647138
-0.652530
-0.658208
-0.664182
-0.670465
-0.677066
-0.683998
-0.691272
-0.698897
-0.706886
-0.715249
-0.723997
-0.733140
-0.742688
-0.752652
-0.763041
-0.773866
-0.785137
-0.796862
-0.809051
-0.821713
-0.834858
-0.848493
-0.862628
-0.877271
-0.892429
-0.908112
-0.924325
-0.941078
-0.958377
-0.976229
-0.415989
-0.417114
-0.419859
-0.423785
-0.428548
-0.433889
-0.439611
-0.445568
-0.451649
-0.457771
-0.463873
-0.469907
-0.475837
-0.481637
-0.487288
-0.492776
-0.498091
-0.503226
-0.508178
-0.512945
-0.517528
-0.521927
-0.526147
-0.530191
-0.534063
-0.537768
-0.541313
-0.544703
-0.547946
-0.551047
-0.554015
-0.556856
-0.559579
-0.562192
-0.564702
-0.567117
-0.569447
-0.571700
-0.573884
-0.576008
-0.578081
-0.580113
-0.582112
-0.584088
-0.586050
-0.588008
-0.589971
-0.591950
-0.593954
-0.595993
-0.598077
-0.600217
-0.602424
-0.604707
-0.607077
-0.609545
-0.612122
-0.614819
-0.617647
-0.620616
-0.623739
-0.627027
-0.630490
-0.634141
-0.637991
-0.642052
-0.646335
-0.650851
-0.655614
-0.660633
-0.665922
-0.671492
-0.677353
-0.683520
-0.690001
-0.696810
-0.703958
-0.711456
-0.719316
-0.727548
-0.736164
-0.745175
-0.754592
-0.764425
-0.774685
-0.785382
-0.796527
-0.808129
-0.820198
-0.832744
-0.845776
-0.859304
-0.873336
-0.887882
-0.902949
-0.918546
-0.934681
-0.951362
-0.968596
-0.986392
-0.421146
-0.422320
-0.425183
-0.429276
-0.434240
-0.439804
-0.445765
-0.451969
-0.458306
-0.464688
-0.471052
-0.477349
-0.483543
-0.489607
-0.495520
-0.501269
-0.506841
-0.512232
-0.517437
-0.522453
-0.527281
-0.531923
-0.536380
-0.540656
-0.544755
-0.548683
-0.552445
-0.556047
-0.559495
-0.562797
-0.565958
-0.568986
-0.571890
-0.574676
-0.577352
-0.579927
-0.582409
-0.584805
-0.587125
-0.589378
-0.591571
-0.593714
-0.595816
-0.597887
-0.599934
-0.601969
-0.604000
-0.606037
-0.608090
-0.610169
-0.612284
-0.614445
-0.616663
-0.618947
-0.621310
-0.623761
-0.626312
-0.628973
-0.631756
-0.634671
-0.637731
-0.640946
-0.644329
-0.647890
-0.651642
-0.655597
-0.659766
-0.664161
-0.668794
-0.673678
-0.678825
-0.684246
-0.689953
-0.695959
-0.702276
-0.708916
-0.715890
-0.723210
-0.730889
-0.738938
-0.747369
-0.756193
-0.765421
-0.775065
-0.785135
-0.795644
-0.806600
-0.818015
-0.829900
-0.842264
-0.855116
-0.868468
-0.882328
-0.896705
-0.911609
-0.927047
-0.943030
-0.959564
-0.976659
-0.994321
-0.426336
-0.427560
-0.430546
-0.434812
-0.439982
-0.445775
-0.451979
-0.458437
-0.465034
-0.471680
-0.478311
-0.484876
-0.491339
-0.497670
-0.503850
-0.509863
-0.515698
-0.521348
-0.526809
-0.532078
-0.537154
-0.542040
-0.546737
-0.551248
-0.555577
-0.559730
-0.563711
-0.567526
-0.571181
-0.574683
-0.578039
-0.581255
-0.584338
-0.587297
-0.590139
-0.592872
-0.595503
-0.598041
-0.600494
-0.602871
-0.605180
-0.607430
-0.609629
-0.611787
-0.613913
-0.616017
-0.618106
-0.620192
-0.622284
-0.624391
-0.626524
-0.628693
-0.630908
-0.633179
-0.635517
-0.637934
-0.640439
-0.643044
-0.645760
-0.648598
-0.651570
-0.654688
-0.657962
-0.661406
-0.665030
-0.668847
-0.672869
-0.677108
-0.681577
-0.686287
-0.691252
-0.696484
-0.701994
-0.707796
-0.713903
-0.720325
-0.727077
-0.734170
-0.741617
-0.749429
-0.757619
-0.766199
-0.775181
-0.784576
-0.794397
-0.804654
-0.815359
-0.826522
-0.838156
-0.850269
-0.862874
-0.875979
-0.889595
-0.903732
-0.918399
-0.933605
-0.949359
-0.965671
-0.982547
-0.999997
-0.431556
-0.432832
-0.435946
-0.440390
-0.445772
-0.451799
-0.458252
-0.464970
-0.471831
-0.478747
-0.485650
-0.492488
-0.499223
-0.505826
-0.512277
-0.518558
-0.524659
-0.530572
-0.536292
-0.541817
-0.547146
-0.552279
-0.557219
-0.561967
-0.566529
-0.570909
-0.575111
-0.579141
-0.583005
-0.586709
-0.590259
-0.593663
-0.596927
-0.600058
-0.603065
-0.605954
-0.608733
-0.611410
-0.613994
-0.616492
-0.618912
-0.621264
-0.623556
-0.625796
-0.627994
-0.630159
-0.632299
-0.634425
-0.636545
-0.638670
-0.640809
-0.642972
-0.645170
-0.647413
-0.649711
-0.652075
-0.654516
-0.657045
-0.659674
-0.662412
-0.665273
-0.668267
-0.671407
-0.674704
-0.678170
-0.681819
-0.685661
-0.689710
-0.693978
-0.698477
-0.703221
-0.708222
-0.713494
-0.719048
-0.724898
-0.731056
-0.737536
-0.744350
-0.751512
-0.759033
-0.766927
-0.775206
-0.783883
-0.792969
-0.802478
-0.812420
-0.822809
-0.833654
-0.844969
-0.856764
-0.869050
-0.881837
-0.895137
-0.908960
-0.923315
-0.938212
-0.953661
-0.969671
-0.986250
-1.003408
-0.436803
-0.438133
-0.441379
-0.446007
-0.451608
-0.457875
-0.464583
-0.471565
-0.478697
-0.485887
-0.493066
-0.500182
-0.507194
-0.514074
-0.520799
-0.527353
-0.533724
-0.539904
-0.545887
-0.551671
-0.557255
-0.562639
-0.567824
-0.572814
-0.577611
-0.582220
-0.586645
-0.590892
-0.594966
-0.598873
-0.602620
-0.606212
-0.609657
-0.612961
-0.616132
-0.619176
-0.622102
-0.624917
-0.627629
-0.630245
-0.632774
-0.635224
-0.637604
-0.639921
-0.642184
-0.644403
-0.646587
-0.648744
-0.650883
-0.653015
-0.655149
-0.657295
-0.659463
-0.661662
-0.663905
-0.666200
-0.668559
-0.670993
-0.673513
-0.676130
-0.678856
-0.681702
-0.684681
-0.687804
-0.691084
-0.694532
-0.698162
-0.701987
-0.706018
-0.710269
-0.714753
-0.719483
-0.724472
-0.729734
-0.735281
-0.741127
-0.747286
-0.753770
-0.760593
-0.767769
-0.775310
-0.783230
-0.791542
-0.800258
-0.809392
-0.818955
-0.828961
-0.839421
-0.850349
-0.861754
-0.873650
-0.886047
-0.898957
-0.912390
-0.926357
-0.940867
-0.955932
-0.971561
-0.987762
-1.004545
-0.442073
-0.443460
-0.446843
-0.451662
-0.457488
-0.464002
-0.470970
-0.478222
-0.485630
-0.493099
-0.500560
-0.507957
-0.515251
-0.522411
-0.529415
-0.536246
-0.542891
-0.549341
-0.555592
-0.561640
-0.567482
-0.573120
-0.578554
-0.583788
-0.588823
-0.593664
-0.598315
-0.602780
-0.607067
-0.611179
-0.615123
-0.618905
-0.622531
-0.626008
-0.629343
-0.632543
-0.635615
-0.638566
-0.641404
-0.644137
-0.646771
-0.649316
-0.651779
-0.654168
-0.656492
-0.658759
-0.660979
-0.663159
-0.665309
-0.667439
-0.669557
-0.671674
-0.673799
-0.675942
-0.678114
-0.680324
-0.682584
-0.684904
-0.687296
-0.689770
-0.692339
-0.695013
-0.697805
-0.700727
-0.703791
-0.707010
-0.710396
-0.713962
-0.717721
-0.721687
-0.725871
-0.730289
-0.734954
-0.739878
-0.745077
-0.750563
-0.756350
-0.762453
-0.768885
-0.775659
-0.782791
-0.790293
-0.798179
-0.806462
-0.815157
-0.824276
-0.833832
-0.843839
-0.854308
-0.865253
-0.876686
-0.888618
-0.901062
-0.914029
-0.927529
-0.941574
-0.956175
-0.971341
-0.987082
-1.003408
-0.447364
-0.448811
-0.452336
-0.457353
-0.463410
-0.470177
-0.477412
-0.484939
-0.492628
-0.500382
-0.508128
-0.515812
-0.523392
-0.530838
-0.538125
-0.545237
-0.552159
-0.558885
-0.565406
-0.571721
-0.577826
-0.583721
-0.589408
-0.594888
-0.600164
-0.605240
-0.610119
-0.614807
-0.619307
-0.623626
-0.627769
-0.631742
-0.635551
-0.639202
-0.642702
-0.646058
-0.649275
-0.652362
-0.655325
-0.658172
-0.660910
-0.663546
-0.666089
-0.668546
-0.670926
-0.673236
-0.675485
-0.677682
-0.679835
-0.681954
-0.684047
-0.686124
-0.688194
-0.690268
-0.692355
-0.694465
-0.696610
-0.698799
-0.701043
-0.703354
-0.705744
-0.708223
-0.710804
-0.713498
-0.716319
-0.719278
-0.722388
-0.725662
-0.729115
-0.732757
-0.736605
-0.740670
-0.744968
-0.749511
-0.754314
-0.759392
-0.764758
-0.770427
-0.776413
-0.782731
-0.789395
-0.796420
-0.803819
-0.811607
-0.819798
-0.828405
-0.837444
-0.846927
-0.856867
-0.867279
-0.878174
-0.889566
-0.901466
-0.913888
-0.926843
-0.940341
-0.954396
-0.969016
-0.984213
-0.999997
-0.452672
-0.454180
-0.457855
-0.463076
-0.469372
-0.476398
-0.483906
-0.491715
-0.499690
-0.507733
-0.515770
-0.523746
-0.531617
-0.539352
-0.546927
-0.554323
-0.561529
-0.568533
-0.575329
-0.581914
-0.588285
-0.594442
-0.600385
-0.606115
-0.611635
-0.616949
-0.622060
-0.626971
-0.631689
-0.636217
-0.640562
-0.644727
-0.648720
-0.652547
-0.656212
-0.659724
-0.663087
-0.666309
-0.669396
-0.672356
-0.675196
-0.677922
-0.680542
-0.683064
-0.685495
-0.687843
-0.690117
-0.692324
-0.694473
-0.696573
-0.698632
-0.700659
-0.702664
-0.704657
-0.706646
-0.708643
-0.710656
-0.712697
-0.714777
-0.716906
-0.719095
-0.721357
-0.723702
-0.726144
-0.728693
-0.731364
-0.734168
-0.737118
-0.740229
-0.743513
-0.746985
-0.750658
-0.754546
-0.758664
-0.763026
-0.767648
-0.772542
-0.777726
-0.783212
-0.789018
-0.795156
-0.801643
-0.808493
-0.815721
-0.823343
-0.831372
-0.839823
-0.848711
-0.858050
-0.867853
-0.878136
-0.888910
-0.900189
-0.911986
-0.924313
-0.937183
-0.950608
-0.964598
-0.979166
-0.994321
-0.457993
-0.459566
-0.463397
-0.468830
-0.475372
-0.482665
-0.490452
-0.498547
-0.506814
-0.515152
-0.523485
-0.531757
-0.539923
-0.547953
-0.555819
-0.563506
-0.570997
-0.578284
-0.585360
-0.592220
-0.598861
-0.605282
-0.611485
-0.617469
-0.623237
-0.628792
-0.634137
-0.639276
-0.644213
-0.648953
-0.653501
-0.657862
-0.662041
-0.666044
-0.669877
-0.673545
-0.677055
-0.680412
-0.683624
-0.686697
-0.689637
-0.692451
-0.695146
-0.697730
-0.700210
-0.702592
-0.704886
-0.707098
-0.709237
-0.711311
-0.713328
-0.715297
-0.717227
-0.719128
-0.721008
-0.722877
-0.724746
-0.726624
-0.728521
-0.730449
-0.732419
-0.734442
-0.736529
-0.738693
-0.740946
-0.743300
-0.745768
-0.748364
-0.751099
-0.753990
-0.757048
-0.760289
-0.763727
-0.767376
-0.771251
-0.775368
-0.779742
-0.784387
-0.789320
-0.794556
-0.800110
-0.805999
-0.812237
-0.818842
-0.825827
-0.833209
-0.841003
-0.849224
-0.857887
-0.867007
-0.876599
-0.886676
-0.897254
-0.908345
-0.919962
-0.932120
-0.944829
-0.958104
-0.971954
-0.986392
-0.463322
-0.464965
-0.468959
-0.474612
-0.481407
-0.488974
-0.497047
-0.505435
-0.513999
-0.522637
-0.531271
-0.539844
-0.548310
-0.556638
-0.564802
-0.572782
-0.580564
-0.588138
-0.595497
-0.602636
-0.609551
-0.616241
-0.622707
-0.628949
-0.634968
-0.640768
-0.646351
-0.651720
-0.656881
-0.661836
-0.666590
-0.671148
-0.675516
-0.679698
-0.683699
-0.687526
-0.691183
-0.694677
-0.698014
-0.701199
-0.704240
-0.707141
-0.709911
-0.712555
-0.715080
-0.717495
-0.719804
-0.722017
-0.724141
-0.726183
-0.728152
-0.730055
-0.731902
-0.733701
-0.735461
-0.737191
-0.738902
-0.740602
-0.742302
-0.744013
-0.745745
-0.747509
-0.749317
-0.751180
-0.753111
-0.755122
-0.757226
-0.759435
-0.761764
-0.764226
-0.766834
-0.769605
-0.772551
-0.775688
-0.779032
-0.782597
-0.786399
-0.790455
-0.794780
-0.799390
-0.804301
-0.809531
-0.815095
-0.821009
-0.827291
-0.833956
-0.841021
-0.848502
-0.856414
-0.864774
-0.873597
-0.882898
-0.892692
-0.902993
-0.913816
-0.925175
-0.937083
-0.949553
-0.962598
-0.976229
-0.468657
-0.470373
-0.474538
-0.480420
-0.487477
-0.495324
-0.503689
-0.512376
-0.521244
-0.530186
-0.539127
-0.548005
-0.556777
-0.565408
-0.573872
-0.582151
-0.590228
-0.598094
-0.605740
-0.613162
-0.620355
-0.627319
-0.634052
-0.640555
-0.646830
-0.652878
-0.658703
-0.664306
-0.669693
-0.674866
-0.679830
-0.684589
-0.689148
-0.693511
-0.697684
-0.701671
-0.705478
-0.709110
-0.712572
-0.715871
-0.719013
-0.722002
-0.724845
-0.727548
-0.730118
-0.732562
-0.734885
-0.737096
-0.739200
-0.741206
-0.743120
-0.744952
-0.746708
-0.748397
-0.750028
-0.751609
-0.753150
-0.754660
-0.756148
-0.757626
-0.759103
-0.760590
-0.762098
-0.763639
-0.765225
-0.766867
-0.768579
-0.770374
-0.772264
-0.774264
-0.776388
-0.778650
-0.781065
-0.783648
-0.786415
-0.789382
-0.792564
-0.795978
-0.799641
-0.803568
-0.807778
-0.812287
-0.817113
-0.822272
-0.827782
-0.833661
-0.839924
-0.846590
-0.853675
-0.861196
-0.869170
-0.877612
-0.886539
-0.895966
-0.905908
-0.916381
-0.927398
-0.938974
-0.951122
-0.963855
-0.473992
-0.475786
-0.480131
-0.486251
-0.493578
-0.501714
-0.510378
-0.519370
-0.528546
-0.537799
-0.547050
-0.556239
-0.565320
-0.574260
-0.583030
-0.591611
-0.599988
-0.608150
-0.616088
-0.623798
-0.631274
-0.638515
-0.645519
-0.652288
-0.658822
-0.665123
-0.671193
-0.677035
-0.682651
-0.688046
-0.693223
-0.698186
-0.702939
-0.707487
-0.711834
-0.715984
-0.719943
-0.723715
-0.727306
-0.730720
-0.733963
-0.737040
-0.739958
-0.742721
-0.745335
-0.747807
-0.750142
-0.752348
-0.754430
-0.756396
-0.758253
-0.760007
-0.761667
-0.763239
-0.764733
-0.766156
-0.767517
-0.768825
-0.770090
-0.771320
-0.772527
-0.773720
-0.774910
-0.776109
-0.777327
-0.778578
-0.779872
-0.781224
-0.782647
-0.784153
-0.785758
-0.787475
-0.789320
-0.791308
-0.793455
-0.795777
-0.798290
-0.801012
-0.803958
-0.807147
-0.810597
-0.814324
-0.818348
-0.822685
-0.827354
-0.832374
-0.837763
-0.843538
-0.849718
-0.856320
-0.863363
-0.870863
-0.878837
-0.887303
-0.896277
-0.905773
-0.915809
-0.926399
-0.937557
-0.949297
-0.479324
-0.481201
-0.485735
-0.492103
-0.499710
-0.508142
-0.517111
-0.526414
-0.535904
-0.545473
-0.555040
-0.564545
-0.573941
-0.583193
-0.592273
-0.601162
-0.609843
-0.618306
-0.626541
-0.634542
-0.642305
-0.649827
-0.657108
-0.664147
-0.670945
-0.677503
-0.683822
-0.689906
-0.695757
-0.701378
-0.706771
-0.711942
-0.716893
-0.721629
-0.726153
-0.730470
-0.734584
-0.738499
-0.742220
-0.745752
-0.749099
-0.752267
-0.755259
-0.758083
-0.760742
-0.763242
-0.765590
-0.767790
-0.769849
-0.771772
-0.773568
-0.775241
-0.776799
-0.778250
-0.779600
-0.780858
-0.782031
-0.783128
-0.784158
-0.785129
-0.786052
-0.786936
-0.787792
-0.788630
-0.789461
-0.790298
-0.791151
-0.792035
-0.792961
-0.793944
-0.794997
-0.796135
-0.797373
-0.798726
-0.800210
-0.801842
-0.803639
-0.805617
-0.807795
-0.810189
-0.812819
-0.815703
-0.818860
-0.822309
-0.826068
-0.830158
-0.834597
-0.839404
-0.844599
-0.850202
-0.856229
-0.862702
-0.869636
-0.877052
-0.884965
-0.893394
-0.902355
-0.911864
-0.921937
-0.932588
-0.484646
-0.486612
-0.491346
-0.497974
-0.505869
-0.514606
-0.523888
-0.533508
-0.543318
-0.553208
-0.563096
-0.572921
-0.582636
-0.592205
-0.601601
-0.610802
-0.619792
-0.628560
-0.637096
-0.645393
-0.653448
-0.661257
-0.668819
-0.676132
-0.683198
-0.690017
-0.696591
-0.702922
-0.709011
-0.714862
-0.720477
-0.725860
-0.731013
-0.735941
-0.740647
-0.745134
-0.749406
-0.753468
-0.757323
-0.760975
-0.764429
-0.767690
-0.770760
-0.773646
-0.776351
-0.778881
-0.781241
-0.783436
-0.785471
-0.787352
-0.789085
-0.790675
-0.792130
-0.793455
-0.794657
-0.795744
-0.796722
-0.797601
-0.798387
-0.799089
-0.799717
-0.800279
-0.800785
-0.801246
-0.801673
-0.802075
-0.802466
-0.802857
-0.803262
-0.803692
-0.804163
-0.804689
-0.805284
-0.805964
-0.806745
-0.807643
-0.808677
-0.809862
-0.811218
-0.812762
-0.814515
-0.816494
-0.818720
-0.821212
-0.823992
-0.827078
-0.830491
-0.834253
-0.838383
-0.842901
-0.847829
-0.853186
-0.858991
-0.865265
-0.872026
-0.879292
-0.887082
-0.895414
-0.904303
-0.913767
-0.489953
-0.492016
-0.496962
-0.503860
-0.512055
-0.521104
-0.530705
-0.540649
-0.550784
-0.561001
-0.571215
-0.581366
-0.591405
-0.601297
-0.611012
-0.620530
-0.629834
-0.638911
-0.647753
-0.656352
-0.664703
-0.672803
-0.680650
-0.688243
-0.695582
-0.702667
-0.709500
-0.716082
-0.722414
-0.728500
-0.734341
-0.739941
-0.745301
-0.750426
-0.755318
-0.759979
-0.764415
-0.768627
-0.772620
-0.776397
-0.779962
-0.783318
-0.786470
-0.789421
-0.792176
-0.794738
-0.797113
-0.799304
-0.801316
-0.803155
-0.804825
-0.806332
-0.807682
-0.808879
-0.809930
-0.810843
-0.811622
-0.812276
-0.812811
-0.813237
-0.813560
-0.813789
-0.813934
-0.814005
-0.814010
-0.813962
-0.813871
-0.813748
-0.813607
-0.813459
-0.813320
-0.813202
-0.813120
-0.813090
-0.813129
-0.813252
-0.813476
-0.813821
-0.814304
-0.814943
-0.815760
-0.816774
-0.818004
-0.819473
-0.821202
-0.823211
-0.825522
-0.828158
-0.831140
-0.834490
-0.838230
-0.842381
-0.846965
-0.852003
-0.857515
-0.863521
-0.870042
-0.877096
-0.884702
-0.892876
-0.495241
-0.497407
-0.502580
-0.509761
-0.518265
-0.527634
-0.537563
-0.547836
-0.558303
-0.568851
-0.579397
-0.589878
-0.600246
-0.610465
-0.620505
-0.630344
-0.639967
-0.649359
-0.658511
-0.667416
-0.676068
-0.684464
-0.692602
-0.700479
-0.708096
-0.715453
-0.722550
-0.729388
-0.735969
-0.742295
-0.748367
-0.754188
-0.759761
-0.765087
-0.770170
-0.775012
-0.779615
-0.783983
-0.788119
-0.792025
-0.795705
-0.799162
-0.802399
-0.805420
-0.808228
-0.810826
-0.813218
-0.815409
-0.817402
-0.819200
-0.820810
-0.822235
-0.823479
-0.824549
-0.825449
-0.826185
-0.826763
-0.827188
-0.827469
-0.827611
-0.827623
-0.827512
-0.827286
-0.826954
-0.826526
-0.826012
-0.825421
-0.824766
-0.824058
-0.823309
-0.822533
-0.821743
-0.820954
-0.820181
-0.819439
-0.818746
-0.818119
-0.817576
-0.817135
-0.816817
-0.816641
-0.816628
-0.816799
-0.817177
-0.817783
-0.818640
-0.819772
-0.821201
-0.822951
-0.825045
-0.827507
-0.830360
-0.833628
-0.837332
-0.841497
-0.846143
-0.851292
-0.856965
-0.863182
-0.869962
-0.500501
-0.502782
-0.508195
-0.515673
-0.524497
-0.534196
-0.544458
-0.555068
-0.565871
-0.576756
-0.587639
-0.598456
-0.609158
-0.619709
-0.630078
-0.640244
-0.650190
-0.659901
-0.669369
-0.678585
-0.687544
-0.696241
-0.704674
-0.712841
-0.720741
-0.728374
-0.735740
-0.742840
-0.749675
-0.756246
-0.762556
-0.768604
-0.774395
-0.779928
-0.785208
-0.790235
-0.795012
-0.799541
-0.803826
-0.807867
-0.811668
-0.815231
-0.818559
-0.821655
-0.824520
-0.827159
-0.829574
-0.831769
-0.833745
-0.835508
-0.837060
-0.838405
-0.839548
-0.840492
-0.841241
-0.841802
-0.842178
-0.842374
-0.842398
-0.842254
-0.841950
-0.841492
-0.840888
-0.840146
-0.839274
-0.838282
-0.837179
-0.835976
-0.834683
-0.833312
-0.831876
-0.830389
-0.828863
-0.827314
-0.825759
-0.824212
-0.822691
-0.821215
-0.819803
-0.818474
-0.817250
-0.816151
-0.815199
-0.814418
-0.813830
-0.813461
-0.813333
-0.813473
-0.813904
-0.814653
-0.815745
-0.817205
-0.819058
-0.821329
-0.824044
-0.827225
-0.830896
-0.835081
-0.839801
-0.845078
-0.505728
-0.508134
-0.513805
-0.521595
-0.530750
-0.540787
-0.551391
-0.562343
-0.573489
-0.584716
-0.595941
-0.607098
-0.618139
-0.629026
-0.639730
-0.650228
-0.660501
-0.670537
-0.680326
-0.689858
-0.699128
-0.708131
-0.716865
-0.725327
-0.733515
-0.741430
-0.749072
-0.756439
-0.763534
-0.770357
-0.776909
-0.783191
-0.789205
-0.794952
-0.800435
-0.805654
-0.810611
-0.815308
-0.819747
-0.823930
-0.827858
-0.831534
-0.834959
-0.838136
-0.841066
-0.843752
-0.846196
-0.848400
-0.850366
-0.852098
-0.853598
-0.854869
-0.855913
-0.856735
-0.857338
-0.857725
-0.857902
-0.857871
-0.857638
-0.857208
-0.856586
-0.855779
-0.854793
-0.853635
-0.852313
-0.850834
-0.849207
-0.847443
-0.845550
-0.843541
-0.841426
-0.839218
-0.836931
-0.834579
-0.832177
-0.829741
-0.827289
-0.824838
-0.822408
-0.820019
-0.817691
-0.815447
-0.813309
-0.811302
-0.809449
-0.807777
-0.806310
-0.805076
-0.804101
-0.803413
-0.803039
-0.803007
-0.803344
-0.804078
-0.805235
-0.806842
-0.808925
-0.811510
-0.814620
-0.818279
-0.510913
-0.513459
-0.519407
-0.527524
-0.537022
-0.547407
-0.558358
-0.569659
-0.581153
-0.592729
-0.604300
-0.615803
-0.627188
-0.638416
-0.649459
-0.660293
-0.670900
-0.681266
-0.691380
-0.701233
-0.710820
-0.720135
-0.729174
-0.737937
-0.746420
-0.754623
-0.762545
-0.770186
-0.777547
-0.784627
-0.791428
-0.797950
-0.804195
-0.810163
-0.815855
-0.821272
-0.826417
-0.831289
-0.835890
-0.840222
-0.844285
-0.848081
-0.851611
-0.854876
-0.857878
-0.860618
-0.863098
-0.865319
-0.867283
-0.868991
-0.870445
-0.871648
-0.872602
-0.873308
-0.873769
-0.873989
-0.873970
-0.873716
-0.873229
-0.872515
-0.871578
-0.870423
-0.869054
-0.867478
-0.865701
-0.863730
-0.861574
-0.859239
-0.856736
-0.854074
-0.851264
-0.848318
-0.845248
-0.842067
-0.838791
-0.835435
-0.832015
-0.828550
-0.825058
-0.821560
-0.818076
-0.814630
-0.811245
-0.807945
-0.804756
-0.801704
-0.798817
-0.796124
-0.793653
-0.791433
-0.789495
-0.787868
-0.786583
-0.785670
-0.785158
-0.785077
-0.785456
-0.786322
-0.787704
-0.789627
-0.516049
-0.518750
-0.524998
-0.533459
-0.543311
-0.554053
-0.565360
-0.577015
-0.588864
-0.600792
-0.612715
-0.624568
-0.636302
-0.647877
-0.659264
-0.670440
-0.681385
-0.692085
-0.702530
-0.712710
-0.722618
-0.732250
-0.741602
-0.750671
-0.759454
-0.767951
-0.776160
-0.784081
-0.791714
-0.799058
-0.806115
-0.812884
-0.819366
-0.825562
-0.831471
-0.837095
-0.842434
-0.847489
-0.852261
-0.856749
-0.860956
-0.864880
-0.868523
-0.871886
-0.874969
-0.877772
-0.880297
-0.882544
-0.884514
-0.886207
-0.887625
-0.888769
-0.889639
-0.890238
-0.890566
-0.890626
-0.890419
-0.889948
-0.889214
-0.888222
-0.886974
-0.885473
-0.883724
-0.881732
-0.879501
-0.877038
-0.874348
-0.871439
-0.868318
-0.864995
-0.861478
-0.857779
-0.853908
-0.849879
-0.845705
-0.841400
-0.836981
-0.832466
-0.827872
-0.823220
-0.818531
-0.813828
-0.809134
-0.804476
-0.799879
-0.795372
-0.790983
-0.786743
-0.782683
-0.778835
-0.775230
-0.771902
-0.768884
-0.766210
-0.763911
-0.762022
-0.760574
-0.759598
-0.759126
-0.759185
-0.521125
-0.524003
-0.530573
-0.539397
-0.549617
-0.560724
-0.572394
-0.584410
-0.596618
-0.608905
-0.621185
-0.633394
-0.645481
-0.657408
-0.669144
-0.680666
-0.691954
-0.702994
-0.713775
-0.724287
-0.734523
-0.744477
-0.754147
-0.763528
-0.772617
-0.781414
-0.789917
-0.798124
-0.806036
-0.813652
-0.820972
-0.827995
-0.834722
-0.841153
-0.847288
-0.853126
-0.858669
-0.863915
-0.868866
-0.873520
-0.877879
-0.881941
-0.885708
-0.889177
-0.892351
-0.895228
-0.897808
-0.900091
-0.902078
-0.903767
-0.905159
-0.906254
-0.907053
-0.907555
-0.907760
-0.907670
-0.907285
-0.906607
-0.905635
-0.904373
-0.902822
-0.900984
-0.898862
-0.896458
-0.893778
-0.890824
-0.887603
-0.884118
-0.880378
-0.876389
-0.872159
-0.867697
-0.863014
-0.858120
-0.853029
-0.847753
-0.842308
-0.836711
-0.830979
-0.825131
-0.819190
-0.813177
-0.807118
-0.801037
-0.794963
-0.788924
-0.782951
-0.777076
-0.771332
-0.765754
-0.760376
-0.755236
-0.750369
-0.745812
-0.741603
-0.737777
-0.734372
-0.731422
-0.728962
-0.727024
-0.526130
-0.529210
-0.536132
-0.545337
-0.555938
-0.567419
-0.579459
-0.591843
-0.604416
-0.617066
-0.629708
-0.642277
-0.654722
-0.667006
-0.679096
-0.690969
-0.702606
-0.713991
-0.725113
-0.735962
-0.746531
-0.756815
-0.766808
-0.776507
-0.785909
-0.795012
-0.803815
-0.812316
-0.820514
-0.828408
-0.835999
-0.843284
-0.850264
-0.856939
-0.863307
-0.869369
-0.875124
-0.880571
-0.885711
-0.890541
-0.895062
-0.899273
-0.903173
-0.906761
-0.910037
-0.912999
-0.915646
-0.917978
-0.919993
-0.921691
-0.923070
-0.924129
-0.924868
-0.925286
-0.925382
-0.925155
-0.924605
-0.923732
-0.922535
-0.921015
-0.919173
-0.917008
-0.914523
-0.911718
-0.908597
-0.905161
-0.901414
-0.897359
-0.893002
-0.888348
-0.883403
-0.878175
-0.872672
-0.866904
-0.860882
-0.854617
-0.848125
-0.841419
-0.834517
-0.827438
-0.820202
-0.812832
-0.805351
-0.797786
-0.790166
-0.782519
-0.774879
-0.767279
-0.759754
-0.752342
-0.745082
-0.738012
-0.731173
-0.724606
-0.718353
-0.712455
-0.706953
-0.701886
-0.697295
-0.693216
-0.531053
-0.534366
-0.541671
-0.551279
-0.562273
-0.574137
-0.586555
-0.599311
-0.612254
-0.625273
-0.638282
-0.651216
-0.664025
-0.676670
-0.689119
-0.701348
-0.713339
-0.725074
-0.736543
-0.747735
-0.758643
-0.769261
-0.779583
-0.789607
-0.799328
-0.808745
-0.817854
-0.826656
-0.835147
-0.843328
-0.851197
-0.858753
-0.865994
-0.872921
-0.879533
-0.885827
-0.891804
-0.897463
-0.902801
-0.907818
-0.912513
-0.916884
-0.920929
-0.924648
-0.928038
-0.931098
-0.933826
-0.936220
-0.938278
-0.939998
-0.941378
-0.942417
-0.943112
-0.943461
-0.943462
-0.943114
-0.942415
-0.941363
-0.939957
-0.938195
-0.936077
-0.933601
-0.930767
-0.927575
-0.924026
-0.920120
-0.915859
-0.911244
-0.906279
-0.900967
-0.895312
-0.889320
-0.882997
-0.876350
-0.869390
-0.862126
-0.854570
-0.846736
-0.838640
-0.830298
-0.821730
-0.812958
-0.804005
-0.794898
-0.785665
-0.776337
-0.766947
-0.757531
-0.748126
-0.738773
-0.729514
-0.720391
-0.711450
-0.702737
-0.694298
-0.686180
-0.678429
-0.671093
-0.664214
-0.657838
-0.535879
-0.539463
-0.547188
-0.557220
-0.568621
-0.580878
-0.593679
-0.606813
-0.620133
-0.633525
-0.646905
-0.660209
-0.673387
-0.686398
-0.699211
-0.711802
-0.724151
-0.736242
-0.748063
-0.759604
-0.770857
-0.781815
-0.792473
-0.802827
-0.812874
-0.822611
-0.832035
-0.841144
-0.849937
-0.858412
-0.866567
-0.874402
-0.881914
-0.889103
-0.895967
-0.902504
-0.908714
-0.914594
-0.920142
-0.925358
-0.930238
-0.934782
-0.938986
-0.942848
-0.946367
-0.949539
-0.952361
-0.954832
-0.956949
-0.958708
-0.960106
-0.961141
-0.961809
-0.962107
-0.962032
-0.961582
-0.960752
-0.959540
-0.957943
-0.955959
-0.953584
-0.950816
-0.947653
-0.944093
-0.940134
-0.935776
-0.931017
-0.925858
-0.920300
-0.914342
-0.907988
-0.901241
-0.894105
-0.886584
-0.878687
-0.870420
-0.861793
-0.852818
-0.843509
-0.833880
-0.823950
-0.813739
-0.803269
-0.792566
-0.781658
-0.770576
-0.759355
-0.748032
-0.736647
-0.725241
-0.713862
-0.702557
-0.691375
-0.680368
-0.669589
-0.659091
-0.648927
-0.639151
-0.629815
-0.620969
-0.540592
-0.544496
-0.552681
-0.563161
-0.574981
-0.587639
-0.600830
-0.614349
-0.628049
-0.641819
-0.655577
-0.669256
-0.682806
-0.696189
-0.709371
-0.722328
-0.735041
-0.747493
-0.759672
-0.771567
-0.783171
-0.794475
-0.805475
-0.816167
-0.826546
-0.836610
-0.846356
-0.855781
-0.864883
-0.873660
-0.882111
-0.890233
-0.898025
-0.905486
-0.912612
-0.919403
-0.925856
-0.931969
-0.937740
-0.943166
-0.948245
-0.952974
-0.957350
-0.961371
-0.965033
-0.968332
-0.971267
-0.973831
-0.976024
-0.977839
-0.979273
-0.980323
-0.980984
-0.981252
-0.981122
-0.980590
-0.979651
-0.978302
-0.976537
-0.974353
-0.971744
-0.968708
-0.965239
-0.961334
-0.956990
-0.952203
-0.946970
-0.941288
-0.935157
-0.928575
-0.921541
-0.914056
-0.906120
-0.897738
-0.888911
-0.879647
-0.869951
-0.859831
-0.849300
-0.838370
-0.827055
-0.815375
-0.803349
-0.791003
-0.778363
-0.765461
-0.752330
-0.739010
-0.725541
-0.711969
-0.698344
-0.684718
-0.671146
-0.657686
-0.644399
-0.631345
-0.618586
-0.606184
-0.594200
-0.582694
-0.545171
-0.549458
-0.558150
-0.569101
-0.581353
-0.594420
-0.608007
-0.621916
-0.636002
-0.650156
-0.664294
-0.678353
-0.692282
-0.706040
-0.719596
-0.732925
-0.746007
-0.758826
-0.771368
-0.783623
-0.795583
-0.807240
-0.818589
-0.829625
-0.840343
-0.850742
-0.860816
-0.870564
-0.879984
-0.889072
-0.897827
-0.906247
-0.914329
-0.922071
-0.929471
-0.936526
-0.943234
-0.949592
-0.955597
-0.961247
-0.966538
-0.971468
-0.976031
-0.980226
-0.984047
-0.987491
-0.990554
-0.993231
-0.995518
-0.997409
-0.998900
-0.999987
-1.000662
-1.000921
-1.000759
-1.000170
-0.999147
-0.997686
-0.995780
-0.993422
-0.990608
-0.987331
-0.983585
-0.979364
-0.974663
-0.969475
-0.963797
-0.957622
-0.950947
-0.943767
-0.936080
-0.927882
-0.919171
-0.909947
-0.900211
-0.889964
-0.879210
-0.867953
-0.856202
-0.843965
-0.831254
-0.818085
-0.804476
-0.790448
-0.776027
-0.761242
-0.746127
-0.730721
-0.715067
-0.699212
-0.683210
-0.667117
-0.650995
-0.634909
-0.618928
-0.603122
-0.587564
-0.572326
-0.557481
-0.543099
-0.549593
-0.554344
-0.563594
-0.575040
-0.587737
-0.601220
-0.615210
-0.629513
-0.643990
-0.658532
-0.673056
-0.687500
-0.701811
-0.715950
-0.729885
-0.743591
-0.757047
-0.770238
-0.783149
-0.795770
-0.808092
-0.820108
-0.831812
-0.843199
-0.854264
-0.865004
-0.875415
-0.885495
-0.895240
-0.904648
-0.913717
-0.922443
-0.930825
-0.938859
-0.946543
-0.953874
-0.960850
-0.967466
-0.973719
-0.979607
-0.985125
-0.990269
-0.995036
-0.999421
-1.003419
-1.007026
-1.010236
-1.013045
-1.015447
-1.017435
-1.019006
-1.020151
-1.020865
-1.021141
-1.020973
-1.020353
-1.019275
-1.017730
-1.015711
-1.013212
-1.010223
-1.006738
-1.002747
-0.998244
-0.993221
-0.987669
-0.981580
-0.974948
-0.967764
-0.960023
-0.951717
-0.942840
-0.933387
-0.923355
-0.912738
-0.901536
-0.889747
-0.877372
-0.864414
-0.850879
-0.836774
-0.822109
-0.806900
-0.791163
-0.774921
-0.758202
-0.741036
-0.723461
-0.705522
-0.687266
-0.668750
-0.650036
-0.631191
-0.612289
-0.593408
-0.574631
-0.556043
-0.537729
-0.519778
-0.502273
-0.553830
-0.559147
-0.569015
-0.580980
-0.594132
-0.608039
-0.622436
-0.637140
-0.652011
-0.666946
-0.681861
-0.696693
-0.711392
-0.725917
-0.740236
-0.754324
-0.768159
-0.781727
-0.795013
-0.808005
-0.820696
-0.833077
-0.845143
-0.856887
-0.868306
-0.879396
-0.890152
-0.900571
-0.910651
-0.920388
-0.929780
-0.938823
-0.947515
-0.955852
-0.963832
-0.971451
-0.978706
-0.985593
-0.992109
-0.998249
-1.004009
-1.009384
-1.014371
-1.018964
-1.023157
-1.026945
-1.030324
-1.033285
-1.035824
-1.037933
-1.039606
-1.040836
-1.041615
-1.041935
-1.041789
-1.041168
-1.040064
-1.038468
-1.036371
-1.033764
-1.030636
-1.026979
-1.022783
-1.018037
-1.012731
-1.006855
-1.000399
-0.993352
-0.985704
-0.977445
-0.968564
-0.959053
-0.948903
-0.938103
-0.926648
-0.914530
-0.901743
-0.888284
-0.874149
-0.859339
-0.843857
-0.827706
-0.810896
-0.793439
-0.775352
-0.756659
-0.737386
-0.717569
-0.697249
-0.676476
-0.655308
-0.633810
-0.612056
-0.590129
-0.568118
-0.546120
-0.524235
-0.502569
-0.481225
-0.460310
-0.557847
-0.563865
-0.574414
-0.586921
-0.600539
-0.614876
-0.629686
-0.644793
-0.660065
-0.675396
-0.690707
-0.705933
-0.721023
-0.735938
-0.750646
-0.765121
-0.779342
-0.793292
-0.806957
-0.820328
-0.833393
-0.846146
-0.858580
-0.870689
-0.882469
-0.893915
-0.905024
-0.915792
-0.926215
-0.936290
-0.946015
-0.955385
-0.964398
-0.973050
-0.981337
-0.989257
-0.996805
-1.003977
-1.010769
-1.017176
-1.023194
-1.028818
-1.034042
-1.038861
-1.043269
-1.047260
-1.050827
-1.053963
-1.056663
-1.058917
-1.060719
-1.062060
-1.062932
-1.063326
-1.063233
-1.062643
-1.061547
-1.059935
-1.057795
-1.055118
-1.051891
-1.048104
-1.043744
-1.038800
-1.033258
-1.027106
-1.020331
-1.012920
-1.004859
-0.996135
-0.986735
-0.976644
-0.965850
-0.954340
-0.942100
-0.929120
-0.915388
-0.900894
-0.885629
-0.869587
-0.852763
-0.835154
-0.816763
-0.797595
-0.777659
-0.756970
-0.735552
-0.713432
-0.690649
-0.667249
-0.643289
-0.618839
-0.593976
-0.568794
-0.543393
-0.517887
-0.492396
-0.467048
-0.441974
-0.417304
-0.561601
-0.568495
-0.579795
-0.592867
-0.606959
-0.621730
-0.636957
-0.652473
-0.668148
-0.683881
-0.699591
-0.715215
-0.730702
-0.746013
-0.761114
-0.775981
-0.790592
-0.804930
-0.818981
-0.832735
-0.846181
-0.859312
-0.872121
-0.884602
-0.896750
-0.908561
-0.920031
-0.931155
-0.941931
-0.952354
-0.962421
-0.972129
-0.981474
-0.990452
-0.999060
-1.007293
-1.015147
-1.022618
-1.029702
-1.036392
-1.042685
-1.048574
-1.054054
-1.059119
-1.063761
-1.067976
-1.071754
-1.075090
-1.077974
-1.080400
-1.082357
-1.083838
-1.084833
-1.085332
-1.085325
-1.084802
-1.083750
-1.082160
-1.080018
-1.077313
-1.074031
-1.070159
-1.065683
-1.060590
-1.054863
-1.048489
-1.041452
-1.033734
-1.025320
-1.016194
-1.006337
-0.995732
-0.984362
-0.972209
-0.959255
-0.945482
-0.930874
-0.915413
-0.899084
-0.881873
-0.863766
-0.844753
-0.824826
-0.803980
-0.782215
-0.759538
-0.735959
-0.711499
-0.686187
-0.660064
-0.633183
-0.605610
-0.577429
-0.548737
-0.519652
-0.490304
-0.460840
-0.431416
-0.402198
-0.373353
-0.565038
-0.573040
-0.585164
-0.598818
-0.613391
-0.628600
-0.644248
-0.660177
-0.676260
-0.692399
-0.708513
-0.724539
-0.740428
-0.756138
-0.771638
-0.786901
-0.801907
-0.816639
-0.831082
-0.845224
-0.859058
-0.872573
-0.885764
-0.898624
-0.911148
-0.923332
-0.935170
-0.946660
-0.957797
-0.968578
-0.978998
-0.989054
-0.998742
-1.008058
-1.016999
-1.025558
-1.033733
-1.041518
-1.048909
-1.055899
-1.062483
-1.068656
-1.074411
-1.079741
-1.084640
-1.089100
-1.093114
-1.096673
-1.099768
-1.102392
-1.104535
-1.106186
-1.107336
-1.107974
-1.108088
-1.107668
-1.106700
-1.105172
-1.103071
-1.100382
-1.097092
-1.093185
-1.088646
-1.083458
-1.077605
-1.071068
-1.063830
-1.055872
-1.047174
-1.037715
-1.027476
-1.016434
-1.004567
-0.991853
-0.978268
-0.963789
-0.948392
-0.932054
-0.914750
-0.896457
-0.877153
-0.856816
-0.835428
-0.812972
-0.789435
-0.764808
-0.739089
-0.712285
-0.684411
-0.655494
-0.625578
-0.594722
-0.563006
-0.530533
-0.497431
-0.463850
-0.429968
-0.395983
-0.362105
-0.328556
-0.568091
-0.577507
-0.590529
-0.604780
-0.619836
-0.635487
-0.651560
-0.667904
-0.684400
-0.700948
-0.717470
-0.733903
-0.750197
-0.766311
-0.782214
-0.797880
-0.813286
-0.828416
-0.843256
-0.857794
-0.872021
-0.885927
-0.899506
-0.912752
-0.925660
-0.938224
-0.950441
-0.962305
-0.973812
-0.984960
-0.995744
-1.006159
-1.016202
-1.025868
-1.035154
-1.044054
-1.052563
-1.060677
-1.068390
-1.075697
-1.082591
-1.089066
-1.095116
-1.100732
-1.105909
-1.110638
-1.114911
-1.118719
-1.122054
-1.124905
-1.127262
-1.129115
-1.130454
-1.131266
-1.131539
-1.131260
-1.130417
-1.128996
-1.126981
-1.124358
-1.121111
-1.117223
-1.112676
-1.107453
-1.101535
-1.094902
-1.087533
-1.079406
-1.070500
-1.060789
-1.050251
-1.038860
-1.026588
-1.013409
-0.999293
-0.984211
-0.968133
-0.951026
-0.932860
-0.913600
-0.893214
-0.871669
-0.848932
-0.824973
-0.799761
-0.773271
-0.745482
-0.716379
-0.685956
-0.654220
-0.621194
-0.586920
-0.551465
-0.514926
-0.477435
-0.439163
-0.400322
-0.361160
-0.321957
-0.283014
-0.570672
-0.581911
-0.595901
-0.610754
-0.626295
-0.642390
-0.658889
-0.675653
-0.692564
-0.709526
-0.726460
-0.743304
-0.760008
-0.776531
-0.792842
-0.808914
-0.824726
-0.840260
-0.855503
-0.870442
-0.885067
-0.899371
-0.913346
-0.926985
-0.940284
-0.953237
-0.965839
-0.978086
-0.989974
-1.001499
-1.012656
-1.023441
-1.033851
-1.043880
-1.053524
-1.062778
-1.071637
-1.080095
-1.088147
-1.095787
-1.103009
-1.109806
-1.116170
-1.122095
-1.127573
-1.132594
-1.137152
-1.141236
-1.144837
-1.147944
-1.150548
-1.152637
-1.154199
-1.155221
-1.155692
-1.155597
-1.154922
-1.153653
-1.151773
-1.149267
-1.146116
-1.142304
-1.137811
-1.132617
-1.126701
-1.120042
-1.112617
-1.104402
-1.095370
-1.085497
-1.074754
-1.063111
-1.050538
-1.037003
-1.022471
-1.006908
-0.990275
-0.972534
-0.953643
-0.933560
-0.912241
-0.889640
-0.865709
-0.840400
-0.813666
-0.785458
-0.755731
-0.724442
-0.691557
-0.657049
-0.620907
-0.583137
-0.543778
-0.502901
-0.460626
-0.417131
-0.372660
-0.327525
-0.282107
-0.236831
-0.572671
-0.586278
-0.601291
-0.616745
-0.632769
-0.649308
-0.666235
-0.683422
-0.700752
-0.718131
-0.735481
-0.752740
-0.769858
-0.786795
-0.803518
-0.820002
-0.836224
-0.852168
-0.867819
-0.883165
-0.898196
-0.912903
-0.927280
-0.941320
-0.955017
-0.968366
-0.981363
-0.994002
-1.006280
-1.018191
-1.029733
-1.040900
-1.051688
-1.062092
-1.072107
-1.081729
-1.090952
-1.099770
-1.108178
-1.116169
-1.123737
-1.130875
-1.137575
-1.143830
-1.149631
-1.154971
-1.159839
-1.164226
-1.168122
-1.171517
-1.174400
-1.176758
-1.178579
-1.179851
-1.180560
-1.180692
-1.180230
-1.179161
-1.177467
-1.175131
-1.172134
-1.168458
-1.164082
-1.158984
-1.153143
-1.146535
-1.139134
-1.130915
-1.121850
-1.111910
-1.101063
-1.089278
-1.076520
-1.062751
-1.047934
-1.032027
-1.014986
-0.996765
-0.977314
-0.956582
-0.934513
-0.911048
-0.886123
-0.859674
-0.831631
-0.801922
-0.770472
-0.737205
-0.702045
-0.664921
-0.625770
-0.584541
-0.541211
-0.495793
-0.448357
-0.399050
-0.348125
-0.295961
-0.243078
-0.190112
-0.573941
-0.590652
-0.606716
-0.622757
-0.639258
-0.656239
-0.673597
-0.691209
-0.708961
-0.726761
-0.744531
-0.762209
-0.779746
-0.797100
-0.814241
-0.831141
-0.847779
-0.864137
-0.880201
-0.895960
-0.911402
-0.926520
-0.941306
-0.955753
-0.969856
-0.983610
-0.997009
-1.010049
-1.022726
-1.035035
-1.046971
-1.058531
-1.069709
-1.080501
-1.090901
-1.100905
-1.110507
-1.119702
-1.128482
-1.136842
-1.144775
-1.152274
-1.159331
-1.165938
-1.172086
-1.177768
-1.182973
-1.187691
-1.191913
-1.195627
-1.198821
-1.201484
-1.203602
-1.205163
-1.206152
-1.206554
-1.206353
-1.205534
-1.204078
-1.201968
-1.199185
-1.195708
-1.191515
-1.186585
-1.180893
-1.174416
-1.167125
-1.158994
-1.149992
-1.140088
-1.129248
-1.117438
-1.104619
-1.090752
-1.075792
-1.059695
-1.042411
-1.023887
-1.004066
-0.982888
-0.960286
-0.936190
-0.910522
-0.883198
-0.854130
-0.823218
-0.790357
-0.755432
-0.718322
-0.678897
-0.637023
-0.592565
-0.545399
-0.495421
-0.442576
-0.386898
-0.328558
-0.267947
-0.205744
-0.142963
-0.574293
-0.595101
-0.612193
-0.628794
-0.645762
-0.663184
-0.680974
-0.699012
-0.717190
-0.735414
-0.753608
-0.771709
-0.789668
-0.807445
-0.825007
-0.842328
-0.859386
-0.876164
-0.892648
-0.908824
-0.924684
-0.940219
-0.955420
-0.970282
-0.984799
-0.998965
-1.012775
-1.026226
-1.039311
-1.052027
-1.064369
-1.076332
-1.087913
-1.099105
-1.109904
-1.120304
-1.130300
-1.139886
-1.149056
-1.157803
-1.166120
-1.174000
-1.181435
-1.188417
-1.194937
-1.200986
-1.206555
-1.211633
-1.216210
-1.220275
-1.223815
-1.226818
-1.229272
-1.231161
-1.232473
-1.233191
-1.233299
-1.232780
-1.231618
-1.229791
-1.227282
-1.224069
-1.220129
-1.215440
-1.209977
-1.203713
-1.196622
-1.188673
-1.179836
-1.170077
-1.159361
-1.147651
-1.134907
-1.121084
-1.106138
-1.090018
-1.072671
-1.054039
-1.034059
-1.012664
-0.989779
-0.965323
-0.939207
-0.911332
-0.881590
-0.849859
-0.816006
-0.779879
-0.741307
-0.700100
-0.656043
-0.608892
-0.558381
-0.504221
-0.446116
-0.383808
-0.317152
-0.246278
-0.171859
-0.095489
-0.573477
-0.599729
-0.617738
-0.634858
-0.652280
-0.670141
-0.688363
-0.706831
-0.725437
-0.744089
-0.762710
-0.781238
-0.799624
-0.817827
-0.835815
-0.853561
-0.871044
-0.888247
-0.905155
-0.921755
-0.938039
-0.953996
-0.969620
-0.984904
-0.999841
-1.014428
-1.028658
-1.042527
-1.056030
-1.069163
-1.081922
-1.094300
-1.106295
-1.117900
-1.129111
-1.139922
-1.150327
-1.160321
-1.169897
-1.179049
-1.187769
-1.196051
-1.203885
-1.211265
-1.218180
-1.224623
-1.230583
-1.236050
-1.241012
-1.245460
-1.249380
-1.252760
-1.255587
-1.257847
-1.259525
-1.260604
-1.261070
-1.260905
-1.260090
-1.258607
-1.256434
-1.253551
-1.249936
-1.245563
-1.240409
-1.234446
-1.227645
-1.219978
-1.211411
-1.201910
-1.191440
-1.179960
-1.167430
-1.153804
-1.139034
-1.123069
-1.105852
-1.087322
-1.067413
-1.046051
-1.023158
-0.998645
-0.972415
-0.944360
-0.914358
-0.882272
-0.847946
-0.811201
-0.771831
-0.729593
-0.684199
-0.635307
-0.582496
-0.525251
-0.462933
-0.394752
-0.319767
-0.236997
-0.145881
-0.047799
-0.571160
-0.604689
-0.623367
-0.640950
-0.658813
-0.677108
-0.695763
-0.714663
-0.733700
-0.752783
-0.771834
-0.790793
-0.809609
-0.828242
-0.846660
-0.864837
-0.882750
-0.900383
-0.917720
-0.934750
-0.951463
-0.967849
-0.983902
-0.999614
-1.014980
-1.029995
-1.044653
-1.058950
-1.072880
-1.086441
-1.099626
-1.112431
-1.124851
-1.136882
-1.148518
-1.159754
-1.170584
-1.181002
-1.191001
-1.200576
-1.209719
-1.218422
-1.226678
-1.234478
-1.241813
-1.248675
-1.255053
-1.260937
-1.266316
-1.271180
-1.275514
-1.279308
-1.282548
-1.285218
-1.287306
-1.288794
-1.289668
-1.289908
-1.289497
-1.288415
-1.286643
-1.284158
-1.280938
-1.276959
-1.272196
-1.266621
-1.260205
-1.252919
-1.244730
-1.235603
-1.225502
-1.214387
-1.202215
-1.188943
-1.174520
-1.158894
-1.142007
-1.123798
-1.104199
-1.083135
-1.060526
-1.036279
-1.010297
-0.982466
-0.952660
-0.920737
-0.886533
-0.849858
-0.810491
-0.768169
-0.722576
-0.673320
-0.619906
-0.561685
-0.497769
-0.426865
-0.346956
-0.254594
-0.143334
-0.000001
