-0.083189
-0.083138
-0.082959
-0.082663
-0.082252
-0.081722
-0.081064
-0.080274
-0.079343
-0.078265
-0.077035
-0.075649
-0.074102
-0.072391
-0.070512
-0.068463
-0.066241
-0.063845
-0.061272
-0.058520
-0.055588
-0.052474
-0.049175
-0.045690
-0.042018
-0.038156
-0.034103
-0.029855
-0.025412
-0.020771
-0.015930
-0.010886
-0.005637
-0.000181
0.005486
0.011366
0.017461
0.023775
0.030312
0.037073
0.044062
0.051282
0.058737
0.066430
0.074365
0.082545
0.090973
0.099654
0.108591
0.117789
0.127250
0.136979
0.146979
0.157256
0.167812
0.178652
0.189781
0.201202
0.212919
0.224938
0.237261
0.249895
0.262842
0.276108
0.289696
0.303612
0.317860
0.332443
0.347368
0.362638
0.378258
0.394233
0.410567
0.427264
0.444331
0.461770
0.479587
0.497786
0.516373
0.535352
0.554727
0.574504
0.594686
0.615280
0.636289
0.657718
0.679573
0.701857
0.724576
0.747735
0.771338
0.795389
0.819895
0.844859
0.870287
0.896183
0.922552
0.949399
0.976728
1.004545
-0.083258
-0.083208
-0.083029
-0.082734
-0.082324
-0.081794
-0.081138
-0.080348
-0.079419
-0.078343
-0.077115
-0.075730
-0.074185
-0.072475
-0.070598
-0.068551
-0.066331
-0.063937
-0.061366
-0.058617
-0.055687
-0.052575
-0.049279
-0.045797
-0.042127
-0.038268
-0.034217
-0.029973
-0.025534
-0.020896
-0.016059
-0.011019
-0.005774
-0.000321
0.005341
0.011216
0.017307
0.023617
0.030148
0.036903
0.043887
0.051101
0.058550
0.066237
0.074165
0.082338
0.090759
0.099433
0.108363
0.117552
0.127005
0.136725
0.146717
0.156984
0.167531
0.178361
0.189480
0.200890
0.212597
0.224604
0.236916
0.249537
0.262472
0.275725
0.289301
0.303203
0.317437
0.332006
0.346916
0.362171
0.377776
0.393735
0.410052
0.426733
0.443782
0.461203
0.479002
0.497183
0.515751
0.534710
0.554065
0.573822
0.593983
0.614555
0.635542
0.656949
0.678781
0.701042
0.723737
0.746871
0.770449
0.794475
0.818955
0.843892
0.869293
0.895161
0.921502
0.948320
0.975620
1.003408
-0.083399
-0.083350
-0.083172
-0.082880
-0.082472
-0.081946
-0.081294
-0.080508
-0.079583
-0.078512
-0.077289
-0.075909
-0.074369
-0.072665
-0.070794
-0.068754
-0.066541
-0.064153
-0.061589
-0.058847
-0.055925
-0.052821
-0.049533
-0.046060
-0.042399
-0.038550
-0.034509
-0.030275
-0.025847
-0.021220
-0.016394
-0.011367
-0.006135
-0.000696
0.004953
0.010814
0.016889
0.023183
0.029698
0.036437
0.043402
0.050598
0.058028
0.065695
0.073603
0.081754
0.090153
0.098804
0.107709
0.116874
0.126301
0.135995
0.145959
0.156198
0.166715
0.177516
0.188603
0.199981
0.211654
0.223627
0.235903
0.248488
0.261385
0.274599
0.288135
0.301996
0.316187
0.330714
0.345579
0.360788
0.376345
0.392256
0.408524
0.425153
0.442150
0.459518
0.477262
0.495387
0.513897
0.532797
0.552091
0.571786
0.591884
0.612391
0.633312
0.654651
0.676414
0.698604
0.721227
0.744287
0.767789
0.791739
0.816140
0.840997
0.866316
0.892101
0.918356
0.945088
0.972300
0.999997
-0.083613
-0.083565
-0.083390
-0.083101
-0.082699
-0.082178
-0.081532
-0.080753
-0.079836
-0.078772
-0.077558
-0.076187
-0.074657
-0.072962
-0.071101
-0.069071
-0.066869
-0.064493
-0.061941
-0.059212
-0.056303
-0.053212
-0.049938
-0.046480
-0.042835
-0.039001
-0.034978
-0.030761
-0.026351
-0.021743
-0.016937
-0.011930
-0.006720
-0.001303
0.004322
0.010158
0.016209
0.022476
0.028963
0.035673
0.042609
0.049774
0.057172
0.064806
0.072678
0.080794
0.089156
0.097768
0.106633
0.115756
0.125140
0.134789
0.144708
0.154899
0.165367
0.176117
0.187151
0.198475
0.210093
0.222008
0.234225
0.246749
0.259583
0.272732
0.286201
0.299994
0.314114
0.328568
0.343359
0.358491
0.373970
0.389799
0.405984
0.422529
0.439439
0.456717
0.474369
0.492400
0.510814
0.529615
0.548809
0.568400
0.588393
0.608792
0.629603
0.650829
0.672476
0.694548
0.717051
0.739988
0.763365
0.787186
0.811456
0.836180
0.861362
0.887008
0.913122
0.939709
0.966774
0.994321
-0.083899
-0.083852
-0.083681
-0.083398
-0.083002
-0.082489
-0.081852
-0.081084
-0.080176
-0.079124
-0.077922
-0.076563
-0.075046
-0.073365
-0.071519
-0.069504
-0.067317
-0.064957
-0.062422
-0.059710
-0.056820
-0.053748
-0.050495
-0.047057
-0.043433
-0.039623
-0.035622
-0.031431
-0.027046
-0.022465
-0.017687
-0.012709
-0.007529
-0.002144
0.003448
0.009251
0.015265
0.021495
0.027944
0.034614
0.041508
0.048630
0.055982
0.063569
0.071393
0.079459
0.087768
0.096326
0.105135
0.114200
0.123524
0.133111
0.142965
0.153089
0.163489
0.174167
0.185129
0.196377
0.207916
0.219751
0.231885
0.244323
0.257069
0.270128
0.283503
0.297200
0.311222
0.325574
0.340260
0.355285
0.370654
0.386371
0.402440
0.418866
0.435653
0.452807
0.470331
0.488230
0.506509
0.525173
0.544226
0.563673
0.583518
0.603767
0.624423
0.645491
0.666977
0.688884
0.711218
0.733984
0.757185
0.780827
0.804914
0.829451
0.854443
0.879895
0.905811
0.932196
0.959055
0.986392
-0.084258
-0.084213
-0.084047
-0.083770
-0.083383
-0.082881
-0.082255
-0.081499
-0.080606
-0.079568
-0.078380
-0.077038
-0.075538
-0.073875
-0.072047
-0.070051
-0.067884
-0.065545
-0.063032
-0.060343
-0.057476
-0.054429
-0.051201
-0.047790
-0.044195
-0.040413
-0.036443
-0.032283
-0.027931
-0.023385
-0.018643
-0.013702
-0.008561
-0.003216
0.002334
0.008092
0.014060
0.020243
0.026642
0.033260
0.040101
0.047167
0.054461
0.061988
0.069750
0.077750
0.085993
0.094481
0.103218
0.112208
0.121455
0.130962
0.140733
0.150772
0.161084
0.171671
0.182538
0.193689
0.205128
0.216859
0.228887
0.241215
0.253849
0.266791
0.280046
0.293620
0.307515
0.321737
0.336290
0.351177
0.366405
0.381977
0.397897
0.414171
0.430802
0.447795
0.465155
0.482886
0.500993
0.519480
0.538352
0.557614
0.577270
0.597325
0.617783
0.638649
0.659928
0.681624
0.703742
0.726287
0.749263
0.772675
0.796528
0.820826
0.845574
0.870777
0.896439
0.922565
0.949160
0.976229
-0.084690
-0.084647
-0.084486
-0.084218
-0.083842
-0.083352
-0.082740
-0.082000
-0.081123
-0.080103
-0.078934
-0.077612
-0.076132
-0.074490
-0.072685
-0.070712
-0.068570
-0.066257
-0.063771
-0.061109
-0.058271
-0.055254
-0.052058
-0.048680
-0.045118
-0.041372
-0.037439
-0.033318
-0.029006
-0.024502
-0.019804
-0.014909
-0.009815
-0.004520
0.000978
0.006682
0.012595
0.018720
0.025058
0.031613
0.038388
0.045386
0.052610
0.060064
0.067750
0.075671
0.083832
0.092235
0.100884
0.109784
0.118936
0.128346
0.138016
0.147952
0.158155
0.168631
0.179384
0.190416
0.201733
0.213339
0.225237
0.237432
0.249927
0.262728
0.275838
0.289261
0.303002
0.317065
0.331455
0.346176
0.361231
0.376627
0.392366
0.408454
0.424894
0.441692
0.458852
0.476378
0.494275
0.512548
0.531200
0.550237
0.569662
0.589481
0.609698
0.630318
0.651345
0.672784
0.694640
0.716916
0.739618
0.762751
0.786318
0.810325
0.834775
0.859675
0.885028
0.910839
0.937113
0.963854
-0.085193
-0.085153
-0.084999
-0.084742
-0.084378
-0.083903
-0.083308
-0.082586
-0.081728
-0.080729
-0.079582
-0.078283
-0.076828
-0.075212
-0.073433
-0.071488
-0.069376
-0.067092
-0.064637
-0.062009
-0.059205
-0.056224
-0.053064
-0.049725
-0.046204
-0.042499
-0.038610
-0.034534
-0.030270
-0.025816
-0.021169
-0.016328
-0.011290
-0.006054
-0.000616
0.005025
0.010872
0.016927
0.023194
0.029675
0.036374
0.043292
0.050433
0.057800
0.065396
0.073224
0.081289
0.089592
0.098138
0.106931
0.115972
0.125267
0.134819
0.144632
0.154709
0.165054
0.175672
0.186565
0.197739
0.209196
0.220942
0.232979
0.245313
0.257947
0.270885
0.284132
0.297692
0.311568
0.325766
0.340290
0.355144
0.370332
0.385858
0.401727
0.417944
0.434512
0.451437
0.468722
0.486372
0.504391
0.522785
0.541557
0.560711
0.580253
0.600187
0.620517
0.641248
0.662384
0.683931
0.705891
0.728271
0.751074
0.774306
0.797970
0.822071
0.846614
0.871604
0.897044
0.922940
0.949296
-0.085770
-0.085733
-0.085587
-0.085340
-0.084991
-0.084533
-0.083958
-0.083256
-0.082422
-0.081447
-0.080326
-0.079053
-0.077626
-0.076040
-0.074292
-0.072379
-0.070299
-0.068051
-0.065632
-0.063041
-0.060277
-0.057336
-0.054220
-0.050925
-0.047450
-0.043794
-0.039955
-0.035932
-0.031723
-0.027325
-0.022738
-0.017958
-0.012985
-0.007816
-0.002448
0.003120
0.008891
0.014868
0.021053
0.027449
0.034059
0.040885
0.047930
0.055198
0.062692
0.070414
0.078367
0.086556
0.094984
0.103653
0.112568
0.121731
0.131147
0.140819
0.150751
0.160947
0.171409
0.182143
0.193152
0.204439
0.216009
0.227866
0.240014
0.252457
0.265198
0.278243
0.291594
0.305257
0.319235
0.333533
0.348155
0.363104
0.378387
0.394005
0.409965
0.426270
0.442924
0.459933
0.477300
0.495029
0.513125
0.531593
0.550437
0.569660
0.589269
0.609267
0.629658
0.650447
0.671639
0.693237
0.715247
0.737673
0.760519
0.783790
0.807490
0.831624
0.856196
0.881211
0.906674
0.932588
-0.086418
-0.086385
-0.086248
-0.086015
-0.085682
-0.085243
-0.084690
-0.084012
-0.083203
-0.082255
-0.081163
-0.079922
-0.078526
-0.076973
-0.075260
-0.073383
-0.071342
-0.069133
-0.066755
-0.064207
-0.061486
-0.058593
-0.055524
-0.052279
-0.048857
-0.045256
-0.041474
-0.037510
-0.033362
-0.029029
-0.024508
-0.019799
-0.014898
-0.009805
-0.004516
0.000970
0.006656
0.012544
0.018637
0.024937
0.031447
0.038169
0.045107
0.052264
0.059641
0.067243
0.075072
0.083132
0.091426
0.099957
0.108728
0.117744
0.127007
0.136520
0.146289
0.156315
0.166603
0.177157
0.187980
0.199076
0.210449
0.222103
0.234042
0.246269
0.258789
0.271605
0.284722
0.298144
0.311875
0.325918
0.340279
0.354960
0.369967
0.385304
0.400974
0.416983
0.433333
0.450030
0.467078
0.484480
0.502242
0.520368
0.538861
0.557727
0.576969
0.596592
0.616601
0.636999
0.657791
0.678982
0.700575
0.722576
0.744988
0.767816
0.791064
0.814737
0.838840
0.863376
0.888350
0.913767
-0.087139
-0.087110
-0.086983
-0.086764
-0.086450
-0.086033
-0.085504
-0.084853
-0.084073
-0.083156
-0.082096
-0.080888
-0.079528
-0.078012
-0.076338
-0.074502
-0.072502
-0.070337
-0.068005
-0.065505
-0.062834
-0.059992
-0.056977
-0.053788
-0.050424
-0.046883
-0.043164
-0.039266
-0.035187
-0.030926
-0.026480
-0.021848
-0.017028
-0.012019
-0.006817
-0.001422
0.004169
0.009958
0.015949
0.022142
0.028541
0.035149
0.041967
0.049000
0.056249
0.063717
0.071408
0.079325
0.087470
0.095848
0.104460
0.113311
0.122404
0.131742
0.141329
0.151168
0.161263
0.171617
0.182234
0.193118
0.204272
0.215700
0.227407
0.239395
0.251669
0.264233
0.277090
0.290244
0.303700
0.317461
0.331532
0.345916
0.360618
0.375642
0.390991
0.406670
0.422683
0.439034
0.455728
0.472768
0.490159
0.507905
0.526010
0.544478
0.563314
0.582522
0.602106
0.622070
0.642419
0.663157
0.684288
0.705817
0.727747
0.750084
0.772831
0.795993
0.819574
0.843579
0.868011
0.892876
-0.087933
-0.087907
-0.087791
-0.087589
-0.087296
-0.086903
-0.086400
-0.085779
-0.085030
-0.084147
-0.083123
-0.081952
-0.080632
-0.079157
-0.077525
-0.075734
-0.073781
-0.071664
-0.069383
-0.066934
-0.064318
-0.061533
-0.058577
-0.055449
-0.052150
-0.048676
-0.045026
-0.041201
-0.037197
-0.033014
-0.028650
-0.024103
-0.019372
-0.014455
-0.009350
-0.004055
0.001432
0.007114
0.012991
0.019068
0.025346
0.031827
0.038514
0.045411
0.052519
0.059841
0.067380
0.075140
0.083123
0.091332
0.099770
0.108441
0.117347
0.126493
0.135881
0.145514
0.155397
0.165532
0.175923
0.186575
0.197489
0.208670
0.220122
0.231849
0.243853
0.256139
0.268711
0.281573
0.294727
0.308180
0.321933
0.335991
0.350358
0.365039
0.380036
0.395354
0.410997
0.426970
0.443275
0.459918
0.476902
0.494232
0.511911
0.529943
0.548334
0.567086
0.586205
0.605693
0.625556
0.645798
0.666422
0.687434
0.708836
0.730634
0.752832
0.775433
0.798443
0.821865
0.845703
0.869962
-0.088798
-0.088778
-0.088674
-0.088489
-0.088218
-0.087851
-0.087378
-0.086789
-0.086075
-0.085229
-0.084244
-0.083115
-0.081837
-0.080407
-0.078822
-0.077079
-0.075177
-0.073113
-0.070886
-0.068495
-0.065938
-0.063215
-0.060324
-0.057263
-0.054033
-0.050632
-0.047058
-0.043311
-0.039390
-0.035292
-0.031017
-0.026563
-0.021929
-0.017112
-0.012111
-0.006925
-0.001551
0.004013
0.009768
0.015718
0.021864
0.028208
0.034753
0.041502
0.048457
0.055620
0.062995
0.070584
0.078391
0.086417
0.094666
0.103141
0.111845
0.120782
0.129953
0.139364
0.149016
0.158914
0.169061
0.179459
0.190113
0.201026
0.212202
0.223644
0.235356
0.247342
0.259604
0.272148
0.284976
0.298092
0.311500
0.325205
0.339209
0.353517
0.368132
0.383059
0.398301
0.413862
0.429746
0.445958
0.462500
0.479378
0.496595
0.514155
0.532061
0.550319
0.568933
0.587905
0.607241
0.626944
0.647018
0.667468
0.688297
0.709511
0.731112
0.753104
0.775493
0.798282
0.821476
0.845077
-0.089736
-0.089720
-0.089630
-0.089464
-0.089218
-0.088880
-0.088439
-0.087884
-0.087208
-0.086402
-0.085459
-0.084374
-0.083143
-0.081762
-0.080228
-0.078538
-0.076691
-0.074684
-0.072516
-0.070187
-0.067695
-0.065038
-0.062216
-0.059228
-0.056074
-0.052751
-0.049259
-0.045597
-0.041764
-0.037759
-0.033580
-0.029226
-0.024695
-0.019987
-0.015099
-0.010029
-0.004777
0.000660
0.006284
0.012096
0.018100
0.024297
0.030689
0.037279
0.044069
0.051061
0.058259
0.065665
0.073281
0.081110
0.089156
0.097420
0.105907
0.114618
0.123558
0.132728
0.142133
0.151775
0.161658
0.171785
0.182159
0.192783
0.203662
0.214798
0.226195
0.237857
0.249787
0.261988
0.274464
0.287219
0.300257
0.313580
0.327194
0.341101
0.355305
0.369810
0.384620
0.399739
0.415170
0.430917
0.446985
0.463376
0.480095
0.497146
0.514533
0.532258
0.550328
0.568745
0.587512
0.606636
0.626118
0.645964
0.666176
0.686760
0.707719
0.729057
0.750777
0.772885
0.795384
0.818279
-0.090745
-0.090736
-0.090659
-0.090515
-0.090295
-0.089987
-0.089581
-0.089064
-0.088429
-0.087666
-0.086768
-0.085732
-0.084551
-0.083222
-0.081742
-0.080109
-0.078321
-0.076376
-0.074272
-0.072009
-0.069586
-0.067001
-0.064254
-0.061344
-0.058270
-0.055031
-0.051627
-0.048057
-0.044318
-0.040412
-0.036336
-0.032088
-0.027669
-0.023077
-0.018309
-0.013365
-0.008243
-0.002942
0.002541
0.008207
0.014059
0.020098
0.026326
0.032746
0.039360
0.046170
0.053179
0.060388
0.067801
0.075420
0.083248
0.091288
0.099542
0.108013
0.116704
0.125618
0.134758
0.144128
0.153729
0.163565
0.173640
0.183956
0.194518
0.205327
0.216388
0.227704
0.239278
0.251113
0.263214
0.275583
0.288225
0.301142
0.314338
0.327816
0.341581
0.355637
0.369985
0.384631
0.399578
0.414829
0.430389
0.446261
0.462448
0.478955
0.495786
0.512943
0.530431
0.548254
0.566416
0.584919
0.603769
0.622969
0.642522
0.662433
0.682706
0.703344
0.724351
0.745731
0.767488
0.789626
-0.091827
-0.091823
-0.091762
-0.091640
-0.091448
-0.091174
-0.090804
-0.090329
-0.089737
-0.089020
-0.088172
-0.087186
-0.086059
-0.084786
-0.083365
-0.081793
-0.080068
-0.078188
-0.076153
-0.073961
-0.071611
-0.069103
-0.066436
-0.063609
-0.060621
-0.057472
-0.054161
-0.050688
-0.047051
-0.043249
-0.039282
-0.035149
-0.030848
-0.026379
-0.021740
-0.016929
-0.011946
-0.006788
-0.001455
0.004056
0.009746
0.015618
0.021672
0.027911
0.034338
0.040954
0.047762
0.054763
0.061960
0.069356
0.076954
0.084754
0.092761
0.100977
0.109405
0.118047
0.126906
0.135985
0.145288
0.154816
0.164573
0.174563
0.184787
0.195250
0.205954
0.216902
0.228099
0.239546
0.251248
0.263208
0.275429
0.287914
0.300667
0.313691
0.326990
0.340567
0.354426
0.368570
0.383003
0.397728
0.412749
0.428069
0.443692
0.459622
0.475862
0.492416
0.509287
0.526480
0.543997
0.561843
0.580021
0.598535
0.617389
0.636586
0.656129
0.676024
0.696273
0.716881
0.737850
0.759185
-0.092980
-0.092983
-0.092938
-0.092840
-0.092679
-0.092440
-0.092110
-0.091677
-0.091132
-0.090465
-0.089669
-0.088738
-0.087668
-0.086455
-0.085096
-0.083588
-0.081930
-0.080121
-0.078158
-0.076041
-0.073770
-0.071343
-0.068761
-0.066021
-0.063125
-0.060071
-0.056860
-0.053489
-0.049959
-0.046269
-0.042418
-0.038405
-0.034230
-0.029891
-0.025387
-0.020717
-0.015880
-0.010875
-0.005700
-0.000353
0.005166
0.010861
0.016731
0.022780
0.029009
0.035421
0.042016
0.048797
0.055767
0.062928
0.070281
0.077830
0.085576
0.093523
0.101672
0.110027
0.118590
0.127363
0.136350
0.145553
0.154975
0.164619
0.174488
0.184585
0.194912
0.205474
0.216272
0.227310
0.238591
0.250119
0.261896
0.273925
0.286210
0.298755
0.311562
0.324635
0.337977
0.351591
0.365481
0.379651
0.394103
0.408841
0.423868
0.439189
0.454805
0.470722
0.486942
0.503469
0.520307
0.537458
0.554927
0.572717
0.590832
0.609275
0.628049
0.647159
0.666608
0.686399
0.706537
0.727024
-0.094205
-0.094215
-0.094188
-0.094115
-0.093986
-0.093784
-0.093497
-0.093110
-0.092614
-0.092000
-0.091259
-0.090386
-0.089377
-0.088228
-0.086934
-0.085495
-0.083908
-0.082173
-0.080287
-0.078250
-0.076061
-0.073721
-0.071228
-0.068581
-0.065782
-0.062828
-0.059721
-0.056458
-0.053041
-0.049468
-0.045739
-0.041854
-0.037810
-0.033608
-0.029247
-0.024726
-0.020043
-0.015198
-0.010189
-0.005015
0.000325
0.005834
0.011511
0.017360
0.023381
0.029577
0.035950
0.042500
0.049231
0.056144
0.063241
0.070525
0.077998
0.085662
0.093520
0.101573
0.109824
0.118277
0.126932
0.135794
0.144864
0.154146
0.163641
0.173354
0.183286
0.193440
0.203820
0.214429
0.225268
0.236342
0.247652
0.259204
0.270998
0.283039
0.295329
0.307872
0.320671
0.333730
0.347050
0.360636
0.374490
0.388617
0.403019
0.417699
0.432662
0.447909
0.463445
0.479274
0.495397
0.511819
0.528543
0.545573
0.562911
0.580562
0.598528
0.616814
0.635422
0.654356
0.673619
0.693216
-0.095502
-0.095519
-0.095510
-0.095465
-0.095370
-0.095208
-0.094965
-0.094627
-0.094184
-0.093625
-0.092943
-0.092132
-0.091187
-0.090104
-0.088880
-0.087513
-0.086002
-0.084344
-0.082539
-0.080586
-0.078485
-0.076235
-0.073835
-0.071287
-0.068589
-0.065741
-0.062743
-0.059594
-0.056295
-0.052846
-0.049245
-0.045492
-0.041587
-0.037529
-0.033317
-0.028951
-0.024430
-0.019752
-0.014917
-0.009924
-0.004771
0.000543
0.006018
0.011657
0.017462
0.023433
0.029572
0.035881
0.042362
0.049016
0.055846
0.062853
0.070040
0.077408
0.084961
0.092699
0.100625
0.108742
0.117051
0.125556
0.134259
0.143161
0.152267
0.161578
0.171097
0.180826
0.190769
0.200928
0.211305
0.221905
0.232728
0.243780
0.255061
0.266575
0.278326
0.290315
0.302547
0.315024
0.327748
0.340724
0.353955
0.367442
0.381190
0.395201
0.409479
0.424028
0.438849
0.453946
0.469323
0.484982
0.500927
0.517162
0.533689
0.550511
0.567632
0.585056
0.602785
0.620823
0.639172
0.657838
-0.096870
-0.096895
-0.096905
-0.096889
-0.096830
-0.096710
-0.096514
-0.096228
-0.095840
-0.095340
-0.094719
-0.093973
-0.093096
-0.092083
-0.090933
-0.089642
-0.088210
-0.086634
-0.084914
-0.083049
-0.081039
-0.078884
-0.076583
-0.074137
-0.071545
-0.068807
-0.065924
-0.062895
-0.059719
-0.056398
-0.052931
-0.049317
-0.045556
-0.041648
-0.037593
-0.033388
-0.029035
-0.024532
-0.019879
-0.015074
-0.010117
-0.005006
0.000259
0.005680
0.011258
0.016995
0.022891
0.028949
0.035170
0.041555
0.048106
0.054825
0.061715
0.068775
0.076010
0.083420
0.091008
0.098775
0.106724
0.114858
0.123178
0.131686
0.140386
0.149279
0.158368
0.167655
0.177143
0.186834
0.196731
0.206837
0.217154
0.227685
0.238432
0.249399
0.260587
0.272001
0.283642
0.295513
0.307618
0.319959
0.332539
0.345361
0.358429
0.371744
0.385310
0.399129
0.413206
0.427543
0.442142
0.457008
0.472142
0.487549
0.503230
0.519190
0.535432
0.551958
0.568771
0.585876
0.603274
0.620969
-0.098310
-0.098343
-0.098374
-0.098388
-0.098366
-0.098291
-0.098145
-0.097913
-0.097583
-0.097144
-0.096589
-0.095911
-0.095104
-0.094166
-0.093092
-0.091881
-0.090531
-0.089041
-0.087410
-0.085638
-0.083723
-0.081667
-0.079469
-0.077130
-0.074649
-0.072026
-0.069262
-0.066357
-0.063311
-0.060124
-0.056795
-0.053326
-0.049716
-0.045964
-0.042070
-0.038034
-0.033856
-0.029534
-0.025069
-0.020460
-0.015706
-0.010805
-0.005758
-0.000564
0.004780
0.010273
0.015918
0.021715
0.027666
0.033771
0.040034
0.046455
0.053035
0.059777
0.066682
0.073752
0.080989
0.088394
0.095971
0.103719
0.111642
0.119742
0.128021
0.136481
0.145124
0.153953
0.162970
0.172176
0.181575
0.191169
0.200961
0.210952
0.221146
0.231545
0.242151
0.252967
0.263996
0.275240
0.286702
0.298385
0.310291
0.322423
0.334784
0.347377
0.360205
0.373269
0.386574
0.400122
0.413915
0.427957
0.442251
0.456799
0.471604
0.486670
0.501999
0.517594
0.533458
0.549594
0.566005
0.582694
-0.099821
-0.099862
-0.099914
-0.099960
-0.099979
-0.099950
-0.099856
-0.099681
-0.099412
-0.099038
-0.098551
-0.097944
-0.097212
-0.096351
-0.095358
-0.094230
-0.092967
-0.091566
-0.090028
-0.088351
-0.086537
-0.084584
-0.082493
-0.080265
-0.077899
-0.075396
-0.072756
-0.069980
-0.067067
-0.064019
-0.060835
-0.057516
-0.054061
-0.050470
-0.046745
-0.042883
-0.038886
-0.034752
-0.030482
-0.026075
-0.021531
-0.016848
-0.012027
-0.007067
-0.001966
0.003277
0.008661
0.014189
0.019860
0.025678
0.031642
0.037754
0.044016
0.050429
0.056993
0.063712
0.070587
0.077618
0.084809
0.092160
0.099674
0.107352
0.115196
0.123209
0.131391
0.139747
0.148276
0.156982
0.165867
0.174933
0.184182
0.193616
0.203238
0.213050
0.223054
0.233253
0.243650
0.254246
0.265044
0.276047
0.287257
0.298677
0.310309
0.322155
0.334220
0.346504
0.359011
0.371744
0.384704
0.397895
0.411320
0.424981
0.438881
0.453022
0.467408
0.482041
0.496923
0.512059
0.527449
0.543098
-0.101402
-0.101453
-0.101528
-0.101607
-0.101667
-0.101688
-0.101648
-0.101533
-0.101328
-0.101021
-0.100606
-0.100073
-0.099419
-0.098638
-0.097729
-0.096688
-0.095514
-0.094207
-0.092765
-0.091189
-0.089478
-0.087632
-0.085653
-0.083540
-0.081293
-0.078914
-0.076403
-0.073760
-0.070986
-0.068082
-0.065047
-0.061883
-0.058589
-0.055165
-0.051613
-0.047931
-0.044121
-0.040181
-0.036112
-0.031914
-0.027586
-0.023128
-0.018539
-0.013820
-0.008969
-0.003985
0.001131
0.006381
0.011766
0.017286
0.022943
0.028738
0.034671
0.040745
0.046959
0.053317
0.059818
0.066465
0.073259
0.080201
0.087293
0.094537
0.101934
0.109486
0.117195
0.125063
0.133092
0.141283
0.149638
0.158160
0.166850
0.175711
0.184744
0.193953
0.203338
0.212902
0.222647
0.232576
0.242691
0.252994
0.263487
0.274173
0.285054
0.296133
0.307411
0.318892
0.330578
0.342471
0.354574
0.366889
0.379419
0.392166
0.405133
0.418323
0.431737
0.445379
0.459251
0.473355
0.487695
0.502273
-0.103054
-0.103115
-0.103213
-0.103327
-0.103432
-0.103503
-0.103521
-0.103468
-0.103329
-0.103094
-0.102752
-0.102297
-0.101724
-0.101028
-0.100205
-0.099255
-0.098175
-0.096964
-0.095623
-0.094150
-0.092546
-0.090812
-0.088947
-0.086953
-0.084831
-0.082580
-0.080202
-0.077697
-0.075066
-0.072310
-0.069429
-0.066424
-0.063296
-0.060044
-0.056670
-0.053174
-0.049555
-0.045815
-0.041953
-0.037969
-0.033864
-0.029637
-0.025287
-0.020815
-0.016221
-0.011503
-0.006662
-0.001697
0.003393
0.008609
0.013950
0.019419
0.025016
0.030741
0.036597
0.042583
0.048702
0.054954
0.061341
0.067863
0.074523
0.081321
0.088260
0.095340
0.102563
0.109931
0.117445
0.125108
0.132920
0.140884
0.149001
0.157274
0.165704
0.174292
0.183042
0.191954
0.201032
0.210276
0.219690
0.229274
0.239032
0.248965
0.259076
0.269366
0.279838
0.290495
0.301338
0.312369
0.323592
0.335007
0.346618
0.358428
0.370437
0.382649
0.395066
0.407690
0.420525
0.433571
0.446832
0.460310
-0.104777
-0.104847
-0.104971
-0.105121
-0.105272
-0.105396
-0.105474
-0.105486
-0.105416
-0.105255
-0.104990
-0.104616
-0.104127
-0.103518
-0.102786
-0.101930
-0.100946
-0.099836
-0.098598
-0.097233
-0.095740
-0.094121
-0.092375
-0.090505
-0.088509
-0.086391
-0.084149
-0.081786
-0.079303
-0.076699
-0.073976
-0.071136
-0.068178
-0.065103
-0.061912
-0.058606
-0.055185
-0.051649
-0.047999
-0.044235
-0.040358
-0.036367
-0.032262
-0.028044
-0.023712
-0.019267
-0.014708
-0.010034
-0.005245
-0.000342
0.004677
0.009812
0.015065
0.020434
0.025922
0.031530
0.037257
0.043105
0.049075
0.055169
0.061386
0.067729
0.074198
0.080796
0.087522
0.094379
0.101367
0.108490
0.115746
0.123140
0.130671
0.138342
0.146154
0.154109
0.162209
0.170455
0.178849
0.187393
0.196089
0.204939
0.213944
0.223107
0.232429
0.241913
0.251560
0.261373
0.271353
0.281503
0.291825
0.302320
0.312991
0.323840
0.334870
0.346081
0.357478
0.369061
0.380832
0.392795
0.404952
0.417303
-0.106571
-0.106651
-0.106800
-0.106989
-0.107187
-0.107367
-0.107507
-0.107586
-0.107589
-0.107504
-0.107320
-0.107030
-0.106628
-0.106110
-0.105472
-0.104712
-0.103829
-0.102823
-0.101692
-0.100438
-0.099060
-0.097559
-0.095936
-0.094192
-0.092328
-0.090345
-0.088244
-0.086027
-0.083694
-0.081247
-0.078687
-0.076015
-0.073231
-0.070338
-0.067334
-0.064223
-0.061003
-0.057677
-0.054244
-0.050705
-0.047060
-0.043311
-0.039456
-0.035497
-0.031434
-0.027266
-0.022994
-0.018618
-0.014138
-0.009553
-0.004863
-0.000067
0.004833
0.009840
0.014954
0.020174
0.025502
0.030939
0.036484
0.042140
0.047907
0.053785
0.059776
0.065881
0.072100
0.078436
0.084889
0.091460
0.098151
0.104962
0.111896
0.118953
0.126136
0.133444
0.140881
0.148447
0.156145
0.163975
0.171939
0.180039
0.188277
0.196654
0.205172
0.213833
0.222639
0.231591
0.240691
0.249941
0.259344
0.268900
0.278612
0.288481
0.298511
0.308701
0.319056
0.329576
0.340264
0.351121
0.362150
0.373352
-0.108434
-0.108525
-0.108701
-0.108929
-0.109177
-0.109415
-0.109620
-0.109769
-0.109847
-0.109842
-0.109741
-0.109538
-0.109226
-0.108802
-0.108261
-0.107601
-0.106822
-0.105923
-0.104903
-0.103763
-0.102502
-0.101123
-0.099627
-0.098013
-0.096284
-0.094440
-0.092484
-0.090416
-0.088238
-0.085952
-0.083558
-0.081058
-0.078453
-0.075744
-0.072932
-0.070019
-0.067006
-0.063893
-0.060681
-0.057371
-0.053964
-0.050460
-0.046861
-0.043166
-0.039376
-0.035491
-0.031512
-0.027439
-0.023271
-0.019010
-0.014655
-0.010205
-0.005662
-0.001025
0.003708
0.008535
0.013457
0.018475
0.023589
0.028800
0.034108
0.039514
0.045019
0.050623
0.056328
0.062133
0.068041
0.074052
0.080167
0.086387
0.092713
0.099146
0.105688
0.112340
0.119103
0.125978
0.132967
0.140070
0.147291
0.154628
0.162086
0.169663
0.177364
0.185188
0.193137
0.201213
0.209418
0.217753
0.226220
0.234821
0.243557
0.252429
0.261441
0.270593
0.279887
0.289325
0.298909
0.308641
0.318522
0.328555
-0.110367
-0.110469
-0.110673
-0.110943
-0.111242
-0.111541
-0.111812
-0.112034
-0.112191
-0.112267
-0.112253
-0.112140
-0.111922
-0.111594
-0.111153
-0.110597
-0.109925
-0.109136
-0.108230
-0.107207
-0.106068
-0.104814
-0.103447
-0.101967
-0.100376
-0.098675
-0.096867
-0.094952
-0.092932
-0.090810
-0.088585
-0.086261
-0.083838
-0.081317
-0.078701
-0.075991
-0.073187
-0.070291
-0.067304
-0.064227
-0.061062
-0.057808
-0.054468
-0.051041
-0.047528
-0.043931
-0.040249
-0.036483
-0.032633
-0.028701
-0.024685
-0.020587
-0.016406
-0.012143
-0.007797
-0.003369
0.001141
0.005735
0.010411
0.015171
0.020014
0.024942
0.029953
0.035050
0.040232
0.045501
0.050856
0.056299
0.061830
0.067450
0.073160
0.078961
0.084854
0.090840
0.096919
0.103093
0.109363
0.115730
0.122195
0.128760
0.135425
0.142192
0.149063
0.156038
0.163118
0.170306
0.177603
0.185009
0.192527
0.200158
0.207903
0.215764
0.223743
0.231841
0.240059
0.248399
0.256863
0.265452
0.274169
0.283013
-0.112369
-0.112483
-0.112717
-0.113029
-0.113382
-0.113743
-0.114084
-0.114382
-0.114619
-0.114780
-0.114855
-0.114835
-0.114714
-0.114486
-0.114148
-0.113699
-0.113137
-0.112461
-0.111672
-0.110770
-0.109755
-0.108630
-0.107395
-0.106052
-0.104602
-0.103048
-0.101390
-0.099631
-0.097773
-0.095817
-0.093766
-0.091620
-0.089382
-0.087054
-0.084636
-0.082131
-0.079541
-0.076865
-0.074107
-0.071267
-0.068346
-0.065346
-0.062268
-0.059113
-0.055882
-0.052575
-0.049194
-0.045739
-0.042211
-0.038611
-0.034940
-0.031197
-0.027383
-0.023498
-0.019544
-0.015519
-0.011425
-0.007260
-0.003027
0.001277
0.005650
0.010093
0.014607
0.019190
0.023845
0.028570
0.033366
0.038235
0.043176
0.048189
0.053277
0.058438
0.063674
0.068986
0.074374
0.079839
0.085382
0.091004
0.096706
0.102488
0.108353
0.114300
0.120330
0.126446
0.132648
0.138937
0.145314
0.151781
0.158339
0.164988
0.171731
0.178568
0.185501
0.192532
0.199661
0.206889
0.214219
0.221652
0.229189
0.236831
-0.114441
-0.114567
-0.114831
-0.115187
-0.115596
-0.116022
-0.116434
-0.116811
-0.117131
-0.117381
-0.117548
-0.117624
-0.117602
-0.117477
-0.117246
-0.116906
-0.116457
-0.115898
-0.115229
-0.114450
-0.113563
-0.112569
-0.111470
-0.110266
-0.108961
-0.107556
-0.106052
-0.104452
-0.102758
-0.100973
-0.099097
-0.097133
-0.095083
-0.092949
-0.090733
-0.088437
-0.086062
-0.083610
-0.081083
-0.078482
-0.075810
-0.073066
-0.070254
-0.067373
-0.064426
-0.061413
-0.058336
-0.055195
-0.051993
-0.048728
-0.045404
-0.042019
-0.038575
-0.035073
-0.031513
-0.027895
-0.024221
-0.020489
-0.016702
-0.012858
-0.008959
-0.005004
-0.000994
0.003073
0.007194
0.011372
0.015605
0.019894
0.024240
0.028642
0.033101
0.037617
0.042191
0.046823
0.051514
0.056264
0.061074
0.065944
0.070875
0.075869
0.080925
0.086045
0.091228
0.096477
0.101792
0.107174
0.112623
0.118142
0.123730
0.129389
0.135119
0.140923
0.146801
0.152754
0.158783
0.164889
0.171074
0.177339
0.183684
0.190112
-0.116582
-0.116720
-0.117015
-0.117418
-0.117884
-0.118377
-0.118864
-0.119321
-0.119728
-0.120068
-0.120330
-0.120505
-0.120586
-0.120567
-0.120445
-0.120218
-0.119885
-0.119445
-0.118899
-0.118247
-0.117491
-0.116631
-0.115670
-0.114609
-0.113451
-0.112197
-0.110850
-0.109412
-0.107885
-0.106272
-0.104575
-0.102795
-0.100936
-0.098999
-0.096987
-0.094902
-0.092745
-0.090519
-0.088226
-0.085867
-0.083445
-0.080960
-0.078415
-0.075812
-0.073151
-0.070434
-0.067664
-0.064840
-0.061964
-0.059038
-0.056063
-0.053039
-0.049968
-0.046850
-0.043687
-0.040478
-0.037226
-0.033931
-0.030592
-0.027212
-0.023789
-0.020325
-0.016820
-0.013275
-0.009688
-0.006062
-0.002395
0.001311
0.005058
0.008845
0.012672
0.016539
0.020447
0.024395
0.028385
0.032415
0.036487
0.040602
0.044758
0.048957
0.053200
0.057487
0.061818
0.066194
0.070617
0.075085
0.079601
0.084164
0.088776
0.093438
0.098150
0.102913
0.107727
0.112595
0.117516
0.122492
0.127524
0.132612
0.137758
0.142962
-0.118791
-0.118943
-0.119270
-0.119720
-0.120246
-0.120808
-0.121372
-0.121912
-0.122408
-0.122842
-0.123202
-0.123479
-0.123665
-0.123755
-0.123745
-0.123634
-0.123420
-0.123102
-0.122682
-0.122159
-0.121536
-0.120813
-0.119993
-0.119078
-0.118069
-0.116970
-0.115782
-0.114508
-0.113151
-0.111713
-0.110196
-0.108603
-0.106937
-0.105200
-0.103394
-0.101522
-0.099585
-0.097587
-0.095529
-0.093414
-0.091244
-0.089020
-0.086744
-0.084419
-0.082047
-0.079628
-0.077165
-0.074660
-0.072113
-0.069527
-0.066902
-0.064240
-0.061543
-0.058812
-0.056047
-0.053250
-0.050421
-0.047563
-0.044675
-0.041759
-0.038814
-0.035843
-0.032845
-0.029822
-0.026773
-0.023699
-0.020601
-0.017479
-0.014333
-0.011163
-0.007970
-0.004754
-0.001515
0.001748
0.005033
0.008342
0.011674
0.015029
0.018408
0.021810
0.025237
0.028687
0.032163
0.035663
0.039189
0.042741
0.046319
0.049923
0.053555
0.057215
0.060904
0.064621
0.068368
0.072146
0.075954
0.079795
0.083668
0.087574
0.091514
0.095488
-0.121069
-0.121234
-0.121594
-0.122094
-0.122682
-0.123315
-0.123958
-0.124585
-0.125172
-0.125703
-0.126164
-0.126545
-0.126839
-0.127041
-0.127146
-0.127153
-0.127061
-0.126869
-0.126577
-0.126186
-0.125699
-0.125116
-0.124439
-0.123672
-0.122815
-0.121873
-0.120846
-0.119739
-0.118553
-0.117292
-0.115958
-0.114554
-0.113082
-0.111546
-0.109948
-0.108290
-0.106576
-0.104807
-0.102987
-0.101116
-0.099199
-0.097237
-0.095232
-0.093187
-0.091104
-0.088984
-0.086830
-0.084644
-0.082426
-0.080180
-0.077907
-0.075609
-0.073286
-0.070941
-0.068575
-0.066189
-0.063785
-0.061364
-0.058927
-0.056476
-0.054010
-0.051532
-0.049042
-0.046541
-0.044029
-0.041509
-0.038979
-0.036442
-0.033897
-0.031345
-0.028786
-0.026221
-0.023651
-0.021075
-0.018494
-0.015908
-0.013317
-0.010721
-0.008121
-0.005516
-0.002907
-0.000293
0.002325
0.004948
0.007577
0.010210
0.012849
0.015493
0.018143
0.020800
0.023463
0.026133
0.028811
0.031496
0.034190
0.036892
0.039603
0.042325
0.045056
0.047799
-0.123415
-0.123593
-0.123989
-0.124539
-0.125190
-0.125897
-0.126622
-0.127338
-0.128019
-0.128649
-0.129214
-0.129702
-0.130108
-0.130424
-0.130647
-0.130776
-0.130808
-0.130743
-0.130582
-0.130327
-0.129978
-0.129537
-0.129006
-0.128389
-0.127687
-0.126903
-0.126040
-0.125101
-0.124089
-0.123007
-0.121857
-0.120643
-0.119368
-0.118034
-0.116645
-0.115204
-0.113712
-0.112174
-0.110591
-0.108967
-0.107304
-0.105605
-0.103871
-0.102106
-0.100312
-0.098492
-0.096646
-0.094779
-0.092891
-0.090986
-0.089064
-0.087128
-0.085180
-0.083221
-0.081253
-0.079278
-0.077298
-0.075314
-0.073327
-0.071339
-0.069351
-0.067365
-0.065381
-0.063401
-0.061427
-0.059458
-0.057496
-0.055542
-0.053597
-0.051661
-0.049736
-0.047821
-0.045918
-0.044027
-0.042149
-0.040285
-0.038434
-0.036596
-0.034774
-0.032966
-0.031173
-0.029395
-0.027632
-0.025885
-0.024153
-0.022437
-0.020736
-0.019051
-0.017382
-0.015728
-0.014089
-0.012466
-0.010857
-0.009264
-0.007685
-0.006120
-0.004570
-0.003033
-0.001510
0.000000
-0.125828
-0.126020
-0.126452
-0.127055
-0.127771
-0.128554
-0.129364
-0.130170
-0.130949
-0.131681
-0.132352
-0.132951
-0.133470
-0.133904
-0.134248
-0.134500
-0.134659
-0.134725
-0.134698
-0.134580
-0.134371
-0.134075
-0.133693
-0.133227
-0.132682
-0.132059
-0.131361
-0.130593
-0.129756
-0.128854
-0.127890
-0.126868
-0.125790
-0.124660
-0.123481
-0.122257
-0.120989
-0.119682
-0.118338
-0.116960
-0.115551
-0.114114
-0.112652
-0.111167
-0.109662
-0.108140
-0.106603
-0.105054
-0.103495
-0.101929
-0.100358
-0.098783
-0.097208
-0.095634
-0.094063
-0.092497
-0.090939
-0.089389
-0.087851
-0.086324
-0.084812
-0.083316
-0.081836
-0.080375
-0.078935
-0.077515
-0.076118
-0.074745
-0.073397
-0.072075
-0.070779
-0.069512
-0.068274
-0.067065
-0.065887
-0.064741
-0.063626
-0.062544
-0.061496
-0.060481
-0.059501
-0.058555
-0.057645
-0.056770
-0.055932
-0.055129
-0.054364
-0.053635
-0.052943
-0.052288
-0.051671
-0.051091
-0.050548
-0.050043
-0.049575
-0.049145
-0.048752
-0.048397
-0.048079
-0.047798
-0.128308
-0.128515
-0.128983
-0.129641
-0.130425
-0.131286
-0.132183
-0.133083
-0.133962
-0.134798
-0.135579
-0.136291
-0.136927
-0.137480
-0.137948
-0.138326
-0.138615
-0.138814
-0.138923
-0.138944
-0.138879
-0.138729
-0.138497
-0.138186
-0.137799
-0.137339
-0.136808
-0.136211
-0.135551
-0.134831
-0.134054
-0.133224
-0.132345
-0.131420
-0.130452
-0.129444
-0.128401
-0.127325
-0.126219
-0.125087
-0.123932
-0.122757
-0.121566
-0.120360
-0.119144
-0.117919
-0.116690
-0.115458
-0.114226
-0.112997
-0.111774
-0.110559
-0.109354
-0.108162
-0.106986
-0.105827
-0.104688
-0.103570
-0.102476
-0.101409
-0.100369
-0.099358
-0.098380
-0.097434
-0.096523
-0.095649
-0.094813
-0.094016
-0.093261
-0.092548
-0.091878
-0.091253
-0.090675
-0.090144
-0.089661
-0.089227
-0.088844
-0.088512
-0.088232
-0.088006
-0.087833
-0.087714
-0.087651
-0.087643
-0.087692
-0.087798
-0.087961
-0.088183
-0.088463
-0.088801
-0.089199
-0.089656
-0.090173
-0.090751
-0.091388
-0.092086
-0.092845
-0.093665
-0.094546
-0.095488
-0.130855
-0.131077
-0.131584
-0.132297
-0.133151
-0.134092
-0.135079
-0.136076
-0.137056
-0.138001
-0.138893
-0.139721
-0.140476
-0.141152
-0.141746
-0.142254
-0.142675
-0.143009
-0.143257
-0.143420
-0.143499
-0.143498
-0.143419
-0.143264
-0.143036
-0.142740
-0.142378
-0.141954
-0.141472
-0.140935
-0.140346
-0.139710
-0.139029
-0.138309
-0.137552
-0.136762
-0.135942
-0.135097
-0.134229
-0.133343
-0.132441
-0.131527
-0.130605
-0.129677
-0.128748
-0.127819
-0.126895
-0.125977
-0.125070
-0.124177
-0.123299
-0.122441
-0.121604
-0.120791
-0.120005
-0.119249
-0.118525
-0.117835
-0.117182
-0.116569
-0.115996
-0.115467
-0.114984
-0.114549
-0.114163
-0.113828
-0.113547
-0.113322
-0.113153
-0.113042
-0.112992
-0.113004
-0.113079
-0.113218
-0.113423
-0.113696
-0.114037
-0.114448
-0.114930
-0.115484
-0.116110
-0.116811
-0.117587
-0.118439
-0.119367
-0.120373
-0.121457
-0.122621
-0.123864
-0.125187
-0.126592
-0.128078
-0.129646
-0.131297
-0.133031
-0.134848
-0.136749
-0.138735
-0.140806
-0.142961
-0.133468
-0.133706
-0.134252
-0.135022
-0.135948
-0.136973
-0.138051
-0.139147
-0.140233
-0.141287
-0.142294
-0.143241
-0.144118
-0.144920
-0.145642
-0.146281
-0.146837
-0.147309
-0.147698
-0.148005
-0.148231
-0.148381
-0.148455
-0.148458
-0.148393
-0.148262
-0.148070
-0.147820
-0.147517
-0.147163
-0.146763
-0.146320
-0.145839
-0.145323
-0.144777
-0.144204
-0.143608
-0.142993
-0.142362
-0.141720
-0.141071
-0.140416
-0.139762
-0.139110
-0.138465
-0.137829
-0.137207
-0.136602
-0.136017
-0.135455
-0.134919
-0.134413
-0.133940
-0.133502
-0.133103
-0.132745
-0.132431
-0.132164
-0.131946
-0.131781
-0.131671
-0.131617
-0.131623
-0.131691
-0.131823
-0.132022
-0.132289
-0.132627
-0.133037
-0.133522
-0.134083
-0.134723
-0.135443
-0.136244
-0.137129
-0.138099
-0.139155
-0.140300
-0.141534
-0.142859
-0.144276
-0.145786
-0.147391
-0.149092
-0.150890
-0.152785
-0.154780
-0.156874
-0.159070
-0.161367
-0.163767
-0.166271
-0.168878
-0.171591
-0.174410
-0.177335
-0.180367
-0.183506
-0.186754
-0.190111
-0.136146
-0.136401
-0.136987
-0.137817
-0.138816
-0.139926
-0.141099
-0.142297
-0.143491
-0.144658
-0.145782
-0.146850
-0.147852
-0.148782
-0.149635
-0.150409
-0.151102
-0.151714
-0.152245
-0.152698
-0.153074
-0.153376
-0.153607
-0.153769
-0.153866
-0.153902
-0.153881
-0.153807
-0.153682
-0.153512
-0.153301
-0.153053
-0.152771
-0.152460
-0.152124
-0.151767
-0.151394
-0.151008
-0.150613
-0.150214
-0.149814
-0.149417
-0.149028
-0.148649
-0.148286
-0.147941
-0.147618
-0.147321
-0.147054
-0.146819
-0.146621
-0.146463
-0.146348
-0.146280
-0.146262
-0.146296
-0.146386
-0.146536
-0.146747
-0.147024
-0.147368
-0.147782
-0.148270
-0.148834
-0.149476
-0.150199
-0.151006
-0.151898
-0.152878
-0.153949
-0.155112
-0.156370
-0.157725
-0.159179
-0.160733
-0.162389
-0.164150
-0.166017
-0.167992
-0.170076
-0.172272
-0.174579
-0.177001
-0.179539
-0.182193
-0.184966
-0.187857
-0.190870
-0.194005
-0.197262
-0.200644
-0.204151
-0.207784
-0.211545
-0.215433
-0.219451
-0.223599
-0.227877
-0.232287
-0.236830
-0.138890
-0.139161
-0.139789
-0.140680
-0.141756
-0.142953
-0.144223
-0.145525
-0.146830
-0.148113
-0.149357
-0.150549
-0.151678
-0.152739
-0.153726
-0.154636
-0.155468
-0.156222
-0.156899
-0.157500
-0.158027
-0.158483
-0.158871
-0.159194
-0.159455
-0.159659
-0.159810
-0.159911
-0.159967
-0.159981
-0.159959
-0.159904
-0.159821
-0.159714
-0.159588
-0.159447
-0.159294
-0.159136
-0.158975
-0.158817
-0.158664
-0.158522
-0.158395
-0.158287
-0.158202
-0.158143
-0.158116
-0.158123
-0.158169
-0.158257
-0.158391
-0.158576
-0.158814
-0.159109
-0.159465
-0.159885
-0.160373
-0.160931
-0.161564
-0.162274
-0.163064
-0.163938
-0.164899
-0.165949
-0.167092
-0.168330
-0.169666
-0.171103
-0.172643
-0.174288
-0.176042
-0.177907
-0.179885
-0.181978
-0.184189
-0.186520
-0.188972
-0.191549
-0.194251
-0.197081
-0.200041
-0.203132
-0.206357
-0.209716
-0.213212
-0.216846
-0.220620
-0.224535
-0.228593
-0.232795
-0.237142
-0.241636
-0.246278
-0.251069
-0.256010
-0.261103
-0.266349
-0.271748
-0.277303
-0.283013
-0.141699
-0.141987
-0.142658
-0.143611
-0.144765
-0.146053
-0.147422
-0.148831
-0.150249
-0.151651
-0.153018
-0.154336
-0.155596
-0.156790
-0.157912
-0.158962
-0.159935
-0.160834
-0.161658
-0.162409
-0.163088
-0.163700
-0.164247
-0.164731
-0.165158
-0.165531
-0.165854
-0.166131
-0.166367
-0.166566
-0.166733
-0.166872
-0.166987
-0.167083
-0.167165
-0.167238
-0.167305
-0.167372
-0.167443
-0.167523
-0.167615
-0.167725
-0.167857
-0.168016
-0.168204
-0.168428
-0.168691
-0.168997
-0.169351
-0.169756
-0.170217
-0.170738
-0.171322
-0.171973
-0.172696
-0.173494
-0.174371
-0.175330
-0.176375
-0.177510
-0.178738
-0.180062
-0.181485
-0.183011
-0.184644
-0.186386
-0.188239
-0.190209
-0.192296
-0.194504
-0.196836
-0.199294
-0.201882
-0.204601
-0.207455
-0.210445
-0.213575
-0.216845
-0.220260
-0.223820
-0.227528
-0.231387
-0.235397
-0.239562
-0.243882
-0.248361
-0.252999
-0.257798
-0.262761
-0.267888
-0.273182
-0.278643
-0.284274
-0.290076
-0.296050
-0.302198
-0.308521
-0.315021
-0.321698
-0.328554
-0.144572
-0.144877
-0.145592
-0.146610
-0.147844
-0.149225
-0.150696
-0.152215
-0.153749
-0.155272
-0.156764
-0.158212
-0.159604
-0.160933
-0.162195
-0.163385
-0.164503
-0.165548
-0.166521
-0.167423
-0.168258
-0.169026
-0.169733
-0.170381
-0.170974
-0.171516
-0.172012
-0.172466
-0.172883
-0.173266
-0.173621
-0.173952
-0.174265
-0.174563
-0.174852
-0.175137
-0.175422
-0.175712
-0.176013
-0.176327
-0.176661
-0.177020
-0.177407
-0.177827
-0.178285
-0.178786
-0.179334
-0.179934
-0.180589
-0.181305
-0.182086
-0.182935
-0.183858
-0.184858
-0.185940
-0.187108
-0.188364
-0.189715
-0.191163
-0.192712
-0.194366
-0.196128
-0.198003
-0.199994
-0.202104
-0.204337
-0.206696
-0.209184
-0.211805
-0.214561
-0.217457
-0.220494
-0.223677
-0.227006
-0.230487
-0.234120
-0.237910
-0.241858
-0.245967
-0.250240
-0.254679
-0.259286
-0.264063
-0.269014
-0.274140
-0.279442
-0.284925
-0.290588
-0.296434
-0.302466
-0.308685
-0.315092
-0.321690
-0.328481
-0.335465
-0.342645
-0.350022
-0.357598
-0.365374
-0.373351
-0.147508
-0.147832
-0.148592
-0.149677
-0.150993
-0.152468
-0.154044
-0.155676
-0.157328
-0.158975
-0.160596
-0.162175
-0.163703
-0.165170
-0.166573
-0.167906
-0.169170
-0.170364
-0.171487
-0.172543
-0.173534
-0.174461
-0.175329
-0.176141
-0.176901
-0.177614
-0.178283
-0.178913
-0.179510
-0.180077
-0.180620
-0.181143
-0.181652
-0.182151
-0.182645
-0.183140
-0.183641
-0.184151
-0.184678
-0.185224
-0.185796
-0.186399
-0.187036
-0.187714
-0.188437
-0.189209
-0.190037
-0.190923
-0.191874
-0.192893
-0.193986
-0.195157
-0.196410
-0.197750
-0.199181
-0.200708
-0.202335
-0.204066
-0.205906
-0.207858
-0.209927
-0.212116
-0.214429
-0.216871
-0.219446
-0.222156
-0.225005
-0.227998
-0.231138
-0.234427
-0.237870
-0.241470
-0.245230
-0.249153
-0.253242
-0.257501
-0.261933
-0.266539
-0.271324
-0.276289
-0.281438
-0.286774
-0.292298
-0.298013
-0.303922
-0.310027
-0.316331
-0.322835
-0.329543
-0.336455
-0.343575
-0.350904
-0.358445
-0.366198
-0.374167
-0.382353
-0.390758
-0.399383
-0.408231
-0.417303
-0.150507
-0.150849
-0.151657
-0.152809
-0.154210
-0.155783
-0.157466
-0.159213
-0.160987
-0.162760
-0.164512
-0.166226
-0.167891
-0.169499
-0.171045
-0.172525
-0.173937
-0.175280
-0.176557
-0.177768
-0.178915
-0.180003
-0.181033
-0.182010
-0.182938
-0.183821
-0.184664
-0.185471
-0.186247
-0.186998
-0.187728
-0.188442
-0.189145
-0.189843
-0.190541
-0.191244
-0.191957
-0.192685
-0.193434
-0.194209
-0.195014
-0.195856
-0.196740
-0.197669
-0.198651
-0.199689
-0.200789
-0.201956
-0.203194
-0.204509
-0.205906
-0.207389
-0.208963
-0.210633
-0.212404
-0.214281
-0.216267
-0.218367
-0.220587
-0.222929
-0.225400
-0.228002
-0.230741
-0.233620
-0.236644
-0.239816
-0.243140
-0.246621
-0.250263
-0.254068
-0.258041
-0.262185
-0.266504
-0.271002
-0.275681
-0.280545
-0.285598
-0.290842
-0.296281
-0.301918
-0.307755
-0.313796
-0.320043
-0.326500
-0.333169
-0.340052
-0.347153
-0.354473
-0.362016
-0.369783
-0.377777
-0.386001
-0.394457
-0.403146
-0.412071
-0.421234
-0.430638
-0.440283
-0.450173
-0.460309
-0.153568
-0.153930
-0.154785
-0.156008
-0.157496
-0.159168
-0.160961
-0.162826
-0.164724
-0.166627
-0.168512
-0.170364
-0.172169
-0.173921
-0.175612
-0.177239
-0.178801
-0.180297
-0.181729
-0.183096
-0.184403
-0.185651
-0.186844
-0.187987
-0.189083
-0.190137
-0.191154
-0.192137
-0.193093
-0.194027
-0.194942
-0.195846
-0.196742
-0.197637
-0.198536
-0.199444
-0.200366
-0.201309
-0.202277
-0.203275
-0.204310
-0.205387
-0.206511
-0.207687
-0.208921
-0.210218
-0.211584
-0.213023
-0.214541
-0.216143
-0.217835
-0.219621
-0.221506
-0.223496
-0.225596
-0.227810
-0.230143
-0.232601
-0.235187
-0.237907
-0.240765
-0.243767
-0.246915
-0.250216
-0.253673
-0.257291
-0.261073
-0.265025
-0.269150
-0.273453
-0.277937
-0.282606
-0.287464
-0.292515
-0.297763
-0.303211
-0.308863
-0.314722
-0.320792
-0.327076
-0.333578
-0.340300
-0.347245
-0.354418
-0.361820
-0.369455
-0.377325
-0.385434
-0.393784
-0.402378
-0.411218
-0.420307
-0.429648
-0.439242
-0.449093
-0.459203
-0.469573
-0.480207
-0.491106
-0.502272
-0.156691
-0.157072
-0.157977
-0.159272
-0.160849
-0.162624
-0.164530
-0.166515
-0.168540
-0.170575
-0.172597
-0.174588
-0.176536
-0.178433
-0.180272
-0.182050
-0.183764
-0.185414
-0.187002
-0.188527
-0.189994
-0.191404
-0.192762
-0.194072
-0.195336
-0.196561
-0.197751
-0.198911
-0.200046
-0.201161
-0.202262
-0.203353
-0.204441
-0.205530
-0.206627
-0.207737
-0.208866
-0.210019
-0.211202
-0.212420
-0.213679
-0.214985
-0.216344
-0.217760
-0.219240
-0.220789
-0.222412
-0.224116
-0.225905
-0.227786
-0.229763
-0.231842
-0.234028
-0.236326
-0.238743
-0.241282
-0.243950
-0.246751
-0.249690
-0.252773
-0.256005
-0.259389
-0.262932
-0.266637
-0.270510
-0.274556
-0.278778
-0.283182
-0.287771
-0.292551
-0.297525
-0.302698
-0.308074
-0.313656
-0.319450
-0.325458
-0.331686
-0.338136
-0.344812
-0.351718
-0.358857
-0.366234
-0.373851
-0.381711
-0.389819
-0.398177
-0.406788
-0.415655
-0.424782
-0.434172
-0.443826
-0.453749
-0.463942
-0.474409
-0.485152
-0.496174
-0.507477
-0.519064
-0.530936
-0.543098
-0.159875
-0.160276
-0.161232
-0.162601
-0.164269
-0.166149
-0.168170
-0.170279
-0.172434
-0.174604
-0.176764
-0.178898
-0.180992
-0.183036
-0.185026
-0.186955
-0.188824
-0.190630
-0.192375
-0.194061
-0.195689
-0.197262
-0.198785
-0.200262
-0.201696
-0.203092
-0.204455
-0.205791
-0.207104
-0.208399
-0.209683
-0.210961
-0.212238
-0.213520
-0.214812
-0.216121
-0.217453
-0.218812
-0.220205
-0.221638
-0.223117
-0.224646
-0.226233
-0.227883
-0.229602
-0.231395
-0.233268
-0.235228
-0.237279
-0.239428
-0.241680
-0.244040
-0.246516
-0.249111
-0.251832
-0.254684
-0.257672
-0.260803
-0.264081
-0.267511
-0.271099
-0.274850
-0.278770
-0.282862
-0.287133
-0.291587
-0.296230
-0.301065
-0.306098
-0.311333
-0.316776
-0.322430
-0.328300
-0.334390
-0.340705
-0.347249
-0.354026
-0.361040
-0.368296
-0.375796
-0.383546
-0.391548
-0.399807
-0.408326
-0.417109
-0.426159
-0.435479
-0.445073
-0.454945
-0.465097
-0.475532
-0.486254
-0.497265
-0.508569
-0.520169
-0.532066
-0.544265
-0.556767
-0.569576
-0.582693
-0.163118
-0.163541
-0.164549
-0.165993
-0.167756
-0.169744
-0.171883
-0.174118
-0.176405
-0.178712
-0.181015
-0.183293
-0.185535
-0.187730
-0.189872
-0.191956
-0.193981
-0.195945
-0.197849
-0.199696
-0.201486
-0.203224
-0.204913
-0.206557
-0.208160
-0.209727
-0.211264
-0.212775
-0.214265
-0.215740
-0.217205
-0.218667
-0.220131
-0.221603
-0.223088
-0.224593
-0.226123
-0.227685
-0.229284
-0.230926
-0.232618
-0.234365
-0.236174
-0.238050
-0.240000
-0.242029
-0.244144
-0.246350
-0.248654
-0.251060
-0.253577
-0.256208
-0.258961
-0.261840
-0.264852
-0.268003
-0.271297
-0.274742
-0.278342
-0.282104
-0.286032
-0.290132
-0.294410
-0.298871
-0.303520
-0.308363
-0.313404
-0.318650
-0.324104
-0.329772
-0.335659
-0.341770
-0.348110
-0.354682
-0.361493
-0.368545
-0.375845
-0.383396
-0.391202
-0.399268
-0.407598
-0.416196
-0.425066
-0.434211
-0.443637
-0.453346
-0.463342
-0.473629
-0.484210
-0.495089
-0.506269
-0.517753
-0.529546
-0.541649
-0.554066
-0.566801
-0.579855
-0.593233
-0.606936
-0.620968
-0.166421
-0.166865
-0.167927
-0.169449
-0.171309
-0.173406
-0.175666
-0.178030
-0.180453
-0.182901
-0.185347
-0.187774
-0.190166
-0.192514
-0.194810
-0.197051
-0.199233
-0.201357
-0.203423
-0.205431
-0.207386
-0.209289
-0.211144
-0.212956
-0.214729
-0.216467
-0.218176
-0.219861
-0.221528
-0.223181
-0.224827
-0.226471
-0.228119
-0.229778
-0.231453
-0.233149
-0.234875
-0.236634
-0.238434
-0.240280
-0.242180
-0.244138
-0.246162
-0.248257
-0.250430
-0.252687
-0.255034
-0.257477
-0.260022
-0.262677
-0.265446
-0.268336
-0.271353
-0.274503
-0.277792
-0.281227
-0.284813
-0.288556
-0.292462
-0.296537
-0.300787
-0.305218
-0.309835
-0.314644
-0.319651
-0.324861
-0.330279
-0.335912
-0.341764
-0.347842
-0.354149
-0.360691
-0.367474
-0.374502
-0.381780
-0.389313
-0.397106
-0.405164
-0.413490
-0.422091
-0.430969
-0.440130
-0.449578
-0.459317
-0.469351
-0.479684
-0.490320
-0.501263
-0.512517
-0.524085
-0.535972
-0.548180
-0.560714
-0.573576
-0.586771
-0.600300
-0.614169
-0.628379
-0.642934
-0.657837
-0.169783
-0.170249
-0.171365
-0.172968
-0.174926
-0.177137
-0.179521
-0.182017
-0.184578
-0.187168
-0.189762
-0.192339
-0.194884
-0.197387
-0.199840
-0.202239
-0.204582
-0.206867
-0.209095
-0.211268
-0.213387
-0.215456
-0.217478
-0.219459
-0.221401
-0.223310
-0.225192
-0.227050
-0.228892
-0.230722
-0.232546
-0.234370
-0.236200
-0.238043
-0.239904
-0.241789
-0.243704
-0.245657
-0.247652
-0.249698
-0.251798
-0.253961
-0.256193
-0.258499
-0.260887
-0.263362
-0.265932
-0.268602
-0.271379
-0.274269
-0.277279
-0.280415
-0.283683
-0.287090
-0.290642
-0.294346
-0.298207
-0.302231
-0.306426
-0.310797
-0.315350
-0.320092
-0.325028
-0.330164
-0.335507
-0.341062
-0.346834
-0.352830
-0.359056
-0.365517
-0.372218
-0.379165
-0.386363
-0.393818
-0.401535
-0.409518
-0.417774
-0.426308
-0.435123
-0.444225
-0.453619
-0.463309
-0.473299
-0.483596
-0.494202
-0.505122
-0.516360
-0.527921
-0.539809
-0.552027
-0.564580
-0.577471
-0.590704
-0.604283
-0.618211
-0.632492
-0.647130
-0.662128
-0.677488
-0.693215
-0.173202
-0.173690
-0.174864
-0.176549
-0.178608
-0.180935
-0.183445
-0.186076
-0.188778
-0.191515
-0.194258
-0.196988
-0.199689
-0.202349
-0.204961
-0.207521
-0.210026
-0.212474
-0.214866
-0.217203
-0.219488
-0.221724
-0.223915
-0.226064
-0.228176
-0.230256
-0.232309
-0.234340
-0.236355
-0.238360
-0.240361
-0.242363
-0.244373
-0.246396
-0.248439
-0.250509
-0.252610
-0.254751
-0.256937
-0.259175
-0.261471
-0.263831
-0.266263
-0.268773
-0.271366
-0.274051
-0.276834
-0.279720
-0.282717
-0.285832
-0.289070
-0.292439
-0.295944
-0.299594
-0.303393
-0.307349
-0.311469
-0.315758
-0.320223
-0.324871
-0.329708
-0.334740
-0.339974
-0.345416
-0.351071
-0.356947
-0.363049
-0.369384
-0.375957
-0.382774
-0.389842
-0.397165
-0.404750
-0.412602
-0.420727
-0.429130
-0.437817
-0.446793
-0.456063
-0.465633
-0.475506
-0.485689
-0.496187
-0.507003
-0.518143
-0.529611
-0.541412
-0.553551
-0.566031
-0.578857
-0.592033
-0.605564
-0.619452
-0.633703
-0.648320
-0.663306
-0.678666
-0.694403
-0.710521
-0.727023
-0.176677
-0.177189
-0.178421
-0.180190
-0.182354
-0.184799
-0.187439
-0.190207
-0.193053
-0.195939
-0.198836
-0.201721
-0.204579
-0.207399
-0.210173
-0.212896
-0.215564
-0.218177
-0.220734
-0.223238
-0.225690
-0.228094
-0.230453
-0.232770
-0.235052
-0.237302
-0.239526
-0.241730
-0.243918
-0.246096
-0.248271
-0.250449
-0.252635
-0.254836
-0.257058
-0.259307
-0.261591
-0.263915
-0.266285
-0.268710
-0.271194
-0.273745
-0.276369
-0.279074
-0.281865
-0.284749
-0.287734
-0.290826
-0.294032
-0.297359
-0.300812
-0.304400
-0.308129
-0.312006
-0.316037
-0.320230
-0.324590
-0.329126
-0.333843
-0.338748
-0.343848
-0.349149
-0.354659
-0.360383
-0.366328
-0.372501
-0.378907
-0.385554
-0.392448
-0.399594
-0.406999
-0.414669
-0.422611
-0.430829
-0.439330
-0.448120
-0.457204
-0.466588
-0.476278
-0.486278
-0.496595
-0.507234
-0.518199
-0.529496
-0.541130
-0.553106
-0.565428
-0.578102
-0.591131
-0.604521
-0.618276
-0.632400
-0.646898
-0.661774
-0.677031
-0.692674
-0.708708
-0.725134
-0.741959
-0.759184
-0.180208
-0.180744
-0.182036
-0.183892
-0.186162
-0.188729
-0.191501
-0.194410
-0.197404
-0.200441
-0.203493
-0.206537
-0.209556
-0.212538
-0.215475
-0.218363
-0.221196
-0.223976
-0.226700
-0.229371
-0.231992
-0.234564
-0.237091
-0.239578
-0.242030
-0.244450
-0.246844
-0.249218
-0.251578
-0.253928
-0.256276
-0.258626
-0.260986
-0.263361
-0.265758
-0.268184
-0.270644
-0.273146
-0.275696
-0.278300
-0.280966
-0.283700
-0.286509
-0.289399
-0.292379
-0.295453
-0.298631
-0.301917
-0.305320
-0.308845
-0.312502
-0.316295
-0.320232
-0.324321
-0.328567
-0.332979
-0.337563
-0.342326
-0.347275
-0.352417
-0.357759
-0.363308
-0.369070
-0.375053
-0.381263
-0.387707
-0.394392
-0.401324
-0.408510
-0.415956
-0.423669
-0.431656
-0.439922
-0.448474
-0.457318
-0.466460
-0.475906
-0.485663
-0.495735
-0.506130
-0.516851
-0.527906
-0.539299
-0.551036
-0.563122
-0.575562
-0.588362
-0.601527
-0.615060
-0.628968
-0.643255
-0.657926
-0.672985
-0.688436
-0.704284
-0.720534
-0.737188
-0.754253
-0.771730
-0.789626
-0.183794
-0.184355
-0.185708
-0.187653
-0.190033
-0.192724
-0.195632
-0.198685
-0.201828
-0.205020
-0.208230
-0.211435
-0.214617
-0.217764
-0.220867
-0.223921
-0.226923
-0.229870
-0.232763
-0.235603
-0.238392
-0.241133
-0.243830
-0.246487
-0.249108
-0.251698
-0.254262
-0.256806
-0.259335
-0.261856
-0.264373
-0.266894
-0.269425
-0.271971
-0.274539
-0.277136
-0.279769
-0.282443
-0.285166
-0.287944
-0.290785
-0.293694
-0.296680
-0.299748
-0.302906
-0.306161
-0.309519
-0.312988
-0.316576
-0.320288
-0.324133
-0.328117
-0.332248
-0.336532
-0.340978
-0.345591
-0.350380
-0.355351
-0.360512
-0.365870
-0.371432
-0.377206
-0.383197
-0.389414
-0.395864
-0.402553
-0.409488
-0.416677
-0.424127
-0.431843
-0.439833
-0.448104
-0.456662
-0.465514
-0.474667
-0.484126
-0.493898
-0.503990
-0.514407
-0.525156
-0.536242
-0.547672
-0.559451
-0.571585
-0.584080
-0.596940
-0.610173
-0.623782
-0.637773
-0.652151
-0.666922
-0.682089
-0.697658
-0.713634
-0.730021
-0.746824
-0.764046
-0.781694
-0.799769
-0.818278
-0.187433
-0.188020
-0.189436
-0.191473
-0.193965
-0.196783
-0.199830
-0.203030
-0.206326
-0.209676
-0.213047
-0.216415
-0.219763
-0.223077
-0.226348
-0.229571
-0.232742
-0.235859
-0.238922
-0.241932
-0.244891
-0.247802
-0.250669
-0.253495
-0.256286
-0.259045
-0.261778
-0.264491
-0.267189
-0.269878
-0.272563
-0.275252
-0.277950
-0.280664
-0.283400
-0.286164
-0.288964
-0.291806
-0.294696
-0.297642
-0.300650
-0.303727
-0.306881
-0.310117
-0.313444
-0.316869
-0.320398
-0.324039
-0.327798
-0.331684
-0.335704
-0.339864
-0.344172
-0.348636
-0.353263
-0.358060
-0.363035
-0.368195
-0.373548
-0.379100
-0.384860
-0.390835
-0.397031
-0.403457
-0.410120
-0.417027
-0.424185
-0.431602
-0.439285
-0.447240
-0.455476
-0.463998
-0.472814
-0.481932
-0.491357
-0.501096
-0.511156
-0.521544
-0.532266
-0.543329
-0.554739
-0.566501
-0.578623
-0.591110
-0.603968
-0.617203
-0.630821
-0.644826
-0.659226
-0.674025
-0.689228
-0.704841
-0.720868
-0.737315
-0.754187
-0.771488
-0.789223
-0.807396
-0.826013
-0.845077
-0.191125
-0.191738
-0.193219
-0.195351
-0.197958
-0.200907
-0.204095
-0.207445
-0.210897
-0.214408
-0.217943
-0.221477
-0.224993
-0.228476
-0.231918
-0.235312
-0.238654
-0.241942
-0.245177
-0.248358
-0.251489
-0.254570
-0.257608
-0.260604
-0.263563
-0.266492
-0.269393
-0.272274
-0.275139
-0.277994
-0.280846
-0.283700
-0.286563
-0.289441
-0.292340
-0.295267
-0.298229
-0.301233
-0.304284
-0.307391
-0.310559
-0.313797
-0.317110
-0.320506
-0.323993
-0.327577
-0.331265
-0.335065
-0.338985
-0.343031
-0.347211
-0.351533
-0.356003
-0.360630
-0.365421
-0.370383
-0.375525
-0.380853
-0.386376
-0.392101
-0.398036
-0.404187
-0.410564
-0.417173
-0.424022
-0.431119
-0.438472
-0.446086
-0.453971
-0.462134
-0.470582
-0.479322
-0.488362
-0.497708
-0.507369
-0.517350
-0.527660
-0.538304
-0.549290
-0.560625
-0.572315
-0.584366
-0.596786
-0.609580
-0.622754
-0.636316
-0.650270
-0.664623
-0.679381
-0.694548
-0.710132
-0.726137
-0.742568
-0.759432
-0.776732
-0.794474
-0.812664
-0.831305
-0.850403
-0.869962
-0.194868
-0.195508
-0.197057
-0.199285
-0.202010
-0.205092
-0.208426
-0.211929
-0.215540
-0.219215
-0.222916
-0.226620
-0.230307
-0.233962
-0.237576
-0.241143
-0.244659
-0.248120
-0.251527
-0.254881
-0.258184
-0.261437
-0.264645
-0.267811
-0.270940
-0.274037
-0.277106
-0.280154
-0.283184
-0.286204
-0.289220
-0.292237
-0.295261
-0.298300
-0.301359
-0.304445
-0.307564
-0.310724
-0.313931
-0.317192
-0.320513
-0.323903
-0.327368
-0.330915
-0.334551
-0.338284
-0.342120
-0.346068
-0.350135
-0.354327
-0.358654
-0.363121
-0.367738
-0.372511
-0.377448
-0.382557
-0.387846
-0.393322
-0.398994
-0.404869
-0.410954
-0.417259
-0.423790
-0.430556
-0.437564
-0.444823
-0.452339
-0.460121
-0.468177
-0.476514
-0.485141
-0.494063
-0.503291
-0.512829
-0.522687
-0.532872
-0.543391
-0.554250
-0.565458
-0.577022
-0.588947
-0.601242
-0.613913
-0.626967
-0.640410
-0.654248
-0.668489
-0.683138
-0.698201
-0.713685
-0.729594
-0.745936
-0.762716
-0.779938
-0.797609
-0.815734
-0.834318
-0.853367
-0.872884
-0.892875
-0.198661
-0.199329
-0.200947
-0.203274
-0.206121
-0.209340
-0.212822
-0.216481
-0.220256
-0.224096
-0.227968
-0.231844
-0.235703
-0.239533
-0.243323
-0.247065
-0.250755
-0.254391
-0.257973
-0.261501
-0.264976
-0.268402
-0.271781
-0.275118
-0.278416
-0.281681
-0.284917
-0.288130
-0.291326
-0.294509
-0.297686
-0.300863
-0.304046
-0.307242
-0.310457
-0.313697
-0.316969
-0.320279
-0.323636
-0.327044
-0.330512
-0.334046
-0.337654
-0.341342
-0.345118
-0.348989
-0.352963
-0.357046
-0.361247
-0.365573
-0.370031
-0.374629
-0.379376
-0.384278
-0.389343
-0.394580
-0.399996
-0.405600
-0.411398
-0.417400
-0.423613
-0.430046
-0.436706
-0.443601
-0.450741
-0.458131
-0.465782
-0.473700
-0.481894
-0.490373
-0.499143
-0.508212
-0.517590
-0.527283
-0.537300
-0.547647
-0.558334
-0.569366
-0.580753
-0.592500
-0.604616
-0.617108
-0.629983
-0.643247
-0.656909
-0.670974
-0.685449
-0.700340
-0.715655
-0.731400
-0.747580
-0.764202
-0.781271
-0.798794
-0.816777
-0.835224
-0.854141
-0.873534
-0.893407
-0.913766
-0.202503
-0.203199
-0.204889
-0.207318
-0.210289
-0.213649
-0.217283
-0.221102
-0.225042
-0.229052
-0.233096
-0.237147
-0.241183
-0.245190
-0.249156
-0.253075
-0.256943
-0.260756
-0.264513
-0.268216
-0.271866
-0.275465
-0.279016
-0.282523
-0.285991
-0.289424
-0.292826
-0.296204
-0.299562
-0.302907
-0.306244
-0.309579
-0.312918
-0.316267
-0.319634
-0.323023
-0.326443
-0.329899
-0.333399
-0.336949
-0.340556
-0.344227
-0.347969
-0.351789
-0.355696
-0.359695
-0.363794
-0.368001
-0.372323
-0.376768
-0.381344
-0.386057
-0.390917
-0.395931
-0.401107
-0.406452
-0.411976
-0.417685
-0.423589
-0.429695
-0.436011
-0.442547
-0.449309
-0.456307
-0.463548
-0.471042
-0.478795
-0.486818
-0.495118
-0.503702
-0.512581
-0.521761
-0.531252
-0.541060
-0.551195
-0.561665
-0.572477
-0.583639
-0.595159
-0.607045
-0.619305
-0.631945
-0.644975
-0.658400
-0.672229
-0.686467
-0.701123
-0.716204
-0.731715
-0.747664
-0.764057
-0.780900
-0.798201
-0.815964
-0.834195
-0.852902
-0.872089
-0.891762
-0.911926
-0.932588
-0.206392
-0.207118
-0.208881
-0.211416
-0.214515
-0.218019
-0.221807
-0.225789
-0.229898
-0.234082
-0.238302
-0.242530
-0.246744
-0.250930
-0.255077
-0.259175
-0.263222
-0.267213
-0.271148
-0.275028
-0.278852
-0.282625
-0.286349
-0.290028
-0.293665
-0.297265
-0.300833
-0.304375
-0.307895
-0.311399
-0.314894
-0.318384
-0.321876
-0.325376
-0.328890
-0.332426
-0.335988
-0.339585
-0.343222
-0.346907
-0.350646
-0.354446
-0.358314
-0.362258
-0.366284
-0.370401
-0.374615
-0.378933
-0.383364
-0.387915
-0.392593
-0.397407
-0.402364
-0.407473
-0.412740
-0.418175
-0.423786
-0.429580
-0.435567
-0.441753
-0.448149
-0.454761
-0.461599
-0.468671
-0.475986
-0.483552
-0.491378
-0.499473
-0.507844
-0.516501
-0.525452
-0.534705
-0.544270
-0.554155
-0.564367
-0.574916
-0.585810
-0.597057
-0.608666
-0.620644
-0.632999
-0.645739
-0.658873
-0.672408
-0.686351
-0.700710
-0.715492
-0.730705
-0.746356
-0.762451
-0.778998
-0.796003
-0.813473
-0.831414
-0.849832
-0.868734
-0.888126
-0.908013
-0.928401
-0.949296
-0.210328
-0.211084
-0.212923
-0.215566
-0.218796
-0.222447
-0.226394
-0.230543
-0.234824
-0.239184
-0.243583
-0.247991
-0.252387
-0.256755
-0.261084
-0.265364
-0.269591
-0.273763
-0.277877
-0.281934
-0.285936
-0.289883
-0.293780
-0.297630
-0.301437
-0.305205
-0.308938
-0.312643
-0.316324
-0.319986
-0.323636
-0.327279
-0.330921
-0.334569
-0.338228
-0.341904
-0.345605
-0.349337
-0.353106
-0.356919
-0.360783
-0.364705
-0.368691
-0.372749
-0.376887
-0.381110
-0.385427
-0.389845
-0.394372
-0.399015
-0.403782
-0.408681
-0.413719
-0.418905
-0.424246
-0.429752
-0.435429
-0.441287
-0.447334
-0.453578
-0.460027
-0.466691
-0.473578
-0.480697
-0.488056
-0.495665
-0.503531
-0.511664
-0.520073
-0.528766
-0.537753
-0.547042
-0.556642
-0.566562
-0.576811
-0.587397
-0.598329
-0.609616
-0.621266
-0.633288
-0.645689
-0.658479
-0.671666
-0.685257
-0.699261
-0.713686
-0.728538
-0.743827
-0.759558
-0.775740
-0.792380
-0.809485
-0.827062
-0.845117
-0.863657
-0.882689
-0.902218
-0.922252
-0.942795
-0.963854
-0.214307
-0.215095
-0.217013
-0.219767
-0.223132
-0.226934
-0.231044
-0.235363
-0.239819
-0.244358
-0.248939
-0.253531
-0.258112
-0.262664
-0.267177
-0.271641
-0.276051
-0.280405
-0.284700
-0.288936
-0.293115
-0.297239
-0.301310
-0.305331
-0.309308
-0.313243
-0.317141
-0.321008
-0.324848
-0.328668
-0.332471
-0.336265
-0.340055
-0.343847
-0.347647
-0.351461
-0.355295
-0.359157
-0.363052
-0.366988
-0.370970
-0.375006
-0.379102
-0.383266
-0.387505
-0.391825
-0.396235
-0.400741
-0.405351
-0.410073
-0.414914
-0.419882
-0.424985
-0.430232
-0.435629
-0.441186
-0.446910
-0.452810
-0.458895
-0.465173
-0.471652
-0.478342
-0.485251
-0.492388
-0.499761
-0.507381
-0.515256
-0.523395
-0.531807
-0.540501
-0.549487
-0.558773
-0.568369
-0.578283
-0.588526
-0.599105
-0.610030
-0.621310
-0.632954
-0.644971
-0.657369
-0.670158
-0.683345
-0.696939
-0.710948
-0.725382
-0.740247
-0.755552
-0.771305
-0.787514
-0.804185
-0.821327
-0.838946
-0.857050
-0.875645
-0.894739
-0.914338
-0.934449
-0.955077
-0.976229
-0.218330
-0.219151
-0.221149
-0.224019
-0.227522
-0.231479
-0.235754
-0.240247
-0.244883
-0.249605
-0.254370
-0.259149
-0.263916
-0.268656
-0.273355
-0.278005
-0.282601
-0.287138
-0.291616
-0.296033
-0.300391
-0.304691
-0.308937
-0.313131
-0.317277
-0.321380
-0.325443
-0.329471
-0.333470
-0.337445
-0.341400
-0.345343
-0.349278
-0.353211
-0.357148
-0.361096
-0.365060
-0.369047
-0.373063
-0.377115
-0.381209
-0.385352
-0.389550
-0.393812
-0.398142
-0.402550
-0.407041
-0.411624
-0.416305
-0.421092
-0.425994
-0.431016
-0.436169
-0.441458
-0.446894
-0.452482
-0.458233
-0.464155
-0.470255
-0.476543
-0.483028
-0.489718
-0.496622
-0.503749
-0.511108
-0.518709
-0.526560
-0.534671
-0.543051
-0.551710
-0.560657
-0.569902
-0.579453
-0.589320
-0.599513
-0.610042
-0.620914
-0.632141
-0.643731
-0.655693
-0.668036
-0.680771
-0.693904
-0.707446
-0.721406
-0.735791
-0.750610
-0.765872
-0.781585
-0.797758
-0.814397
-0.831511
-0.849107
-0.867193
-0.885776
-0.904864
-0.924463
-0.944579
-0.965220
-0.986392
-0.222394
-0.223249
-0.225331
-0.228319
-0.231965
-0.236080
-0.240525
-0.245196
-0.250014
-0.254922
-0.259875
-0.264843
-0.269801
-0.274730
-0.279619
-0.284457
-0.289240
-0.293964
-0.298625
-0.303225
-0.307763
-0.312241
-0.316662
-0.321029
-0.325346
-0.329615
-0.333843
-0.338032
-0.342189
-0.346318
-0.350424
-0.354513
-0.358591
-0.362663
-0.366735
-0.370812
-0.374902
-0.379009
-0.383141
-0.387303
-0.391503
-0.395746
-0.400039
-0.404389
-0.408803
-0.413288
-0.417851
-0.422499
-0.427239
-0.432079
-0.437027
-0.442089
-0.447275
-0.452591
-0.458047
-0.463649
-0.469407
-0.475329
-0.481423
-0.487698
-0.494164
-0.500828
-0.507700
-0.514789
-0.522104
-0.529654
-0.537450
-0.545500
-0.553813
-0.562401
-0.571271
-0.580435
-0.589901
-0.599679
-0.609780
-0.620212
-0.630986
-0.642112
-0.653598
-0.665455
-0.677692
-0.690319
-0.703345
-0.716779
-0.730630
-0.744909
-0.759622
-0.774780
-0.790391
-0.806464
-0.823006
-0.840027
-0.857533
-0.875533
-0.894035
-0.913046
-0.932572
-0.952623
-0.973203
-0.994321
-0.226498
-0.227388
-0.229556
-0.232667
-0.236459
-0.240737
-0.245356
-0.250208
-0.255212
-0.260309
-0.265454
-0.270614
-0.275764
-0.280886
-0.285967
-0.290996
-0.295969
-0.300880
-0.305727
-0.310511
-0.315230
-0.319888
-0.324486
-0.329026
-0.333513
-0.337951
-0.342342
-0.346692
-0.351006
-0.355288
-0.359544
-0.363778
-0.367996
-0.372204
-0.376407
-0.380611
-0.384822
-0.389046
-0.393289
-0.397556
-0.401855
-0.406191
-0.410572
-0.415003
-0.419492
-0.424045
-0.428669
-0.433371
-0.438159
-0.443039
-0.448019
-0.453108
-0.458311
-0.463638
-0.469097
-0.474694
-0.480440
-0.486341
-0.492407
-0.498647
-0.505069
-0.511682
-0.518495
-0.525518
-0.532759
-0.540229
-0.547936
-0.555891
-0.564104
-0.572583
-0.581339
-0.590382
-0.599723
-0.609370
-0.619334
-0.629625
-0.640254
-0.651230
-0.662563
-0.674264
-0.686342
-0.698807
-0.711669
-0.724939
-0.738624
-0.752736
-0.767283
-0.782275
-0.797720
-0.813628
-0.830008
-0.846867
-0.864215
-0.882060
-0.900410
-0.919272
-0.938654
-0.958565
-0.979010
-0.999997
-0.230639
-0.231566
-0.233824
-0.237060
-0.241003
-0.245448
-0.250245
-0.255282
-0.260476
-0.265766
-0.271106
-0.276461
-0.281807
-0.287124
-0.292399
-0.297622
-0.302786
-0.307887
-0.312922
-0.317891
-0.322794
-0.327632
-0.332407
-0.337122
-0.341780
-0.346385
-0.350941
-0.355452
-0.359922
-0.364356
-0.368760
-0.373137
-0.377494
-0.381836
-0.386168
-0.390495
-0.394824
-0.399160
-0.403509
-0.407876
-0.412269
-0.416693
-0.421154
-0.425658
-0.430214
-0.434826
-0.439501
-0.444247
-0.449071
-0.453980
-0.458980
-0.464080
-0.469287
-0.474608
-0.480053
-0.485628
-0.491342
-0.497203
-0.503219
-0.509401
-0.515755
-0.522292
-0.529020
-0.535949
-0.543087
-0.550446
-0.558033
-0.565860
-0.573936
-0.582271
-0.590875
-0.599758
-0.608931
-0.618405
-0.628188
-0.638293
-0.648729
-0.659506
-0.670636
-0.682129
-0.693994
-0.706243
-0.718886
-0.731933
-0.745393
-0.759278
-0.773596
-0.788358
-0.803574
-0.819251
-0.835401
-0.852031
-0.869151
-0.886770
-0.904895
-0.923536
-0.942700
-0.962394
-0.982628
-1.003408
-0.234816
-0.235781
-0.238132
-0.241499
-0.245597
-0.250213
-0.255192
-0.260418
-0.265805
-0.271291
-0.276829
-0.282384
-0.287928
-0.293443
-0.298915
-0.304334
-0.309692
-0.314984
-0.320209
-0.325366
-0.330453
-0.335473
-0.340426
-0.345317
-0.350147
-0.354920
-0.359640
-0.364311
-0.368938
-0.373524
-0.378074
-0.382594
-0.387088
-0.391561
-0.396019
-0.400467
-0.404911
-0.409355
-0.413805
-0.418268
-0.422749
-0.427254
-0.431789
-0.436360
-0.440974
-0.445637
-0.450355
-0.455135
-0.459984
-0.464909
-0.469917
-0.475015
-0.480211
-0.485512
-0.490926
-0.496461
-0.502125
-0.507925
-0.513872
-0.519973
-0.526237
-0.532672
-0.539289
-0.546097
-0.553104
-0.560321
-0.567757
-0.575422
-0.583327
-0.591481
-0.599895
-0.608579
-0.617544
-0.626801
-0.636360
-0.646231
-0.656427
-0.666957
-0.677833
-0.689065
-0.700664
-0.712642
-0.725008
-0.737773
-0.750949
-0.764545
-0.778571
-0.793039
-0.807958
-0.823338
-0.839189
-0.855521
-0.872342
-0.889662
-0.907490
-0.925835
-0.944705
-0.964108
-0.984052
-1.004545
-0.239027
-0.240032
-0.242480
-0.245981
-0.250238
-0.255031
-0.260195
-0.265614
-0.271199
-0.276885
-0.282624
-0.288380
-0.294126
-0.299843
-0.305514
-0.311131
-0.316685
-0.322172
-0.327589
-0.332934
-0.338208
-0.343410
-0.348544
-0.353611
-0.358614
-0.363556
-0.368441
-0.373272
-0.378054
-0.382791
-0.387488
-0.392149
-0.396778
-0.401381
-0.405964
-0.410529
-0.415084
-0.419633
-0.424182
-0.428736
-0.433300
-0.437881
-0.442484
-0.447115
-0.451780
-0.456485
-0.461237
-0.466042
-0.470906
-0.475837
-0.480840
-0.485924
-0.491095
-0.496361
-0.501728
-0.507206
-0.512802
-0.518524
-0.524380
-0.530379
-0.536529
-0.542840
-0.549320
-0.555980
-0.562827
-0.569872
-0.577125
-0.584596
-0.592295
-0.600233
-0.608419
-0.616865
-0.625581
-0.634578
-0.643868
-0.653461
-0.663369
-0.673602
-0.684173
-0.695091
-0.706370
-0.718019
-0.730051
-0.742476
-0.755305
-0.768550
-0.782221
-0.796330
-0.810886
-0.825900
-0.841383
-0.857345
-0.873795
-0.890743
-0.908199
-0.926172
-0.944671
-0.963704
-0.983280
-1.003408
-0.243270
-0.244316
-0.246864
-0.250505
-0.254927
-0.259899
-0.265255
-0.270870
-0.276657
-0.282546
-0.288490
-0.294451
-0.300402
-0.306322
-0.312196
-0.318013
-0.323766
-0.329449
-0.335060
-0.340596
-0.346058
-0.351445
-0.356760
-0.362004
-0.367181
-0.372292
-0.377342
-0.382334
-0.387272
-0.392160
-0.397003
-0.401803
-0.406567
-0.411299
-0.416003
-0.420685
-0.425349
-0.429999
-0.434643
-0.439283
-0.443927
-0.448578
-0.453244
-0.457929
-0.462638
-0.467379
-0.472156
-0.476977
-0.481847
-0.486772
-0.491760
-0.496817
-0.501951
-0.507167
-0.512474
-0.517879
-0.523389
-0.529014
-0.534760
-0.540636
-0.546651
-0.552813
-0.559132
-0.565617
-0.572277
-0.579122
-0.586161
-0.593405
-0.600865
-0.608550
-0.616471
-0.624639
-0.633066
-0.641761
-0.650738
-0.660006
-0.669578
-0.679465
-0.689679
-0.700231
-0.711134
-0.722399
-0.734038
-0.746062
-0.758484
-0.771314
-0.784565
-0.798247
-0.812372
-0.826952
-0.841996
-0.857515
-0.873521
-0.890023
-0.907031
-0.924555
-0.942605
-0.961189
-0.980317
-0.999997
-0.247542
-0.248632
-0.251285
-0.255070
-0.259661
-0.264819
-0.270369
-0.276186
-0.282177
-0.288274
-0.294426
-0.300595
-0.306754
-0.312880
-0.318960
-0.324980
-0.330934
-0.336816
-0.342623
-0.348352
-0.354003
-0.359577
-0.365074
-0.370498
-0.375849
-0.381131
-0.386346
-0.391500
-0.396594
-0.401632
-0.406620
-0.411560
-0.416458
-0.421317
-0.426141
-0.430937
-0.435707
-0.440457
-0.445192
-0.449916
-0.454634
-0.459352
-0.464075
-0.468808
-0.473556
-0.478325
-0.483121
-0.487949
-0.492816
-0.497727
-0.502689
-0.507708
-0.512791
-0.517945
-0.523177
-0.528493
-0.533903
-0.539412
-0.545029
-0.550763
-0.556621
-0.562613
-0.568747
-0.575032
-0.581477
-0.588093
-0.594888
-0.601874
-0.609061
-0.616458
-0.624078
-0.631930
-0.640026
-0.648378
-0.656997
-0.665895
-0.675083
-0.684574
-0.694380
-0.704513
-0.714984
-0.725808
-0.736995
-0.748558
-0.760509
-0.772861
-0.785626
-0.798815
-0.812440
-0.826514
-0.841047
-0.856052
-0.871538
-0.887518
-0.904000
-0.920997
-0.938518
-0.956573
-0.975171
-0.994321
-0.251841
-0.252976
-0.255739
-0.259674
-0.264439
-0.269787
-0.275537
-0.281559
-0.287759
-0.294067
-0.300431
-0.306812
-0.313181
-0.319518
-0.325805
-0.332031
-0.338189
-0.344272
-0.350277
-0.356201
-0.362044
-0.367806
-0.373487
-0.379091
-0.384618
-0.390071
-0.395454
-0.400768
-0.406019
-0.411209
-0.416341
-0.421421
-0.426451
-0.431437
-0.436381
-0.441288
-0.446164
-0.451011
-0.455834
-0.460639
-0.465429
-0.470209
-0.474985
-0.479761
-0.484542
-0.489334
-0.494141
-0.498969
-0.503825
-0.508712
-0.513639
-0.518610
-0.523631
-0.528710
-0.533854
-0.539068
-0.544360
-0.549738
-0.555209
-0.560782
-0.566463
-0.572262
-0.578187
-0.584248
-0.590453
-0.596812
-0.603335
-0.610032
-0.616913
-0.623989
-0.631271
-0.638769
-0.646495
-0.654461
-0.662679
-0.671161
-0.679918
-0.688963
-0.698309
-0.707969
-0.717954
-0.728278
-0.738954
-0.749995
-0.761413
-0.773222
-0.785434
-0.798061
-0.811117
-0.824613
-0.838563
-0.852977
-0.867869
-0.883248
-0.899127
-0.915517
-0.932428
-0.949871
-0.967856
-0.986392
-0.256164
-0.257348
-0.260224
-0.264315
-0.269261
-0.274803
-0.280758
-0.286990
-0.293403
-0.299926
-0.306505
-0.313101
-0.319684
-0.326233
-0.332731
-0.339166
-0.345530
-0.351817
-0.358022
-0.364143
-0.370180
-0.376131
-0.381999
-0.387784
-0.393489
-0.399115
-0.404665
-0.410142
-0.415550
-0.420891
-0.426169
-0.431388
-0.436551
-0.441662
-0.446725
-0.451743
-0.456722
-0.461664
-0.466574
-0.471457
-0.476315
-0.481155
-0.485980
-0.490795
-0.495604
-0.500413
-0.505226
-0.510048
-0.514884
-0.519741
-0.524623
-0.529536
-0.534486
-0.539479
-0.544522
-0.549620
-0.554782
-0.560013
-0.565321
-0.570714
-0.576200
-0.581786
-0.587481
-0.593294
-0.599234
-0.605310
-0.611533
-0.617910
-0.624454
-0.631175
-0.638083
-0.645190
-0.652508
-0.660047
-0.667821
-0.675841
-0.684119
-0.692670
-0.701505
-0.710637
-0.720081
-0.729849
-0.739954
-0.750411
-0.761232
-0.772432
-0.784023
-0.796020
-0.808435
-0.821282
-0.834573
-0.848322
-0.862540
-0.877241
-0.892437
-0.908138
-0.924357
-0.941105
-0.958392
-0.976229
-0.260509
-0.261744
-0.264740
-0.268992
-0.274124
-0.279867
-0.286030
-0.292477
-0.299107
-0.305848
-0.312646
-0.319461
-0.326261
-0.333026
-0.339738
-0.346384
-0.352957
-0.359449
-0.365857
-0.372178
-0.378410
-0.384554
-0.390610
-0.396578
-0.402461
-0.408261
-0.413980
-0.419621
-0.425187
-0.430680
-0.436104
-0.441463
-0.446758
-0.451995
-0.457176
-0.462305
-0.467386
-0.472422
-0.477417
-0.482376
-0.487301
-0.492197
-0.497068
-0.501918
-0.506751
-0.511573
-0.516386
-0.521196
-0.526008
-0.530826
-0.535656
-0.540503
-0.545372
-0.550269
-0.555200
-0.560170
-0.565188
-0.570258
-0.575388
-0.580585
-0.585857
-0.591212
-0.596656
-0.602200
-0.607851
-0.613619
-0.619514
-0.625544
-0.631721
-0.638054
-0.644555
-0.651235
-0.658105
-0.665177
-0.672464
-0.679978
-0.687731
-0.695738
-0.704011
-0.712563
-0.721409
-0.730563
-0.740038
-0.749848
-0.760008
-0.770533
-0.781436
-0.792731
-0.804434
-0.816557
-0.829114
-0.842120
-0.855587
-0.869530
-0.883960
-0.898890
-0.914333
-0.930301
-0.946804
-0.963855
-0.264873
-0.266161
-0.269283
-0.273703
-0.279027
-0.284976
-0.291354
-0.298019
-0.304871
-0.311834
-0.318855
-0.325891
-0.332912
-0.339896
-0.346824
-0.353685
-0.360469
-0.367170
-0.373783
-0.380306
-0.386736
-0.393074
-0.399319
-0.405473
-0.411537
-0.417512
-0.423402
-0.429208
-0.434932
-0.440579
-0.446149
-0.451648
-0.457076
-0.462439
-0.467738
-0.472977
-0.478160
-0.483289
-0.488369
-0.493402
-0.498392
-0.503342
-0.508257
-0.513139
-0.517993
-0.522823
-0.527633
-0.532426
-0.537208
-0.541982
-0.546753
-0.551526
-0.556306
-0.561098
-0.565907
-0.570739
-0.575601
-0.580498
-0.585436
-0.590422
-0.595464
-0.600569
-0.605744
-0.610997
-0.616338
-0.621774
-0.627315
-0.632971
-0.638751
-0.644666
-0.650727
-0.656944
-0.663330
-0.669896
-0.676655
-0.683619
-0.690802
-0.698216
-0.705876
-0.713795
-0.721988
-0.730469
-0.739254
-0.748356
-0.757790
-0.767573
-0.777718
-0.788242
-0.799158
-0.810482
-0.822229
-0.834413
-0.847049
-0.860151
-0.873733
-0.887808
-0.902389
-0.917490
-0.933121
-0.949297
-0.269253
-0.270598
-0.273852
-0.278447
-0.283970
-0.290131
-0.296727
-0.303616
-0.310693
-0.317883
-0.325129
-0.332391
-0.339636
-0.346841
-0.353990
-0.361068
-0.368066
-0.374978
-0.381799
-0.388526
-0.395157
-0.401691
-0.408128
-0.414469
-0.420715
-0.426868
-0.432929
-0.438902
-0.444787
-0.450587
-0.456306
-0.461945
-0.467508
-0.472997
-0.478415
-0.483764
-0.489049
-0.494271
-0.499434
-0.504540
-0.509594
-0.514597
-0.519554
-0.524467
-0.529339
-0.534175
-0.538978
-0.543750
-0.548497
-0.553222
-0.557929
-0.562622
-0.567306
-0.571985
-0.576665
-0.581350
-0.586045
-0.590757
-0.595491
-0.600253
-0.605050
-0.609889
-0.614777
-0.619722
-0.624731
-0.629814
-0.634978
-0.640233
-0.645590
-0.651057
-0.656646
-0.662368
-0.668233
-0.674255
-0.680446
-0.686817
-0.693383
-0.700158
-0.707155
-0.714388
-0.721873
-0.729625
-0.737658
-0.745989
-0.754633
-0.763606
-0.772924
-0.782603
-0.792660
-0.803109
-0.813967
-0.825250
-0.836972
-0.849150
-0.861798
-0.874931
-0.888563
-0.902708
-0.917379
-0.932588
-0.273645
-0.275052
-0.278445
-0.283222
-0.288950
-0.295329
-0.302150
-0.309266
-0.316573
-0.323993
-0.331469
-0.338960
-0.346432
-0.353863
-0.361234
-0.368532
-0.375748
-0.382874
-0.389905
-0.396838
-0.403672
-0.410404
-0.417035
-0.423566
-0.429997
-0.436329
-0.442564
-0.448704
-0.454752
-0.460708
-0.466576
-0.472357
-0.478055
-0.483671
-0.489208
-0.494669
-0.500056
-0.505371
-0.510618
-0.515798
-0.520915
-0.525971
-0.530968
-0.535910
-0.540800
-0.545640
-0.550433
-0.555182
-0.559891
-0.564563
-0.569201
-0.573810
-0.578392
-0.582953
-0.587495
-0.592024
-0.596545
-0.601062
-0.605581
-0.610107
-0.614647
-0.619206
-0.623791
-0.628410
-0.633070
-0.637778
-0.642544
-0.647376
-0.652283
-0.657275
-0.662363
-0.667557
-0.672868
-0.678309
-0.683892
-0.689630
-0.695536
-0.701624
-0.707909
-0.714405
-0.721127
-0.728091
-0.735314
-0.742811
-0.750599
-0.758694
-0.767114
-0.775876
-0.784997
-0.794494
-0.804383
-0.814683
-0.825408
-0.836577
-0.848205
-0.860308
-0.872900
-0.885998
-0.899616
-0.913767
-0.278046
-0.279519
-0.283059
-0.288026
-0.293967
-0.300569
-0.307620
-0.314969
-0.322510
-0.330164
-0.337874
-0.345596
-0.353299
-0.360958
-0.368555
-0.376077
-0.383513
-0.390855
-0.398100
-0.405243
-0.412281
-0.419215
-0.426042
-0.432765
-0.439382
-0.445896
-0.452307
-0.458617
-0.464828
-0.470942
-0.476961
-0.482886
-0.488721
-0.494465
-0.500123
-0.505696
-0.511186
-0.516596
-0.521927
-0.527181
-0.532361
-0.537470
-0.542508
-0.547479
-0.552384
-0.557227
-0.562010
-0.566734
-0.571403
-0.576020
-0.580586
-0.585107
-0.589583
-0.594020
-0.598420
-0.602788
-0.607127
-0.611442
-0.615737
-0.620017
-0.624288
-0.628555
-0.632824
-0.637103
-0.641396
-0.645713
-0.650060
-0.654447
-0.658881
-0.663372
-0.667931
-0.672568
-0.677293
-0.682119
-0.687057
-0.692121
-0.697325
-0.702681
-0.708205
-0.713912
-0.719818
-0.725939
-0.732290
-0.738891
-0.745757
-0.752906
-0.760357
-0.768128
-0.776237
-0.784702
-0.793541
-0.802774
-0.812417
-0.822489
-0.833007
-0.843988
-0.855450
-0.867408
-0.879879
-0.892876
-0.282452
-0.283995
-0.287692
-0.292858
-0.299018
-0.305851
-0.313136
-0.320723
-0.328502
-0.336395
-0.344342
-0.352301
-0.360237
-0.368128
-0.375954
-0.383702
-0.391361
-0.398923
-0.406384
-0.413738
-0.420985
-0.428122
-0.435149
-0.442065
-0.448871
-0.455569
-0.462158
-0.468641
-0.475018
-0.481292
-0.487463
-0.493535
-0.499507
-0.505382
-0.511163
-0.516849
-0.522444
-0.527949
-0.533366
-0.538695
-0.543940
-0.549102
-0.554182
-0.559182
-0.564104
-0.568950
-0.573721
-0.578420
-0.583048
-0.587608
-0.592102
-0.596532
-0.600900
-0.605210
-0.609464
-0.613666
-0.617818
-0.621924
-0.625989
-0.630015
-0.634009
-0.637974
-0.641916
-0.645841
-0.649754
-0.653663
-0.657575
-0.661497
-0.665438
-0.669405
-0.673410
-0.677462
-0.681571
-0.685749
-0.690008
-0.694361
-0.698821
-0.703402
-0.708119
-0.712987
-0.718024
-0.723244
-0.728666
-0.734307
-0.740185
-0.746320
-0.752730
-0.759434
-0.766453
-0.773805
-0.781512
-0.789591
-0.798064
-0.806949
-0.816266
-0.826033
-0.836268
-0.846991
-0.858216
-0.869962
-0.286858
-0.288479
-0.292342
-0.297717
-0.304104
-0.311173
-0.318699
-0.326528
-0.334550
-0.342685
-0.350873
-0.359071
-0.367245
-0.375371
-0.383430
-0.391407
-0.399291
-0.407076
-0.414756
-0.422325
-0.429782
-0.437126
-0.444354
-0.451467
-0.458465
-0.465349
-0.472119
-0.478776
-0.485322
-0.491758
-0.498085
-0.504304
-0.510417
-0.516425
-0.522330
-0.528132
-0.533834
-0.539437
-0.544941
-0.550348
-0.555659
-0.560875
-0.565998
-0.571029
-0.575969
-0.580819
-0.585580
-0.590254
-0.594842
-0.599345
-0.603765
-0.608104
-0.612364
-0.616545
-0.620651
-0.624684
-0.628646
-0.632540
-0.636369
-0.640136
-0.643846
-0.647501
-0.651107
-0.654669
-0.658191
-0.661679
-0.665141
-0.668582
-0.672011
-0.675435
-0.678863
-0.682305
-0.685770
-0.689271
-0.692818
-0.696424
-0.700102
-0.703866
-0.707731
-0.711713
-0.715827
-0.720092
-0.724525
-0.729144
-0.733970
-0.739020
-0.744316
-0.749878
-0.755728
-0.761886
-0.768373
-0.775212
-0.782424
-0.790030
-0.798050
-0.806506
-0.815417
-0.824804
-0.834685
-0.845078
-0.291261
-0.292966
-0.297006
-0.302599
-0.309222
-0.316534
-0.324306
-0.332382
-0.340652
-0.349033
-0.357466
-0.365907
-0.374322
-0.382687
-0.390981
-0.399190
-0.407304
-0.415314
-0.423215
-0.431003
-0.438674
-0.446226
-0.453659
-0.460971
-0.468164
-0.475236
-0.482190
-0.489025
-0.495742
-0.502342
-0.508827
-0.515196
-0.521453
-0.527596
-0.533628
-0.539549
-0.545361
-0.551063
-0.556657
-0.562144
-0.567523
-0.572797
-0.577966
-0.583030
-0.587989
-0.592845
-0.597598
-0.602249
-0.606798
-0.611247
-0.615595
-0.619844
-0.623995
-0.628048
-0.632006
-0.635869
-0.639640
-0.643320
-0.646911
-0.650416
-0.653837
-0.657178
-0.660442
-0.663633
-0.666755
-0.669813
-0.672813
-0.675760
-0.678661
-0.681524
-0.684357
-0.687167
-0.689965
-0.692761
-0.695566
-0.698392
-0.701252
-0.704160
-0.707130
-0.710179
-0.713322
-0.716578
-0.719964
-0.723500
-0.727206
-0.731103
-0.735212
-0.739555
-0.744154
-0.749033
-0.754215
-0.759723
-0.765580
-0.771810
-0.778435
-0.785480
-0.792965
-0.800912
-0.809344
-0.818279
-0.295654
-0.297453
-0.301683
-0.307505
-0.314372
-0.321933
-0.329957
-0.338286
-0.346806
-0.355438
-0.364120
-0.372808
-0.381467
-0.390073
-0.398606
-0.407051
-0.415398
-0.423637
-0.431762
-0.439770
-0.447658
-0.455422
-0.463062
-0.470577
-0.477967
-0.485232
-0.492371
-0.499386
-0.506277
-0.513045
-0.519691
-0.526214
-0.532617
-0.538899
-0.545061
-0.551104
-0.557027
-0.562833
-0.568520
-0.574090
-0.579542
-0.584876
-0.590093
-0.595193
-0.600176
-0.605041
-0.609790
-0.614420
-0.618934
-0.623330
-0.627609
-0.631770
-0.635815
-0.639742
-0.643554
-0.647249
-0.650830
-0.654296
-0.657649
-0.660891
-0.664023
-0.667047
-0.669965
-0.672781
-0.675497
-0.678118
-0.680648
-0.683091
-0.685454
-0.687742
-0.689963
-0.692123
-0.694233
-0.696301
-0.698338
-0.700355
-0.702364
-0.704379
-0.706414
-0.708486
-0.710610
-0.712804
-0.715087
-0.717479
-0.720001
-0.722675
-0.725522
-0.728568
-0.731835
-0.735349
-0.739134
-0.743217
-0.747623
-0.752377
-0.757506
-0.763034
-0.768986
-0.775387
-0.782259
-0.789627
-0.300033
-0.301935
-0.306370
-0.312432
-0.319552
-0.327369
-0.335651
-0.344236
-0.353013
-0.361899
-0.370834
-0.379772
-0.388680
-0.397531
-0.406306
-0.414990
-0.423572
-0.432042
-0.440396
-0.448628
-0.456735
-0.464714
-0.472565
-0.480285
-0.487875
-0.495335
-0.502664
-0.509862
-0.516931
-0.523869
-0.530679
-0.537360
-0.543912
-0.550335
-0.556631
-0.562799
-0.568839
-0.574751
-0.580536
-0.586192
-0.591720
-0.597119
-0.602389
-0.607529
-0.612540
-0.617419
-0.622166
-0.626781
-0.631263
-0.635611
-0.639825
-0.643904
-0.647846
-0.651652
-0.655320
-0.658852
-0.662245
-0.665501
-0.668619
-0.671599
-0.674442
-0.677150
-0.679723
-0.682163
-0.684471
-0.686652
-0.688707
-0.690640
-0.692456
-0.694160
-0.695757
-0.697254
-0.698658
-0.699979
-0.701225
-0.702407
-0.703536
-0.704626
-0.705689
-0.706743
-0.707802
-0.708885
-0.710010
-0.711199
-0.712473
-0.713854
-0.715366
-0.717034
-0.718885
-0.720945
-0.723242
-0.725802
-0.728656
-0.731830
-0.735354
-0.739256
-0.743563
-0.748303
-0.753502
-0.759185
-0.304391
-0.306410
-0.311064
-0.317380
-0.324761
-0.332842
-0.341386
-0.350234
-0.359271
-0.368415
-0.377607
-0.386799
-0.395958
-0.405058
-0.414079
-0.423005
-0.431825
-0.440531
-0.449116
-0.457575
-0.465904
-0.474102
-0.482166
-0.490095
-0.497889
-0.505546
-0.513068
-0.520453
-0.527702
-0.534815
-0.541793
-0.548634
-0.555339
-0.561909
-0.568342
-0.574639
-0.580800
-0.586823
-0.592709
-0.598457
-0.604065
-0.609534
-0.614862
-0.620047
-0.625090
-0.629988
-0.634740
-0.639346
-0.643802
-0.648108
-0.652262
-0.656264
-0.660110
-0.663800
-0.667331
-0.670704
-0.673916
-0.676966
-0.679854
-0.682578
-0.685137
-0.687533
-0.689763
-0.691829
-0.693732
-0.695472
-0.697052
-0.698473
-0.699738
-0.700852
-0.701818
-0.702642
-0.703329
-0.703888
-0.704325
-0.704651
-0.704875
-0.705011
-0.705070
-0.705068
-0.705020
-0.704945
-0.704861
-0.704789
-0.704751
-0.704770
-0.704873
-0.705085
-0.705434
-0.705949
-0.706660
-0.707597
-0.708792
-0.710277
-0.712083
-0.714242
-0.716786
-0.719744
-0.723147
-0.727024
-0.308720
-0.310871
-0.315764
-0.322346
-0.329998
-0.338350
-0.347162
-0.356277
-0.365579
-0.374986
-0.384438
-0.393888
-0.403302
-0.412654
-0.421923
-0.431095
-0.440157
-0.449101
-0.457921
-0.466610
-0.475165
-0.483584
-0.491865
-0.500006
-0.508007
-0.515866
-0.523584
-0.531160
-0.538593
-0.545884
-0.553033
-0.560039
-0.566901
-0.573621
-0.580196
-0.586627
-0.592913
-0.599052
-0.605045
-0.610889
-0.616584
-0.622127
-0.627519
-0.632756
-0.637838
-0.642761
-0.647525
-0.652127
-0.656565
-0.660836
-0.664939
-0.668870
-0.672628
-0.676209
-0.679612
-0.682835
-0.685873
-0.688726
-0.691391
-0.693866
-0.696150
-0.698239
-0.700134
-0.701833
-0.703335
-0.704639
-0.705747
-0.706659
-0.707375
-0.707898
-0.708231
-0.708376
-0.708340
-0.708126
-0.707743
-0.707196
-0.706497
-0.705654
-0.704681
-0.703591
-0.702399
-0.701122
-0.699779
-0.698391
-0.696980
-0.695571
-0.694190
-0.692864
-0.691624
-0.690500
-0.689526
-0.688735
-0.688161
-0.687840
-0.687808
-0.688100
-0.688753
-0.689800
-0.691277
-0.693216
-0.313013
-0.315316
-0.320467
-0.327330
-0.335263
-0.343891
-0.352979
-0.362364
-0.371936
-0.381610
-0.391326
-0.401037
-0.410710
-0.420318
-0.429839
-0.439260
-0.448568
-0.457753
-0.466810
-0.475733
-0.484517
-0.493161
-0.501662
-0.510019
-0.518230
-0.526295
-0.534212
-0.541982
-0.549604
-0.557077
-0.564401
-0.571576
-0.578600
-0.585474
-0.592197
-0.598766
-0.605182
-0.611443
-0.617548
-0.623494
-0.629281
-0.634907
-0.640368
-0.645664
-0.650792
-0.655748
-0.660532
-0.665138
-0.669566
-0.673811
-0.677871
-0.681742
-0.685421
-0.688905
-0.692189
-0.695271
-0.698147
-0.700813
-0.703266
-0.705503
-0.707521
-0.709316
-0.710885
-0.712226
-0.713337
-0.714215
-0.714859
-0.715268
-0.715441
-0.715379
-0.715081
-0.714550
-0.713788
-0.712799
-0.711588
-0.710160
-0.708523
-0.706685
-0.704657
-0.702452
-0.700083
-0.697566
-0.694920
-0.692165
-0.689322
-0.686419
-0.683480
-0.680536
-0.677618
-0.674760
-0.671997
-0.669366
-0.666905
-0.664656
-0.662657
-0.660949
-0.659573
-0.658570
-0.657979
-0.657838
-0.317260
-0.319739
-0.325172
-0.332330
-0.340554
-0.349467
-0.358834
-0.368496
-0.378341
-0.388286
-0.398270
-0.408247
-0.418182
-0.428048
-0.437826
-0.447499
-0.457055
-0.466485
-0.475783
-0.484942
-0.493960
-0.502832
-0.511557
-0.520133
-0.528558
-0.536831
-0.544952
-0.552920
-0.560734
-0.568394
-0.575898
-0.583247
-0.590438
-0.597471
-0.604346
-0.611059
-0.617611
-0.624000
-0.630223
-0.636278
-0.642164
-0.647878
-0.653418
-0.658780
-0.663962
-0.668960
-0.673772
-0.678393
-0.682820
-0.687050
-0.691077
-0.694899
-0.698511
-0.701908
-0.705086
-0.708040
-0.710766
-0.713259
-0.715514
-0.717527
-0.719293
-0.720807
-0.722065
-0.723063
-0.723797
-0.724262
-0.724455
-0.724374
-0.724016
-0.723378
-0.722459
-0.721259
-0.719778
-0.718016
-0.715978
-0.713666
-0.711084
-0.708241
-0.705144
-0.701803
-0.698231
-0.694442
-0.690453
-0.686284
-0.681956
-0.677495
-0.672928
-0.668285
-0.663599
-0.658907
-0.654247
-0.649660
-0.645189
-0.640878
-0.636772
-0.632920
-0.629367
-0.626161
-0.623347
-0.620969
-0.321451
-0.324135
-0.329877
-0.337346
-0.345870
-0.355074
-0.364727
-0.374670
-0.384793
-0.395012
-0.405268
-0.415514
-0.425715
-0.435844
-0.445881
-0.455810
-0.465618
-0.475297
-0.484839
-0.494239
-0.503492
-0.512596
-0.521548
-0.530347
-0.538990
-0.547476
-0.555805
-0.563975
-0.571986
-0.579836
-0.587525
-0.595052
-0.602415
-0.609613
-0.616645
-0.623509
-0.630203
-0.636726
-0.643074
-0.649246
-0.655238
-0.661049
-0.666674
-0.672112
-0.677357
-0.682406
-0.687256
-0.691903
-0.696341
-0.700566
-0.704574
-0.708359
-0.711916
-0.715241
-0.718327
-0.721168
-0.723760
-0.726096
-0.728169
-0.729975
-0.731507
-0.732758
-0.733723
-0.734396
-0.734771
-0.734842
-0.734603
-0.734050
-0.733177
-0.731981
-0.730457
-0.728602
-0.726414
-0.723892
-0.721035
-0.717843
-0.714320
-0.710469
-0.706296
-0.701808
-0.697015
-0.691930
-0.686567
-0.680944
-0.675081
-0.669004
-0.662740
-0.656318
-0.649775
-0.643149
-0.636480
-0.629814
-0.623198
-0.616682
-0.610320
-0.604164
-0.598269
-0.592690
-0.587481
-0.582694
-0.325573
-0.328501
-0.334580
-0.342378
-0.351211
-0.360713
-0.370657
-0.380886
-0.391291
-0.401789
-0.412321
-0.422840
-0.433310
-0.443705
-0.454004
-0.464192
-0.474256
-0.484186
-0.493976
-0.503620
-0.513113
-0.522453
-0.531636
-0.540661
-0.549526
-0.558229
-0.566770
-0.575146
-0.583358
-0.591404
-0.599283
-0.606993
-0.614533
-0.621902
-0.629098
-0.636118
-0.642961
-0.649624
-0.656105
-0.662400
-0.668508
-0.674423
-0.680144
-0.685666
-0.690985
-0.696096
-0.700996
-0.705679
-0.710140
-0.714374
-0.718376
-0.722139
-0.725658
-0.728925
-0.731936
-0.734682
-0.737157
-0.739354
-0.741266
-0.742885
-0.744203
-0.745214
-0.745908
-0.746279
-0.746318
-0.746018
-0.745371
-0.744369
-0.743007
-0.741275
-0.739169
-0.736681
-0.733808
-0.730544
-0.726885
-0.722830
-0.718377
-0.713526
-0.708281
-0.702644
-0.696623
-0.690226
-0.683466
-0.676358
-0.668920
-0.661175
-0.653149
-0.644874
-0.636384
-0.627720
-0.618926
-0.610051
-0.601148
-0.592273
-0.583486
-0.574850
-0.566429
-0.558288
-0.550490
-0.543099
-0.329611
-0.332832
-0.339282
-0.347424
-0.356577
-0.366384
-0.376623
-0.387142
-0.397834
-0.408615
-0.419426
-0.430221
-0.440964
-0.451629
-0.462194
-0.472645
-0.482967
-0.493153
-0.503194
-0.513086
-0.522822
-0.532401
-0.541819
-0.551074
-0.560165
-0.569089
-0.577846
-0.586434
-0.594852
-0.603098
-0.611172
-0.619071
-0.626794
-0.634339
-0.641704
-0.648888
-0.655886
-0.662698
-0.669319
-0.675746
-0.681977
-0.688008
-0.693833
-0.699450
-0.704853
-0.710038
-0.715000
-0.719733
-0.724231
-0.728488
-0.732499
-0.736256
-0.739752
-0.742981
-0.745934
-0.748605
-0.750984
-0.753064
-0.754837
-0.756292
-0.757422
-0.758216
-0.758666
-0.758761
-0.758493
-0.757851
-0.756825
-0.755406
-0.753583
-0.751348
-0.748690
-0.745600
-0.742071
-0.738094
-0.733661
-0.728767
-0.723407
-0.717577
-0.711274
-0.704499
-0.697255
-0.689544
-0.681377
-0.672763
-0.663719
-0.654264
-0.644421
-0.634222
-0.623699
-0.612896
-0.601857
-0.590636
-0.579291
-0.567887
-0.556492
-0.545178
-0.534022
-0.523101
-0.512493
-0.502273
-0.333546
-0.337123
-0.343982
-0.352486
-0.361967
-0.372084
-0.382624
-0.393439
-0.404420
-0.415489
-0.426583
-0.437658
-0.448677
-0.459615
-0.470450
-0.481167
-0.491752
-0.502196
-0.512492
-0.522635
-0.532618
-0.542440
-0.552096
-0.561586
-0.570907
-0.580056
-0.589034
-0.597837
-0.606466
-0.614918
-0.623191
-0.631285
-0.639197
-0.646925
-0.654467
-0.661820
-0.668982
-0.675949
-0.682719
-0.689288
-0.695651
-0.701806
-0.707747
-0.713470
-0.718970
-0.724241
-0.729277
-0.734074
-0.738623
-0.742920
-0.746956
-0.750724
-0.754217
-0.757426
-0.760344
-0.762960
-0.765267
-0.767254
-0.768912
-0.770230
-0.771199
-0.771806
-0.772042
-0.771894
-0.771352
-0.770402
-0.769032
-0.767231
-0.764986
-0.762285
-0.759114
-0.755462
-0.751316
-0.746665
-0.741497
-0.735802
-0.729570
-0.722793
-0.715463
-0.707576
-0.699127
-0.690116
-0.680546
-0.670423
-0.659756
-0.648560
-0.636857
-0.624671
-0.612037
-0.598993
-0.585589
-0.571879
-0.557928
-0.543808
-0.529597
-0.515381
-0.501250
-0.487298
-0.473620
-0.460310
-0.337358
-0.341372
-0.348681
-0.357563
-0.367381
-0.377814
-0.388660
-0.399774
-0.411050
-0.422409
-0.433790
-0.445148
-0.456448
-0.467662
-0.478771
-0.489756
-0.500608
-0.511314
-0.521869
-0.532265
-0.542500
-0.552568
-0.562467
-0.572195
-0.581750
-0.591129
-0.600332
-0.609356
-0.618201
-0.626863
-0.635343
-0.643637
-0.651744
-0.659661
-0.667386
-0.674917
-0.682249
-0.689381
-0.696308
-0.703027
-0.709533
-0.715823
-0.721890
-0.727731
-0.733340
-0.738710
-0.743836
-0.748711
-0.753328
-0.757680
-0.761760
-0.765559
-0.769068
-0.772279
-0.775183
-0.777769
-0.780028
-0.781949
-0.783520
-0.784732
-0.785570
-0.786024
-0.786080
-0.785725
-0.784945
-0.783727
-0.782055
-0.779916
-0.777293
-0.774171
-0.770535
-0.766369
-0.761656
-0.756381
-0.750529
-0.744083
-0.737029
-0.729353
-0.721042
-0.712084
-0.702469
-0.692189
-0.681241
-0.669622
-0.657336
-0.644389
-0.630797
-0.616579
-0.601764
-0.586388
-0.570499
-0.554154
-0.537421
-0.520380
-0.503120
-0.485742
-0.468356
-0.451075
-0.434018
-0.417304
-0.341018
-0.345577
-0.353380
-0.362656
-0.372818
-0.383573
-0.394729
-0.406146
-0.417721
-0.429374
-0.441046
-0.452691
-0.464275
-0.475769
-0.487154
-0.498413
-0.509533
-0.520506
-0.531322
-0.541977
-0.552466
-0.562785
-0.572931
-0.582901
-0.592694
-0.602308
-0.611740
-0.620990
-0.630055
-0.638934
-0.647625
-0.656126
-0.664434
-0.672547
-0.680463
-0.688178
-0.695690
-0.702994
-0.710088
-0.716967
-0.723626
-0.730061
-0.736267
-0.742238
-0.747968
-0.753452
-0.758682
-0.763652
-0.768354
-0.772780
-0.776922
-0.780771
-0.784319
-0.787555
-0.790469
-0.793051
-0.795289
-0.797173
-0.798689
-0.799825
-0.800568
-0.800904
-0.800819
-0.800297
-0.799323
-0.797881
-0.795954
-0.793525
-0.790576
-0.787088
-0.783043
-0.778420
-0.773201
-0.767365
-0.760891
-0.753759
-0.745948
-0.737438
-0.728210
-0.718243
-0.707522
-0.696028
-0.683750
-0.670675
-0.656797
-0.642114
-0.626630
-0.610355
-0.593310
-0.575525
-0.557041
-0.537914
-0.518214
-0.498027
-0.477454
-0.456614
-0.435637
-0.414668
-0.393855
-0.373353
-0.344493
-0.349736
-0.358082
-0.367766
-0.378279
-0.389361
-0.400831
-0.412555
-0.424432
-0.436383
-0.448350
-0.460286
-0.472156
-0.483934
-0.495599
-0.507135
-0.518528
-0.529769
-0.540852
-0.551769
-0.562516
-0.573089
-0.583485
-0.593703
-0.603738
-0.613591
-0.623258
-0.632738
-0.642029
-0.651130
-0.660038
-0.668751
-0.677267
-0.685583
-0.693697
-0.701605
-0.709304
-0.716791
-0.724060
-0.731109
-0.737932
-0.744524
-0.750880
-0.756994
-0.762861
-0.768472
-0.773822
-0.778903
-0.783707
-0.788226
-0.792451
-0.796373
-0.799981
-0.803266
-0.806217
-0.808822
-0.811070
-0.812947
-0.814441
-0.815537
-0.816222
-0.816480
-0.816295
-0.815651
-0.814530
-0.812914
-0.810785
-0.808122
-0.804905
-0.801112
-0.796722
-0.791712
-0.786057
-0.779733
-0.772715
-0.764976
-0.756490
-0.747230
-0.737169
-0.726280
-0.714535
-0.701909
-0.688378
-0.673918
-0.658510
-0.642138
-0.624793
-0.606471
-0.587179
-0.566932
-0.545763
-0.523718
-0.500865
-0.477290
-0.453106
-0.428449
-0.403479
-0.378375
-0.353333
-0.328556
-0.347741
-0.353855
-0.362790
-0.372894
-0.383763
-0.395175
-0.406964
-0.419000
-0.431183
-0.443436
-0.455700
-0.467930
-0.480091
-0.492157
-0.504105
-0.515920
-0.527590
-0.539104
-0.550456
-0.561638
-0.572647
-0.583479
-0.594130
-0.604598
-0.614881
-0.624977
-0.634883
-0.644599
-0.654121
-0.663450
-0.672581
-0.681513
-0.690243
-0.698770
-0.707089
-0.715198
-0.723093
-0.730770
-0.738225
-0.745454
-0.752452
-0.759213
-0.765732
-0.772003
-0.778020
-0.783775
-0.789261
-0.794471
-0.799396
-0.804027
-0.808356
-0.812372
-0.816066
-0.819426
-0.822440
-0.825098
-0.827385
-0.829289
-0.830796
-0.831891
-0.832557
-0.832780
-0.832541
-0.831822
-0.830606
-0.828871
-0.826596
-0.823761
-0.820341
-0.816314
-0.811653
-0.806331
-0.800323
-0.793597
-0.786125
-0.777874
-0.768813
-0.758906
-0.748120
-0.736417
-0.723762
-0.710116
-0.695443
-0.679707
-0.662871
-0.644904
-0.625775
-0.605463
-0.583953
-0.561239
-0.537332
-0.512262
-0.486080
-0.458869
-0.430743
-0.401855
-0.372394
-0.342591
-0.312705
-0.283014
-0.350709
-0.357940
-0.367511
-0.378042
-0.389271
-0.401017
-0.413128
-0.425478
-0.437971
-0.450529
-0.463095
-0.475623
-0.488078
-0.500434
-0.512669
-0.524768
-0.536717
-0.548508
-0.560132
-0.571584
-0.582859
-0.593953
-0.604863
-0.615586
-0.626120
-0.636464
-0.646615
-0.656571
-0.666331
-0.675892
-0.685253
-0.694410
-0.703362
-0.712106
-0.720638
-0.728956
-0.737056
-0.744933
-0.752584
-0.760004
-0.767188
-0.774130
-0.780825
-0.787267
-0.793448
-0.799362
-0.805001
-0.810358
-0.815423
-0.820188
-0.824642
-0.828777
-0.832581
-0.836042
-0.839149
-0.841890
-0.844250
-0.846216
-0.847773
-0.848905
-0.849595
-0.849828
-0.849583
-0.848842
-0.847585
-0.845789
-0.843433
-0.840492
-0.836941
-0.832755
-0.827903
-0.822358
-0.816087
-0.809059
-0.801237
-0.792585
-0.783065
-0.772635
-0.761253
-0.748873
-0.735449
-0.720932
-0.705269
-0.688409
-0.670299
-0.650884
-0.630113
-0.607935
-0.584306
-0.559189
-0.532561
-0.504416
-0.474776
-0.443696
-0.411277
-0.377675
-0.343110
-0.307871
-0.272312
-0.236831
-0.353327
-0.362005
-0.372251
-0.383213
-0.394803
-0.406885
-0.419321
-0.431990
-0.444796
-0.457664
-0.470534
-0.483363
-0.496116
-0.508766
-0.521291
-0.533677
-0.545909
-0.557980
-0.569881
-0.581605
-0.593150
-0.604510
-0.615682
-0.626665
-0.637456
-0.648052
-0.658452
-0.668654
-0.678656
-0.688456
-0.698052
-0.707441
-0.716622
-0.725590
-0.734344
-0.742879
-0.751192
-0.759279
-0.767136
-0.774758
-0.782139
-0.789275
-0.796159
-0.802785
-0.809147
-0.815236
-0.821046
-0.826568
-0.831793
-0.836712
-0.841315
-0.845592
-0.849532
-0.853122
-0.856352
-0.859207
-0.861673
-0.863737
-0.865383
-0.866594
-0.867353
-0.867643
-0.867443
-0.866734
-0.865495
-0.863701
-0.861330
-0.858355
-0.854751
-0.850487
-0.845534
-0.839859
-0.833429
-0.826205
-0.818151
-0.809223
-0.799378
-0.788568
-0.776744
-0.763851
-0.749833
-0.734627
-0.718170
-0.700391
-0.681217
-0.660572
-0.638376
-0.614545
-0.588996
-0.561649
-0.532429
-0.501273
-0.468143
-0.433034
-0.395994
-0.357148
-0.316722
-0.275063
-0.232659
-0.190112
-0.355508
-0.366076
-0.377018
-0.388407
-0.400358
-0.412779
-0.425543
-0.438534
-0.451657
-0.464837
-0.478016
-0.491149
-0.504203
-0.517150
-0.529969
-0.542644
-0.555164
-0.567518
-0.579698
-0.591700
-0.603518
-0.615148
-0.626587
-0.637834
-0.648885
-0.659738
-0.670392
-0.680845
-0.691095
-0.701140
-0.710977
-0.720605
-0.730021
-0.739221
-0.748204
-0.756965
-0.765501
-0.773807
-0.781880
-0.789715
-0.797306
-0.804647
-0.811734
-0.818559
-0.825116
-0.831397
-0.837395
-0.843101
-0.848506
-0.853601
-0.858376
-0.862820
-0.866922
-0.870671
-0.874052
-0.877054
-0.879662
-0.881862
-0.883636
-0.884969
-0.885843
-0.886240
-0.886138
-0.885518
-0.884357
-0.882630
-0.880315
-0.877382
-0.873805
-0.869552
-0.864592
-0.858890
-0.852409
-0.845109
-0.836949
-0.827884
-0.817864
-0.806836
-0.794745
-0.781528
-0.767120
-0.751448
-0.734434
-0.715993
-0.696033
-0.674451
-0.651140
-0.625980
-0.598842
-0.569590
-0.538081
-0.504170
-0.467717
-0.428603
-0.386752
-0.342171
-0.295002
-0.245597
-0.194596
-0.142963
-0.357134
-0.370192
-0.381823
-0.393626
-0.405936
-0.418697
-0.431793
-0.445109
-0.458551
-0.472047
-0.485538
-0.498979
-0.512337
-0.525584
-0.538701
-0.551670
-0.564479
-0.577120
-0.589584
-0.601866
-0.613961
-0.625865
-0.637575
-0.649090
-0.660405
-0.671521
-0.682434
-0.693143
-0.703647
-0.713942
-0.724027
-0.733900
-0.743558
-0.752998
-0.762218
-0.771213
-0.779980
-0.788516
-0.796815
-0.804874
-0.812686
-0.820246
-0.827549
-0.834588
-0.841356
-0.847845
-0.854049
-0.859958
-0.865563
-0.870856
-0.875826
-0.880462
-0.884754
-0.888689
-0.892254
-0.895436
-0.898221
-0.900593
-0.902538
-0.904037
-0.905072
-0.905626
-0.905676
-0.905203
-0.904183
-0.902593
-0.900405
-0.897593
-0.894128
-0.889978
-0.885109
-0.879487
-0.873072
-0.865822
-0.857695
-0.848640
-0.838607
-0.827539
-0.815374
-0.802045
-0.787480
-0.771596
-0.754306
-0.735512
-0.715104
-0.692960
-0.668944
-0.642903
-0.614664
-0.584031
-0.550783
-0.514671
-0.475416
-0.432715
-0.386257
-0.335758
-0.281041
-0.222193
-0.159834
-0.095489
-0.358053
-0.374412
-0.386674
-0.398872
-0.411536
-0.424639
-0.438068
-0.451712
-0.465478
-0.479293
-0.493099
-0.506852
-0.520517
-0.534069
-0.547485
-0.560751
-0.573854
-0.586785
-0.599536
-0.612102
-0.624478
-0.636660
-0.648645
-0.660431
-0.672016
-0.683398
-0.694576
-0.705546
-0.716308
-0.726860
-0.737199
-0.747323
-0.757231
-0.766918
-0.776382
-0.785620
-0.794628
-0.803403
-0.811939
-0.820232
-0.828277
-0.836069
-0.843602
-0.850869
-0.857863
-0.864578
-0.871005
-0.877136
-0.882963
-0.888475
-0.893664
-0.898517
-0.903025
-0.907175
-0.910955
-0.914351
-0.917348
-0.919932
-0.922087
-0.923796
-0.925041
-0.925803
-0.926061
-0.925795
-0.924980
-0.923593
-0.921609
-0.918998
-0.915732
-0.911778
-0.907104
-0.901671
-0.895443
-0.888375
-0.880422
-0.871536
-0.861661
-0.850740
-0.838709
-0.825497
-0.811027
-0.795214
-0.777962
-0.759164
-0.738702
-0.716440
-0.692222
-0.665872
-0.637183
-0.605911
-0.571770
-0.534412
-0.493415
-0.448257
-0.398286
-0.342699
-0.280529
-0.210754
-0.132750
-0.047799
-0.358064
-0.378827
-0.391580
-0.404146
-0.417159
-0.430604
-0.444369
-0.458344
-0.472437
-0.486574
-0.500699
-0.514766
-0.528742
-0.542600
-0.556320
-0.569886
-0.583286
-0.596511
-0.609552
-0.622406
-0.635066
-0.647529
-0.659794
-0.671856
-0.683715
-0.695368
-0.706814
-0.718051
-0.729078
-0.739892
-0.750491
-0.760873
-0.771037
-0.780978
-0.790695
-0.800185
-0.809443
-0.818465
-0.827248
-0.835788
-0.844078
-0.852114
-0.859889
-0.867399
-0.874635
-0.881591
-0.888260
-0.894632
-0.900700
-0.906454
-0.911885
-0.916981
-0.921733
-0.926127
-0.930152
-0.933794
-0.937040
-0.939874
-0.942282
-0.944245
-0.945747
-0.946768
-0.947289
-0.947288
-0.946743
-0.945630
-0.943923
-0.941594
-0.938614
-0.934952
-0.930575
-0.925446
-0.919525
-0.912772
-0.905141
-0.896582
-0.887042
-0.876463
-0.864780
-0.851923
-0.837814
-0.822368
-0.805487
-0.787064
-0.766977
-0.745088
-0.721236
-0.695238
-0.666876
-0.635892
-0.601973
-0.564733
-0.523682
-0.478175
-0.427327
-0.369850
-0.303725
-0.225497
-0.128684
-0.000001
