-0.001180
-0.001169
-0.001139
-0.001091
-0.001023
-0.000935
-0.000822
-0.000682
-0.000511
-0.000304
-0.000057
0.000236
0.000580
0.000981
0.001444
0.001977
0.002585
0.003276
0.004056
0.004932
0.005911
0.007002
0.008211
0.009547
0.011016
0.012628
0.014389
0.016309
0.018394
0.020654
0.023096
0.025728
0.028559
0.031597
0.034850
0.038326
0.042033
0.045979
0.050173
0.054622
0.059334
0.064317
0.069578
0.075125
0.080965
0.087106
0.093555
0.100319
0.107405
0.114819
0.122568
0.130659
0.139098
0.147891
0.157043
0.166562
0.176451
0.186717
0.197365
0.208399
0.219826
0.231648
0.243872
0.256500
0.269538
0.282989
0.296856
0.311144
0.325856
0.340995
0.356565
0.372567
0.389005
0.405882
0.423199
0.440960
0.459166
0.477820
0.496923
0.516478
0.536485
0.556947
0.577866
0.599242
0.621077
0.643373
0.666131
0.689352
0.713037
0.737187
0.761804
0.786889
0.812443
0.838466
0.864961
0.891928
0.919369
0.947285
0.975676
1.004545
-0.001183
-0.001173
-0.001143
-0.001094
-0.001027
-0.000938
-0.000825
-0.000685
-0.000514
-0.000307
-0.000059
0.000234
0.000578
0.000979
0.001442
0.001975
0.002584
0.003274
0.004054
0.004930
0.005910
0.007000
0.008209
0.009544
0.011013
0.012624
0.014385
0.016303
0.018388
0.020646
0.023087
0.025717
0.028547
0.031582
0.034833
0.038306
0.042011
0.045954
0.050145
0.054590
0.059298
0.064276
0.069533
0.075075
0.080910
0.087045
0.093488
0.100246
0.107324
0.114731
0.122473
0.130555
0.138985
0.147769
0.156912
0.166420
0.176299
0.186553
0.197189
0.208212
0.219625
0.231435
0.243644
0.256258
0.269281
0.282716
0.296568
0.310839
0.325534
0.340655
0.356206
0.372190
0.388608
0.405465
0.422762
0.440501
0.458685
0.477317
0.496397
0.515928
0.535911
0.556349
0.577242
0.598593
0.620402
0.642671
0.665401
0.688593
0.712250
0.736371
0.760958
0.786013
0.811536
0.837528
0.863991
0.890926
0.918333
0.946215
0.974573
1.003408
-0.001191
-0.001180
-0.001150
-0.001102
-0.001034
-0.000945
-0.000833
-0.000693
-0.000521
-0.000315
-0.000067
0.000225
0.000569
0.000969
0.001432
0.001964
0.002571
0.003261
0.004039
0.004913
0.005890
0.006978
0.008185
0.009517
0.010982
0.012589
0.014345
0.016259
0.018337
0.020590
0.023023
0.025647
0.028468
0.031495
0.034736
0.038200
0.041893
0.045825
0.050003
0.054434
0.059128
0.064091
0.069331
0.074856
0.080673
0.086788
0.093211
0.099946
0.107002
0.114385
0.122101
0.130157
0.138560
0.147314
0.156427
0.165903
0.175749
0.185969
0.196570
0.207555
0.218930
0.230699
0.242867
0.255438
0.268416
0.281806
0.295610
0.309832
0.324477
0.339546
0.355043
0.370971
0.387333
0.404132
0.421369
0.439047
0.457168
0.475735
0.494749
0.514212
0.534126
0.554492
0.575313
0.596589
0.618322
0.640513
0.663164
0.686276
0.709850
0.733888
0.758389
0.783357
0.808791
0.834693
0.861064
0.887905
0.915218
0.943003
0.971262
0.999997
-0.001202
-0.001191
-0.001161
-0.001113
-0.001046
-0.000957
-0.000845
-0.000705
-0.000534
-0.000328
-0.000081
0.000211
0.000553
0.000952
0.001414
0.001943
0.002548
0.003235
0.004010
0.004880
0.005854
0.006937
0.008138
0.009464
0.010923
0.012522
0.014270
0.016174
0.018243
0.020484
0.022906
0.025517
0.028324
0.031335
0.034560
0.038006
0.041680
0.045591
0.049747
0.054155
0.058824
0.063761
0.068973
0.074468
0.080253
0.086336
0.092723
0.099422
0.106439
0.113781
0.121455
0.129466
0.137822
0.146528
0.155589
0.165013
0.174803
0.184966
0.195507
0.206430
0.217740
0.229443
0.241542
0.254042
0.266946
0.280259
0.293985
0.308126
0.322687
0.337670
0.353078
0.368915
0.385183
0.401885
0.419023
0.436600
0.454617
0.473077
0.491981
0.511332
0.531132
0.551381
0.572081
0.593235
0.614843
0.636907
0.659427
0.682406
0.705844
0.729743
0.754104
0.778927
0.804215
0.829967
0.856187
0.882873
0.910029
0.937654
0.965751
0.994321
-0.001217
-0.001207
-0.001177
-0.001129
-0.001061
-0.000973
-0.000861
-0.000722
-0.000551
-0.000346
-0.000101
0.000190
0.000531
0.000928
0.001386
0.001913
0.002515
0.003197
0.003968
0.004833
0.005800
0.006876
0.008069
0.009386
0.010835
0.012424
0.014160
0.016051
0.018105
0.020330
0.022735
0.025327
0.028113
0.031103
0.034304
0.037724
0.041371
0.045253
0.049378
0.053753
0.058387
0.063286
0.068458
0.073911
0.079652
0.085688
0.092026
0.098673
0.105635
0.112920
0.120534
0.128483
0.136773
0.145411
0.154401
0.163750
0.173463
0.183546
0.194003
0.204839
0.216060
0.227669
0.239672
0.252072
0.264873
0.278080
0.291696
0.305724
0.320168
0.335031
0.350316
0.366025
0.382163
0.398730
0.415730
0.433165
0.451038
0.469349
0.488101
0.507296
0.526936
0.547022
0.567556
0.588539
0.609972
0.631858
0.654197
0.676991
0.700240
0.723946
0.748110
0.772734
0.797817
0.823363
0.849370
0.875842
0.902779
0.930182
0.958053
0.986392
-0.001237
-0.001226
-0.001196
-0.001148
-0.001081
-0.000993
-0.000881
-0.000743
-0.000574
-0.000369
-0.000126
0.000163
0.000501
0.000895
0.001351
0.001874
0.002470
0.003147
0.003912
0.004769
0.005728
0.006796
0.007978
0.009284
0.010720
0.012294
0.014014
0.015888
0.017923
0.020128
0.022510
0.025077
0.027837
0.030799
0.033969
0.037356
0.040968
0.044812
0.048897
0.053229
0.057817
0.062667
0.067789
0.073187
0.078871
0.084846
0.091121
0.097701
0.104593
0.111805
0.119342
0.127210
0.135416
0.143965
0.152864
0.162118
0.171732
0.181711
0.192061
0.202786
0.213892
0.225382
0.237261
0.249533
0.262203
0.275273
0.288748
0.302631
0.316925
0.331634
0.346761
0.362308
0.378278
0.394674
0.411498
0.428752
0.446438
0.464559
0.483117
0.502112
0.521548
0.541425
0.561746
0.582510
0.603721
0.625379
0.647486
0.670043
0.693050
0.716510
0.740423
0.764790
0.789613
0.814893
0.840631
0.866827
0.893484
0.920603
0.948184
0.976229
-0.001260
-0.001250
-0.001220
-0.001172
-0.001105
-0.001018
-0.000907
-0.000769
-0.000601
-0.000398
-0.000156
0.000130
0.000465
0.000856
0.001307
0.001825
0.002416
0.003086
0.003842
0.004691
0.005640
0.006695
0.007865
0.009156
0.010577
0.012133
0.013834
0.015686
0.017698
0.019877
0.022232
0.024769
0.027496
0.030423
0.033555
0.036902
0.040470
0.044268
0.048303
0.052583
0.057115
0.061907
0.066965
0.072297
0.077911
0.083813
0.090010
0.096508
0.103315
0.110437
0.117880
0.125650
0.133753
0.142195
0.150982
0.160120
0.169613
0.179466
0.189686
0.200275
0.211240
0.222585
0.234314
0.246431
0.258939
0.271844
0.285147
0.298854
0.312967
0.327489
0.342423
0.357772
0.373538
0.389725
0.406334
0.423368
0.440829
0.458719
0.477039
0.495793
0.514980
0.534603
0.554664
0.575164
0.596104
0.617485
0.639309
0.661578
0.684291
0.707451
0.731059
0.755115
0.779621
0.804578
0.829987
0.855849
0.882165
0.908938
0.936167
0.963854
-0.001287
-0.001277
-0.001248
-0.001200
-0.001133
-0.001046
-0.000936
-0.000800
-0.000633
-0.000432
-0.000193
0.000090
0.000422
0.000808
0.001254
0.001766
0.002350
0.003012
0.003759
0.004597
0.005534
0.006576
0.007730
0.009005
0.010406
0.011941
0.013619
0.015446
0.017430
0.019579
0.021900
0.024402
0.027091
0.029976
0.033064
0.036363
0.039880
0.043623
0.047600
0.051818
0.056283
0.061005
0.065989
0.071244
0.076775
0.082590
0.088695
0.095097
0.101803
0.108819
0.116151
0.123805
0.131788
0.140104
0.148759
0.157760
0.167110
0.176816
0.186882
0.197312
0.208112
0.219286
0.230837
0.242771
0.255091
0.267800
0.280903
0.294402
0.308301
0.322602
0.337310
0.352426
0.367954
0.383895
0.400252
0.417027
0.434222
0.451840
0.469883
0.488351
0.507246
0.526571
0.546327
0.566515
0.587136
0.608193
0.629685
0.651615
0.673983
0.696791
0.720039
0.743729
0.767863
0.792440
0.817463
0.842932
0.868849
0.895214
0.922030
0.949296
-0.001319
-0.001309
-0.001279
-0.001232
-0.001166
-0.001080
-0.000971
-0.000835
-0.000671
-0.000472
-0.000235
0.000045
0.000372
0.000753
0.001194
0.001698
0.002274
0.002926
0.003662
0.004488
0.005411
0.006437
0.007574
0.008828
0.010207
0.011719
0.013370
0.015167
0.017119
0.019233
0.021517
0.023977
0.026622
0.029459
0.032496
0.035739
0.039197
0.042878
0.046787
0.050933
0.055323
0.059964
0.064864
0.070028
0.075464
0.081179
0.087179
0.093471
0.100061
0.106955
0.114160
0.121681
0.129524
0.137696
0.146200
0.155043
0.164230
0.173766
0.183655
0.193903
0.204513
0.215491
0.226839
0.238563
0.250666
0.263151
0.276023
0.289284
0.302937
0.316987
0.331435
0.346284
0.361537
0.377196
0.393264
0.409742
0.426633
0.443940
0.461662
0.479804
0.498365
0.517348
0.536754
0.556584
0.576840
0.597523
0.618635
0.640176
0.662148
0.684552
0.707389
0.730660
0.754366
0.778508
0.803088
0.828106
0.853564
0.879463
0.905804
0.932588
-0.001354
-0.001344
-0.001315
-0.001268
-0.001203
-0.001117
-0.001009
-0.000876
-0.000713
-0.000517
-0.000283
-0.000007
0.000316
0.000691
0.001124
0.001621
0.002187
0.002829
0.003552
0.004364
0.005271
0.006279
0.007396
0.008628
0.009982
0.011466
0.013086
0.014851
0.016767
0.018841
0.021082
0.023496
0.026090
0.028873
0.031851
0.035033
0.038424
0.042033
0.045867
0.049932
0.054237
0.058787
0.063590
0.068653
0.073982
0.079584
0.085465
0.091632
0.098091
0.104849
0.111910
0.119281
0.126968
0.134976
0.143310
0.151976
0.160979
0.170323
0.180014
0.190055
0.200452
0.211208
0.222328
0.233815
0.245674
0.257907
0.270518
0.283511
0.296889
0.310654
0.324809
0.339358
0.354302
0.369643
0.385386
0.401530
0.418079
0.435034
0.452397
0.470170
0.488355
0.506953
0.525965
0.545393
0.565238
0.585501
0.606184
0.627288
0.648814
0.670763
0.693137
0.715935
0.739160
0.762812
0.786893
0.811404
0.836345
0.861719
0.887526
0.913767
-0.001394
-0.001384
-0.001355
-0.001309
-0.001244
-0.001159
-0.001053
-0.000921
-0.000760
-0.000567
-0.000337
-0.000066
0.000252
0.000621
0.001046
0.001534
0.002090
0.002720
0.003429
0.004225
0.005114
0.006102
0.007196
0.008403
0.009730
0.011183
0.012770
0.014497
0.016373
0.018403
0.020596
0.022958
0.025497
0.028219
0.031133
0.034245
0.037562
0.041092
0.044841
0.048817
0.053026
0.057475
0.062171
0.067121
0.072331
0.077808
0.083557
0.089586
0.095899
0.102504
0.109406
0.116611
0.124124
0.131950
0.140096
0.148565
0.157363
0.166495
0.175965
0.185777
0.195937
0.206448
0.217314
0.228538
0.240126
0.252079
0.264402
0.277097
0.290168
0.303618
0.317449
0.331664
0.346265
0.361255
0.376635
0.392409
0.408578
0.425144
0.442108
0.459473
0.477240
0.495410
0.513985
0.532966
0.552355
0.572153
0.592361
0.612980
0.634011
0.655455
0.677315
0.699589
0.722280
0.745389
0.768917
0.792864
0.817233
0.842023
0.867237
0.892876
-0.001438
-0.001428
-0.001400
-0.001353
-0.001289
-0.001206
-0.001101
-0.000971
-0.000813
-0.000623
-0.000397
-0.000130
0.000181
0.000543
0.000960
0.001438
0.001982
0.002599
0.003293
0.004072
0.004941
0.005907
0.006976
0.008155
0.009451
0.010871
0.012420
0.014107
0.015938
0.017920
0.020060
0.022365
0.024842
0.027499
0.030341
0.033377
0.036613
0.040055
0.043712
0.047589
0.051693
0.056031
0.060610
0.065436
0.070515
0.075854
0.081459
0.087335
0.093490
0.099928
0.106655
0.113677
0.120999
0.128626
0.136564
0.144817
0.153391
0.162289
0.171517
0.181079
0.190979
0.201220
0.211807
0.222744
0.234034
0.245681
0.257687
0.270056
0.282791
0.295895
0.309370
0.323219
0.337444
0.352048
0.367033
0.382400
0.398152
0.414291
0.430818
0.447735
0.465044
0.482745
0.500842
0.519333
0.538222
0.557509
0.577196
0.597283
0.617772
0.638663
0.659958
0.681659
0.703765
0.726277
0.749198
0.772528
0.796269
0.820420
0.844984
0.869962
-0.001486
-0.001477
-0.001448
-0.001403
-0.001339
-0.001257
-0.001153
-0.001026
-0.000870
-0.000684
-0.000462
-0.000201
0.000104
0.000458
0.000866
0.001333
0.001864
0.002466
0.003144
0.003903
0.004751
0.005693
0.006735
0.007884
0.009147
0.010529
0.012038
0.013681
0.015463
0.017392
0.019475
0.021718
0.024128
0.026713
0.029478
0.032431
0.035578
0.038926
0.042481
0.046251
0.050241
0.054459
0.058910
0.063602
0.068539
0.073728
0.079175
0.084886
0.090867
0.097124
0.103661
0.110484
0.117598
0.125010
0.132722
0.140741
0.149071
0.157716
0.166681
0.175970
0.185588
0.195537
0.205822
0.216446
0.227413
0.238726
0.250389
0.262404
0.274774
0.287502
0.300591
0.314042
0.327859
0.342044
0.356599
0.371525
0.386825
0.402500
0.418552
0.434983
0.451795
0.468988
0.486564
0.504524
0.522870
0.541603
0.560724
0.580233
0.600133
0.620424
0.641107
0.662184
0.683655
0.705521
0.727783
0.750443
0.773501
0.796959
0.820817
0.845077
-0.001539
-0.001529
-0.001501
-0.001456
-0.001394
-0.001313
-0.001211
-0.001085
-0.000933
-0.000750
-0.000533
-0.000278
0.000020
0.000365
0.000763
0.001218
0.001736
0.002322
0.002982
0.003721
0.004545
0.005461
0.006474
0.007590
0.008817
0.010159
0.011625
0.013219
0.014949
0.016821
0.018842
0.021019
0.023357
0.025863
0.028545
0.031408
0.034459
0.037705
0.041152
0.044806
0.048674
0.052762
0.057075
0.061621
0.066405
0.071433
0.076711
0.082244
0.088038
0.094098
0.100431
0.107040
0.113931
0.121110
0.128579
0.136346
0.144413
0.152785
0.161467
0.170463
0.179776
0.189410
0.199370
0.209657
0.220277
0.231231
0.242524
0.254157
0.266134
0.278458
0.291131
0.304155
0.317532
0.331266
0.345357
0.359808
0.374621
0.389797
0.405339
0.421247
0.437523
0.454168
0.471184
0.488572
0.506334
0.524470
0.542981
0.561870
0.581135
0.600780
0.620804
0.641209
0.661996
0.683166
0.704719
0.726657
0.748981
0.771692
0.794791
0.818279
-0.001596
-0.001586
-0.001559
-0.001514
-0.001453
-0.001373
-0.001273
-0.001150
-0.001001
-0.000822
-0.000611
-0.000362
-0.000071
0.000265
0.000652
0.001094
0.001597
0.002166
0.002807
0.003524
0.004323
0.005211
0.006192
0.007274
0.008462
0.009762
0.011180
0.012723
0.014397
0.016208
0.018163
0.020268
0.022528
0.024952
0.027544
0.030311
0.033260
0.036396
0.039727
0.043257
0.046994
0.050942
0.055109
0.059499
0.064119
0.068975
0.074071
0.079413
0.085008
0.090859
0.096972
0.103353
0.110005
0.116934
0.124145
0.131641
0.139427
0.147508
0.155887
0.164569
0.173557
0.182854
0.192466
0.202393
0.212641
0.223212
0.234109
0.245334
0.256892
0.268783
0.281011
0.293578
0.306486
0.319737
0.333334
0.347277
0.361569
0.376212
0.391207
0.406556
0.422259
0.438319
0.454737
0.471514
0.488651
0.506149
0.524009
0.542233
0.560821
0.579775
0.599095
0.618782
0.638838
0.659263
0.680059
0.701225
0.722764
0.744677
0.766964
0.789626
-0.001657
-0.001648
-0.001620
-0.001577
-0.001516
-0.001438
-0.001340
-0.001220
-0.001074
-0.000900
-0.000694
-0.000452
-0.000169
0.000157
0.000533
0.000962
0.001449
0.002000
0.002619
0.003313
0.004086
0.004943
0.005892
0.006936
0.008083
0.009337
0.010706
0.012194
0.013808
0.015554
0.017438
0.019467
0.021645
0.023980
0.026477
0.029142
0.031982
0.035002
0.038209
0.041607
0.045204
0.049005
0.053015
0.057240
0.061686
0.066358
0.071261
0.076401
0.081783
0.087412
0.093293
0.099430
0.105828
0.112493
0.119427
0.126637
0.134125
0.141895
0.149953
0.158301
0.166944
0.175884
0.185125
0.194670
0.204523
0.214687
0.225163
0.235956
0.247067
0.258499
0.270255
0.282336
0.294745
0.307484
0.320555
0.333959
0.347698
0.361774
0.376189
0.390944
0.406039
0.421478
0.437260
0.453387
0.469861
0.486681
0.503850
0.521368
0.539237
0.557457
0.576029
0.594954
0.614233
0.633867
0.653858
0.674205
0.694911
0.715975
0.737399
0.759185
-0.001723
-0.001714
-0.001687
-0.001644
-0.001585
-0.001508
-0.001412
-0.001295
-0.001153
-0.000983
-0.000783
-0.000548
-0.000274
0.000042
0.000405
0.000820
0.001290
0.001822
0.002420
0.003088
0.003833
0.004659
0.005572
0.006577
0.007680
0.008886
0.010202
0.011632
0.013183
0.014860
0.016670
0.018617
0.020709
0.022950
0.025346
0.027904
0.030628
0.033525
0.036601
0.039860
0.043309
0.046954
0.050798
0.054849
0.059110
0.063588
0.068288
0.073214
0.078371
0.083765
0.089400
0.095280
0.101410
0.107795
0.114438
0.121344
0.128517
0.135960
0.143678
0.151674
0.159951
0.168514
0.177364
0.186506
0.195941
0.205674
0.215707
0.226042
0.236682
0.247629
0.258886
0.270454
0.282336
0.294534
0.307049
0.319884
0.333039
0.346517
0.360319
0.374446
0.388900
0.403681
0.418792
0.434233
0.450006
0.466111
0.482549
0.499322
0.516431
0.533875
0.551657
0.569777
0.588236
0.607036
0.626176
0.645658
0.665483
0.685651
0.706165
0.727024
-0.001793
-0.001784
-0.001758
-0.001716
-0.001658
-0.001583
-0.001489
-0.001375
-0.001237
-0.001072
-0.000878
-0.000650
-0.000386
-0.000081
0.000269
0.000669
0.001122
0.001633
0.002208
0.002850
0.003565
0.004358
0.005233
0.006197
0.007254
0.008409
0.009669
0.011039
0.012523
0.014128
0.015859
0.017721
0.019721
0.021863
0.024154
0.026598
0.029201
0.031969
0.034907
0.038020
0.041313
0.044793
0.048464
0.052330
0.056398
0.060672
0.065158
0.069858
0.074780
0.079926
0.085302
0.090912
0.096761
0.102851
0.109188
0.115775
0.122617
0.129716
0.137076
0.144702
0.152596
0.160761
0.169200
0.177917
0.186915
0.196195
0.205761
0.215615
0.225760
0.236197
0.246929
0.257959
0.269287
0.280916
0.292848
0.305083
0.317625
0.330474
0.343632
0.357099
0.370878
0.384970
0.399375
0.414095
0.429132
0.444484
0.460155
0.476145
0.492454
0.509084
0.526036
0.543310
0.560907
0.578829
0.597075
0.615648
0.634547
0.653774
0.673330
0.693216
-0.001868
-0.001859
-0.001833
-0.001792
-0.001735
-0.001662
-0.001571
-0.001460
-0.001326
-0.001167
-0.000979
-0.000759
-0.000505
-0.000211
0.000126
0.000509
0.000944
0.001434
0.001984
0.002599
0.003282
0.004040
0.004876
0.005797
0.006805
0.007908
0.009109
0.010415
0.011829
0.013358
0.015007
0.016781
0.018684
0.020723
0.022902
0.025228
0.027704
0.030336
0.033129
0.036089
0.039220
0.042527
0.046016
0.049690
0.053555
0.057616
0.061877
0.066342
0.071016
0.075904
0.081009
0.086337
0.091890
0.097672
0.103689
0.109942
0.116437
0.123176
0.130163
0.137401
0.144893
0.152642
0.160652
0.168925
0.177463
0.186270
0.195348
0.204699
0.214325
0.224229
0.234413
0.244878
0.255627
0.266661
0.277982
0.289591
0.301491
0.313682
0.326166
0.338943
0.352017
0.365386
0.379053
0.393019
0.407285
0.421851
0.436719
0.451889
0.467362
0.483140
0.499223
0.515612
0.532307
0.549310
0.566622
0.584243
0.602174
0.620416
0.638970
0.657838
-0.001948
-0.001939
-0.001914
-0.001873
-0.001818
-0.001746
-0.001658
-0.001550
-0.001420
-0.001267
-0.001086
-0.000875
-0.000630
-0.000348
-0.000026
0.000341
0.000756
0.001224
0.001749
0.002335
0.002986
0.003707
0.004502
0.005377
0.006335
0.007382
0.008523
0.009762
0.011103
0.012553
0.014116
0.015796
0.017600
0.019531
0.021595
0.023796
0.026139
0.028630
0.031273
0.034073
0.037034
0.040162
0.043460
0.046934
0.050588
0.054426
0.058453
0.062672
0.067089
0.071707
0.076530
0.081563
0.086808
0.092270
0.097952
0.103858
0.109991
0.116355
0.122952
0.129786
0.136860
0.144176
0.151738
0.159548
0.167609
0.175922
0.184491
0.193318
0.202404
0.211752
0.221364
0.231242
0.241387
0.251801
0.262486
0.273443
0.284673
0.296178
0.307960
0.320019
0.332357
0.344974
0.357872
0.371052
0.384515
0.398261
0.412292
0.426608
0.441211
0.456101
0.471279
0.486745
0.502501
0.518547
0.534885
0.551514
0.568436
0.585652
0.603163
0.620969
-0.002032
-0.002024
-0.001999
-0.001959
-0.001905
-0.001836
-0.001750
-0.001646
-0.001521
-0.001373
-0.001199
-0.000996
-0.000762
-0.000493
-0.000186
0.000164
0.000559
0.001004
0.001502
0.002058
0.002675
0.003358
0.004111
0.004938
0.005844
0.006834
0.007911
0.009080
0.010346
0.011714
0.013187
0.014771
0.016470
0.018289
0.020233
0.022305
0.024511
0.026855
0.029342
0.031975
0.034760
0.037701
0.040802
0.044068
0.047502
0.051109
0.054893
0.058857
0.063007
0.067345
0.071875
0.076601
0.081527
0.086656
0.091991
0.097536
0.103294
0.109268
0.115461
0.121875
0.128515
0.135382
0.142479
0.149808
0.157372
0.165174
0.173215
0.181497
0.190023
0.198794
0.207813
0.217081
0.226599
0.236370
0.246394
0.256673
0.267209
0.278003
0.289056
0.300369
0.311943
0.323780
0.335880
0.348244
0.360873
0.373769
0.386931
0.400361
0.414060
0.428028
0.442266
0.456775
0.471556
0.486609
0.501936
0.517536
0.533411
0.549562
0.565989
0.582694
-0.002121
-0.002113
-0.002089
-0.002050
-0.001998
-0.001930
-0.001847
-0.001746
-0.001626
-0.001484
-0.001318
-0.001124
-0.000901
-0.000645
-0.000353
-0.000021
0.000353
0.000774
0.001244
0.001769
0.002351
0.002994
0.003703
0.004482
0.005333
0.006263
0.007274
0.008372
0.009559
0.010842
0.012223
0.013707
0.015298
0.017001
0.018820
0.020759
0.022822
0.025014
0.027339
0.029800
0.032403
0.035151
0.038048
0.041098
0.044305
0.047673
0.051205
0.054906
0.058778
0.062826
0.067053
0.071463
0.076058
0.080842
0.085819
0.090990
0.096360
0.101931
0.107705
0.113686
0.119877
0.126278
0.132894
0.139727
0.146778
0.154050
0.161544
0.169264
0.177210
0.185385
0.193789
0.202426
0.211296
0.220401
0.229743
0.239321
0.249139
0.259197
0.269496
0.280037
0.290822
0.301851
0.313125
0.324646
0.336414
0.348429
0.360693
0.373207
0.385971
0.398985
0.412252
0.425771
0.439543
0.453569
0.467850
0.482386
0.497178
0.512227
0.527533
0.543098
-0.002215
-0.002207
-0.002184
-0.002146
-0.002095
-0.002030
-0.001950
-0.001853
-0.001737
-0.001602
-0.001443
-0.001259
-0.001047
-0.000804
-0.000528
-0.000215
0.000137
0.000533
0.000976
0.001468
0.002014
0.002616
0.003280
0.004007
0.004803
0.005671
0.006615
0.007638
0.008744
0.009939
0.011224
0.012605
0.014085
0.015668
0.017358
0.019160
0.021076
0.023111
0.025269
0.027553
0.029968
0.032516
0.035203
0.038030
0.041003
0.044124
0.047397
0.050825
0.054413
0.058162
0.062076
0.066159
0.070414
0.074843
0.079449
0.084235
0.089205
0.094360
0.099703
0.105237
0.110964
0.116886
0.123007
0.129327
0.135848
0.142574
0.149506
0.156645
0.163993
0.171553
0.179325
0.187311
0.195513
0.203932
0.212569
0.221426
0.230503
0.239802
0.249324
0.259070
0.269041
0.279238
0.289661
0.300312
0.311191
0.322299
0.333637
0.345206
0.357006
0.369038
0.381303
0.393801
0.406534
0.419501
0.432703
0.446142
0.459818
0.473731
0.487882
0.502273
-0.002314
-0.002307
-0.002284
-0.002247
-0.002198
-0.002135
-0.002057
-0.001964
-0.001854
-0.001725
-0.001574
-0.001400
-0.001200
-0.000971
-0.000711
-0.000417
-0.000087
0.000283
0.000697
0.001156
0.001664
0.002225
0.002841
0.003517
0.004255
0.005059
0.005933
0.006879
0.007903
0.009006
0.010194
0.011468
0.012834
0.014294
0.015852
0.017512
0.019277
0.021150
0.023136
0.025238
0.027459
0.029803
0.032273
0.034872
0.037603
0.040471
0.043477
0.046626
0.049920
0.053362
0.056955
0.060702
0.064606
0.068670
0.072896
0.077286
0.081844
0.086572
0.091472
0.096546
0.101797
0.107227
0.112837
0.118631
0.124609
0.130773
0.137126
0.143669
0.150403
0.157331
0.164453
0.171770
0.179286
0.186999
0.194913
0.203027
0.211344
0.219863
0.228587
0.237515
0.246649
0.255991
0.265539
0.275296
0.285262
0.295438
0.305825
0.316423
0.327232
0.338254
0.349490
0.360939
0.372603
0.384482
0.396576
0.408888
0.421416
0.434162
0.447126
0.460310
-0.002419
-0.002411
-0.002389
-0.002353
-0.002305
-0.002245
-0.002171
-0.002082
-0.001977
-0.001854
-0.001711
-0.001547
-0.001359
-0.001145
-0.000902
-0.000628
-0.000320
0.000024
0.000407
0.000832
0.001302
0.001820
0.002388
0.003010
0.003689
0.004428
0.005230
0.006098
0.007036
0.008047
0.009133
0.010299
0.011547
0.012880
0.014303
0.015818
0.017427
0.019136
0.020946
0.022861
0.024883
0.027017
0.029264
0.031629
0.034113
0.036721
0.039454
0.042316
0.045309
0.048436
0.051700
0.055103
0.058648
0.062337
0.066173
0.070158
0.074295
0.078585
0.083030
0.087634
0.092397
0.097321
0.102410
0.107663
0.113084
0.118674
0.124433
0.130365
0.136470
0.142749
0.149205
0.155838
0.162650
0.169641
0.176813
0.184167
0.191704
0.199424
0.207329
0.215420
0.223698
0.232162
0.240815
0.249656
0.258687
0.267907
0.277319
0.286922
0.296716
0.306704
0.316884
0.327259
0.337828
0.348592
0.359551
0.370707
0.382059
0.393609
0.405357
0.417303
-0.002528
-0.002521
-0.002499
-0.002465
-0.002419
-0.002360
-0.002289
-0.002205
-0.002105
-0.001989
-0.001855
-0.001701
-0.001525
-0.001325
-0.001100
-0.000846
-0.000562
-0.000244
0.000108
0.000498
0.000928
0.001402
0.001921
0.002488
0.003106
0.003779
0.004507
0.005295
0.006146
0.007061
0.008045
0.009099
0.010227
0.011431
0.012715
0.014081
0.015532
0.017071
0.018701
0.020425
0.022245
0.024163
0.026184
0.028309
0.030541
0.032883
0.035337
0.037905
0.040591
0.043396
0.046323
0.049375
0.052553
0.055859
0.059297
0.062868
0.066573
0.070415
0.074397
0.078519
0.082783
0.087192
0.091747
0.096449
0.101300
0.106302
0.111456
0.116763
0.122225
0.127842
0.133617
0.139550
0.145643
0.151896
0.158310
0.164887
0.171627
0.178532
0.185601
0.192836
0.200238
0.207806
0.215543
0.223449
0.231524
0.239768
0.248183
0.256770
0.265527
0.274458
0.283560
0.292837
0.302287
0.311911
0.321711
0.331686
0.341837
0.352164
0.362669
0.373352
-0.002643
-0.002636
-0.002615
-0.002582
-0.002537
-0.002481
-0.002413
-0.002333
-0.002239
-0.002130
-0.002004
-0.001861
-0.001697
-0.001513
-0.001305
-0.001072
-0.000812
-0.000522
-0.000201
0.000153
0.000544
0.000972
0.001441
0.001952
0.002508
0.003112
0.003766
0.004472
0.005234
0.006052
0.006930
0.007871
0.008876
0.009949
0.011091
0.012306
0.013595
0.014962
0.016408
0.017937
0.019550
0.021249
0.023038
0.024919
0.026894
0.028964
0.031133
0.033403
0.035775
0.038253
0.040837
0.043530
0.046334
0.049250
0.052282
0.055430
0.058696
0.062083
0.065591
0.069222
0.072979
0.076861
0.080872
0.085012
0.089283
0.093686
0.098223
0.102893
0.107700
0.112643
0.117724
0.122944
0.128304
0.133805
0.139447
0.145232
0.151160
0.157233
0.163450
0.169813
0.176322
0.182978
0.189782
0.196734
0.203835
0.211085
0.218485
0.226035
0.233736
0.241589
0.249593
0.257750
0.266060
0.274524
0.283141
0.291913
0.300840
0.309922
0.319160
0.328555
-0.002763
-0.002756
-0.002736
-0.002704
-0.002661
-0.002608
-0.002543
-0.002467
-0.002379
-0.002277
-0.002160
-0.002027
-0.001877
-0.001707
-0.001518
-0.001306
-0.001070
-0.000808
-0.000519
-0.000201
0.000148
0.000530
0.000948
0.001402
0.001896
0.002430
0.003008
0.003631
0.004301
0.005021
0.005792
0.006617
0.007497
0.008436
0.009434
0.010495
0.011620
0.012811
0.014071
0.015401
0.016803
0.018281
0.019834
0.021466
0.023179
0.024974
0.026854
0.028820
0.030873
0.033017
0.035252
0.037581
0.040004
0.042525
0.045143
0.047862
0.050682
0.053605
0.056632
0.059764
0.063004
0.066353
0.069811
0.073380
0.077061
0.080855
0.084763
0.088787
0.092928
0.097185
0.101561
0.106056
0.110671
0.115408
0.120265
0.125245
0.130348
0.135575
0.140927
0.146403
0.152006
0.157734
0.163589
0.169572
0.175683
0.181922
0.188290
0.194787
0.201414
0.208172
0.215060
0.222079
0.229230
0.236514
0.243930
0.251478
0.259161
0.266977
0.274928
0.283013
-0.002888
-0.002882
-0.002862
-0.002831
-0.002790
-0.002739
-0.002679
-0.002607
-0.002524
-0.002429
-0.002322
-0.002200
-0.002062
-0.001909
-0.001737
-0.001547
-0.001336
-0.001103
-0.000847
-0.000565
-0.000258
0.000078
0.000443
0.000840
0.001269
0.001733
0.002234
0.002772
0.003350
0.003970
0.004632
0.005340
0.006094
0.006896
0.007749
0.008653
0.009611
0.010624
0.011694
0.012823
0.014012
0.015263
0.016578
0.017958
0.019406
0.020921
0.022507
0.024165
0.025895
0.027701
0.029582
0.031541
0.033579
0.035697
0.037897
0.040180
0.042548
0.045000
0.047540
0.050167
0.052883
0.055689
0.058587
0.061577
0.064659
0.067836
0.071109
0.074477
0.077941
0.081504
0.085165
0.088925
0.092785
0.096746
0.100808
0.104972
0.109239
0.113609
0.118082
0.122660
0.127342
0.132130
0.137024
0.142024
0.147131
0.152345
0.157667
0.163097
0.168635
0.174282
0.180038
0.185904
0.191881
0.197967
0.204165
0.210474
0.216894
0.223427
0.230073
0.236831
-0.003019
-0.003013
-0.002994
-0.002964
-0.002925
-0.002877
-0.002820
-0.002753
-0.002676
-0.002588
-0.002490
-0.002379
-0.002255
-0.002117
-0.001964
-0.001796
-0.001610
-0.001406
-0.001182
-0.000939
-0.000673
-0.000385
-0.000072
0.000266
0.000630
0.001023
0.001445
0.001898
0.002382
0.002900
0.003453
0.004041
0.004667
0.005332
0.006037
0.006783
0.007572
0.008405
0.009283
0.010208
0.011181
0.012204
0.013277
0.014403
0.015581
0.016814
0.018103
0.019449
0.020852
0.022315
0.023839
0.025424
0.027072
0.028783
0.030560
0.032402
0.034312
0.036289
0.038335
0.040450
0.042637
0.044895
0.047226
0.049629
0.052107
0.054660
0.057289
0.059993
0.062775
0.065635
0.068572
0.071589
0.074686
0.077862
0.081120
0.084458
0.087879
0.091382
0.094967
0.098636
0.102389
0.106225
0.110147
0.114153
0.118245
0.122422
0.126685
0.131035
0.135472
0.139996
0.144608
0.149308
0.154095
0.158972
0.163937
0.168992
0.174137
0.179371
0.184696
0.190112
-0.003155
-0.003149
-0.003131
-0.003103
-0.003066
-0.003020
-0.002967
-0.002904
-0.002833
-0.002753
-0.002664
-0.002564
-0.002454
-0.002332
-0.002198
-0.002051
-0.001891
-0.001716
-0.001527
-0.001321
-0.001098
-0.000857
-0.000598
-0.000319
-0.000020
0.000301
0.000643
0.001009
0.001400
0.001815
0.002257
0.002725
0.003222
0.003747
0.004302
0.004889
0.005507
0.006158
0.006843
0.007562
0.008318
0.009109
0.009939
0.010807
0.011714
0.012662
0.013650
0.014681
0.015755
0.016873
0.018035
0.019243
0.020497
0.021798
0.023147
0.024545
0.025992
0.027489
0.029037
0.030637
0.032289
0.033994
0.035753
0.037565
0.039433
0.041356
0.043334
0.045370
0.047462
0.049612
0.051821
0.054087
0.056413
0.058799
0.061244
0.063750
0.066317
0.068945
0.071635
0.074386
0.077201
0.080077
0.083017
0.086021
0.089088
0.092220
0.095415
0.098676
0.102001
0.105392
0.108849
0.112371
0.115960
0.119616
0.123338
0.127127
0.130984
0.134908
0.138901
0.142962
-0.003297
-0.003292
-0.003274
-0.003248
-0.003212
-0.003169
-0.003119
-0.003062
-0.002997
-0.002924
-0.002844
-0.002756
-0.002659
-0.002554
-0.002439
-0.002314
-0.002180
-0.002035
-0.001879
-0.001711
-0.001531
-0.001339
-0.001133
-0.000914
-0.000681
-0.000433
-0.000170
0.000109
0.000404
0.000716
0.001045
0.001393
0.001759
0.002144
0.002549
0.002975
0.003421
0.003889
0.004378
0.004891
0.005426
0.005986
0.006570
0.007178
0.007812
0.008473
0.009159
0.009873
0.010615
0.011385
0.012183
0.013011
0.013869
0.014757
0.015675
0.016626
0.017607
0.018622
0.019669
0.020749
0.021863
0.023011
0.024193
0.025411
0.026664
0.027952
0.029277
0.030639
0.032038
0.033474
0.034947
0.036459
0.038009
0.039598
0.041227
0.042894
0.044602
0.046349
0.048137
0.049965
0.051835
0.053746
0.055698
0.057692
0.059728
0.061806
0.063927
0.066091
0.068298
0.070548
0.072842
0.075180
0.077561
0.079988
0.082458
0.084974
0.087534
0.090140
0.092791
0.095488
-0.003445
-0.003440
-0.003423
-0.003398
-0.003365
-0.003324
-0.003278
-0.003225
-0.003166
-0.003102
-0.003031
-0.002954
-0.002871
-0.002782
-0.002686
-0.002584
-0.002476
-0.002360
-0.002238
-0.002109
-0.001972
-0.001829
-0.001677
-0.001518
-0.001352
-0.001177
-0.000994
-0.000803
-0.000604
-0.000396
-0.000179
0.000047
0.000282
0.000527
0.000780
0.001044
0.001317
0.001601
0.001895
0.002199
0.002514
0.002840
0.003177
0.003525
0.003885
0.004256
0.004639
0.005035
0.005443
0.005863
0.006296
0.006743
0.007202
0.007675
0.008161
0.008662
0.009176
0.009705
0.010249
0.010807
0.011381
0.011969
0.012573
0.013193
0.013829
0.014481
0.015149
0.015834
0.016536
0.017254
0.017990
0.018744
0.019515
0.020304
0.021112
0.021938
0.022782
0.023645
0.024527
0.025428
0.026349
0.027289
0.028250
0.029230
0.030230
0.031251
0.032293
0.033355
0.034438
0.035543
0.036669
0.037817
0.038986
0.040177
0.041391
0.042627
0.043886
0.045167
0.046471
0.047799
-0.003599
-0.003594
-0.003578
-0.003554
-0.003523
-0.003485
-0.003443
-0.003395
-0.003342
-0.003285
-0.003224
-0.003159
-0.003089
-0.003017
-0.002941
-0.002861
-0.002778
-0.002693
-0.002605
-0.002514
-0.002421
-0.002326
-0.002229
-0.002131
-0.002031
-0.001929
-0.001827
-0.001724
-0.001621
-0.001517
-0.001413
-0.001309
-0.001206
-0.001103
-0.001000
-0.000899
-0.000799
-0.000700
-0.000603
-0.000507
-0.000413
-0.000322
-0.000232
-0.000145
-0.000061
0.000021
0.000101
0.000177
0.000250
0.000320
0.000387
0.000451
0.000511
0.000568
0.000622
0.000671
0.000718
0.000760
0.000799
0.000835
0.000866
0.000894
0.000919
0.000940
0.000957
0.000971
0.000981
0.000988
0.000991
0.000991
0.000988
0.000982
0.000972
0.000960
0.000945
0.000927
0.000907
0.000884
0.000858
0.000830
0.000800
0.000768
0.000735
0.000699
0.000662
0.000623
0.000583
0.000541
0.000499
0.000455
0.000411
0.000366
0.000321
0.000275
0.000229
0.000183
0.000137
0.000091
0.000046
0.000000
-0.003758
-0.003754
-0.003739
-0.003716
-0.003687
-0.003652
-0.003613
-0.003570
-0.003524
-0.003475
-0.003423
-0.003369
-0.003314
-0.003258
-0.003201
-0.003144
-0.003088
-0.003032
-0.002978
-0.002926
-0.002877
-0.002831
-0.002788
-0.002750
-0.002717
-0.002689
-0.002668
-0.002653
-0.002646
-0.002646
-0.002655
-0.002674
-0.002702
-0.002740
-0.002790
-0.002851
-0.002924
-0.003010
-0.003109
-0.003222
-0.003350
-0.003492
-0.003650
-0.003824
-0.004015
-0.004223
-0.004448
-0.004691
-0.004952
-0.005232
-0.005531
-0.005850
-0.006189
-0.006548
-0.006928
-0.007328
-0.007750
-0.008194
-0.008659
-0.009147
-0.009657
-0.010189
-0.010744
-0.011322
-0.011923
-0.012548
-0.013195
-0.013866
-0.014561
-0.015280
-0.016022
-0.016787
-0.017577
-0.018391
-0.019228
-0.020089
-0.020975
-0.021884
-0.022816
-0.023773
-0.024753
-0.025757
-0.026785
-0.027836
-0.028911
-0.030009
-0.031131
-0.032276
-0.033444
-0.034635
-0.035849
-0.037086
-0.038346
-0.039628
-0.040934
-0.042262
-0.043612
-0.044985
-0.046380
-0.047798
-0.003924
-0.003920
-0.003906
-0.003884
-0.003857
-0.003825
-0.003790
-0.003752
-0.003712
-0.003670
-0.003628
-0.003586
-0.003545
-0.003506
-0.003468
-0.003434
-0.003404
-0.003378
-0.003358
-0.003345
-0.003339
-0.003342
-0.003354
-0.003376
-0.003410
-0.003456
-0.003515
-0.003588
-0.003677
-0.003781
-0.003903
-0.004044
-0.004203
-0.004383
-0.004584
-0.004807
-0.005053
-0.005324
-0.005619
-0.005941
-0.006289
-0.006665
-0.007070
-0.007505
-0.007970
-0.008467
-0.008995
-0.009557
-0.010152
-0.010781
-0.011446
-0.012146
-0.012883
-0.013657
-0.014469
-0.015320
-0.016209
-0.017137
-0.018106
-0.019115
-0.020165
-0.021257
-0.022390
-0.023565
-0.024783
-0.026044
-0.027348
-0.028695
-0.030086
-0.031521
-0.033000
-0.034524
-0.036092
-0.037705
-0.039362
-0.041065
-0.042813
-0.044605
-0.046443
-0.048326
-0.050254
-0.052228
-0.054247
-0.056311
-0.058421
-0.060576
-0.062776
-0.065021
-0.067312
-0.069648
-0.072029
-0.074455
-0.076927
-0.079443
-0.082005
-0.084611
-0.087263
-0.089960
-0.092701
-0.095488
-0.004095
-0.004092
-0.004079
-0.004059
-0.004034
-0.004005
-0.003973
-0.003940
-0.003906
-0.003873
-0.003840
-0.003810
-0.003782
-0.003759
-0.003742
-0.003730
-0.003726
-0.003730
-0.003745
-0.003770
-0.003808
-0.003859
-0.003925
-0.004008
-0.004108
-0.004227
-0.004366
-0.004528
-0.004712
-0.004920
-0.005155
-0.005417
-0.005707
-0.006027
-0.006379
-0.006764
-0.007182
-0.007637
-0.008127
-0.008657
-0.009225
-0.009834
-0.010485
-0.011179
-0.011918
-0.012702
-0.013533
-0.014411
-0.015338
-0.016316
-0.017344
-0.018425
-0.019558
-0.020745
-0.021987
-0.023285
-0.024639
-0.026050
-0.027520
-0.029048
-0.030636
-0.032283
-0.033992
-0.035762
-0.037594
-0.039488
-0.041445
-0.043465
-0.045549
-0.047698
-0.049910
-0.052188
-0.054531
-0.056939
-0.059413
-0.061952
-0.064558
-0.067230
-0.069969
-0.072774
-0.075646
-0.078584
-0.081590
-0.084662
-0.087801
-0.091008
-0.094282
-0.097622
-0.101030
-0.104506
-0.108048
-0.111658
-0.115335
-0.119079
-0.122891
-0.126770
-0.130717
-0.134731
-0.138812
-0.142961
-0.004273
-0.004270
-0.004258
-0.004239
-0.004216
-0.004190
-0.004163
-0.004134
-0.004107
-0.004081
-0.004058
-0.004039
-0.004026
-0.004019
-0.004021
-0.004032
-0.004054
-0.004088
-0.004137
-0.004200
-0.004281
-0.004381
-0.004502
-0.004644
-0.004810
-0.005002
-0.005222
-0.005470
-0.005749
-0.006061
-0.006407
-0.006790
-0.007210
-0.007671
-0.008172
-0.008717
-0.009307
-0.009944
-0.010629
-0.011365
-0.012151
-0.012992
-0.013887
-0.014839
-0.015849
-0.016919
-0.018050
-0.019243
-0.020501
-0.021824
-0.023213
-0.024671
-0.026198
-0.027795
-0.029464
-0.031206
-0.033022
-0.034913
-0.036880
-0.038923
-0.041045
-0.043245
-0.045525
-0.047885
-0.050327
-0.052850
-0.055455
-0.058144
-0.060916
-0.063772
-0.066713
-0.069740
-0.072851
-0.076049
-0.079334
-0.082704
-0.086162
-0.089708
-0.093340
-0.097061
-0.100869
-0.104766
-0.108751
-0.112824
-0.116986
-0.121237
-0.125576
-0.130005
-0.134522
-0.139129
-0.143824
-0.148609
-0.153483
-0.158447
-0.163500
-0.168643
-0.173875
-0.179197
-0.184609
-0.190111
-0.004457
-0.004454
-0.004443
-0.004426
-0.004405
-0.004382
-0.004358
-0.004335
-0.004314
-0.004296
-0.004282
-0.004275
-0.004276
-0.004286
-0.004306
-0.004340
-0.004388
-0.004452
-0.004534
-0.004636
-0.004760
-0.004908
-0.005082
-0.005284
-0.005516
-0.005780
-0.006079
-0.006414
-0.006787
-0.007202
-0.007659
-0.008161
-0.008711
-0.009310
-0.009960
-0.010664
-0.011424
-0.012242
-0.013119
-0.014059
-0.015063
-0.016132
-0.017270
-0.018477
-0.019756
-0.021109
-0.022537
-0.024043
-0.025627
-0.027293
-0.029040
-0.030872
-0.032788
-0.034792
-0.036885
-0.039067
-0.041340
-0.043706
-0.046165
-0.048720
-0.051370
-0.054118
-0.056963
-0.059908
-0.062953
-0.066099
-0.069347
-0.072698
-0.076151
-0.079709
-0.083372
-0.087140
-0.091013
-0.094994
-0.099080
-0.103275
-0.107577
-0.111987
-0.116505
-0.121133
-0.125869
-0.130715
-0.135670
-0.140735
-0.145909
-0.151194
-0.156590
-0.162095
-0.167712
-0.173439
-0.179277
-0.185226
-0.191286
-0.197457
-0.203740
-0.210134
-0.216640
-0.223258
-0.229988
-0.236830
-0.004648
-0.004645
-0.004635
-0.004619
-0.004600
-0.004580
-0.004560
-0.004542
-0.004527
-0.004517
-0.004513
-0.004517
-0.004532
-0.004558
-0.004598
-0.004654
-0.004727
-0.004821
-0.004936
-0.005076
-0.005243
-0.005438
-0.005665
-0.005926
-0.006223
-0.006559
-0.006936
-0.007357
-0.007824
-0.008340
-0.008907
-0.009528
-0.010205
-0.010941
-0.011739
-0.012600
-0.013528
-0.014525
-0.015593
-0.016734
-0.017952
-0.019248
-0.020625
-0.022085
-0.023631
-0.025263
-0.026986
-0.028800
-0.030708
-0.032711
-0.034812
-0.037013
-0.039316
-0.041721
-0.044232
-0.046849
-0.049574
-0.052409
-0.055356
-0.058415
-0.061588
-0.064876
-0.068281
-0.071804
-0.075446
-0.079208
-0.083090
-0.087095
-0.091222
-0.095473
-0.099849
-0.104349
-0.108976
-0.113729
-0.118609
-0.123617
-0.128753
-0.134018
-0.139412
-0.144935
-0.150588
-0.156371
-0.162285
-0.168330
-0.174506
-0.180813
-0.187251
-0.193822
-0.200524
-0.207358
-0.214325
-0.221424
-0.228656
-0.236021
-0.243519
-0.251150
-0.258915
-0.266814
-0.274846
-0.283013
-0.004844
-0.004842
-0.004833
-0.004818
-0.004802
-0.004785
-0.004769
-0.004755
-0.004746
-0.004744
-0.004750
-0.004766
-0.004794
-0.004836
-0.004895
-0.004973
-0.005072
-0.005194
-0.005343
-0.005520
-0.005729
-0.005972
-0.006252
-0.006571
-0.006932
-0.007339
-0.007793
-0.008299
-0.008858
-0.009474
-0.010149
-0.010887
-0.011690
-0.012562
-0.013505
-0.014521
-0.015615
-0.016788
-0.018044
-0.019385
-0.020814
-0.022334
-0.023947
-0.025656
-0.027464
-0.029373
-0.031385
-0.033504
-0.035730
-0.038067
-0.040518
-0.043083
-0.045765
-0.048567
-0.051490
-0.054536
-0.057707
-0.061005
-0.064431
-0.067988
-0.071676
-0.075498
-0.079454
-0.083547
-0.087776
-0.092145
-0.096653
-0.101303
-0.106094
-0.111028
-0.116107
-0.121330
-0.126698
-0.132213
-0.137875
-0.143685
-0.149644
-0.155751
-0.162007
-0.168414
-0.174971
-0.181679
-0.188538
-0.195548
-0.202710
-0.210025
-0.217492
-0.225112
-0.232884
-0.240811
-0.248890
-0.257123
-0.265511
-0.274052
-0.282748
-0.291599
-0.300604
-0.309765
-0.319082
-0.328554
-0.005048
-0.005046
-0.005037
-0.005024
-0.005010
-0.004996
-0.004983
-0.004975
-0.004972
-0.004978
-0.004993
-0.005020
-0.005062
-0.005120
-0.005198
-0.005297
-0.005421
-0.005573
-0.005754
-0.005969
-0.006219
-0.006508
-0.006840
-0.007216
-0.007641
-0.008117
-0.008648
-0.009237
-0.009887
-0.010602
-0.011384
-0.012237
-0.013164
-0.014169
-0.015255
-0.016424
-0.017681
-0.019028
-0.020469
-0.022006
-0.023643
-0.025383
-0.027228
-0.029183
-0.031249
-0.033429
-0.035727
-0.038144
-0.040685
-0.043350
-0.046143
-0.049067
-0.052123
-0.055314
-0.058643
-0.062111
-0.065720
-0.069473
-0.073372
-0.077417
-0.081612
-0.085958
-0.090457
-0.095109
-0.099918
-0.104883
-0.110007
-0.115290
-0.120734
-0.126340
-0.132110
-0.138043
-0.144141
-0.150405
-0.156836
-0.163435
-0.170201
-0.177137
-0.184242
-0.191517
-0.198963
-0.206579
-0.214367
-0.222328
-0.230460
-0.238765
-0.247244
-0.255895
-0.264721
-0.273720
-0.282894
-0.292242
-0.301765
-0.311464
-0.321338
-0.331388
-0.341614
-0.352016
-0.362595
-0.373351
-0.005257
-0.005256
-0.005248
-0.005237
-0.005225
-0.005213
-0.005205
-0.005201
-0.005205
-0.005218
-0.005242
-0.005281
-0.005336
-0.005410
-0.005506
-0.005627
-0.005776
-0.005956
-0.006169
-0.006420
-0.006711
-0.007047
-0.007429
-0.007862
-0.008349
-0.008894
-0.009500
-0.010171
-0.010910
-0.011721
-0.012608
-0.013574
-0.014624
-0.015759
-0.016985
-0.018305
-0.019722
-0.021240
-0.022862
-0.024592
-0.026433
-0.028389
-0.030462
-0.032657
-0.034976
-0.037423
-0.040001
-0.042712
-0.045560
-0.048548
-0.051678
-0.054953
-0.058376
-0.061949
-0.065675
-0.069557
-0.073596
-0.077796
-0.082157
-0.086683
-0.091375
-0.096235
-0.101265
-0.106467
-0.111843
-0.117393
-0.123120
-0.129025
-0.135110
-0.141375
-0.147822
-0.154452
-0.161266
-0.168264
-0.175449
-0.182821
-0.190381
-0.198128
-0.206065
-0.214192
-0.222509
-0.231017
-0.239717
-0.248608
-0.257692
-0.266969
-0.276439
-0.286103
-0.295960
-0.306012
-0.316259
-0.326701
-0.337339
-0.348172
-0.359201
-0.370427
-0.381850
-0.393470
-0.405287
-0.417303
-0.005474
-0.005473
-0.005466
-0.005456
-0.005446
-0.005438
-0.005433
-0.005434
-0.005444
-0.005464
-0.005498
-0.005548
-0.005616
-0.005706
-0.005820
-0.005962
-0.006135
-0.006343
-0.006588
-0.006875
-0.007206
-0.007586
-0.008018
-0.008507
-0.009055
-0.009667
-0.010346
-0.011098
-0.011924
-0.012831
-0.013820
-0.014898
-0.016066
-0.017330
-0.018694
-0.020160
-0.021734
-0.023419
-0.025219
-0.027137
-0.029178
-0.031345
-0.033642
-0.036072
-0.038640
-0.041347
-0.044199
-0.047197
-0.050346
-0.053649
-0.057108
-0.060728
-0.064509
-0.068456
-0.072572
-0.076858
-0.081318
-0.085954
-0.090769
-0.095764
-0.100942
-0.106305
-0.111855
-0.117595
-0.123525
-0.129648
-0.135965
-0.142478
-0.149189
-0.156098
-0.163208
-0.170519
-0.178033
-0.185751
-0.193673
-0.201801
-0.210136
-0.218678
-0.227429
-0.236388
-0.245558
-0.254938
-0.264528
-0.274331
-0.284345
-0.294572
-0.305012
-0.315666
-0.326533
-0.337615
-0.348911
-0.360423
-0.372150
-0.384093
-0.396252
-0.408628
-0.421222
-0.434032
-0.447061
-0.460309
-0.005697
-0.005696
-0.005690
-0.005682
-0.005674
-0.005668
-0.005668
-0.005674
-0.005690
-0.005717
-0.005760
-0.005821
-0.005902
-0.006007
-0.006139
-0.006302
-0.006499
-0.006734
-0.007010
-0.007332
-0.007702
-0.008126
-0.008607
-0.009150
-0.009758
-0.010435
-0.011187
-0.012017
-0.012929
-0.013928
-0.015018
-0.016204
-0.017489
-0.018878
-0.020376
-0.021986
-0.023713
-0.025561
-0.027535
-0.029637
-0.031873
-0.034246
-0.036761
-0.039421
-0.042231
-0.045193
-0.048312
-0.051591
-0.055033
-0.058644
-0.062424
-0.066379
-0.070511
-0.074823
-0.079318
-0.083999
-0.088869
-0.093931
-0.099187
-0.104640
-0.110293
-0.116146
-0.122204
-0.128467
-0.134939
-0.141620
-0.148513
-0.155619
-0.162940
-0.170478
-0.178234
-0.186210
-0.194406
-0.202824
-0.211466
-0.220332
-0.229423
-0.238740
-0.248284
-0.258056
-0.268056
-0.278286
-0.288747
-0.299437
-0.310359
-0.321513
-0.332899
-0.344518
-0.356370
-0.368456
-0.380776
-0.393330
-0.406120
-0.419146
-0.432407
-0.445905
-0.459640
-0.473613
-0.487823
-0.502272
-0.005927
-0.005926
-0.005921
-0.005914
-0.005909
-0.005906
-0.005909
-0.005920
-0.005942
-0.005977
-0.006028
-0.006100
-0.006193
-0.006314
-0.006463
-0.006647
-0.006867
-0.007128
-0.007435
-0.007791
-0.008200
-0.008666
-0.009195
-0.009791
-0.010457
-0.011199
-0.012020
-0.012927
-0.013922
-0.015012
-0.016200
-0.017491
-0.018890
-0.020401
-0.022030
-0.023780
-0.025656
-0.027663
-0.029805
-0.032087
-0.034512
-0.037087
-0.039813
-0.042697
-0.045742
-0.048952
-0.052331
-0.055883
-0.059611
-0.063520
-0.067614
-0.071895
-0.076367
-0.081034
-0.085898
-0.090964
-0.096233
-0.101709
-0.107395
-0.113293
-0.119406
-0.125737
-0.132288
-0.139061
-0.146059
-0.153283
-0.160735
-0.168418
-0.176333
-0.184482
-0.192867
-0.201488
-0.210348
-0.219448
-0.228789
-0.238372
-0.248198
-0.258268
-0.268584
-0.279146
-0.289955
-0.301011
-0.312317
-0.323871
-0.335675
-0.347730
-0.360036
-0.372593
-0.385403
-0.398465
-0.411781
-0.425350
-0.439173
-0.453251
-0.467585
-0.482174
-0.497019
-0.512121
-0.527480
-0.543098
-0.006163
-0.006163
-0.006159
-0.006154
-0.006150
-0.006150
-0.006157
-0.006173
-0.006200
-0.006243
-0.006303
-0.006385
-0.006491
-0.006626
-0.006793
-0.006996
-0.007239
-0.007526
-0.007862
-0.008251
-0.008698
-0.009206
-0.009782
-0.010428
-0.011151
-0.011955
-0.012845
-0.013826
-0.014903
-0.016080
-0.017363
-0.018757
-0.020266
-0.021896
-0.023651
-0.025537
-0.027558
-0.029719
-0.032025
-0.034481
-0.037091
-0.039860
-0.042792
-0.045893
-0.049166
-0.052617
-0.056248
-0.060064
-0.064070
-0.068269
-0.072666
-0.077264
-0.082066
-0.087077
-0.092299
-0.097737
-0.103393
-0.109271
-0.115373
-0.121703
-0.128263
-0.135057
-0.142086
-0.149353
-0.156860
-0.164611
-0.172606
-0.180848
-0.189338
-0.198080
-0.207074
-0.216321
-0.225824
-0.235584
-0.245603
-0.255881
-0.266420
-0.277220
-0.288284
-0.299611
-0.311203
-0.323061
-0.335186
-0.347577
-0.360237
-0.373165
-0.386362
-0.399830
-0.413567
-0.427576
-0.441856
-0.456409
-0.471234
-0.486332
-0.501704
-0.517351
-0.533273
-0.549470
-0.565943
-0.582693
-0.006406
-0.006407
-0.006403
-0.006400
-0.006398
-0.006401
-0.006412
-0.006432
-0.006465
-0.006515
-0.006584
-0.006676
-0.006794
-0.006943
-0.007127
-0.007349
-0.007614
-0.007927
-0.008292
-0.008713
-0.009196
-0.009745
-0.010365
-0.011062
-0.011840
-0.012704
-0.013660
-0.014713
-0.015869
-0.017131
-0.018506
-0.019999
-0.021615
-0.023360
-0.025238
-0.027255
-0.029416
-0.031726
-0.034191
-0.036815
-0.039603
-0.042561
-0.045692
-0.049003
-0.052497
-0.056180
-0.060055
-0.064127
-0.068401
-0.072881
-0.077570
-0.082474
-0.087595
-0.092938
-0.098507
-0.104305
-0.110335
-0.116600
-0.123105
-0.129852
-0.136844
-0.144085
-0.151576
-0.159320
-0.167320
-0.175579
-0.184098
-0.192880
-0.201927
-0.211240
-0.220822
-0.230675
-0.240800
-0.251198
-0.261871
-0.272820
-0.284047
-0.295553
-0.307339
-0.319406
-0.331755
-0.344387
-0.357302
-0.370503
-0.383988
-0.397760
-0.411819
-0.426165
-0.440799
-0.455722
-0.470935
-0.486437
-0.502230
-0.518314
-0.534690
-0.551358
-0.568319
-0.585574
-0.603124
-0.620968
-0.006657
-0.006657
-0.006655
-0.006653
-0.006653
-0.006659
-0.006673
-0.006698
-0.006737
-0.006794
-0.006871
-0.006973
-0.007103
-0.007266
-0.007466
-0.007707
-0.007994
-0.008331
-0.008723
-0.009176
-0.009694
-0.010282
-0.010946
-0.011691
-0.012522
-0.013445
-0.014465
-0.015587
-0.016818
-0.018163
-0.019627
-0.021215
-0.022935
-0.024790
-0.026787
-0.028930
-0.031227
-0.033681
-0.036298
-0.039085
-0.042045
-0.045184
-0.048507
-0.052020
-0.055727
-0.059633
-0.063744
-0.068062
-0.072594
-0.077344
-0.082316
-0.087514
-0.092943
-0.098606
-0.104508
-0.110652
-0.117042
-0.123682
-0.130574
-0.137723
-0.145131
-0.152801
-0.160737
-0.168941
-0.177415
-0.186163
-0.195187
-0.204489
-0.214071
-0.223935
-0.234083
-0.244518
-0.255241
-0.266253
-0.277556
-0.289152
-0.301041
-0.313226
-0.325707
-0.338486
-0.351563
-0.364940
-0.378617
-0.392596
-0.406877
-0.421461
-0.436348
-0.451540
-0.467038
-0.482841
-0.498950
-0.515367
-0.532091
-0.549124
-0.566466
-0.584118
-0.602080
-0.620354
-0.638939
-0.657837
-0.006914
-0.006914
-0.006913
-0.006913
-0.006915
-0.006924
-0.006942
-0.006971
-0.007016
-0.007079
-0.007164
-0.007276
-0.007418
-0.007594
-0.007810
-0.008069
-0.008376
-0.008737
-0.009156
-0.009639
-0.010191
-0.010817
-0.011523
-0.012314
-0.013197
-0.014176
-0.015257
-0.016447
-0.017750
-0.019174
-0.020723
-0.022404
-0.024223
-0.026184
-0.028295
-0.030560
-0.032987
-0.035579
-0.038343
-0.041285
-0.044410
-0.047724
-0.051232
-0.054939
-0.058850
-0.062971
-0.067307
-0.071862
-0.076642
-0.081651
-0.086894
-0.092375
-0.098098
-0.104069
-0.110290
-0.116767
-0.123502
-0.130500
-0.137764
-0.145298
-0.153104
-0.161187
-0.169549
-0.178194
-0.187123
-0.196340
-0.205848
-0.215648
-0.225743
-0.236135
-0.246827
-0.257820
-0.269116
-0.280717
-0.292624
-0.304839
-0.317364
-0.330199
-0.343347
-0.356808
-0.370584
-0.384675
-0.399082
-0.413807
-0.428850
-0.444213
-0.459895
-0.475898
-0.492223
-0.508870
-0.525839
-0.543133
-0.560751
-0.578693
-0.596962
-0.615556
-0.634478
-0.653728
-0.673307
-0.693215
-0.007178
-0.007179
-0.007179
-0.007179
-0.007184
-0.007196
-0.007217
-0.007251
-0.007301
-0.007370
-0.007464
-0.007585
-0.007738
-0.007927
-0.008158
-0.008434
-0.008762
-0.009145
-0.009591
-0.010103
-0.010687
-0.011349
-0.012096
-0.012932
-0.013863
-0.014896
-0.016036
-0.017290
-0.018664
-0.020163
-0.021794
-0.023564
-0.025477
-0.027540
-0.029760
-0.032142
-0.034692
-0.037417
-0.040322
-0.043413
-0.046696
-0.050177
-0.053860
-0.057753
-0.061860
-0.066186
-0.070738
-0.075519
-0.080536
-0.085792
-0.091294
-0.097045
-0.103050
-0.109314
-0.115841
-0.122635
-0.129700
-0.137040
-0.144659
-0.152561
-0.160748
-0.169225
-0.177994
-0.187059
-0.196423
-0.206088
-0.216058
-0.226333
-0.236919
-0.247815
-0.259025
-0.270551
-0.282394
-0.294557
-0.307041
-0.319848
-0.332979
-0.346436
-0.360220
-0.374332
-0.388774
-0.403547
-0.418651
-0.434089
-0.449860
-0.465965
-0.482407
-0.499184
-0.516299
-0.533751
-0.551542
-0.569672
-0.588143
-0.606954
-0.626107
-0.645602
-0.665441
-0.685623
-0.706150
-0.727023
-0.007449
-0.007450
-0.007451
-0.007453
-0.007460
-0.007474
-0.007499
-0.007537
-0.007592
-0.007668
-0.007769
-0.007900
-0.008063
-0.008265
-0.008510
-0.008804
-0.009151
-0.009556
-0.010026
-0.010566
-0.011181
-0.011878
-0.012663
-0.013542
-0.014520
-0.015605
-0.016801
-0.018117
-0.019557
-0.021129
-0.022838
-0.024691
-0.026695
-0.028856
-0.031179
-0.033673
-0.036341
-0.039192
-0.042231
-0.045464
-0.048897
-0.052536
-0.056388
-0.060457
-0.064750
-0.069272
-0.074028
-0.079025
-0.084267
-0.089759
-0.095507
-0.101515
-0.107788
-0.114331
-0.121148
-0.128244
-0.135623
-0.143289
-0.151245
-0.159496
-0.168046
-0.176897
-0.186054
-0.195518
-0.205295
-0.215386
-0.225794
-0.236522
-0.247573
-0.258948
-0.270651
-0.282683
-0.295046
-0.307743
-0.320775
-0.334144
-0.347851
-0.361898
-0.376287
-0.391018
-0.406094
-0.421514
-0.437281
-0.453396
-0.469858
-0.486670
-0.503832
-0.521345
-0.539211
-0.557428
-0.576000
-0.594926
-0.614207
-0.633843
-0.653837
-0.674188
-0.694897
-0.715966
-0.737395
-0.759184
-0.007726
-0.007728
-0.007730
-0.007734
-0.007743
-0.007760
-0.007788
-0.007830
-0.007890
-0.007973
-0.008081
-0.008220
-0.008394
-0.008608
-0.008867
-0.009177
-0.009542
-0.009968
-0.010462
-0.011028
-0.011674
-0.012404
-0.013225
-0.014145
-0.015168
-0.016301
-0.017551
-0.018925
-0.020429
-0.022069
-0.023853
-0.025786
-0.027876
-0.030128
-0.032551
-0.035149
-0.037930
-0.040900
-0.044066
-0.047434
-0.051009
-0.054799
-0.058810
-0.063046
-0.067515
-0.072222
-0.077173
-0.082373
-0.087829
-0.093544
-0.099525
-0.105776
-0.112303
-0.119110
-0.126202
-0.133583
-0.141259
-0.149232
-0.157508
-0.166090
-0.174981
-0.184187
-0.193709
-0.203552
-0.213719
-0.224213
-0.235036
-0.246191
-0.257682
-0.269511
-0.281679
-0.294190
-0.307045
-0.320247
-0.333796
-0.347697
-0.361948
-0.376554
-0.391514
-0.406830
-0.422504
-0.438537
-0.454930
-0.471684
-0.488801
-0.506280
-0.524124
-0.542333
-0.560907
-0.579849
-0.599158
-0.618836
-0.638883
-0.659300
-0.680088
-0.701249
-0.722781
-0.744688
-0.766969
-0.789626
-0.008011
-0.008014
-0.008016
-0.008022
-0.008033
-0.008052
-0.008083
-0.008130
-0.008195
-0.008283
-0.008399
-0.008547
-0.008731
-0.008956
-0.009229
-0.009553
-0.009936
-0.010382
-0.010898
-0.011490
-0.012163
-0.012925
-0.013782
-0.014739
-0.015805
-0.016984
-0.018285
-0.019714
-0.021278
-0.022983
-0.024837
-0.026845
-0.029016
-0.031356
-0.033871
-0.036569
-0.039456
-0.042539
-0.045825
-0.049319
-0.053029
-0.056961
-0.061121
-0.065515
-0.070150
-0.075031
-0.080165
-0.085557
-0.091213
-0.097139
-0.103339
-0.109819
-0.116584
-0.123640
-0.130990
-0.138641
-0.146595
-0.154858
-0.163434
-0.172327
-0.181541
-0.191079
-0.200946
-0.211144
-0.221678
-0.232550
-0.243763
-0.255321
-0.267225
-0.279479
-0.292086
-0.305046
-0.318363
-0.332039
-0.346076
-0.360475
-0.375239
-0.390369
-0.405866
-0.421732
-0.437969
-0.454577
-0.471559
-0.488914
-0.506645
-0.524752
-0.543236
-0.562098
-0.581340
-0.600962
-0.620964
-0.641349
-0.662116
-0.683267
-0.704802
-0.726723
-0.749030
-0.771724
-0.794807
-0.818278
-0.008303
-0.008306
-0.008310
-0.008316
-0.008329
-0.008351
-0.008386
-0.008436
-0.008507
-0.008601
-0.008723
-0.008879
-0.009072
-0.009309
-0.009594
-0.009933
-0.010333
-0.010798
-0.011335
-0.011950
-0.012651
-0.013442
-0.014331
-0.015325
-0.016430
-0.017654
-0.019002
-0.020483
-0.022103
-0.023869
-0.025789
-0.027868
-0.030115
-0.032537
-0.035140
-0.037931
-0.040917
-0.044106
-0.047503
-0.051117
-0.054952
-0.059017
-0.063317
-0.067859
-0.072649
-0.077694
-0.082999
-0.088571
-0.094415
-0.100537
-0.106942
-0.113636
-0.120625
-0.127912
-0.135505
-0.143406
-0.151621
-0.160155
-0.169011
-0.178195
-0.187709
-0.197559
-0.207747
-0.218278
-0.229154
-0.240380
-0.251957
-0.263890
-0.276181
-0.288833
-0.301848
-0.315228
-0.328977
-0.343096
-0.357587
-0.372453
-0.387694
-0.403314
-0.419312
-0.435692
-0.452454
-0.469599
-0.487130
-0.505047
-0.523351
-0.542044
-0.561126
-0.580599
-0.600463
-0.620720
-0.641370
-0.662414
-0.683854
-0.705690
-0.727923
-0.750554
-0.773584
-0.797013
-0.820844
-0.845077
-0.008602
-0.008605
-0.008610
-0.008618
-0.008633
-0.008658
-0.008695
-0.008750
-0.008824
-0.008924
-0.009053
-0.009217
-0.009419
-0.009666
-0.009963
-0.010316
-0.010731
-0.011214
-0.011771
-0.012409
-0.013134
-0.013954
-0.014874
-0.015901
-0.017044
-0.018308
-0.019702
-0.021231
-0.022903
-0.024726
-0.026707
-0.028853
-0.031171
-0.033669
-0.036353
-0.039231
-0.042310
-0.045597
-0.049099
-0.052823
-0.056776
-0.060964
-0.065395
-0.070074
-0.075009
-0.080205
-0.085670
-0.091408
-0.097426
-0.103731
-0.110326
-0.117219
-0.124415
-0.131919
-0.139735
-0.147870
-0.156327
-0.165112
-0.174228
-0.183681
-0.193475
-0.203613
-0.214100
-0.224938
-0.236132
-0.247685
-0.259601
-0.271881
-0.284530
-0.297551
-0.310944
-0.324714
-0.338863
-0.353392
-0.368305
-0.383602
-0.399286
-0.415359
-0.431823
-0.448678
-0.465926
-0.483570
-0.501609
-0.520046
-0.538882
-0.558118
-0.577754
-0.597792
-0.618233
-0.639079
-0.660329
-0.681985
-0.704048
-0.726518
-0.749398
-0.772687
-0.796387
-0.820498
-0.845023
-0.869962
-0.008908
-0.008912
-0.008917
-0.008927
-0.008944
-0.008971
-0.009012
-0.009070
-0.009149
-0.009254
-0.009389
-0.009560
-0.009771
-0.010028
-0.010336
-0.010702
-0.011132
-0.011632
-0.012207
-0.012866
-0.013615
-0.014460
-0.015409
-0.016468
-0.017645
-0.018948
-0.020382
-0.021956
-0.023678
-0.025554
-0.027591
-0.029799
-0.032182
-0.034750
-0.037510
-0.040468
-0.043633
-0.047011
-0.050609
-0.054435
-0.058496
-0.062799
-0.067350
-0.072156
-0.077224
-0.082560
-0.088171
-0.094063
-0.100242
-0.106715
-0.113486
-0.120562
-0.127948
-0.135650
-0.143673
-0.152022
-0.160702
-0.169718
-0.179074
-0.188775
-0.198825
-0.209229
-0.219989
-0.231111
-0.242597
-0.254451
-0.266677
-0.279278
-0.292256
-0.305614
-0.319356
-0.333484
-0.348000
-0.362906
-0.378205
-0.393899
-0.409990
-0.426480
-0.443370
-0.460662
-0.478357
-0.496458
-0.514965
-0.533880
-0.553203
-0.572937
-0.593083
-0.613640
-0.634611
-0.655997
-0.677798
-0.700016
-0.722651
-0.745705
-0.769179
-0.793073
-0.817388
-0.842126
-0.867288
-0.892875
-0.009221
-0.009225
-0.009231
-0.009242
-0.009261
-0.009291
-0.009335
-0.009396
-0.009480
-0.009590
-0.009731
-0.009909
-0.010128
-0.010394
-0.010713
-0.011091
-0.011535
-0.012050
-0.012643
-0.013321
-0.014091
-0.014961
-0.015936
-0.017024
-0.018233
-0.019571
-0.021043
-0.022659
-0.024425
-0.026350
-0.028440
-0.030703
-0.033147
-0.035780
-0.038609
-0.041641
-0.044884
-0.048345
-0.052031
-0.055951
-0.060111
-0.064518
-0.069178
-0.074100
-0.079290
-0.084754
-0.090499
-0.096531
-0.102857
-0.109483
-0.116414
-0.123657
-0.131218
-0.139101
-0.147312
-0.155856
-0.164739
-0.173965
-0.183539
-0.193466
-0.203750
-0.214395
-0.225405
-0.236784
-0.248536
-0.260664
-0.273172
-0.286063
-0.299340
-0.313007
-0.327065
-0.341518
-0.356367
-0.371617
-0.387268
-0.403322
-0.419783
-0.436651
-0.453929
-0.471618
-0.489719
-0.508235
-0.527167
-0.546516
-0.566283
-0.586470
-0.607078
-0.628108
-0.649561
-0.671438
-0.693740
-0.716468
-0.739624
-0.763208
-0.787221
-0.811665
-0.836540
-0.861848
-0.887590
-0.913766
-0.009541
-0.009545
-0.009553
-0.009565
-0.009586
-0.009618
-0.009665
-0.009730
-0.009818
-0.009933
-0.010080
-0.010264
-0.010490
-0.010765
-0.011094
-0.011483
-0.011939
-0.012468
-0.013078
-0.013774
-0.014564
-0.015455
-0.016454
-0.017570
-0.018808
-0.020177
-0.021685
-0.023338
-0.025145
-0.027114
-0.029251
-0.031566
-0.034065
-0.036756
-0.039647
-0.042746
-0.046060
-0.049597
-0.053363
-0.057368
-0.061617
-0.066118
-0.070878
-0.075905
-0.081204
-0.086784
-0.092649
-0.098808
-0.105267
-0.112031
-0.119106
-0.126500
-0.134217
-0.142263
-0.150643
-0.159364
-0.168429
-0.177845
-0.187615
-0.197745
-0.208238
-0.219100
-0.230334
-0.241945
-0.253935
-0.266310
-0.279072
-0.292224
-0.305770
-0.319713
-0.334055
-0.348799
-0.363949
-0.379506
-0.395472
-0.411850
-0.428643
-0.445851
-0.463476
-0.481521
-0.499988
-0.518876
-0.538189
-0.557928
-0.578093
-0.598686
-0.619709
-0.641163
-0.663048
-0.685365
-0.708117
-0.731304
-0.754927
-0.778987
-0.803485
-0.828422
-0.853800
-0.879619
-0.905881
-0.932588
-0.009868
-0.009873
-0.009881
-0.009895
-0.009917
-0.009952
-0.010001
-0.010070
-0.010162
-0.010281
-0.010433
-0.010624
-0.010857
-0.011140
-0.011478
-0.011878
-0.012345
-0.012888
-0.013511
-0.014224
-0.015032
-0.015943
-0.016964
-0.018104
-0.019369
-0.020766
-0.022305
-0.023993
-0.025837
-0.027845
-0.030025
-0.032385
-0.034934
-0.037677
-0.040625
-0.043783
-0.047161
-0.050765
-0.054603
-0.058683
-0.063011
-0.067597
-0.072446
-0.077565
-0.082963
-0.088645
-0.094618
-0.100890
-0.107466
-0.114353
-0.121557
-0.129084
-0.136940
-0.145130
-0.153661
-0.162538
-0.171765
-0.181348
-0.191292
-0.201602
-0.212282
-0.223336
-0.234768
-0.246584
-0.258786
-0.271378
-0.284364
-0.297747
-0.311531
-0.325718
-0.340311
-0.355314
-0.370728
-0.386557
-0.402802
-0.419466
-0.436551
-0.454059
-0.471992
-0.490352
-0.509140
-0.528358
-0.548007
-0.568090
-0.588607
-0.609559
-0.630948
-0.652776
-0.675043
-0.697750
-0.720899
-0.744490
-0.768526
-0.793006
-0.817932
-0.843306
-0.869128
-0.895400
-0.922122
-0.949296
-0.010202
-0.010207
-0.010216
-0.010231
-0.010256
-0.010292
-0.010345
-0.010416
-0.010512
-0.010636
-0.010793
-0.010989
-0.011229
-0.011519
-0.011866
-0.012275
-0.012753
-0.013307
-0.013944
-0.014671
-0.015495
-0.016424
-0.017465
-0.018626
-0.019914
-0.021338
-0.022905
-0.024622
-0.026499
-0.028542
-0.030760
-0.033161
-0.035753
-0.038543
-0.041539
-0.044751
-0.048184
-0.051847
-0.055748
-0.059894
-0.064293
-0.068952
-0.073879
-0.079080
-0.084563
-0.090335
-0.096402
-0.102772
-0.109451
-0.116445
-0.123761
-0.131405
-0.139382
-0.147698
-0.156360
-0.165373
-0.174741
-0.184470
-0.194565
-0.205031
-0.215872
-0.227093
-0.238698
-0.250692
-0.263077
-0.275858
-0.289039
-0.302622
-0.316611
-0.331010
-0.345821
-0.361047
-0.376691
-0.392755
-0.409241
-0.426153
-0.443492
-0.461260
-0.479459
-0.498090
-0.517157
-0.536660
-0.556600
-0.576981
-0.597801
-0.619064
-0.640771
-0.662922
-0.685519
-0.708564
-0.732056
-0.755998
-0.780391
-0.805235
-0.830532
-0.856284
-0.882490
-0.909153
-0.936274
-0.963854
-0.010543
-0.010548
-0.010558
-0.010575
-0.010601
-0.010640
-0.010695
-0.010770
-0.010869
-0.010997
-0.011159
-0.011360
-0.011606
-0.011903
-0.012257
-0.012674
-0.013162
-0.013726
-0.014375
-0.015115
-0.015954
-0.016898
-0.017957
-0.019136
-0.020445
-0.021891
-0.023482
-0.025226
-0.027131
-0.029205
-0.031456
-0.033892
-0.036521
-0.039351
-0.042390
-0.045647
-0.049128
-0.052842
-0.056797
-0.061000
-0.065459
-0.070182
-0.075175
-0.080446
-0.086002
-0.091851
-0.097999
-0.104453
-0.111219
-0.118305
-0.125716
-0.133458
-0.141539
-0.149963
-0.158735
-0.167863
-0.177351
-0.187204
-0.197427
-0.208026
-0.219004
-0.230366
-0.242117
-0.254260
-0.266801
-0.279741
-0.293086
-0.306839
-0.321002
-0.335579
-0.350574
-0.365988
-0.381825
-0.398088
-0.414778
-0.431898
-0.449450
-0.467436
-0.485859
-0.504720
-0.524021
-0.543764
-0.563950
-0.584581
-0.605658
-0.627182
-0.649156
-0.671579
-0.694455
-0.717783
-0.741565
-0.765802
-0.790495
-0.815646
-0.841256
-0.867326
-0.893857
-0.920850
-0.948307
-0.976229
-0.010891
-0.010896
-0.010907
-0.010925
-0.010953
-0.010994
-0.011052
-0.011129
-0.011232
-0.011364
-0.011530
-0.011736
-0.011987
-0.012290
-0.012651
-0.013076
-0.013572
-0.014146
-0.014805
-0.015556
-0.016407
-0.017365
-0.018438
-0.019634
-0.020961
-0.022426
-0.024038
-0.025804
-0.027733
-0.029833
-0.032111
-0.034577
-0.037237
-0.040101
-0.043177
-0.046471
-0.049993
-0.053749
-0.057749
-0.062000
-0.066509
-0.071284
-0.076332
-0.081661
-0.087278
-0.093191
-0.099405
-0.105928
-0.112767
-0.119928
-0.127417
-0.135242
-0.143407
-0.151919
-0.160783
-0.170005
-0.179591
-0.189545
-0.199873
-0.210580
-0.221670
-0.233148
-0.245017
-0.257284
-0.269950
-0.283021
-0.296499
-0.310389
-0.324694
-0.339416
-0.354560
-0.370127
-0.386121
-0.402544
-0.419399
-0.436688
-0.454414
-0.472578
-0.491182
-0.510229
-0.529719
-0.549656
-0.570041
-0.590874
-0.612158
-0.633894
-0.656084
-0.678729
-0.701829
-0.725387
-0.749403
-0.773880
-0.798817
-0.824217
-0.850080
-0.876408
-0.903201
-0.930463
-0.958192
-0.986392
-0.011245
-0.011251
-0.011263
-0.011282
-0.011312
-0.011355
-0.011415
-0.011496
-0.011601
-0.011736
-0.011907
-0.012117
-0.012373
-0.012681
-0.013048
-0.013480
-0.013983
-0.014565
-0.015232
-0.015993
-0.016855
-0.017825
-0.018910
-0.020120
-0.021461
-0.022942
-0.024571
-0.026355
-0.028304
-0.030425
-0.032726
-0.035216
-0.037902
-0.040793
-0.043897
-0.047222
-0.050776
-0.054567
-0.058603
-0.062891
-0.067440
-0.072257
-0.077349
-0.082724
-0.088390
-0.094352
-0.100619
-0.107197
-0.114092
-0.121313
-0.128864
-0.136752
-0.144983
-0.153564
-0.162499
-0.171795
-0.181457
-0.191490
-0.201900
-0.212690
-0.223867
-0.235434
-0.247395
-0.259756
-0.272520
-0.285690
-0.299272
-0.313267
-0.327680
-0.342514
-0.357772
-0.373456
-0.389570
-0.406117
-0.423098
-0.440516
-0.458373
-0.476673
-0.495415
-0.514604
-0.534239
-0.554324
-0.574860
-0.595848
-0.617290
-0.639188
-0.661542
-0.684355
-0.707627
-0.731360
-0.755556
-0.780214
-0.805338
-0.830927
-0.856984
-0.883509
-0.910504
-0.937970
-0.965908
-0.994321
-0.011606
-0.011613
-0.011625
-0.011646
-0.011677
-0.011723
-0.011785
-0.011868
-0.011977
-0.012115
-0.012289
-0.012503
-0.012764
-0.013077
-0.013448
-0.013885
-0.014395
-0.014983
-0.015658
-0.016427
-0.017297
-0.018276
-0.019372
-0.020592
-0.021945
-0.023439
-0.025081
-0.026880
-0.028844
-0.030981
-0.033299
-0.035807
-0.038513
-0.041425
-0.044551
-0.047899
-0.051478
-0.055295
-0.059357
-0.063674
-0.068253
-0.073100
-0.078225
-0.083634
-0.089335
-0.095334
-0.101639
-0.108257
-0.115194
-0.122457
-0.130052
-0.137987
-0.146266
-0.154896
-0.163882
-0.173231
-0.182947
-0.193036
-0.203503
-0.214353
-0.225590
-0.237220
-0.249246
-0.261673
-0.274505
-0.287746
-0.301399
-0.315468
-0.329956
-0.344868
-0.360204
-0.375970
-0.392167
-0.408798
-0.425866
-0.443373
-0.461322
-0.479714
-0.498552
-0.517837
-0.537572
-0.557759
-0.578398
-0.599492
-0.621043
-0.643051
-0.665518
-0.688446
-0.711837
-0.735690
-0.760008
-0.784792
-0.810044
-0.835763
-0.861953
-0.888614
-0.915748
-0.943355
-0.971437
-0.999997
-0.011974
-0.011981
-0.011994
-0.012016
-0.012049
-0.012097
-0.012161
-0.012247
-0.012358
-0.012500
-0.012677
-0.012894
-0.013159
-0.013476
-0.013852
-0.014293
-0.014808
-0.015402
-0.016082
-0.016857
-0.017734
-0.018720
-0.019823
-0.021052
-0.022413
-0.023916
-0.025568
-0.027377
-0.029352
-0.031501
-0.033831
-0.036352
-0.039072
-0.041998
-0.045139
-0.048502
-0.052097
-0.055931
-0.060012
-0.064347
-0.068945
-0.073813
-0.078959
-0.084389
-0.090112
-0.096135
-0.102464
-0.109107
-0.116070
-0.123359
-0.130982
-0.138945
-0.147253
-0.155912
-0.164930
-0.174310
-0.184058
-0.194180
-0.204681
-0.215566
-0.226839
-0.238505
-0.250568
-0.263033
-0.275904
-0.289184
-0.302878
-0.316988
-0.331519
-0.346473
-0.361854
-0.377664
-0.393907
-0.410585
-0.427700
-0.445256
-0.463254
-0.481697
-0.500586
-0.519924
-0.539713
-0.559954
-0.580649
-0.601801
-0.623409
-0.645477
-0.668005
-0.690995
-0.714449
-0.738367
-0.762752
-0.787604
-0.812924
-0.838715
-0.864977
-0.891712
-0.918921
-0.946606
-0.974768
-1.003408
-0.012349
-0.012356
-0.012370
-0.012393
-0.012428
-0.012477
-0.012544
-0.012632
-0.012746
-0.012890
-0.013070
-0.013291
-0.013558
-0.013878
-0.014258
-0.014703
-0.015221
-0.015819
-0.016504
-0.017283
-0.018165
-0.019156
-0.020264
-0.021498
-0.022865
-0.024373
-0.026031
-0.027847
-0.029828
-0.031984
-0.034321
-0.036849
-0.039576
-0.042510
-0.045659
-0.049031
-0.052634
-0.056476
-0.060566
-0.064910
-0.069517
-0.074394
-0.079549
-0.084989
-0.090722
-0.096755
-0.103094
-0.109746
-0.116719
-0.124019
-0.131652
-0.139625
-0.147944
-0.156614
-0.165641
-0.175031
-0.184790
-0.194922
-0.205433
-0.216328
-0.227611
-0.239287
-0.251360
-0.263835
-0.276715
-0.290005
-0.303707
-0.317827
-0.332366
-0.347329
-0.362719
-0.378537
-0.394789
-0.411475
-0.428598
-0.446162
-0.464168
-0.482618
-0.501515
-0.520861
-0.540657
-0.560906
-0.581610
-0.602769
-0.624386
-0.646462
-0.668998
-0.691997
-0.715460
-0.739387
-0.763781
-0.788643
-0.813974
-0.839776
-0.866049
-0.892796
-0.920018
-0.947716
-0.975891
-1.004545
-0.012730
-0.012737
-0.012752
-0.012777
-0.012813
-0.012864
-0.012933
-0.013024
-0.013140
-0.013286
-0.013469
-0.013692
-0.013962
-0.014285
-0.014667
-0.015115
-0.015635
-0.016236
-0.016924
-0.017706
-0.018590
-0.019583
-0.020694
-0.021931
-0.023300
-0.024811
-0.026471
-0.028289
-0.030272
-0.032430
-0.034769
-0.037299
-0.040027
-0.042962
-0.046112
-0.049484
-0.053088
-0.056930
-0.061019
-0.065362
-0.069968
-0.074844
-0.079997
-0.085434
-0.091164
-0.097193
-0.103528
-0.110175
-0.117143
-0.124437
-0.132063
-0.140028
-0.148338
-0.156999
-0.166016
-0.175395
-0.185142
-0.195262
-0.205759
-0.216640
-0.227907
-0.239566
-0.251622
-0.264078
-0.276938
-0.290207
-0.303887
-0.317983
-0.332499
-0.347436
-0.362799
-0.378589
-0.394811
-0.411467
-0.428559
-0.446090
-0.464063
-0.482478
-0.501339
-0.520648
-0.540406
-0.560616
-0.581279
-0.602397
-0.623972
-0.646004
-0.668497
-0.691451
-0.714868
-0.738749
-0.763096
-0.787909
-0.813192
-0.838944
-0.865168
-0.891865
-0.919035
-0.946682
-0.974805
-1.003408
-0.013118
-0.013125
-0.013141
-0.013167
-0.013205
-0.013258
-0.013329
-0.013421
-0.013539
-0.013688
-0.013872
-0.014098
-0.014370
-0.014694
-0.015078
-0.015528
-0.016050
-0.016652
-0.017341
-0.018124
-0.019009
-0.020003
-0.021114
-0.022350
-0.023719
-0.025229
-0.026888
-0.028703
-0.030685
-0.032839
-0.035175
-0.037701
-0.040424
-0.043354
-0.046497
-0.049863
-0.053458
-0.057292
-0.061371
-0.065705
-0.070299
-0.075162
-0.080301
-0.085724
-0.091438
-0.097450
-0.103766
-0.110394
-0.117340
-0.124612
-0.132214
-0.140153
-0.148436
-0.157069
-0.166056
-0.175403
-0.185116
-0.195200
-0.205660
-0.216501
-0.227728
-0.239344
-0.251354
-0.263763
-0.276574
-0.289792
-0.303419
-0.317460
-0.331917
-0.346795
-0.362096
-0.377823
-0.393978
-0.410565
-0.427587
-0.445045
-0.462942
-0.481280
-0.500061
-0.519288
-0.538962
-0.559086
-0.579660
-0.600688
-0.622170
-0.644108
-0.666504
-0.689360
-0.712676
-0.736455
-0.760697
-0.785405
-0.810580
-0.836223
-0.862336
-0.888920
-0.915976
-0.943507
-0.971513
-0.999997
-0.013512
-0.013519
-0.013536
-0.013563
-0.013602
-0.013657
-0.013730
-0.013825
-0.013945
-0.014095
-0.014281
-0.014508
-0.014782
-0.015107
-0.015492
-0.015943
-0.016465
-0.017067
-0.017756
-0.018538
-0.019421
-0.020414
-0.021522
-0.022756
-0.024121
-0.025626
-0.027280
-0.029090
-0.031065
-0.033211
-0.035539
-0.038055
-0.040767
-0.043685
-0.046815
-0.050166
-0.053746
-0.057563
-0.061624
-0.065937
-0.070509
-0.075349
-0.080463
-0.085860
-0.091545
-0.097526
-0.103810
-0.110403
-0.117313
-0.124545
-0.132107
-0.140003
-0.148240
-0.156824
-0.165761
-0.175056
-0.184713
-0.194739
-0.205138
-0.215916
-0.227075
-0.238622
-0.250560
-0.262894
-0.275627
-0.288763
-0.302306
-0.316260
-0.330627
-0.345411
-0.360614
-0.376241
-0.392293
-0.408773
-0.425685
-0.443029
-0.460809
-0.479028
-0.497686
-0.516786
-0.536330
-0.556321
-0.576759
-0.597647
-0.618987
-0.640779
-0.663026
-0.685730
-0.708891
-0.732512
-0.756594
-0.781138
-0.806146
-0.831620
-0.857560
-0.883969
-0.910848
-0.938199
-0.966022
-0.994321
-0.013912
-0.013920
-0.013937
-0.013965
-0.014006
-0.014063
-0.014138
-0.014234
-0.014356
-0.014508
-0.014695
-0.014923
-0.015198
-0.015524
-0.015909
-0.016359
-0.016881
-0.017482
-0.018168
-0.018948
-0.019828
-0.020816
-0.021920
-0.023148
-0.024506
-0.026004
-0.027649
-0.029449
-0.031413
-0.033547
-0.035860
-0.038361
-0.041057
-0.043956
-0.047067
-0.050396
-0.053952
-0.057743
-0.061776
-0.066060
-0.070600
-0.075406
-0.080484
-0.085841
-0.091485
-0.097422
-0.103660
-0.110204
-0.117062
-0.124239
-0.131743
-0.139578
-0.147752
-0.156269
-0.165135
-0.174355
-0.183936
-0.193881
-0.204196
-0.214885
-0.225954
-0.237405
-0.249244
-0.261475
-0.274101
-0.287126
-0.300554
-0.314388
-0.328632
-0.343288
-0.358360
-0.373851
-0.389762
-0.406098
-0.422860
-0.440051
-0.457674
-0.475730
-0.494221
-0.513151
-0.532520
-0.552330
-0.572585
-0.593284
-0.614431
-0.636027
-0.658073
-0.680571
-0.703523
-0.726931
-0.750795
-0.775118
-0.799901
-0.825145
-0.850853
-0.877025
-0.903663
-0.930770
-0.958345
-0.986392
-0.014318
-0.014326
-0.014344
-0.014374
-0.014416
-0.014475
-0.014551
-0.014649
-0.014773
-0.014926
-0.015114
-0.015343
-0.015617
-0.015944
-0.016328
-0.016777
-0.017297
-0.017895
-0.018578
-0.019353
-0.020228
-0.021210
-0.022307
-0.023526
-0.024875
-0.026362
-0.027995
-0.029781
-0.031729
-0.033846
-0.036140
-0.038620
-0.041294
-0.044168
-0.047251
-0.050551
-0.054076
-0.057833
-0.061830
-0.066074
-0.070573
-0.075334
-0.080364
-0.085671
-0.091261
-0.097141
-0.103318
-0.109799
-0.116589
-0.123696
-0.131125
-0.138882
-0.146973
-0.155404
-0.164180
-0.173306
-0.182788
-0.192630
-0.202838
-0.213415
-0.224367
-0.235698
-0.247411
-0.259511
-0.272001
-0.284886
-0.298168
-0.311852
-0.325940
-0.340435
-0.355341
-0.370660
-0.386394
-0.402548
-0.419122
-0.436120
-0.453544
-0.471396
-0.489678
-0.508393
-0.527541
-0.547126
-0.567149
-0.587612
-0.608517
-0.629865
-0.651658
-0.673898
-0.696587
-0.719726
-0.743317
-0.767361
-0.791860
-0.816816
-0.842230
-0.868103
-0.894438
-0.921237
-0.948500
-0.976229
-0.014731
-0.014739
-0.014758
-0.014788
-0.014832
-0.014892
-0.014970
-0.015070
-0.015195
-0.015349
-0.015538
-0.015767
-0.016041
-0.016367
-0.016749
-0.017196
-0.017713
-0.018307
-0.018985
-0.019755
-0.020622
-0.021596
-0.022683
-0.023891
-0.025228
-0.026700
-0.028317
-0.030085
-0.032013
-0.034109
-0.036379
-0.038833
-0.041477
-0.044320
-0.047370
-0.050634
-0.054119
-0.057834
-0.061785
-0.065980
-0.070427
-0.075133
-0.080105
-0.085349
-0.090873
-0.096683
-0.102786
-0.109189
-0.115897
-0.122917
-0.130255
-0.137917
-0.145908
-0.154234
-0.162900
-0.171912
-0.181274
-0.190991
-0.201069
-0.211510
-0.222321
-0.233505
-0.245066
-0.257008
-0.269335
-0.282050
-0.295157
-0.308659
-0.322559
-0.336860
-0.351566
-0.366678
-0.382200
-0.398134
-0.414483
-0.431249
-0.448434
-0.466040
-0.484070
-0.502526
-0.521410
-0.540723
-0.560468
-0.580646
-0.601259
-0.622310
-0.643799
-0.665729
-0.688100
-0.710916
-0.734177
-0.757886
-0.782043
-0.806651
-0.831711
-0.857226
-0.883195
-0.909622
-0.936508
-0.963855
-0.015149
-0.015157
-0.015177
-0.015208
-0.015254
-0.015316
-0.015395
-0.015496
-0.015622
-0.015777
-0.015967
-0.016195
-0.016469
-0.016793
-0.017173
-0.017616
-0.018129
-0.018718
-0.019390
-0.020152
-0.021010
-0.021974
-0.023049
-0.024243
-0.025564
-0.027019
-0.028616
-0.030363
-0.032266
-0.034335
-0.036577
-0.038999
-0.041609
-0.044414
-0.047424
-0.050643
-0.054082
-0.057746
-0.061643
-0.065781
-0.070166
-0.074806
-0.079708
-0.084878
-0.090324
-0.096051
-0.102067
-0.108378
-0.114989
-0.121907
-0.129138
-0.136687
-0.144560
-0.152763
-0.161300
-0.170177
-0.179398
-0.188969
-0.198894
-0.209177
-0.219823
-0.230835
-0.242219
-0.253976
-0.266111
-0.278628
-0.291530
-0.304820
-0.318501
-0.332575
-0.347047
-0.361919
-0.377192
-0.392870
-0.408956
-0.425450
-0.442357
-0.459677
-0.477414
-0.495568
-0.514142
-0.533139
-0.552559
-0.572405
-0.592679
-0.613382
-0.634516
-0.656083
-0.678085
-0.700523
-0.723400
-0.746717
-0.770475
-0.794677
-0.819323
-0.844417
-0.869960
-0.895952
-0.922397
-0.949297
-0.015573
-0.015582
-0.015602
-0.015634
-0.015682
-0.015745
-0.015826
-0.015928
-0.016055
-0.016211
-0.016400
-0.016628
-0.016900
-0.017221
-0.017599
-0.018038
-0.018545
-0.019128
-0.019792
-0.020544
-0.021392
-0.022343
-0.023403
-0.024581
-0.025884
-0.027318
-0.028892
-0.030613
-0.032489
-0.034527
-0.036734
-0.039119
-0.041689
-0.044451
-0.047413
-0.050582
-0.053966
-0.057571
-0.061406
-0.065477
-0.069791
-0.074355
-0.079176
-0.084261
-0.089617
-0.095249
-0.101164
-0.107368
-0.113868
-0.120668
-0.127776
-0.135196
-0.142934
-0.150995
-0.159385
-0.168107
-0.177168
-0.186571
-0.196322
-0.206423
-0.216880
-0.227697
-0.238876
-0.250423
-0.262340
-0.274630
-0.287298
-0.300345
-0.313776
-0.327593
-0.341798
-0.356395
-0.371385
-0.386771
-0.402556
-0.418742
-0.435331
-0.452325
-0.469727
-0.487537
-0.505759
-0.524394
-0.543444
-0.562911
-0.582797
-0.603104
-0.623833
-0.644987
-0.666566
-0.688574
-0.711011
-0.733880
-0.757183
-0.780921
-0.805095
-0.829709
-0.854763
-0.880260
-0.906201
-0.932588
-0.016003
-0.016012
-0.016032
-0.016066
-0.016114
-0.016179
-0.016262
-0.016365
-0.016493
-0.016649
-0.016838
-0.017064
-0.017334
-0.017653
-0.018027
-0.018461
-0.018962
-0.019536
-0.020191
-0.020933
-0.021768
-0.022704
-0.023748
-0.024906
-0.026188
-0.027598
-0.029145
-0.030837
-0.032680
-0.034683
-0.036852
-0.039194
-0.041718
-0.044431
-0.047339
-0.050450
-0.053772
-0.057311
-0.061075
-0.065070
-0.069303
-0.073782
-0.078512
-0.083500
-0.088754
-0.094278
-0.100079
-0.106164
-0.112537
-0.119206
-0.126175
-0.133450
-0.141035
-0.148937
-0.157161
-0.165710
-0.174590
-0.183804
-0.193359
-0.203256
-0.213501
-0.224098
-0.235049
-0.246359
-0.258031
-0.270068
-0.282473
-0.295249
-0.308400
-0.321927
-0.335834
-0.350122
-0.364795
-0.379855
-0.395303
-0.411143
-0.427376
-0.444005
-0.461031
-0.478456
-0.496283
-0.514513
-0.533148
-0.552190
-0.571642
-0.591504
-0.611779
-0.632468
-0.653574
-0.675098
-0.697043
-0.719409
-0.742200
-0.765416
-0.789061
-0.813135
-0.837640
-0.862580
-0.887955
-0.913767
-0.016438
-0.016447
-0.016468
-0.016503
-0.016553
-0.016619
-0.016703
-0.016807
-0.016936
-0.017092
-0.017280
-0.017505
-0.017773
-0.018088
-0.018456
-0.018885
-0.019378
-0.019944
-0.020588
-0.021317
-0.022137
-0.023057
-0.024081
-0.025219
-0.026476
-0.027859
-0.029377
-0.031035
-0.032842
-0.034805
-0.036930
-0.039225
-0.041698
-0.044355
-0.047203
-0.050250
-0.053502
-0.056967
-0.060651
-0.064562
-0.068705
-0.073088
-0.077717
-0.082598
-0.087738
-0.093142
-0.098817
-0.104769
-0.111003
-0.117524
-0.124339
-0.131453
-0.138870
-0.146595
-0.154634
-0.162991
-0.171671
-0.180677
-0.190014
-0.199686
-0.209697
-0.220050
-0.230749
-0.241797
-0.253198
-0.264955
-0.277070
-0.289546
-0.302387
-0.315594
-0.329171
-0.343119
-0.357442
-0.372140
-0.387217
-0.402675
-0.418515
-0.434740
-0.451351
-0.468350
-0.485740
-0.503522
-0.521699
-0.540271
-0.559241
-0.578612
-0.598384
-0.618559
-0.639141
-0.660130
-0.681528
-0.703338
-0.725562
-0.748201
-0.771258
-0.794734
-0.818632
-0.842953
-0.867701
-0.892876
-0.016879
-0.016888
-0.016909
-0.016945
-0.016996
-0.017064
-0.017149
-0.017255
-0.017383
-0.017539
-0.017726
-0.017949
-0.018214
-0.018525
-0.018888
-0.019309
-0.019795
-0.020350
-0.020982
-0.021697
-0.022501
-0.023402
-0.024405
-0.025518
-0.026748
-0.028102
-0.029586
-0.031208
-0.032975
-0.034893
-0.036970
-0.039213
-0.041629
-0.044224
-0.047006
-0.049982
-0.053158
-0.056541
-0.060138
-0.063956
-0.068000
-0.072278
-0.076795
-0.081558
-0.086573
-0.091846
-0.097382
-0.103188
-0.109268
-0.115629
-0.122275
-0.129212
-0.136444
-0.143976
-0.151813
-0.159960
-0.168420
-0.177198
-0.186298
-0.195723
-0.205477
-0.215564
-0.225987
-0.236750
-0.247854
-0.259305
-0.271103
-0.283252
-0.295754
-0.308612
-0.321829
-0.335406
-0.349345
-0.363650
-0.378321
-0.393361
-0.408771
-0.424555
-0.440712
-0.457247
-0.474159
-0.491452
-0.509127
-0.527185
-0.545630
-0.564462
-0.583684
-0.603297
-0.623304
-0.643707
-0.664507
-0.685708
-0.707310
-0.729317
-0.751729
-0.774550
-0.797782
-0.821426
-0.845486
-0.869962
-0.017325
-0.017333
-0.017355
-0.017392
-0.017445
-0.017514
-0.017600
-0.017707
-0.017836
-0.017991
-0.018177
-0.018398
-0.018659
-0.018965
-0.019322
-0.019735
-0.020211
-0.020755
-0.021373
-0.022072
-0.022859
-0.023739
-0.024719
-0.025806
-0.027006
-0.028327
-0.029775
-0.031356
-0.033079
-0.034949
-0.036973
-0.039158
-0.041512
-0.044040
-0.046750
-0.049648
-0.052741
-0.056035
-0.059537
-0.063253
-0.067190
-0.071353
-0.075749
-0.080384
-0.085263
-0.090393
-0.095778
-0.101426
-0.107339
-0.113525
-0.119988
-0.126733
-0.133765
-0.141087
-0.148706
-0.156624
-0.164847
-0.173377
-0.182220
-0.191377
-0.200854
-0.210653
-0.220778
-0.231231
-0.242015
-0.253134
-0.264589
-0.276384
-0.288520
-0.301001
-0.313828
-0.327003
-0.340528
-0.354406
-0.368638
-0.383227
-0.398173
-0.413478
-0.429146
-0.445176
-0.461572
-0.478335
-0.495466
-0.512968
-0.530843
-0.549091
-0.567717
-0.586720
-0.606104
-0.625871
-0.646023
-0.666561
-0.687489
-0.708809
-0.730522
-0.752632
-0.775140
-0.798048
-0.821360
-0.845078
-0.017776
-0.017784
-0.017806
-0.017844
-0.017898
-0.017969
-0.018057
-0.018164
-0.018293
-0.018447
-0.018631
-0.018849
-0.019106
-0.019407
-0.019757
-0.020162
-0.020627
-0.021159
-0.021762
-0.022444
-0.023211
-0.024068
-0.025023
-0.026081
-0.027249
-0.028534
-0.029942
-0.031480
-0.033154
-0.034972
-0.036939
-0.039063
-0.041349
-0.043805
-0.046437
-0.049251
-0.052253
-0.055451
-0.058850
-0.062457
-0.066277
-0.070317
-0.074582
-0.079079
-0.083812
-0.088787
-0.094011
-0.099487
-0.105222
-0.111220
-0.117485
-0.124024
-0.130840
-0.137937
-0.145320
-0.152993
-0.160961
-0.169225
-0.177791
-0.186662
-0.195841
-0.205331
-0.215134
-0.225255
-0.235696
-0.246459
-0.257547
-0.268962
-0.280706
-0.292781
-0.305190
-0.317934
-0.331016
-0.344436
-0.358197
-0.372301
-0.386748
-0.401542
-0.416683
-0.432173
-0.448014
-0.464207
-0.480754
-0.497658
-0.514920
-0.532542
-0.550525
-0.568873
-0.587586
-0.606669
-0.626121
-0.645947
-0.666149
-0.686728
-0.707687
-0.729030
-0.750758
-0.772873
-0.795380
-0.818279
-0.018232
-0.018240
-0.018262
-0.018301
-0.018356
-0.018428
-0.018517
-0.018625
-0.018754
-0.018907
-0.019090
-0.019304
-0.019557
-0.019852
-0.020194
-0.020590
-0.021043
-0.021561
-0.022149
-0.022812
-0.023557
-0.024390
-0.025317
-0.026344
-0.027477
-0.028724
-0.030089
-0.031580
-0.033203
-0.034964
-0.036870
-0.038927
-0.041141
-0.043519
-0.046067
-0.048791
-0.051697
-0.054792
-0.058081
-0.061571
-0.065266
-0.069174
-0.073299
-0.077647
-0.082224
-0.087035
-0.092085
-0.097379
-0.102922
-0.108718
-0.114774
-0.121092
-0.127677
-0.134534
-0.141666
-0.149078
-0.156772
-0.164754
-0.173025
-0.181589
-0.190450
-0.199611
-0.209073
-0.218840
-0.228915
-0.239299
-0.249995
-0.261005
-0.272331
-0.283975
-0.295939
-0.308224
-0.320833
-0.333766
-0.347026
-0.360613
-0.374530
-0.388778
-0.403358
-0.418271
-0.433521
-0.449107
-0.465032
-0.481297
-0.497905
-0.514857
-0.532155
-0.549802
-0.567799
-0.586149
-0.604854
-0.623917
-0.643341
-0.663128
-0.683280
-0.703801
-0.724694
-0.745960
-0.767604
-0.789627
-0.018693
-0.018700
-0.018722
-0.018762
-0.018819
-0.018892
-0.018983
-0.019091
-0.019219
-0.019372
-0.019552
-0.019763
-0.020011
-0.020299
-0.020633
-0.021018
-0.021459
-0.021962
-0.022533
-0.023176
-0.023898
-0.024705
-0.025602
-0.026596
-0.027692
-0.028897
-0.030217
-0.031658
-0.033226
-0.034927
-0.036767
-0.038753
-0.040890
-0.043185
-0.045644
-0.048272
-0.051075
-0.054060
-0.057232
-0.060597
-0.064160
-0.067927
-0.071903
-0.076094
-0.080505
-0.085140
-0.090006
-0.095106
-0.100445
-0.106029
-0.111860
-0.117945
-0.124285
-0.130887
-0.137753
-0.144887
-0.152293
-0.159974
-0.167933
-0.176173
-0.184698
-0.193509
-0.202610
-0.212002
-0.221689
-0.231672
-0.241954
-0.252536
-0.263419
-0.274607
-0.286100
-0.297900
-0.310008
-0.322426
-0.335155
-0.348197
-0.361552
-0.375221
-0.389207
-0.403511
-0.418134
-0.433077
-0.448341
-0.463930
-0.479844
-0.496085
-0.512656
-0.529558
-0.546793
-0.564365
-0.582276
-0.600528
-0.619124
-0.638067
-0.657361
-0.677007
-0.697010
-0.717372
-0.738096
-0.759185
-0.019158
-0.019164
-0.019186
-0.019227
-0.019286
-0.019361
-0.019452
-0.019561
-0.019689
-0.019840
-0.020017
-0.020225
-0.020467
-0.020748
-0.021073
-0.021447
-0.021875
-0.022362
-0.022914
-0.023536
-0.024233
-0.025012
-0.025878
-0.026836
-0.027893
-0.029055
-0.030326
-0.031713
-0.033223
-0.034860
-0.036631
-0.038541
-0.040597
-0.042804
-0.045168
-0.047694
-0.050389
-0.053258
-0.056306
-0.059539
-0.062962
-0.066580
-0.070399
-0.074423
-0.078659
-0.083109
-0.087780
-0.092675
-0.097800
-0.103158
-0.108754
-0.114591
-0.120674
-0.127006
-0.133592
-0.140433
-0.147535
-0.154899
-0.162529
-0.170428
-0.178598
-0.187041
-0.195761
-0.204760
-0.214038
-0.223599
-0.233445
-0.243576
-0.253995
-0.264702
-0.275700
-0.286990
-0.298572
-0.310448
-0.322618
-0.335085
-0.347849
-0.360911
-0.374272
-0.387933
-0.401896
-0.416161
-0.430730
-0.445605
-0.460787
-0.476279
-0.492081
-0.508196
-0.524627
-0.541376
-0.558446
-0.575839
-0.593560
-0.611610
-0.629993
-0.648712
-0.667772
-0.687175
-0.706924
-0.727024
-0.019629
-0.019633
-0.019655
-0.019697
-0.019757
-0.019833
-0.019926
-0.020035
-0.020163
-0.020312
-0.020487
-0.020690
-0.020926
-0.021199
-0.021515
-0.021877
-0.022291
-0.022761
-0.023293
-0.023893
-0.024564
-0.025313
-0.026146
-0.027066
-0.028082
-0.029197
-0.030417
-0.031748
-0.033196
-0.034765
-0.036463
-0.038294
-0.040264
-0.042378
-0.044642
-0.047062
-0.049642
-0.052388
-0.055306
-0.058400
-0.061675
-0.065137
-0.068791
-0.072640
-0.076691
-0.080947
-0.085413
-0.090093
-0.094992
-0.100114
-0.105462
-0.111040
-0.116852
-0.122902
-0.129193
-0.135728
-0.142510
-0.149542
-0.156827
-0.164368
-0.172166
-0.180225
-0.188546
-0.197131
-0.205983
-0.215102
-0.224491
-0.234150
-0.244082
-0.254288
-0.264767
-0.275523
-0.286554
-0.297863
-0.309450
-0.321315
-0.333461
-0.345886
-0.358593
-0.371581
-0.384853
-0.398408
-0.412248
-0.426374
-0.440789
-0.455493
-0.470488
-0.485776
-0.501361
-0.517244
-0.533428
-0.549917
-0.566714
-0.583821
-0.601244
-0.618986
-0.637050
-0.655440
-0.674161
-0.693216
-0.020103
-0.020106
-0.020127
-0.020170
-0.020232
-0.020310
-0.020403
-0.020513
-0.020640
-0.020788
-0.020959
-0.021158
-0.021388
-0.021653
-0.021958
-0.022308
-0.022706
-0.023159
-0.023670
-0.024246
-0.024890
-0.025608
-0.026405
-0.027286
-0.028258
-0.029324
-0.030490
-0.031762
-0.033145
-0.034644
-0.036265
-0.038013
-0.039892
-0.041909
-0.044069
-0.046376
-0.048836
-0.051454
-0.054235
-0.057184
-0.060305
-0.063603
-0.067083
-0.070750
-0.074607
-0.078660
-0.082912
-0.087367
-0.092030
-0.096904
-0.101993
-0.107301
-0.112830
-0.118585
-0.124568
-0.130783
-0.137232
-0.143917
-0.150842
-0.158009
-0.165420
-0.173077
-0.180982
-0.189137
-0.197543
-0.206202
-0.215115
-0.224283
-0.233708
-0.243390
-0.253331
-0.263530
-0.273988
-0.284707
-0.295685
-0.306925
-0.318426
-0.330189
-0.342214
-0.354502
-0.367053
-0.379868
-0.392947
-0.406293
-0.419905
-0.433786
-0.447938
-0.462361
-0.477060
-0.492035
-0.507291
-0.522831
-0.538657
-0.554775
-0.571189
-0.587901
-0.604918
-0.622243
-0.639882
-0.657838
-0.020582
-0.020583
-0.020603
-0.020646
-0.020710
-0.020790
-0.020885
-0.020994
-0.021121
-0.021267
-0.021435
-0.021628
-0.021852
-0.022108
-0.022403
-0.022739
-0.023122
-0.023556
-0.024045
-0.024595
-0.025211
-0.025896
-0.026656
-0.027497
-0.028422
-0.029437
-0.030547
-0.031757
-0.033072
-0.034498
-0.036038
-0.037698
-0.039484
-0.041400
-0.043450
-0.045640
-0.047975
-0.050459
-0.053098
-0.055895
-0.058855
-0.061982
-0.065282
-0.068757
-0.072414
-0.076254
-0.080283
-0.084504
-0.088921
-0.093538
-0.098357
-0.103383
-0.108619
-0.114066
-0.119730
-0.125611
-0.131713
-0.138038
-0.144589
-0.151368
-0.158376
-0.165616
-0.173089
-0.180797
-0.188741
-0.196922
-0.205342
-0.214001
-0.222900
-0.232039
-0.241420
-0.251043
-0.260907
-0.271014
-0.281363
-0.291954
-0.302788
-0.313864
-0.325183
-0.336744
-0.348548
-0.360594
-0.372885
-0.385419
-0.398198
-0.411223
-0.424496
-0.438019
-0.451793
-0.465822
-0.480108
-0.494655
-0.509467
-0.524548
-0.539904
-0.555538
-0.571456
-0.587664
-0.604167
-0.620969
-0.021065
-0.021063
-0.021082
-0.021126
-0.021192
-0.021274
-0.021370
-0.021480
-0.021605
-0.021749
-0.021913
-0.022102
-0.022318
-0.022565
-0.022848
-0.023171
-0.023537
-0.023951
-0.024418
-0.024942
-0.025527
-0.026178
-0.026900
-0.027697
-0.028575
-0.029537
-0.030588
-0.031734
-0.032979
-0.034327
-0.035784
-0.037354
-0.039041
-0.040851
-0.042788
-0.044857
-0.047061
-0.049407
-0.051897
-0.054536
-0.057329
-0.060279
-0.063391
-0.066669
-0.070116
-0.073736
-0.077534
-0.081512
-0.085674
-0.090024
-0.094564
-0.099297
-0.104227
-0.109357
-0.114689
-0.120225
-0.125968
-0.131921
-0.138084
-0.144461
-0.151053
-0.157861
-0.164887
-0.172133
-0.179599
-0.187286
-0.195196
-0.203328
-0.211684
-0.220264
-0.229068
-0.238095
-0.247347
-0.256822
-0.266522
-0.276444
-0.286589
-0.296957
-0.307547
-0.318358
-0.329391
-0.340644
-0.352119
-0.363815
-0.375732
-0.387871
-0.400234
-0.412822
-0.425636
-0.438681
-0.451957
-0.465470
-0.479224
-0.493223
-0.507473
-0.521979
-0.536748
-0.551786
-0.567099
-0.582694
-0.021553
-0.021546
-0.021564
-0.021609
-0.021677
-0.021761
-0.021858
-0.021968
-0.022093
-0.022234
-0.022395
-0.022578
-0.022786
-0.023024
-0.023295
-0.023603
-0.023952
-0.024346
-0.024789
-0.025285
-0.025839
-0.026455
-0.027137
-0.027890
-0.028717
-0.029624
-0.030615
-0.031693
-0.032865
-0.034134
-0.035504
-0.036979
-0.038566
-0.040266
-0.042086
-0.044028
-0.046098
-0.048299
-0.050636
-0.053112
-0.055731
-0.058498
-0.061416
-0.064489
-0.067720
-0.071113
-0.074671
-0.078398
-0.082297
-0.086370
-0.090621
-0.095053
-0.099668
-0.104469
-0.109459
-0.114639
-0.120011
-0.125579
-0.131343
-0.137305
-0.143467
-0.149831
-0.156396
-0.163166
-0.170140
-0.177319
-0.184703
-0.192294
-0.200091
-0.208095
-0.216305
-0.224721
-0.233343
-0.242170
-0.251201
-0.260436
-0.269875
-0.279515
-0.289356
-0.299397
-0.309638
-0.320076
-0.330712
-0.341545
-0.352575
-0.363802
-0.375226
-0.386848
-0.398670
-0.410695
-0.422925
-0.435364
-0.448017
-0.460889
-0.473986
-0.487315
-0.500883
-0.514697
-0.528767
-0.543099
-0.022045
-0.022032
-0.022048
-0.022095
-0.022165
-0.022251
-0.022349
-0.022460
-0.022584
-0.022723
-0.022879
-0.023056
-0.023257
-0.023485
-0.023744
-0.024036
-0.024367
-0.024740
-0.025158
-0.025626
-0.026148
-0.026727
-0.027367
-0.028074
-0.028849
-0.029699
-0.030627
-0.031637
-0.032733
-0.033919
-0.035199
-0.036578
-0.038059
-0.039647
-0.041345
-0.043157
-0.045088
-0.047141
-0.049319
-0.051627
-0.054068
-0.056645
-0.059363
-0.062225
-0.065233
-0.068391
-0.071703
-0.075171
-0.078798
-0.082587
-0.086541
-0.090662
-0.094953
-0.099415
-0.104052
-0.108866
-0.113857
-0.119029
-0.124382
-0.129918
-0.135639
-0.141545
-0.147638
-0.153918
-0.160386
-0.167044
-0.173890
-0.180925
-0.188149
-0.195563
-0.203164
-0.210954
-0.218931
-0.227094
-0.235443
-0.243975
-0.252691
-0.261587
-0.270663
-0.279917
-0.289347
-0.298952
-0.308730
-0.318680
-0.328801
-0.339091
-0.349551
-0.360181
-0.370982
-0.381955
-0.393103
-0.404431
-0.415942
-0.427642
-0.439539
-0.451640
-0.463955
-0.476492
-0.489261
-0.502273
-0.022541
-0.022521
-0.022535
-0.022583
-0.022656
-0.022744
-0.022844
-0.022954
-0.023077
-0.023214
-0.023366
-0.023537
-0.023730
-0.023947
-0.024193
-0.024470
-0.024782
-0.025133
-0.025526
-0.025964
-0.026452
-0.026993
-0.027591
-0.028250
-0.028973
-0.029764
-0.030626
-0.031565
-0.032583
-0.033684
-0.034872
-0.036151
-0.037525
-0.038996
-0.040569
-0.042248
-0.044035
-0.045935
-0.047950
-0.050085
-0.052342
-0.054725
-0.057238
-0.059882
-0.062661
-0.065578
-0.068637
-0.071839
-0.075187
-0.078684
-0.082332
-0.086134
-0.090092
-0.094207
-0.098483
-0.102920
-0.107520
-0.112286
-0.117218
-0.122317
-0.127586
-0.133024
-0.138632
-0.144412
-0.150363
-0.156486
-0.162782
-0.169249
-0.175888
-0.182698
-0.189679
-0.196830
-0.204149
-0.211635
-0.219288
-0.227104
-0.235083
-0.243222
-0.251520
-0.259973
-0.268579
-0.277335
-0.286240
-0.295291
-0.304485
-0.313820
-0.323296
-0.332911
-0.342665
-0.352558
-0.362593
-0.372774
-0.383103
-0.393589
-0.404238
-0.415061
-0.426067
-0.437269
-0.448679
-0.460310
-0.023042
-0.023013
-0.023023
-0.023074
-0.023149
-0.023239
-0.023341
-0.023452
-0.023573
-0.023707
-0.023855
-0.024020
-0.024204
-0.024411
-0.024643
-0.024904
-0.025197
-0.025525
-0.025892
-0.026300
-0.026754
-0.027256
-0.027810
-0.028419
-0.029087
-0.029818
-0.030614
-0.031479
-0.032417
-0.033431
-0.034525
-0.035701
-0.036964
-0.038316
-0.039761
-0.041302
-0.042942
-0.044685
-0.046534
-0.048491
-0.050560
-0.052744
-0.055045
-0.057466
-0.060011
-0.062681
-0.065480
-0.068409
-0.071472
-0.074670
-0.078005
-0.081481
-0.085097
-0.088858
-0.092763
-0.096816
-0.101016
-0.105367
-0.109868
-0.114521
-0.119327
-0.124287
-0.129401
-0.134670
-0.140093
-0.145672
-0.151406
-0.157294
-0.163337
-0.169534
-0.175882
-0.182383
-0.189033
-0.195832
-0.202778
-0.209868
-0.217100
-0.224472
-0.231980
-0.239621
-0.247393
-0.255291
-0.263312
-0.271452
-0.279707
-0.288075
-0.296551
-0.305134
-0.313821
-0.322612
-0.331507
-0.340508
-0.349620
-0.358848
-0.368202
-0.377692
-0.387332
-0.397136
-0.407121
-0.417304
-0.023548
-0.023505
-0.023513
-0.023566
-0.023645
-0.023738
-0.023840
-0.023952
-0.024072
-0.024203
-0.024346
-0.024504
-0.024680
-0.024876
-0.025094
-0.025339
-0.025612
-0.025917
-0.026256
-0.026634
-0.027052
-0.027514
-0.028023
-0.028582
-0.029194
-0.029863
-0.030591
-0.031381
-0.032237
-0.033162
-0.034158
-0.035230
-0.036379
-0.037609
-0.038922
-0.040323
-0.041813
-0.043395
-0.045073
-0.046849
-0.048725
-0.050705
-0.052791
-0.054985
-0.057290
-0.059708
-0.062241
-0.064892
-0.067663
-0.070555
-0.073572
-0.076713
-0.079982
-0.083380
-0.086908
-0.090568
-0.094361
-0.098288
-0.102350
-0.106548
-0.110883
-0.115356
-0.119966
-0.124715
-0.129602
-0.134626
-0.139789
-0.145090
-0.150527
-0.156100
-0.161807
-0.167649
-0.173621
-0.179724
-0.185955
-0.192310
-0.198788
-0.205384
-0.212097
-0.218920
-0.225851
-0.232885
-0.240016
-0.247240
-0.254550
-0.261943
-0.269412
-0.276953
-0.284561
-0.292233
-0.299967
-0.307763
-0.315623
-0.323554
-0.331564
-0.339665
-0.347874
-0.356210
-0.364695
-0.373353
-0.024060
-0.024000
-0.024005
-0.024060
-0.024142
-0.024238
-0.024342
-0.024454
-0.024573
-0.024701
-0.024840
-0.024991
-0.025158
-0.025342
-0.025547
-0.025774
-0.026027
-0.026308
-0.026620
-0.026965
-0.027347
-0.027768
-0.028231
-0.028739
-0.029294
-0.029899
-0.030557
-0.031271
-0.032043
-0.032877
-0.033774
-0.034739
-0.035772
-0.036877
-0.038057
-0.039314
-0.040651
-0.042070
-0.043573
-0.045164
-0.046844
-0.048616
-0.050482
-0.052444
-0.054504
-0.056665
-0.058928
-0.061296
-0.063769
-0.066350
-0.069041
-0.071843
-0.074758
-0.077787
-0.080931
-0.084191
-0.087569
-0.091065
-0.094681
-0.098417
-0.102273
-0.106251
-0.110350
-0.114570
-0.118912
-0.123374
-0.127958
-0.132662
-0.137486
-0.142428
-0.147487
-0.152661
-0.157950
-0.163350
-0.168859
-0.174474
-0.180192
-0.186010
-0.191922
-0.197925
-0.204014
-0.210182
-0.216423
-0.222731
-0.229099
-0.235518
-0.241980
-0.248478
-0.255004
-0.261551
-0.268112
-0.274685
-0.281269
-0.287865
-0.294482
-0.301134
-0.307839
-0.314624
-0.321518
-0.328556
-0.024578
-0.024494
-0.024496
-0.024555
-0.024641
-0.024740
-0.024847
-0.024959
-0.025077
-0.025201
-0.025335
-0.025480
-0.025637
-0.025810
-0.026000
-0.026210
-0.026442
-0.026698
-0.026982
-0.027295
-0.027640
-0.028020
-0.028436
-0.028891
-0.029387
-0.029928
-0.030515
-0.031151
-0.031838
-0.032579
-0.033375
-0.034230
-0.035146
-0.036124
-0.037168
-0.038279
-0.039460
-0.040712
-0.042038
-0.043441
-0.044921
-0.046481
-0.048124
-0.049850
-0.051662
-0.053561
-0.055549
-0.057629
-0.059800
-0.062065
-0.064426
-0.066883
-0.069438
-0.072091
-0.074845
-0.077700
-0.080657
-0.083716
-0.086879
-0.090146
-0.093517
-0.096992
-0.100573
-0.104258
-0.108048
-0.111942
-0.115940
-0.120041
-0.124244
-0.128548
-0.132953
-0.137455
-0.142054
-0.146746
-0.151530
-0.156401
-0.161358
-0.166395
-0.171508
-0.176691
-0.181940
-0.187247
-0.192604
-0.198004
-0.203436
-0.208891
-0.214358
-0.219825
-0.225279
-0.230708
-0.236100
-0.241446
-0.246737
-0.251971
-0.257151
-0.262288
-0.267406
-0.272536
-0.277722
-0.283014
-0.025104
-0.024989
-0.024988
-0.025051
-0.025142
-0.025245
-0.025353
-0.025465
-0.025582
-0.025704
-0.025832
-0.025970
-0.026118
-0.026278
-0.026454
-0.026646
-0.026857
-0.027089
-0.027344
-0.027624
-0.027931
-0.028268
-0.028636
-0.029038
-0.029475
-0.029950
-0.030465
-0.031022
-0.031622
-0.032268
-0.032963
-0.033707
-0.034503
-0.035352
-0.036257
-0.037220
-0.038243
-0.039326
-0.040473
-0.041684
-0.042962
-0.044307
-0.045723
-0.047210
-0.048770
-0.050404
-0.052114
-0.053900
-0.055766
-0.057710
-0.059736
-0.061843
-0.064033
-0.066307
-0.068666
-0.071110
-0.073640
-0.076257
-0.078962
-0.081754
-0.084633
-0.087601
-0.090657
-0.093802
-0.097034
-0.100353
-0.103760
-0.107252
-0.110830
-0.114492
-0.118237
-0.122063
-0.125968
-0.129950
-0.134006
-0.138133
-0.142327
-0.146585
-0.150901
-0.155269
-0.159684
-0.164138
-0.168623
-0.173128
-0.177643
-0.182155
-0.186649
-0.191110
-0.195519
-0.199858
-0.204105
-0.208242
-0.212248
-0.216109
-0.219818
-0.223377
-0.226808
-0.230149
-0.233463
-0.236831
-0.025639
-0.025481
-0.025479
-0.025548
-0.025644
-0.025751
-0.025861
-0.025974
-0.026089
-0.026207
-0.026331
-0.026461
-0.026599
-0.026748
-0.026908
-0.027082
-0.027272
-0.027478
-0.027704
-0.027951
-0.028220
-0.028514
-0.028833
-0.029181
-0.029558
-0.029967
-0.030408
-0.030885
-0.031397
-0.031948
-0.032538
-0.033170
-0.033845
-0.034564
-0.035329
-0.036142
-0.037004
-0.037916
-0.038881
-0.039898
-0.040971
-0.042100
-0.043286
-0.044530
-0.045835
-0.047201
-0.048629
-0.050120
-0.051675
-0.053296
-0.054983
-0.056736
-0.058558
-0.060448
-0.062407
-0.064436
-0.066536
-0.068706
-0.070947
-0.073259
-0.075643
-0.078099
-0.080626
-0.083224
-0.085894
-0.088634
-0.091445
-0.094325
-0.097273
-0.100289
-0.103371
-0.106518
-0.109727
-0.112997
-0.116324
-0.119707
-0.123141
-0.126622
-0.130145
-0.133706
-0.137297
-0.140911
-0.144539
-0.148170
-0.151792
-0.155391
-0.158949
-0.162446
-0.165858
-0.169159
-0.172318
-0.175299
-0.178066
-0.180583
-0.182818
-0.184750
-0.186383
-0.187755
-0.188953
-0.190112
-0.026186
-0.025970
-0.025969
-0.026046
-0.026148
-0.026258
-0.026370
-0.026484
-0.026597
-0.026713
-0.026831
-0.026954
-0.027082
-0.027218
-0.027364
-0.027519
-0.027687
-0.027868
-0.028064
-0.028277
-0.028507
-0.028757
-0.029028
-0.029321
-0.029637
-0.029979
-0.030346
-0.030741
-0.031165
-0.031619
-0.032105
-0.032623
-0.033175
-0.033762
-0.034386
-0.035047
-0.035747
-0.036486
-0.037267
-0.038089
-0.038954
-0.039864
-0.040818
-0.041818
-0.042866
-0.043960
-0.045104
-0.046296
-0.047539
-0.048833
-0.050177
-0.051574
-0.053024
-0.054527
-0.056083
-0.057694
-0.059358
-0.061078
-0.062852
-0.064681
-0.066565
-0.068505
-0.070499
-0.072548
-0.074652
-0.076809
-0.079021
-0.081285
-0.083601
-0.085968
-0.088385
-0.090850
-0.093362
-0.095919
-0.098519
-0.101158
-0.103834
-0.106544
-0.109282
-0.112043
-0.114822
-0.117611
-0.120402
-0.123184
-0.125945
-0.128669
-0.131339
-0.133930
-0.136417
-0.138764
-0.140929
-0.142862
-0.144502
-0.145778
-0.146613
-0.146931
-0.146676
-0.145843
-0.144527
-0.142963
-0.026748
-0.026454
-0.026457
-0.026543
-0.026652
-0.026767
-0.026881
-0.026995
-0.027107
-0.027219
-0.027332
-0.027448
-0.027566
-0.027690
-0.027819
-0.027956
-0.028102
-0.028257
-0.028424
-0.028602
-0.028794
-0.029000
-0.029221
-0.029458
-0.029713
-0.029987
-0.030279
-0.030592
-0.030927
-0.031283
-0.031663
-0.032067
-0.032495
-0.032950
-0.033430
-0.033939
-0.034475
-0.035041
-0.035636
-0.036261
-0.036918
-0.037606
-0.038327
-0.039081
-0.039869
-0.040690
-0.041547
-0.042439
-0.043367
-0.044331
-0.045332
-0.046370
-0.047445
-0.048558
-0.049709
-0.050898
-0.052125
-0.053391
-0.054696
-0.056039
-0.057421
-0.058841
-0.060300
-0.061797
-0.063331
-0.064904
-0.066513
-0.068159
-0.069840
-0.071557
-0.073307
-0.075090
-0.076905
-0.078749
-0.080622
-0.082521
-0.084442
-0.086385
-0.088343
-0.090315
-0.092294
-0.094274
-0.096249
-0.098208
-0.100142
-0.102036
-0.103872
-0.105630
-0.107281
-0.108787
-0.110103
-0.111164
-0.111886
-0.112160
-0.111838
-0.110739
-0.108652
-0.105384
-0.100882
-0.095489
-0.027330
-0.026929
-0.026944
-0.027041
-0.027157
-0.027276
-0.027394
-0.027508
-0.027619
-0.027727
-0.027835
-0.027942
-0.028051
-0.028162
-0.028276
-0.028394
-0.028518
-0.028647
-0.028783
-0.028927
-0.029079
-0.029241
-0.029412
-0.029594
-0.029787
-0.029992
-0.030209
-0.030440
-0.030684
-0.030943
-0.031216
-0.031504
-0.031809
-0.032129
-0.032466
-0.032821
-0.033193
-0.033583
-0.033992
-0.034419
-0.034866
-0.035332
-0.035818
-0.036325
-0.036852
-0.037399
-0.037968
-0.038558
-0.039169
-0.039802
-0.040457
-0.041134
-0.041833
-0.042554
-0.043298
-0.044063
-0.044852
-0.045662
-0.046495
-0.047351
-0.048228
-0.049127
-0.050049
-0.050991
-0.051956
-0.052941
-0.053947
-0.054973
-0.056019
-0.057083
-0.058167
-0.059267
-0.060385
-0.061517
-0.062664
-0.063824
-0.064995
-0.066175
-0.067361
-0.068551
-0.069741
-0.070927
-0.072104
-0.073265
-0.074403
-0.075508
-0.076567
-0.077563
-0.078475
-0.079271
-0.079912
-0.080339
-0.080467
-0.080169
-0.079247
-0.077391
-0.074110
-0.068652
-0.060040
-0.047799
-0.027937
-0.027391
-0.027428
-0.027538
-0.027663
-0.027787
-0.027907
-0.028021
-0.028131
-0.028236
-0.028338
-0.028438
-0.028537
-0.028635
-0.028733
-0.028832
-0.028933
-0.029037
-0.029142
-0.029251
-0.029364
-0.029481
-0.029602
-0.029728
-0.029859
-0.029995
-0.030137
-0.030285
-0.030439
-0.030599
-0.030765
-0.030938
-0.031117
-0.031304
-0.031497
-0.031697
-0.031904
-0.032119
-0.032340
-0.032569
-0.032805
-0.033048
-0.033299
-0.033557
-0.033822
-0.034095
-0.034374
-0.034661
-0.034955
-0.035256
-0.035564
-0.035879
-0.036201
-0.036530
-0.036865
-0.037207
-0.037555
-0.037909
-0.038269
-0.038635
-0.039007
-0.039385
-0.039768
-0.040156
-0.040548
-0.040946
-0.041348
-0.041753
-0.042163
-0.042576
-0.042991
-0.043410
-0.043830
-0.044252
-0.044674
-0.045097
-0.045520
-0.045940
-0.046359
-0.046773
-0.047182
-0.047584
-0.047977
-0.048359
-0.048725
-0.049072
-0.049395
-0.049687
-0.049939
-0.050137
-0.050265
-0.050298
-0.050196
-0.049896
-0.049287
-0.048146
-0.045962
-0.041372
-0.030342
-0.000001
