-0.021739
-0.011826
0.011782
0.054646
0.122706
0.221936
0.358315
0.537814
0.766393
1.050000
-0.022140
-0.013262
0.007540
0.045052
0.104400
0.190746
0.309253
0.465083
0.663392
0.909327
-0.023177
-0.017147
-0.004037
0.018827
0.054359
0.105496
0.175179
0.266354
0.381975
0.525000
-0.024669
-0.022561
-0.020013
-0.017208
-0.014238
-0.011196
-0.008176
-0.005262
-0.002523
0.000000
-0.026366
-0.028246
-0.036375
-0.053745
-0.083414
-0.128476
-0.192048
-0.277256
-0.387214
-0.525000
-0.028015
-0.032926
-0.049101
-0.081481
-0.135232
-0.215579
-0.327801
-0.477241
-0.669287
-0.909326
-0.029417
-0.035640
-0.055213
-0.093600
-0.156629
-0.250168
-0.380136
-0.552575
-0.773717
-1.050000
-0.030479
-0.035978
-0.053554
-0.087564
-0.142899
-0.224410
-0.336859
-0.485017
-0.673907
-0.909327
-0.031229
-0.034162
-0.045054
-0.065710
-0.098835
-0.147016
-0.212513
-0.296991
-0.401127
-0.525001
-0.031808
-0.030960
-0.032440
-0.034509
-0.037120
-0.040249
-0.043850
-0.047662
-0.048390
-0.000001
