-1.423566
-1.258825
-1.048428
-0.818279
-0.572013
-0.307200
-0.018935
0.298864
0.652866
1.050000
-1.428686
-1.267409
-1.061277
-0.836785
-0.598593
-0.345375
-0.073320
0.222625
0.548164
0.909327
-1.443736
-1.292743
-1.098922
-0.890234
-0.674106
-0.452270
-0.223967
0.012937
0.261426
0.525000
-1.468087
-1.333891
-1.159118
-0.973267
-0.787389
-0.607450
-0.437098
-0.278505
-0.132735
0.000000
-1.500716
-1.389488
-1.238913
-1.079038
-0.924078
-0.784185
-0.667791
-0.582063
-0.532916
-0.525000
-1.540223
-1.457946
-1.335527
-1.201670
-1.071813
-0.958631
-0.874306
-0.830767
-0.839195
-0.909326
-1.584844
-1.537622
-1.447070
-1.338494
-1.225427
-1.119538
-1.033620
-0.982467
-0.982460
-1.050000
-1.632441
-1.626865
-1.572736
-1.491087
-1.390316
-1.276130
-1.155703
-1.040712
-0.949813
-0.909327
-1.680478
-1.723932
-1.712232
-1.664187
-1.581859
-1.461062
-1.294817
-1.077104
-0.810794
-0.525001
-1.725964
-1.826842
-1.864505
-1.862014
-1.818234
-1.722123
-1.551732
-1.267240
-0.795538
-0.000001
