-0.990233
-0.876108
-0.756426
-0.660920
-0.601135
-0.584130
-0.615495
-0.700309
-0.843502
-1.050000
-0.993811
-0.880096
-0.758105
-0.657011
-0.587825
-0.556997
-0.569446
-0.629533
-0.741441
-0.909327
-1.004419
-0.892365
-0.764332
-0.648003
-0.552990
-0.484145
-0.444602
-0.436803
-0.462911
-0.525000
-1.021957
-0.913986
-0.778601
-0.641557
-0.510775
-0.389121
-0.277469
-0.175767
-0.083515
-0.000000
-1.046175
-0.946453
-0.805856
-0.648453
-0.480899
-0.304509
-0.118276
0.080030
0.293339
0.525000
-1.076570
-0.991312
-0.851419
-0.680169
-0.484014
-0.263888
-0.018143
0.256393
0.563913
0.909326
-1.112259
-1.049778
-0.919877
-0.746482
-0.537154
-0.293994
-0.016499
0.297503
0.651482
1.050000
-1.151854
-1.122408
-1.014201
-0.853700
-0.650584
-0.409389
-0.132452
0.179260
0.525994
0.909327
-1.193341
-1.208918
-1.135222
-1.003917
-0.826915
-0.611387
-0.363115
-0.087519
0.210119
0.525001
-1.233977
-1.308166
-1.281485
-1.195262
-1.062546
-0.891734
-0.690458
-0.467145
-0.232272
0.000001
