-0.005603
-0.013192
-0.033661
-0.073084
-0.137646
-0.233465
-0.366607
-0.543092
-0.768906
-1.050000
-0.005344
-0.011905
-0.029588
-0.063672
-0.119518
-0.202432
-0.317669
-0.470446
-0.665946
-0.909327
-0.004656
-0.008445
-0.018540
-0.038039
-0.070069
-0.117712
-0.184016
-0.272002
-0.384669
-0.525000
-0.003708
-0.003721
-0.003456
-0.003034
-0.002531
-0.001992
-0.001450
-0.000928
-0.000441
-0.000000
-0.002733
0.001027
0.011648
0.031986
0.065018
0.113735
0.181120
0.270149
0.383789
0.525000
-0.001963
0.004554
0.022751
0.057660
0.114497
0.198474
0.314784
0.468599
0.665068
0.909326
-0.001572
0.005949
0.026909
0.067133
0.132662
0.229527
0.363731
0.541248
0.768028
1.050000
-0.001625
0.004869
0.023032
0.057882
0.114653
0.198571
0.314837
0.468621
0.665075
0.909327
-0.002066
0.001633
0.012183
0.032395
0.065289
0.113882
0.181175
0.270151
0.383777
0.525001
-0.002732
-0.002870
-0.002715
-0.002500
-0.002226
-0.001894
-0.001504
-0.001057
-0.000552
0.000001
