-0.297209
-0.268097
-0.246689
-0.246050
-0.273853
-0.336425
-0.439642
-0.589214
-0.790790
-1.050000
-0.298195
-0.268483
-0.244420
-0.238356
-0.257227
-0.306607
-0.391605
-0.517151
-0.688110
-0.909327
-0.301093
-0.269908
-0.238674
-0.217801
-0.212236
-0.225508
-0.260640
-0.320451
-0.407671
-0.525000
-0.305986
-0.273325
-0.232545
-0.191467
-0.152377
-0.116066
-0.082758
-0.052425
-0.024911
-0.000000
-0.312963
-0.280049
-0.230312
-0.169115
-0.096203
-0.009742
0.092738
0.214023
0.357084
0.525000
-0.322032
-0.291416
-0.236357
-0.160703
-0.062540
0.061703
0.216271
0.405785
0.635117
0.909326
-0.333049
-0.308441
-0.254082
-0.173908
-0.065722
0.074371
0.250926
0.468864
0.733395
1.050000
-0.345642
-0.331559
-0.285085
-0.212288
-0.112154
0.018082
0.181726
0.382304
0.623518
0.909327
-0.359162
-0.360523
-0.328801
-0.274569
-0.199087
-0.101728
0.018542
0.162679
0.331361
0.525001
-0.372662
-0.394490
-0.382651
-0.355138
-0.315869
-0.266572
-0.208473
-0.142921
-0.072047
0.000001
