-0.943533
-0.834154
-0.689551
-0.524332
-0.339025
-0.130270
0.106953
0.378502
0.690678
1.050000
-0.946966
-0.840256
-0.699531
-0.539970
-0.363014
-0.166302
0.054179
0.303316
0.586485
0.909327
-0.957004
-0.858132
-0.728480
-0.584664
-0.430572
-0.266583
-0.091481
0.096894
0.301324
0.525000
-0.973167
-0.886811
-0.773889
-0.652590
-0.529956
-0.410094
-0.295749
-0.188717
-0.090012
0.000000
-0.994691
-0.924885
-0.832378
-0.736102
-0.645762
-0.569015
-0.512747
-0.483191
-0.485774
-0.525000
-1.020566
-0.970757
-0.900605
-0.828161
-0.764004
-0.717686
-0.699067
-0.718320
-0.785400
-0.909326
-1.049572
-1.022846
-0.976052
-0.924571
-0.877136
-0.841969
-0.828829
-0.849715
-0.918586
-1.050000
-1.080299
-1.079702
-1.057347
-1.025103
-0.987272
-0.946560
-0.907013
-0.876649
-0.870005
-0.909327
-1.111154
-1.139987
-1.143918
-1.132688
-1.105640
-1.057255
-0.978979
-0.861871
-0.703533
-0.525001
-1.140341
-1.202384
-1.235045
-1.250374
-1.246053
-1.212344
-1.129773
-0.961053
-0.633071
-0.000001
