-0.008215
-0.005838
-0.000806
0.007054
0.018267
0.033440
0.053209
0.078217
0.109115
0.146553
0.191181
0.243650
0.304611
0.374715
0.454610
0.544948
0.646376
0.759543
0.885096
1.023684
-0.008376
-0.006055
-0.001153
0.006495
0.017393
0.032130
0.051322
0.075592
0.105571
0.141888
0.185174
0.236060
0.295177
0.363155
0.440624
0.528214
0.626554
0.736273
0.857999
0.992360
-0.008770
-0.006614
-0.002091
0.004928
0.014898
0.028349
0.045839
0.067934
0.095205
0.128223
0.167559
0.213787
0.267478
0.329204
0.399538
0.479050
0.568312
0.667894
0.778368
0.900303
-0.009386
-0.007494
-0.003580
0.002434
0.010916
0.022308
0.037076
0.055691
0.078631
0.106373
0.139394
0.178175
0.223192
0.274926
0.333853
0.400454
0.475206
0.558587
0.651075
0.753149
-0.010209
-0.008664
-0.005551
-0.000862
0.005664
0.014349
0.025539
0.039582
0.056833
0.077646
0.102375
0.131377
0.165006
0.203620
0.247573
0.297221
0.352922
0.415032
0.483906
0.559902
-0.011216
-0.010082
-0.007916
-0.004791
-0.000573
0.004921
0.011893
0.020551
0.031102
0.043758
0.058727
0.076220
0.096447
0.119620
0.145951
0.175650
0.208931
0.246006
0.287088
0.332390
-0.012382
-0.011697
-0.010568
-0.009154
-0.007459
-0.005448
-0.003076
-0.000289
0.002962
0.006731
0.011070
0.016031
0.021666
0.028029
0.035173
0.043153
0.052022
0.061839
0.072657
0.084535
-0.013677
-0.013453
-0.013391
-0.013734
-0.014625
-0.016181
-0.018512
-0.021726
-0.025930
-0.031232
-0.037741
-0.045566
-0.054815
-0.065598
-0.078023
-0.092197
-0.108226
-0.126216
-0.146270
-0.168493
-0.015071
-0.015293
-0.016266
-0.018307
-0.021693
-0.026685
-0.033541
-0.042520
-0.053881
-0.067885
-0.084795
-0.104874
-0.128386
-0.155595
-0.186765
-0.222160
-0.262042
-0.306671
-0.356308
-0.411209
-0.016534
-0.017158
-0.019073
-0.022657
-0.028300
-0.036391
-0.047321
-0.061482
-0.079268
-0.101076
-0.127305
-0.158354
-0.194628
-0.236531
-0.284467
-0.338841
-0.400056
-0.468514
-0.544616
-0.628759
-0.018038
-0.018996
-0.021706
-0.026587
-0.034117
-0.044788
-0.059098
-0.077548
-0.100640
-0.128879
-0.162776
-0.202843
-0.249596
-0.303554
-0.365239
-0.435173
-0.513880
-0.601879
-0.699691
-0.807830
-0.019557
-0.020758
-0.024073
-0.029931
-0.038869
-0.051450
-0.068248
-0.089838
-0.116799
-0.149713
-0.189166
-0.235748
-0.290055
-0.352688
-0.424254
-0.505363
-0.596627
-0.698658
-0.812068
-0.937462
-0.021072
-0.022407
-0.026103
-0.032564
-0.042351
-0.056063
-0.074313
-0.097714
-0.126884
-0.162441
-0.205009
-0.255214
-0.313694
-0.381090
-0.458055
-0.545251
-0.643344
-0.753007
-0.874910
-1.009722
-0.022567
-0.023913
-0.027747
-0.034408
-0.044441
-0.058446
-0.077032
-0.100816
-0.130413
-0.166436
-0.209505
-0.260239
-0.319269
-0.387234
-0.464785
-0.552591
-0.651336
-0.761715
-0.884432
-1.020188
-0.024035
-0.025258
-0.028985
-0.035437
-0.045107
-0.058553
-0.076352
-0.099080
-0.127312
-0.161618
-0.202569
-0.250735
-0.306691
-0.371020
-0.444323
-0.527220
-0.620365
-0.724439
-0.840150
-0.968218
-0.025476
-0.026436
-0.029824
-0.035678
-0.044401
-0.056483
-0.072428
-0.092739
-0.117916
-0.148451
-0.184830
-0.227531
-0.277029
-0.333800
-0.398329
-0.471125
-0.552741
-0.643790
-0.744959
-0.856995
-0.026897
-0.027448
-0.030295
-0.035205
-0.042466
-0.052467
-0.065613
-0.082306
-0.102942
-0.127908
-0.157577
-0.192307
-0.232438
-0.278293
-0.330182
-0.388413
-0.453328
-0.525354
-0.605079
-0.693323
-0.028314
-0.028303
-0.030454
-0.034139
-0.039517
-0.046854
-0.056433
-0.068535
-0.083434
-0.101392
-0.122657
-0.147454
-0.175979
-0.208388
-0.244776
-0.285171
-0.329533
-0.377805
-0.430110
-0.487221
-0.029753
-0.029012
-0.030375
-0.032638
-0.035830
-0.040086
-0.045554
-0.052377
-0.060696
-0.070642
-0.082335
-0.095877
-0.111343
-0.128760
-0.148070
-0.169067
-0.191259
-0.213633
-0.234337
-0.251301
-0.031248
-0.029585
-0.030151
-0.030887
-0.031728
-0.032676
-0.033738
-0.034914
-0.036206
-0.037614
-0.039134
-0.040760
-0.042486
-0.044297
-0.046169
-0.048057
-0.049829
-0.050822
-0.046315
-0.000001
