-1.272590
-1.231573
-1.163217
-1.081350
-0.991245
-0.895301
-0.794646
-0.689741
-0.580653
-0.467199
-0.349028
-0.225672
-0.096576
0.038874
0.181336
0.331503
0.490086
0.657817
0.835434
1.023684
-1.273942
-1.233157
-1.165147
-1.083677
-0.994018
-0.898584
-0.798527
-0.694330
-0.586089
-0.473648
-0.356683
-0.234751
-0.107325
0.026185
0.166413
0.314026
0.469715
0.634187
0.808160
0.992360
-1.277884
-1.237802
-1.170832
-1.090551
-1.002224
-0.908308
-0.810018
-0.707914
-0.602168
-0.492704
-0.379278
-0.261527
-0.138999
-0.011180
0.122492
0.262614
0.409809
0.564718
0.727995
0.900303
-1.284373
-1.245465
-1.180223
-1.101905
-1.015757
-0.924306
-0.828869
-0.730122
-0.628363
-0.523645
-0.415853
-0.304749
-0.190009
-0.071239
0.052006
0.180209
0.313882
0.453560
0.599795
0.753149
-1.293338
-1.256080
-1.193241
-1.117625
-1.034446
-0.946315
-0.854678
-0.760367
-0.663842
-0.565328
-0.464880
-0.362433
-0.257827
-0.150834
-0.041167
0.071504
0.187544
0.307346
0.431323
0.559902
-1.304677
-1.269552
-1.209778
-1.137567
-1.058071
-0.973994
-0.886933
-0.797894
-0.707534
-0.616276
-0.524384
-0.431998
-0.339162
-0.245847
-0.151960
-0.057357
0.038148
0.134773
0.232765
0.332390
-1.318260
-1.285766
-1.229706
-1.161555
-1.086375
-1.006956
-0.925047
-0.841843
-0.758210
-0.674793
-0.592084
-0.510457
-0.430189
-0.351476
-0.274448
-0.199175
-0.125679
-0.053938
0.016105
0.084535
-1.333927
-1.304581
-1.252875
-1.189397
-1.119083
-1.044789
-0.968407
-0.891316
-0.814588
-0.739097
-0.665576
-0.594643
-0.526827
-0.462573
-0.402253
-0.346177
-0.294589
-0.247687
-0.205618
-0.168493
-1.351486
-1.325838
-1.279120
-1.220893
-1.155920
-1.087096
-1.016429
-0.945456
-0.875443
-0.807477
-0.742524
-0.681453
-0.625048
-0.574016
-0.528989
-0.490527
-0.459120
-0.435196
-0.419121
-0.411209
-1.370710
-1.349359
-1.308267
-1.255841
-1.196627
-1.133520
-1.068601
-1.003528
-0.939716
-0.878438
-0.820869
-0.768111
-0.721199
-0.681103
-0.648722
-0.624881
-0.610330
-0.605740
-0.611708
-0.628759
-1.391339
-1.374950
-1.340135
-1.294046
-1.240976
-1.183771
-1.124534
-1.064981
-1.006623
-0.950860
-0.899031
-0.852435
-0.812333
-0.779947
-0.756444
-0.742927
-0.740419
-0.749854
-0.772075
-0.807830
-1.413069
-1.402405
-1.374541
-1.335324
-1.288776
-1.237644
-1.183989
-1.129512
-1.075741
-1.024125
-0.976094
-0.933080
-0.896523
-0.867867
-0.848537
-0.839919
-0.843331
-0.860000
-0.891045
-0.937462
-1.435550
-1.431506
-1.411298
-1.379505
-1.339878
-1.295027
-1.246898
-1.197098
-1.147075
-1.098227
-1.051969
-1.009771
-0.973167
-0.943764
-0.923211
-0.913177
-0.915304
-0.931161
-0.962200
-1.009722
-1.458380
-1.462034
-1.450220
-1.426427
-1.394171
-1.355891
-1.313360
-1.268003
-1.221085
-1.173831
-1.127509
-1.083485
-1.043258
-1.008481
-0.980954
-0.962600
-0.955411
-0.961375
-0.982392
-1.020188
-1.481089
-1.493771
-1.491124
-1.475934
-1.451566
-1.420277
-1.383616
-1.342752
-1.298664
-1.252279
-1.204558
-1.156580
-1.109611
-1.065155
-1.024996
-0.991210
-0.966131
-0.952266
-0.952160
-0.968218
-1.503125
-1.526515
-1.533824
-1.527864
-1.511983
-1.488261
-1.457999
-1.422058
-1.381057
-1.335504
-1.285896
-1.232813
-1.177014
-1.119545
-1.061850
-1.005877
-0.954147
-0.909739
-0.876153
-0.856995
-1.523836
-1.560094
-1.578135
-1.582042
-1.575320
-1.559906
-1.536856
-1.506714
-1.469701
-1.425840
-1.375041
-1.317182
-1.252214
-1.180290
-1.101955
-1.018391
-0.931722
-0.845307
-0.763888
-0.693323
-1.542438
-1.594399
-1.623867
-1.638261
-1.641429
-1.635214
-1.620465
-1.597442
-1.566005
-1.525703
-1.475833
-1.415476
-1.343544
-1.258856
-1.160295
-1.047109
-0.919466
-0.779385
-0.632066
-0.487221
-1.557972
-1.629423
-1.670820
-1.696272
-1.710089
-1.714070
-1.708926
-1.694725
-1.671063
-1.637140
-1.591772
-1.533363
-1.459847
-1.368591
-1.256288
-1.118878
-0.951693
-0.750317
-0.513492
-0.251301
-1.569250
-1.665334
-1.718771
-1.755768
-1.780979
-1.796196
-1.802084
-1.798637
-1.785361
-1.761322
-1.725152
-1.674979
-1.608301
-1.521742
-1.410618
-1.268083
-1.083414
-0.838375
-0.499340
-0.000001
