-0.003652
-0.005650
-0.010048
-0.017158
-0.027557
-0.041886
-0.060805
-0.084977
-0.115067
-0.151735
-0.195640
-0.247439
-0.307782
-0.377318
-0.456695
-0.546557
-0.647546
-0.760303
-0.885469
-1.023684
-0.003629
-0.005576
-0.009851
-0.016754
-0.026844
-0.040741
-0.059084
-0.082517
-0.111683
-0.147224
-0.189778
-0.239981
-0.298466
-0.365862
-0.442796
-0.529893
-0.627776
-0.737067
-0.858388
-0.992360
-0.003525
-0.005318
-0.009232
-0.015527
-0.024705
-0.037328
-0.053975
-0.075232
-0.101683
-0.133911
-0.172495
-0.218013
-0.271041
-0.332150
-0.401910
-0.480888
-0.569652
-0.668767
-0.778796
-0.900303
-0.003346
-0.004893
-0.008228
-0.013547
-0.021265
-0.031849
-0.045785
-0.063563
-0.085672
-0.112603
-0.144841
-0.182872
-0.227178
-0.278240
-0.336535
-0.402540
-0.476730
-0.559580
-0.651562
-0.753149
-0.003103
-0.004325
-0.006898
-0.010934
-0.016732
-0.024637
-0.035010
-0.048217
-0.064624
-0.084598
-0.108503
-0.136702
-0.169557
-0.207426
-0.250667
-0.299638
-0.354693
-0.416186
-0.484472
-0.559902
-0.002811
-0.003650
-0.005322
-0.007845
-0.011380
-0.016128
-0.022303
-0.030127
-0.039820
-0.051604
-0.065699
-0.082324
-0.101697
-0.124037
-0.149559
-0.178477
-0.211007
-0.247361
-0.287751
-0.332390
-0.002490
-0.002908
-0.003597
-0.004467
-0.005532
-0.006837
-0.008438
-0.010396
-0.012773
-0.015634
-0.019041
-0.023059
-0.027748
-0.033172
-0.039393
-0.046470
-0.054464
-0.063434
-0.073438
-0.084535
-0.002160
-0.002147
-0.001826
-0.001005
0.000455
0.002668
0.005741
0.009774
0.014866
0.021115
0.028617
0.037470
0.047768
0.059610
0.073091
0.088308
0.105358
0.124340
0.145351
0.168493
-0.001842
-0.001412
-0.000118
0.002331
0.006218
0.011810
0.019369
0.029151
0.041410
0.056397
0.074364
0.095560
0.120234
0.148635
0.181011
0.217609
0.258679
0.304469
0.355229
0.411209
-0.001558
-0.000751
0.001421
0.005337
0.011405
0.020031
0.031615
0.046553
0.065236
0.088056
0.115402
0.147660
0.185216
0.228456
0.277763
0.333522
0.396116
0.465930
0.543349
0.628759
-0.001327
-0.000206
0.002698
0.007829
0.015700
0.026830
0.041732
0.060916
0.084889
0.114157
0.149222
0.190583
0.238740
0.294189
0.357429
0.428954
0.509260
0.598843
0.698201
0.807830
-0.001164
0.000189
0.003633
0.009654
0.018841
0.031791
0.049101
0.071363
0.099168
0.133103
0.173754
0.221702
0.277529
0.341812
0.415132
0.498064
0.591185
0.695074
0.810306
0.937462
-0.001082
0.000407
0.004167
0.010702
0.020637
0.034613
0.053273
0.077256
0.107199
0.143736
0.187498
0.239114
0.299210
0.368411
0.447341
0.536622
0.636879
0.748732
0.872805
1.009722
-0.001087
0.000432
0.004268
0.010907
0.020976
0.035122
0.053992
0.078234
0.108491
0.145405
0.189613
0.241752
0.302455
0.372356
0.452084
0.542270
0.643543
0.756534
0.881872
1.020188
-0.001180
0.000261
0.003926
0.010256
0.019840
0.033288
0.051216
0.074238
0.102966
0.138007
0.179968
0.229454
0.287066
0.353405
0.429069
0.514658
0.610770
0.718001
0.836951
0.968218
-0.001357
-0.000100
0.003162
0.008789
0.017297
0.029224
0.045115
0.065513
0.090960
0.121994
0.159153
0.202971
0.253981
0.312715
0.379704
0.455476
0.540562
0.635491
0.740792
0.856995
-0.001606
-0.000631
0.002021
0.006596
0.013504
0.023179
0.036063
0.052594
0.073210
0.098347
0.128440
0.163921
0.205223
0.252774
0.307005
0.368342
0.437215
0.514051
0.599278
0.693323
-0.001911
-0.001305
0.000571
0.003810
0.008693
0.015525
0.024615
0.036271
0.050801
0.068511
0.089707
0.114693
0.143772
0.177246
0.215416
0.258584
0.307049
0.361110
0.421068
0.487221
-0.002251
-0.002084
-0.001099
0.000603
0.003161
0.006731
0.011472
0.017544
0.025104
0.034311
0.045322
0.058294
0.073383
0.090745
0.110536
0.132910
0.158022
0.186023
0.217067
0.251301
-0.002601
-0.002930
-0.002889
-0.002828
-0.002753
-0.002663
-0.002558
-0.002440
-0.002307
-0.002162
-0.002002
-0.001829
-0.001642
-0.001442
-0.001228
-0.001001
-0.000761
-0.000507
-0.000241
0.000001
