-0.849543
-0.822204
-0.776082
-0.719961
-0.657049
-0.588701
-0.515460
-0.437437
-0.354489
-0.266306
-0.172468
-0.072470
0.034251
0.148301
0.270319
0.400969
0.540933
0.690904
0.851585
1.023684
-0.850479
-0.823314
-0.777472
-0.721696
-0.659197
-0.591347
-0.518707
-0.441411
-0.359340
-0.272210
-0.179623
-0.081102
0.023894
0.135947
0.255672
0.383711
0.520723
0.667380
0.824363
0.992360
-0.853174
-0.826538
-0.781536
-0.726794
-0.665528
-0.599154
-0.528292
-0.453141
-0.373655
-0.289620
-0.200713
-0.106527
-0.006596
0.099593
0.212587
0.332960
0.461305
0.598230
0.744354
0.900303
-0.857596
-0.831840
-0.788225
-0.735178
-0.675922
-0.611938
-0.543939
-0.472232
-0.396880
-0.317787
-0.234746
-0.147469
-0.055605
0.041244
0.143515
0.251672
0.366203
0.487613
0.616419
0.753149
-0.863692
-0.839162
-0.797461
-0.746729
-0.690189
-0.629407
-0.565215
-0.498055
-0.428137
-0.355519
-0.280149
-0.201896
-0.120563
-0.035904
0.052367
0.144570
0.241050
0.342174
0.448327
0.559902
-0.871386
-0.848424
-0.809136
-0.761284
-0.708081
-0.651182
-0.591553
-0.529794
-0.466287
-0.401269
-0.334874
-0.267158
-0.198112
-0.127675
-0.055740
0.017836
0.093226
0.170631
0.250273
0.332390
-0.880582
-0.859528
-0.823122
-0.778656
-0.729307
-0.676820
-0.622300
-0.566509
-0.510013
-0.453246
-0.396547
-0.340179
-0.284344
-0.229189
-0.174815
-0.121278
-0.068600
-0.016768
0.034256
0.084535
-0.891162
-0.872357
-0.839272
-0.798631
-0.753551
-0.705851
-0.656761
-0.607202
-0.557922
-0.509551
-0.462639
-0.417667
-0.375062
-0.335196
-0.298390
-0.264922
-0.235023
-0.208886
-0.186667
-0.168493
-0.902990
-0.886781
-0.857425
-0.820988
-0.780492
-0.737802
-0.694251
-0.650897
-0.608649
-0.568319
-0.530658
-0.496365
-0.466090
-0.440437
-0.419960
-0.405166
-0.396509
-0.394396
-0.399189
-0.411209
-0.915905
-0.902656
-0.877416
-0.845506
-0.809819
-0.772233
-0.734145
-0.696712
-0.660965
-0.627870
-0.598350
-0.573299
-0.553584
-0.540033
-0.533437
-0.534535
-0.544015
-0.562506
-0.590582
-0.628759
-0.929728
-0.919829
-0.899074
-0.871969
-0.841249
-0.808761
-0.775921
-0.743928
-0.713885
-0.686854
-0.663887
-0.646036
-0.634350
-0.629869
-0.633609
-0.646548
-0.669613
-0.703665
-0.749497
-0.807830
-0.944251
-0.938143
-0.922230
-0.900179
-0.874537
-0.847083
-0.819194
-0.792048
-0.766747
-0.744379
-0.726053
-0.712914
-0.706147
-0.706963
-0.716586
-0.736229
-0.767067
-0.810212
-0.866698
-0.937462
-0.959244
-0.957433
-0.946721
-0.929950
-0.909481
-0.886984
-0.863738
-0.840831
-0.819281
-0.800110
-0.784388
-0.773261
-0.767965
-0.769821
-0.780218
-0.800591
-0.832374
-0.876967
-0.935683
-1.009722
-0.974444
-0.977538
-0.972387
-0.961120
-0.945925
-0.928337
-0.909488
-0.890305
-0.871633
-0.854325
-0.839291
-0.827554
-0.820272
-0.818763
-0.824501
-0.839099
-0.864264
-0.901730
-0.953185
-1.020188
-0.989549
-0.998302
-0.999080
-0.993539
-0.983747
-0.971092
-0.956520
-0.940740
-0.924347
-0.907915
-0.892063
-0.877524
-0.865201
-0.856224
-0.851986
-0.854170
-0.864720
-0.885780
-0.919568
-0.968218
-1.004215
-1.019582
-1.026658
-1.027070
-1.022851
-1.015249
-1.005013
-0.992598
-0.978293
-0.962307
-0.944838
-0.926150
-0.906657
-0.887014
-0.868233
-0.851785
-0.839682
-0.834488
-0.839204
-0.856995
-1.018037
-1.041262
-1.054986
-1.061577
-1.063144
-1.060827
-1.055187
-1.046431
-1.034529
-1.019284
-1.000390
-0.977490
-0.950254
-0.918490
-0.882319
-0.842403
-0.800246
-0.758502
-0.721155
-0.693323
-1.030534
-1.063266
-1.083938
-1.096919
-1.104523
-1.107821
-1.107232
-1.102761
-1.094104
-1.080700
-1.061748
-1.036226
-1.002905
-0.960397
-0.907275
-0.842334
-0.765100
-0.676720
-0.581282
-0.487221
-1.041125
-1.085586
-1.113389
-1.132942
-1.146850
-1.156166
-1.161234
-1.161942
-1.157823
-1.148084
-1.131589
-1.106815
-1.071765
-1.023849
-0.959735
-0.875209
-0.765217
-0.624570
-0.450633
-0.251301
-1.049095
-1.108325
-1.143209
-1.169467
-1.189938
-1.205702
-1.217104
-1.224032
-1.226009
-1.222222
-1.211493
-1.192207
-1.162179
-1.118406
-1.056625
-0.970447
-0.849592
-0.676080
-0.415843
-0.000001
