-0.261141
-0.253830
-0.243361
-0.233602
-0.226537
-0.223466
-0.225380
-0.233112
-0.247407
-0.268960
-0.298433
-0.336470
-0.383700
-0.440747
-0.508229
-0.586762
-0.676960
-0.779436
-0.894806
-1.023684
-0.261465
-0.254128
-0.243556
-0.233597
-0.226218
-0.222699
-0.224014
-0.230978
-0.244319
-0.264712
-0.292801
-0.329211
-0.374552
-0.429430
-0.494441
-0.570184
-0.657253
-0.756242
-0.867746
-0.992360
-0.262342
-0.254930
-0.244067
-0.233531
-0.225235
-0.220406
-0.219967
-0.224680
-0.235220
-0.252208
-0.276234
-0.307865
-0.347658
-0.396160
-0.453914
-0.521460
-0.599334
-0.688075
-0.788219
-0.900303
-0.263773
-0.256256
-0.244939
-0.233490
-0.223733
-0.216814
-0.213572
-0.214687
-0.220747
-0.232288
-0.249812
-0.273798
-0.304715
-0.343021
-0.389166
-0.443600
-0.506770
-0.579121
-0.661099
-0.753149
-0.265764
-0.258133
-0.246242
-0.233611
-0.221946
-0.212287
-0.205365
-0.201749
-0.201917
-0.206293
-0.215265
-0.229198
-0.248442
-0.273339
-0.304222
-0.341421
-0.385263
-0.436074
-0.494179
-0.559902
-0.268321
-0.260596
-0.248071
-0.234075
-0.220183
-0.207305
-0.196048
-0.186853
-0.180070
-0.175990
-0.174869
-0.176937
-0.182410
-0.191489
-0.204371
-0.221246
-0.242301
-0.267721
-0.297690
-0.332390
-0.271448
-0.263688
-0.250535
-0.235100
-0.218808
-0.202436
-0.186453
-0.171167
-0.156787
-0.143463
-0.131307
-0.120406
-0.110826
-0.102623
-0.095843
-0.090525
-0.086704
-0.084412
-0.083680
-0.084535
-0.275146
-0.267454
-0.253756
-0.236920
-0.218222
-0.198301
-0.177495
-0.155970
-0.133799
-0.110990
-0.087511
-0.063303
-0.038285
-0.012362
0.014569
0.042623
0.071917
0.102576
0.134725
0.168493
-0.279407
-0.271936
-0.257858
-0.239781
-0.218838
-0.195545
-0.170111
-0.142578
-0.112886
-0.080911
-0.046488
-0.009419
0.030513
0.073543
0.119919
0.169898
0.223744
0.281728
0.344124
0.411209
-0.284216
-0.277173
-0.262960
-0.243918
-0.221059
-0.194791
-0.165217
-0.132267
-0.095769
-0.055488
-0.011139
0.037590
0.091037
0.149560
0.213530
0.283328
0.359348
0.441989
0.531656
0.628759
-0.289545
-0.283199
-0.269172
-0.249551
-0.225255
-0.196614
-0.163647
-0.126202
-0.084019
-0.036775
0.015903
0.074419
0.139202
0.210705
0.289394
0.375749
0.470265
0.573443
0.685792
0.807830
-0.295348
-0.290033
-0.276584
-0.256863
-0.231741
-0.201502
-0.166114
-0.125372
-0.078962
-0.026503
0.032431
0.098303
0.171601
0.252833
0.342530
0.441234
0.549504
0.667910
0.797033
0.937462
-0.301560
-0.297686
-0.285264
-0.265999
-0.240763
-0.209834
-0.173167
-0.130536
-0.081609
-0.025985
0.036783
0.107176
0.185699
0.272883
0.369275
0.475443
0.591967
0.719446
0.858490
1.009722
-0.308090
-0.306156
-0.295255
-0.277049
-0.252478
-0.221858
-0.185163
-0.142186
-0.092608
-0.036046
0.027927
0.099773
0.179976
0.269041
0.367493
0.475875
0.594749
0.724692
0.866301
1.020188
-0.314816
-0.315431
-0.306570
-0.290051
-0.266956
-0.237679
-0.202253
-0.160519
-0.112209
-0.056991
0.005509
0.075694
0.153986
0.240827
0.336673
0.441999
0.557294
0.683071
0.819862
0.968218
-0.321580
-0.325491
-0.319194
-0.304983
-0.284166
-0.257255
-0.224373
-0.185439
-0.140265
-0.088599
-0.030150
0.035394
0.108361
0.189091
0.277932
0.375245
0.481403
0.596799
0.721848
0.856995
-0.328179
-0.336321
-0.333084
-0.321766
-0.303984
-0.280403
-0.251256
-0.216568
-0.176250
-0.130154
-0.078095
-0.019872
0.044726
0.115909
0.193887
0.278871
0.371073
0.470714
0.578040
0.693323
-0.334350
-0.347916
-0.348172
-0.340267
-0.326199
-0.306804
-0.282446
-0.253269
-0.219301
-0.180507
-0.136821
-0.088163
-0.034451
0.024390
0.088419
0.157674
0.232175
0.311925
0.396929
0.487221
-0.339760
-0.360305
-0.364366
-0.360303
-0.350520
-0.336028
-0.317328
-0.294693
-0.268273
-0.238153
-0.204386
-0.167009
-0.126060
-0.081592
-0.033680
0.017557
0.071950
0.129254
0.189153
0.251301
-0.343980
-0.373580
-0.381550
-0.381648
-0.376593
-0.367551
-0.355162
-0.339825
-0.321814
-0.301331
-0.278539
-0.253583
-0.226600
-0.197736
-0.167155
-0.135061
-0.101725
-0.067556
-0.033229
0.000001
