-0.866860
-0.838584
-0.794424
-0.746121
-0.698816
-0.655341
-0.617497
-0.586566
-0.563539
-0.549234
-0.544365
-0.549580
-0.565485
-0.592661
-0.631675
-0.683082
-0.747435
-0.825285
-0.917183
-1.023684
-0.867824
-0.839593
-0.795407
-0.746956
-0.699361
-0.655436
-0.616971
-0.585235
-0.561203
-0.545679
-0.539360
-0.542878
-0.556822
-0.581755
-0.618226
-0.666771
-0.727925
-0.802219
-0.890185
-0.992360
-0.870614
-0.842531
-0.798285
-0.749413
-0.700974
-0.655737
-0.615455
-0.581355
-0.554372
-0.535264
-0.524683
-0.523212
-0.531390
-0.549728
-0.578720
-0.618851
-0.670599
-0.734439
-0.810848
-0.900303
-0.875219
-0.847408
-0.803104
-0.753590
-0.703820
-0.656495
-0.613309
-0.575425
-0.543712
-0.518860
-0.501446
-0.491978
-0.490914
-0.498683
-0.515696
-0.542350
-0.579035
-0.626139
-0.684048
-0.753149
-0.881624
-0.854245
-0.809943
-0.759644
-0.708163
-0.658115
-0.611114
-0.568245
-0.530294
-0.497862
-0.471431
-0.451410
-0.438155
-0.431988
-0.433211
-0.442108
-0.458956
-0.484025
-0.517585
-0.559902
-0.889802
-0.863066
-0.818903
-0.767783
-0.714354
-0.661131
-0.609640
-0.560878
-0.515535
-0.474113
-0.436986
-0.404451
-0.376747
-0.354072
-0.336600
-0.324488
-0.317877
-0.316904
-0.321698
-0.332390
-0.899713
-0.873894
-0.830104
-0.778256
-0.722813
-0.666185
-0.609807
-0.554586
-0.501118
-0.449799
-0.400895
-0.354586
-0.310985
-0.270163
-0.232159
-0.196990
-0.164657
-0.135149
-0.108449
-0.084535
-0.911301
-0.886753
-0.843679
-0.791342
-0.734010
-0.673989
-0.612634
-0.550769
-0.488900
-0.427329
-0.366219
-0.305635
-0.245574
-0.185981
-0.126765
-0.067804
-0.008958
0.049927
0.109020
0.168493
-0.924488
-0.901658
-0.859762
-0.807331
-0.748436
-0.685295
-0.619194
-0.550892
-0.480822
-0.409208
-0.336125
-0.261544
-0.185358
-0.107403
-0.027470
0.054686
0.139335
0.226767
0.317286
0.411209
-0.939171
-0.918612
-0.878487
-0.826515
-0.766588
-0.700855
-0.630558
-0.556411
-0.478801
-0.397899
-0.313717
-0.226161
-0.135045
-0.040122
0.058911
0.162396
0.270712
0.384259
0.503462
0.628759
-0.955208
-0.937607
-0.899971
-0.849170
-0.788939
-0.721389
-0.647743
-0.568704
-0.484640
-0.395701
-0.301876
-0.203032
-0.098949
0.010674
0.126193
0.248018
0.376598
0.512416
0.655982
0.807830
-0.972421
-0.958614
-0.924317
-0.875543
-0.815919
-0.747551
-0.671675
-0.589010
-0.499945
-0.404645
-0.303111
-0.195222
-0.080758
0.040585
0.169175
0.305442
0.449865
0.602966
0.765303
0.937462
-0.990578
-0.981588
-0.951600
-0.905842
-0.847897
-0.779903
-0.703141
-0.618379
-0.526059
-0.426400
-0.319459
-0.205169
-0.083360
0.046222
0.183907
0.330093
0.485235
0.649844
0.824474
1.009722
-1.009384
-1.006465
-0.981866
-0.940223
-0.885163
-0.818894
-0.742769
-0.657635
-0.564016
-0.462222
-0.352404
-0.234595
-0.108727
0.025354
0.167882
0.319161
0.479565
0.649531
0.829556
1.020188
-1.028470
-1.033168
-1.015130
-0.978784
-0.927915
-0.864840
-0.791006
-0.707355
-0.614519
-0.512925
-0.402854
-0.284476
-0.157870
-0.023035
0.120107
0.271705
0.431982
0.601236
0.779835
0.968218
-1.047370
-1.061616
-1.051368
-1.021555
-0.976255
-0.917922
-0.848109
-0.767865
-0.677941
-0.578897
-0.471161
-0.355069
-0.230883
-0.098797
0.041055
0.188604
0.343852
0.506876
0.677840
0.856995
-1.065502
-1.091741
-1.090527
-1.068499
-1.030178
-0.978176
-0.914148
-0.839250
-0.754347
-0.660130
-0.557180
-0.446006
-0.327066
-0.200777
-0.067523
0.072354
0.218560
0.370867
0.529133
0.693323
-1.082134
-1.123513
-1.132513
-1.119499
-1.089572
-1.045494
-0.989014
-0.921372
-0.843531
-0.756296
-0.660380
-0.556447
-0.445137
-0.327087
-0.202936
-0.073328
0.061087
0.199683
0.341884
0.487221
-1.096344
-1.156990
-1.177195
-1.174363
-1.154215
-1.119632
-1.072425
-1.013893
-0.945064
-0.866818
-0.779961
-0.685265
-0.583505
-0.475482
-0.362045
-0.244111
-0.122681
0.001146
0.126197
0.251301
-1.106957
-1.192380
-1.224391
-1.232814
-1.223777
-1.200210
-1.163946
-1.116305
-1.058338
-0.990953
-0.914987
-0.831252
-0.740574
-0.643817
-0.541918
-0.435922
-0.327035
-0.216714
-0.106833
0.000001
