-0.735825
-0.729931
-0.717470
-0.700765
-0.681002
-0.658865
-0.634775
-0.609010
-0.581752
-0.553127
-0.523216
-0.492071
-0.459720
-0.426173
-0.391425
-0.355460
-0.318253
-0.279769
-0.239967
-0.198800
-0.156218
-0.112163
-0.066576
-0.019395
0.029448
0.080019
0.132390
0.186633
0.242821
0.301031
0.361338
0.423821
0.488557
0.555626
0.625108
0.697083
0.771632
0.848837
0.928778
1.011538
-0.736108
-0.730223
-0.717784
-0.701105
-0.681374
-0.659272
-0.635221
-0.609498
-0.582288
-0.553714
-0.523860
-0.492777
-0.460494
-0.427022
-0.392357
-0.356483
-0.319375
-0.281000
-0.241318
-0.200282
-0.157841
-0.113940
-0.068520
-0.021519
0.027128
0.077490
0.129636
0.183638
0.239568
0.297502
0.357516
0.419686
0.484091
0.550809
0.619919
0.691501
0.765636
0.842403
0.921886
1.004163
-0.736855
-0.731001
-0.718625
-0.702030
-0.682397
-0.660404
-0.636473
-0.610882
-0.583815
-0.555398
-0.525716
-0.494822
-0.462747
-0.429502
-0.395087
-0.359488
-0.322680
-0.284634
-0.245310
-0.204665
-0.162651
-0.119212
-0.074293
-0.027833
0.020231
0.069965
0.121437
0.174716
0.229874
0.286984
0.346119
0.407356
0.470769
0.536436
0.604434
0.674842
0.747738
0.823201
0.901310
0.982145
-0.738064
-0.732263
-0.719994
-0.703538
-0.684068
-0.662257
-0.638527
-0.613155
-0.586327
-0.558171
-0.528775
-0.498195
-0.466463
-0.433596
-0.399594
-0.364448
-0.328138
-0.290635
-0.251904
-0.211906
-0.170594
-0.127919
-0.083827
-0.038260
0.008841
0.057539
0.107899
0.159986
0.213869
0.269619
0.327305
0.387001
0.448778
0.512712
0.578876
0.647346
0.718198
0.791507
0.867350
0.945805
-0.739732
-0.734004
-0.721885
-0.705626
-0.686383
-0.664827
-0.641376
-0.616309
-0.589813
-0.562021
-0.533021
-0.502875
-0.471619
-0.439273
-0.405843
-0.371324
-0.335699
-0.298946
-0.261034
-0.221928
-0.181586
-0.139963
-0.097009
-0.052673
-0.006899
0.040371
0.089197
0.139642
0.191769
0.245643
0.301332
0.358904
0.418427
0.479971
0.543607
0.609406
0.677440
0.747780
0.820500
0.895673
-0.741855
-0.736221
-0.724294
-0.708286
-0.689336
-0.668105
-0.645011
-0.620332
-0.594259
-0.566927
-0.538431
-0.508835
-0.478181
-0.446494
-0.413787
-0.380058
-0.345299
-0.309491
-0.272610
-0.234627
-0.195505
-0.155206
-0.113687
-0.070900
-0.026796
0.018677
0.065574
0.113951
0.163867
0.215383
0.268558
0.323457
0.380142
0.438678
0.499131
0.561567
0.626052
0.692654
0.761441
0.832480
-0.744426
-0.738907
-0.727216
-0.711513
-0.692918
-0.672082
-0.649419
-0.625209
-0.599646
-0.572869
-0.544977
-0.516040
-0.486107
-0.455210
-0.423365
-0.390580
-0.356852
-0.322170
-0.286518
-0.249871
-0.212203
-0.173480
-0.133666
-0.092722
-0.050605
-0.007269
0.037333
0.083252
0.130538
0.179247
0.229432
0.281150
0.334458
0.389415
0.446080
0.504513
0.564774
0.626926
0.691030
0.757148
-0.747439
-0.742056
-0.730641
-0.715299
-0.697120
-0.676746
-0.654587
-0.630924
-0.605953
-0.579819
-0.552626
-0.524451
-0.495349
-0.465359
-0.434506
-0.402805
-0.370260
-0.336869
-0.302623
-0.267507
-0.231501
-0.194580
-0.156718
-0.117881
-0.078035
-0.037142
0.004837
0.047944
0.092225
0.137724
0.184489
0.232569
0.282015
0.332877
0.385208
0.439061
0.494489
0.551547
0.610290
0.670774
-0.750885
-0.745658
-0.734562
-0.719633
-0.701930
-0.682083
-0.660498
-0.637454
-0.613155
-0.587746
-0.561340
-0.534021
-0.505850
-0.476875
-0.447129
-0.416636
-0.385409
-0.353454
-0.320772
-0.287356
-0.253196
-0.218276
-0.182578
-0.146078
-0.108752
-0.070570
-0.031501
0.008488
0.049433
0.091372
0.134342
0.178386
0.223544
0.269861
0.317380
0.366147
0.416207
0.467607
0.520396
0.574620
-0.754754
-0.749704
-0.738968
-0.724504
-0.707336
-0.688079
-0.667133
-0.644779
-0.621222
-0.596616
-0.571077
-0.544697
-0.517547
-0.489682
-0.461145
-0.431968
-0.402174
-0.371780
-0.340794
-0.309222
-0.277063
-0.244310
-0.210956
-0.176987
-0.142388
-0.107139
-0.071220
-0.034606
0.002728
0.040812
0.079673
0.119345
0.159860
0.201252
0.243558
0.286812
0.331053
0.376320
0.422651
0.470086
-0.759034
-0.754183
-0.743848
-0.729900
-0.713324
-0.694716
-0.674472
-0.652873
-0.630127
-0.606391
-0.581791
-0.556425
-0.530374
-0.503700
-0.476457
-0.448686
-0.420421
-0.391688
-0.362507
-0.332895
-0.302859
-0.272406
-0.241538
-0.210252
-0.178544
-0.146404
-0.113823
-0.080787
-0.047280
-0.013284
0.021221
0.056257
0.091846
0.128013
0.164785
0.202188
0.240251
0.279003
0.318475
0.358697
-0.763715
-0.759083
-0.749189
-0.735807
-0.719878
-0.701977
-0.682495
-0.661711
-0.639835
-0.617032
-0.593434
-0.569147
-0.544259
-0.518843
-0.492963
-0.466669
-0.440006
-0.413012
-0.385718
-0.358150
-0.330329
-0.302271
-0.273991
-0.245498
-0.216797
-0.187892
-0.158783
-0.129469
-0.099943
-0.070199
-0.040229
-0.010020
0.020440
0.051166
0.082173
0.113479
0.145102
0.177062
0.209380
0.242077
-0.768782
-0.764390
-0.754979
-0.742212
-0.726982
-0.709844
-0.691178
-0.671264
-0.650314
-0.628499
-0.605956
-0.582800
-0.559129
-0.535024
-0.510558
-0.485793
-0.460785
-0.435582
-0.410227
-0.384757
-0.359206
-0.333602
-0.307971
-0.282334
-0.256708
-0.231110
-0.205551
-0.180040
-0.154585
-0.129190
-0.103857
-0.078585
-0.053374
-0.028219
-0.003115
0.021945
0.046969
0.071967
0.096949
0.121928
-0.774220
-0.770090
-0.761201
-0.749098
-0.734619
-0.718295
-0.700497
-0.681503
-0.661529
-0.640749
-0.619306
-0.597325
-0.574909
-0.552152
-0.529135
-0.505932
-0.482607
-0.459222
-0.435831
-0.412482
-0.389222
-0.366091
-0.343127
-0.320363
-0.297830
-0.275556
-0.253564
-0.231878
-0.210515
-0.189492
-0.168822
-0.148518
-0.128589
-0.109043
-0.089885
-0.071119
-0.052747
-0.034770
-0.017188
0.000000
-0.780012
-0.776166
-0.767841
-0.756450
-0.742771
-0.727310
-0.710429
-0.692401
-0.673445
-0.653739
-0.633433
-0.612657
-0.591526
-0.570139
-0.548589
-0.526959
-0.505326
-0.483760
-0.462328
-0.441091
-0.420107
-0.399429
-0.379106
-0.359187
-0.339713
-0.320725
-0.302260
-0.284353
-0.267034
-0.250333
-0.234276
-0.218887
-0.204186
-0.190193
-0.176925
-0.164398
-0.152623
-0.141613
-0.131378
-0.121927
-0.786142
-0.782603
-0.774882
-0.764249
-0.751419
-0.736869
-0.720948
-0.703927
-0.686027
-0.667427
-0.648286
-0.628738
-0.608905
-0.588898
-0.568816
-0.548752
-0.528795
-0.509026
-0.489522
-0.470356
-0.451598
-0.433314
-0.415566
-0.398414
-0.381914
-0.366119
-0.351080
-0.336843
-0.323453
-0.310951
-0.299376
-0.288764
-0.279149
-0.270562
-0.263031
-0.256582
-0.251241
-0.247029
-0.243968
-0.242077
-0.792590
-0.789382
-0.782307
-0.772479
-0.760544
-0.746948
-0.732029
-0.716053
-0.699239
-0.681773
-0.663815
-0.645507
-0.626977
-0.608344
-0.589715
-0.571194
-0.552878
-0.534858
-0.517223
-0.500057
-0.483442
-0.467456
-0.452173
-0.437667
-0.424006
-0.411257
-0.399483
-0.388744
-0.379098
-0.370599
-0.363298
-0.357245
-0.352485
-0.349062
-0.347015
-0.346384
-0.347205
-0.349509
-0.353330
-0.358696
-0.799335
-0.796483
-0.790098
-0.781121
-0.770126
-0.757527
-0.743647
-0.728748
-0.713049
-0.696735
-0.679973
-0.662908
-0.645675
-0.628399
-0.611195
-0.594175
-0.577444
-0.561105
-0.545254
-0.529989
-0.515402
-0.501581
-0.488616
-0.476590
-0.465586
-0.455682
-0.446956
-0.439481
-0.433327
-0.428563
-0.425252
-0.423457
-0.423236
-0.424645
-0.427736
-0.432560
-0.439163
-0.447590
-0.457884
-0.470085
-0.806356
-0.803887
-0.798235
-0.790156
-0.780145
-0.768583
-0.755778
-0.741986
-0.727422
-0.712277
-0.696715
-0.680889
-0.664938
-0.648990
-0.633170
-0.617594
-0.602377
-0.587628
-0.573456
-0.559966
-0.547261
-0.535442
-0.524607
-0.514855
-0.506278
-0.498971
-0.493021
-0.488516
-0.485540
-0.484174
-0.484496
-0.486580
-0.490499
-0.496319
-0.504107
-0.513924
-0.525829
-0.539878
-0.556125
-0.574619
-0.813628
-0.811572
-0.806698
-0.799564
-0.790582
-0.780095
-0.768398
-0.755737
-0.742329
-0.728361
-0.714001
-0.699403
-0.684708
-0.670052
-0.655562
-0.641362
-0.627571
-0.614308
-0.601687
-0.589823
-0.578829
-0.568816
-0.559893
-0.552169
-0.545750
-0.540742
-0.537246
-0.535363
-0.535190
-0.536821
-0.540348
-0.545858
-0.553436
-0.563164
-0.575119
-0.589375
-0.606003
-0.625070
-0.646640
-0.670774
-0.821126
-0.819516
-0.815469
-0.809328
-0.801416
-0.792042
-0.781482
-0.769978
-0.757740
-0.744955
-0.731792
-0.718405
-0.704938
-0.691529
-0.678309
-0.665404
-0.652940
-0.641041
-0.629828
-0.619422
-0.609945
-0.601516
-0.594256
-0.588283
-0.583714
-0.580667
-0.579257
-0.579596
-0.581794
-0.585961
-0.592199
-0.600612
-0.611297
-0.624348
-0.639857
-0.657908
-0.678586
-0.701969
-0.728132
-0.757147
-0.828822
-0.827695
-0.824527
-0.819426
-0.812627
-0.804401
-0.795008
-0.784681
-0.773626
-0.762028
-0.750055
-0.737859
-0.725586
-0.713374
-0.701355
-0.689659
-0.678414
-0.667747
-0.657785
-0.648654
-0.640481
-0.633396
-0.627524
-0.622995
-0.619937
-0.618477
-0.618742
-0.620858
-0.624947
-0.631132
-0.639530
-0.650258
-0.663426
-0.679143
-0.697513
-0.718635
-0.742604
-0.769511
-0.799442
-0.832480
-0.836686
-0.836084
-0.833849
-0.829839
-0.824195
-0.817153
-0.808955
-0.799825
-0.789964
-0.779555
-0.768761
-0.757734
-0.746619
-0.735550
-0.724662
-0.714083
-0.703943
-0.694369
-0.685492
-0.677442
-0.670350
-0.664349
-0.659574
-0.656161
-0.654247
-0.653969
-0.655465
-0.658873
-0.664329
-0.671966
-0.681919
-0.694315
-0.709281
-0.726939
-0.747406
-0.770797
-0.797218
-0.826773
-0.859560
-0.895673
-0.844687
-0.844658
-0.843416
-0.840548
-0.836102
-0.830277
-0.823300
-0.815386
-0.806730
-0.797510
-0.787885
-0.778005
-0.768010
-0.758032
-0.748202
-0.738647
-0.729496
-0.720876
-0.712915
-0.705746
-0.699502
-0.694319
-0.690336
-0.687695
-0.686540
-0.687017
-0.689274
-0.693458
-0.699718
-0.708202
-0.719055
-0.732422
-0.748444
-0.767257
-0.788994
-0.813782
-0.841744
-0.872995
-0.907647
-0.945805
-0.852787
-0.853390
-0.853206
-0.851534
-0.848328
-0.843754
-0.838024
-0.831345
-0.823904
-0.815874
-0.807409
-0.798654
-0.789742
-0.780803
-0.771962
-0.763342
-0.755066
-0.747260
-0.740048
-0.733562
-0.727933
-0.723298
-0.719798
-0.717578
-0.716787
-0.717577
-0.720104
-0.724525
-0.731000
-0.739690
-0.750754
-0.764351
-0.780638
-0.799766
-0.821886
-0.847139
-0.875664
-0.907592
-0.943046
-0.982145
-0.860949
-0.862252
-0.863198
-0.862777
-0.860854
-0.857565
-0.853108
-0.847682
-0.841467
-0.834629
-0.827317
-0.819667
-0.811807
-0.803859
-0.795942
-0.788172
-0.780666
-0.773541
-0.766919
-0.760923
-0.755683
-0.751333
-0.748011
-0.745862
-0.745038
-0.745694
-0.747992
-0.752097
-0.758180
-0.766411
-0.776965
-0.790016
-0.805735
-0.824294
-0.845858
-0.870589
-0.898641
-0.930162
-0.965292
-1.004163
-0.869129
-0.871216
-0.873371
-0.874259
-0.873662
-0.871692
-0.868534
-0.864379
-0.859403
-0.853761
-0.847597
-0.841037
-0.834203
-0.827206
-0.820157
-0.813162
-0.806329
-0.799766
-0.793586
-0.787904
-0.782841
-0.778524
-0.775087
-0.772672
-0.771427
-0.771509
-0.773082
-0.776316
-0.781389
-0.788484
-0.797788
-0.809488
-0.823777
-0.840841
-0.860867
-0.884038
-0.910527
-0.940503
-0.974124
-1.011538
-0.877278
-0.880254
-0.883706
-0.885962
-0.886735
-0.886116
-0.884284
-0.881421
-0.877696
-0.873259
-0.868241
-0.862763
-0.856934
-0.850858
-0.844631
-0.838350
-0.832109
-0.826006
-0.820140
-0.814613
-0.809537
-0.805027
-0.801206
-0.798209
-0.796177
-0.795263
-0.795629
-0.797447
-0.800901
-0.806180
-0.813483
-0.823014
-0.834982
-0.849595
-0.867063
-0.887592
-0.911379
-0.938618
-0.969490
-1.004163
-0.885342
-0.889337
-0.894182
-0.897870
-0.900056
-0.900821
-0.900340
-0.898791
-0.896334
-0.893111
-0.889245
-0.884846
-0.880013
-0.874836
-0.869400
-0.863787
-0.858078
-0.852353
-0.846697
-0.841198
-0.835949
-0.831050
-0.826611
-0.822751
-0.819600
-0.817301
-0.816009
-0.815893
-0.817136
-0.819932
-0.824490
-0.831027
-0.839771
-0.850952
-0.864807
-0.881569
-0.901468
-0.924725
-0.951552
-0.982145
-0.893258
-0.898435
-0.904784
-0.909966
-0.913608
-0.915790
-0.916688
-0.916474
-0.915304
-0.913310
-0.910607
-0.907293
-0.903455
-0.899170
-0.894509
-0.889538
-0.884321
-0.878921
-0.873404
-0.867837
-0.862294
-0.856854
-0.851607
-0.846652
-0.842100
-0.838077
-0.834724
-0.832199
-0.830678
-0.830356
-0.831444
-0.834172
-0.838784
-0.845536
-0.854692
-0.866523
-0.881294
-0.899267
-0.920693
-0.945805
-0.900954
-0.907522
-0.915495
-0.922237
-0.927375
-0.931007
-0.933310
-0.934456
-0.934594
-0.933848
-0.932325
-0.930110
-0.927278
-0.923892
-0.920007
-0.915674
-0.910936
-0.905838
-0.900423
-0.894735
-0.888824
-0.882744
-0.876557
-0.870337
-0.864168
-0.858150
-0.852401
-0.847059
-0.842284
-0.838260
-0.835196
-0.833327
-0.832911
-0.834227
-0.837575
-0.843264
-0.851611
-0.862928
-0.877520
-0.895673
-0.908343
-0.916574
-0.926302
-0.934667
-0.941343
-0.946455
-0.950191
-0.952722
-0.954193
-0.954720
-0.954398
-0.953305
-0.951502
-0.949037
-0.945950
-0.942273
-0.938030
-0.933244
-0.927934
-0.922119
-0.915821
-0.909062
-0.901874
-0.894296
-0.886377
-0.878183
-0.869796
-0.861323
-0.852894
-0.844669
-0.836842
-0.829641
-0.823331
-0.818213
-0.814618
-0.812907
-0.813457
-0.816652
-0.822873
-0.832480
-0.915324
-0.925571
-0.937196
-0.947246
-0.955496
-0.962119
-0.967315
-0.971258
-0.974088
-0.975916
-0.976827
-0.976888
-0.976148
-0.974642
-0.972392
-0.969413
-0.965710
-0.961283
-0.956125
-0.950229
-0.943583
-0.936179
-0.928009
-0.919071
-0.909373
-0.898933
-0.887789
-0.875996
-0.863640
-0.850838
-0.837748
-0.824574
-0.811569
-0.799044
-0.787359
-0.776930
-0.768210
-0.761683
-0.757837
-0.757148
-0.921773
-0.934500
-0.948173
-0.959963
-0.969822
-0.977982
-0.984666
-0.990048
-0.994267
-0.997428
-0.999608
-1.000864
-1.001233
-1.000737
-0.999384
-0.997171
-0.994083
-0.990097
-0.985184
-0.979305
-0.972418
-0.964476
-0.955433
-0.945240
-0.933854
-0.921237
-0.907365
-0.892229
-0.875847
-0.858268
-0.839586
-0.819947
-0.799566
-0.778731
-0.757818
-0.737289
-0.717691
-0.699636
-0.683779
-0.670775
-0.927538
-0.943362
-0.959231
-0.972809
-0.984304
-0.994029
-1.002225
-1.009076
-1.014716
-1.019247
-1.022737
-1.025237
-1.026771
-1.027352
-1.026973
-1.025615
-1.023245
-1.019821
-1.015287
-1.009579
-1.002622
-0.994333
-0.984622
-0.973393
-0.960545
-0.945977
-0.929591
-0.911296
-0.891018
-0.868708
-0.844356
-0.818006
-0.789778
-0.759886
-0.728671
-0.696611
-0.664342
-0.632644
-0.602418
-0.574620
-0.932430
-0.952174
-0.970377
-0.985776
-0.998930
-1.010241
-1.019977
-1.028324
-1.035419
-1.041358
-1.046206
-1.050004
-1.052771
-1.054506
-1.055194
-1.054802
-1.053281
-1.050570
-1.046594
-1.041261
-1.034470
-1.026102
-1.016026
-1.004098
-0.990161
-0.974044
-0.955568
-0.934548
-0.910796
-0.884133
-0.854397
-0.821468
-0.785291
-0.745912
-0.703525
-0.658530
-0.611586
-0.563655
-0.515995
-0.470086
-0.936208
-0.960982
-0.981621
-0.998857
-1.013685
-1.026602
-1.037900
-1.047774
-1.056358
-1.063746
-1.070002
-1.075159
-1.079231
-1.082211
-1.084073
-1.084774
-1.084254
-1.082438
-1.079232
-1.074526
-1.068194
-1.060088
-1.050042
-1.037869
-1.023359
-1.006277
-0.986365
-0.963335
-0.936878
-0.906658
-0.872325
-0.833523
-0.789918
-0.741238
-0.687334
-0.628288
-0.564553
-0.497124
-0.427697
-0.358697
-0.938565
-0.969873
-0.992980
-1.012045
-1.028554
-1.043093
-1.055976
-1.067403
-1.077511
-1.086392
-1.094108
-1.100689
-1.106145
-1.110465
-1.113617
-1.115553
-1.116203
-1.115484
-1.113291
-1.109500
-1.103967
-1.096525
-1.086983
-1.075119
-1.060685
-1.043393
-1.022918
-0.998885
-0.970869
-0.938382
-0.900869
-0.857698
-0.808165
-0.751503
-0.686930
-0.613750
-0.531573
-0.440723
-0.342908
-0.242078
-0.939102
-0.978995
-1.004474
-1.025331
-1.043520
-1.059694
-1.074182
-1.087190
-1.098856
-1.109273
-1.118501
-1.126572
-1.133494
-1.139254
-1.143819
-1.147138
-1.149140
-1.149735
-1.148815
-1.146251
-1.141891
-1.135558
-1.127047
-1.116123
-1.102512
-1.085901
-1.065921
-1.042145
-1.014070
-0.981098
-0.942513
-0.897447
-0.844834
-0.783352
-0.711346
-0.626763
-0.527152
-0.409954
-0.273711
-0.121928
-0.937294
-0.988586
-1.016117
-1.038703
-1.058565
-1.076384
-1.092496
-1.107110
-1.120366
-1.132360
-1.143153
-1.152780
-1.161250
-1.168551
-1.174653
-1.179506
-1.183042
-1.185174
-1.185795
-1.184780
-1.181979
-1.177218
-1.170296
-1.160978
-1.148994
-1.134028
-1.115713
-1.093614
-1.067217
-1.035902
-0.998913
-0.955309
-0.903887
-0.843059
-0.770630
-0.683386
-0.576248
-0.440469
-0.259583
-0.000001
