-0.733475
-0.727494
-0.715196
-0.699359
-0.681539
-0.662709
-0.643528
-0.624474
-0.605906
-0.588107
-0.571307
-0.555698
-0.541443
-0.528683
-0.517545
-0.508141
-0.500574
-0.494940
-0.491328
-0.489821
-0.490500
-0.493441
-0.498718
-0.506403
-0.516566
-0.529276
-0.544600
-0.562605
-0.583358
-0.606924
-0.633367
-0.662754
-0.695148
-0.730614
-0.769217
-0.811021
-0.856090
-0.904490
-0.956284
-1.011538
-0.733760
-0.727781
-0.715484
-0.699644
-0.681816
-0.662971
-0.643770
-0.624686
-0.606080
-0.588235
-0.571380
-0.555707
-0.541377
-0.528533
-0.517299
-0.507789
-0.500105
-0.494342
-0.490588
-0.488927
-0.489439
-0.492199
-0.497281
-0.504757
-0.514695
-0.527165
-0.542234
-0.559967
-0.580431
-0.603690
-0.629809
-0.658852
-0.690884
-0.725969
-0.764170
-0.805551
-0.850177
-0.898112
-0.949419
-1.004163
-0.734516
-0.728542
-0.716250
-0.700405
-0.682557
-0.663673
-0.644411
-0.625243
-0.606528
-0.588549
-0.571533
-0.555669
-0.541120
-0.528027
-0.516512
-0.506688
-0.498656
-0.492510
-0.488337
-0.486218
-0.486233
-0.488456
-0.492959
-0.499812
-0.509083
-0.520840
-0.535147
-0.552070
-0.571672
-0.594018
-0.619170
-0.647191
-0.678143
-0.712090
-0.749094
-0.789216
-0.832520
-0.879068
-0.928922
-0.982145
-0.735741
-0.729777
-0.717495
-0.701644
-0.683764
-0.664817
-0.645456
-0.626152
-0.607260
-0.589059
-0.571778
-0.555602
-0.540693
-0.527188
-0.515211
-0.504869
-0.496264
-0.489486
-0.484620
-0.481747
-0.480942
-0.482278
-0.485825
-0.491651
-0.499821
-0.510400
-0.523451
-0.539036
-0.557217
-0.578055
-0.601611
-0.627945
-0.657116
-0.689185
-0.724212
-0.762257
-0.803378
-0.847637
-0.895092
-0.945805
-0.737435
-0.731486
-0.719219
-0.703363
-0.685442
-0.666411
-0.646916
-0.627424
-0.608288
-0.589785
-0.572138
-0.555532
-0.540126
-0.526055
-0.513439
-0.502384
-0.492987
-0.485336
-0.479515
-0.475600
-0.473664
-0.473776
-0.476004
-0.480411
-0.487061
-0.496014
-0.507331
-0.521069
-0.537289
-0.556046
-0.577399
-0.601403
-0.628116
-0.657594
-0.689893
-0.725069
-0.763179
-0.804279
-0.848425
-0.895673
-0.739597
-0.733669
-0.721425
-0.705565
-0.687596
-0.668461
-0.648800
-0.629075
-0.609634
-0.590750
-0.572643
-0.555497
-0.539465
-0.524680
-0.511257
-0.499302
-0.488906
-0.480155
-0.473128
-0.467898
-0.464534
-0.463102
-0.463664
-0.466282
-0.471013
-0.477914
-0.487042
-0.498451
-0.512195
-0.528326
-0.546899
-0.567966
-0.591577
-0.617786
-0.646644
-0.678203
-0.712514
-0.749630
-0.789601
-0.832480
-0.742227
-0.736326
-0.724114
-0.708255
-0.690234
-0.670980
-0.651125
-0.631125
-0.611322
-0.591986
-0.573334
-0.555543
-0.538764
-0.523127
-0.508744
-0.495713
-0.484125
-0.474060
-0.465593
-0.458792
-0.453723
-0.450446
-0.449020
-0.449500
-0.451940
-0.456392
-0.462907
-0.471534
-0.482323
-0.495321
-0.510576
-0.528135
-0.548046
-0.570354
-0.595106
-0.622348
-0.652127
-0.684489
-0.719481
-0.757148
-0.745321
-0.739455
-0.727288
-0.711437
-0.693364
-0.673980
-0.653909
-0.633597
-0.613384
-0.593532
-0.574255
-0.555726
-0.538092
-0.521477
-0.505989
-0.491724
-0.478766
-0.467191
-0.457069
-0.448464
-0.441435
-0.436038
-0.432327
-0.430351
-0.430158
-0.431796
-0.435309
-0.440741
-0.448136
-0.457535
-0.468980
-0.482513
-0.498174
-0.516003
-0.536042
-0.558329
-0.582906
-0.609813
-0.639089
-0.670774
-0.748878
-0.743057
-0.730948
-0.715117
-0.696995
-0.677477
-0.657171
-0.636520
-0.615853
-0.595431
-0.575461
-0.556111
-0.537524
-0.519820
-0.503101
-0.487458
-0.472971
-0.459710
-0.447741
-0.437120
-0.427904
-0.420141
-0.413878
-0.409160
-0.406030
-0.404527
-0.404690
-0.406557
-0.410165
-0.415549
-0.422745
-0.431786
-0.442708
-0.455544
-0.470327
-0.487091
-0.505869
-0.526694
-0.549600
-0.574620
-0.752895
-0.747129
-0.735096
-0.719302
-0.701140
-0.681486
-0.660936
-0.639923
-0.618771
-0.597733
-0.577011
-0.556770
-0.537147
-0.518257
-0.500197
-0.483052
-0.466898
-0.451799
-0.437813
-0.424995
-0.413391
-0.403046
-0.394001
-0.386293
-0.379958
-0.375030
-0.371541
-0.369521
-0.369001
-0.370010
-0.372575
-0.376723
-0.382482
-0.389877
-0.398937
-0.409685
-0.422148
-0.436352
-0.452323
-0.470086
-0.757369
-0.751671
-0.739735
-0.723996
-0.705809
-0.686025
-0.665229
-0.643840
-0.622178
-0.600490
-0.578972
-0.557783
-0.537056
-0.516899
-0.497406
-0.478657
-0.460719
-0.443653
-0.427511
-0.412340
-0.398183
-0.385075
-0.373052
-0.362145
-0.352382
-0.343791
-0.336396
-0.330222
-0.325289
-0.321621
-0.319237
-0.318156
-0.318400
-0.319985
-0.322931
-0.327255
-0.332976
-0.340112
-0.348680
-0.358697
-0.762296
-0.756681
-0.744867
-0.729209
-0.711016
-0.691116
-0.670076
-0.648308
-0.626123
-0.603761
-0.581414
-0.559235
-0.537351
-0.515867
-0.494869
-0.474432
-0.454620
-0.435485
-0.417074
-0.399428
-0.382583
-0.366568
-0.351413
-0.337140
-0.323773
-0.311329
-0.299828
-0.289285
-0.279715
-0.271132
-0.263549
-0.256977
-0.251427
-0.246911
-0.243439
-0.241021
-0.239666
-0.239385
-0.240185
-0.242077
-0.767669
-0.762155
-0.750492
-0.734945
-0.716773
-0.696777
-0.675507
-0.653364
-0.630653
-0.607607
-0.584412
-0.561216
-0.538140
-0.515285
-0.492732
-0.470549
-0.448795
-0.427516
-0.406754
-0.386544
-0.366913
-0.347886
-0.329484
-0.311724
-0.294622
-0.278189
-0.262435
-0.247370
-0.233000
-0.219331
-0.206368
-0.194116
-0.182576
-0.171752
-0.161646
-0.152260
-0.143594
-0.135649
-0.128427
-0.121928
-0.773484
-0.768089
-0.756613
-0.741213
-0.723095
-0.703030
-0.681551
-0.659050
-0.635820
-0.612091
-0.588043
-0.563819
-0.539535
-0.515285
-0.491147
-0.467184
-0.443447
-0.419979
-0.396815
-0.373982
-0.351504
-0.329399
-0.307680
-0.286357
-0.265440
-0.244932
-0.224836
-0.205155
-0.185886
-0.167029
-0.148580
-0.130535
-0.112889
-0.095637
-0.078772
-0.062287
-0.046175
-0.030428
-0.015040
-0.000000
-0.779732
-0.774480
-0.763229
-0.748019
-0.729995
-0.709897
-0.688240
-0.665404
-0.641677
-0.617280
-0.592389
-0.567141
-0.541649
-0.516002
-0.490272
-0.464517
-0.438784
-0.413110
-0.387523
-0.362047
-0.336698
-0.311488
-0.286423
-0.261509
-0.236746
-0.212131
-0.187662
-0.163331
-0.139131
-0.115052
-0.091083
-0.067212
-0.043426
-0.019712
0.003946
0.027561
0.051151
0.074731
0.098318
0.121927
-0.786405
-0.781322
-0.770341
-0.755370
-0.737488
-0.717400
-0.695604
-0.672470
-0.648276
-0.623240
-0.597530
-0.571281
-0.544600
-0.517572
-0.490265
-0.462733
-0.435016
-0.407148
-0.379151
-0.351044
-0.322836
-0.294534
-0.266140
-0.237651
-0.209062
-0.180363
-0.151544
-0.122593
-0.093492
-0.064227
-0.034777
-0.005125
0.024752
0.054875
0.085265
0.115947
0.146945
0.178283
0.209985
0.242077
-0.793493
-0.788609
-0.777949
-0.763272
-0.745586
-0.725560
-0.703676
-0.680289
-0.655673
-0.630037
-0.603549
-0.576337
-0.548505
-0.520133
-0.491287
-0.462014
-0.432353
-0.402331
-0.371968
-0.341275
-0.310259
-0.278920
-0.247254
-0.215253
-0.182906
-0.150197
-0.117110
-0.083625
-0.049720
-0.015372
0.019446
0.054760
0.090598
0.126989
0.163964
0.201553
0.239788
0.278702
0.318327
0.358696
-0.800982
-0.796331
-0.786050
-0.771730
-0.754303
-0.734401
-0.712485
-0.688903
-0.663919
-0.637740
-0.610527
-0.582407
-0.553479
-0.523821
-0.493494
-0.462543
-0.431003
-0.398897
-0.366241
-0.333042
-0.299302
-0.265018
-0.230179
-0.194773
-0.158784
-0.122191
-0.084971
-0.047099
-0.008547
0.030716
0.070721
0.111502
0.153093
0.195531
0.238853
0.283097
0.328302
0.374508
0.421755
0.470085
-0.808859
-0.804481
-0.794642
-0.780750
-0.763651
-0.743942
-0.722063
-0.698353
-0.673069
-0.646414
-0.618545
-0.589587
-0.559637
-0.528769
-0.497042
-0.464498
-0.431169
-0.397075
-0.362229
-0.326635
-0.290291
-0.253189
-0.215317
-0.176656
-0.137186
-0.096883
-0.055717
-0.013659
0.029325
0.073271
0.118216
0.164199
0.211261
0.259445
0.308794
0.359353
0.411168
0.464286
0.518753
0.574619
-0.817108
-0.813046
-0.803722
-0.790335
-0.773643
-0.754203
-0.732439
-0.708678
-0.683173
-0.656122
-0.627681
-0.597972
-0.567089
-0.535106
-0.502079
-0.468050
-0.433046
-0.397087
-0.360182
-0.322333
-0.283537
-0.243781
-0.203050
-0.161324
-0.118577
-0.074782
-0.029906
0.016086
0.063232
0.111571
0.161145
0.212000
0.264182
0.317738
0.372717
0.429170
0.487149
0.546707
0.607897
0.670774
-0.825708
-0.822014
-0.813285
-0.800488
-0.784289
-0.765204
-0.743640
-0.719916
-0.694279
-0.666926
-0.638010
-0.607651
-0.575942
-0.542957
-0.508750
-0.473362
-0.436820
-0.399142
-0.360335
-0.320401
-0.279333
-0.237119
-0.193740
-0.149173
-0.103392
-0.056366
-0.008058
0.041568
0.092554
0.144944
0.198783
0.254120
0.311006
0.369493
0.429634
0.491486
0.555105
0.620548
0.687876
0.757147
-0.834636
-0.831369
-0.823325
-0.811212
-0.795598
-0.776962
-0.755694
-0.732103
-0.706436
-0.678885
-0.649602
-0.618708
-0.586296
-0.552439
-0.517190
-0.480590
-0.442667
-0.403438
-0.362910
-0.321085
-0.277954
-0.233505
-0.187718
-0.140570
-0.092032
-0.042072
0.009348
0.062268
0.116729
0.172780
0.230468
0.289845
0.350964
0.413882
0.478655
0.545343
0.614007
0.684708
0.757511
0.832480
-0.843868
-0.841096
-0.833834
-0.822507
-0.807580
-0.789494
-0.768624
-0.745273
-0.719685
-0.692052
-0.662525
-0.631225
-0.598246
-0.563660
-0.527523
-0.489876
-0.450748
-0.410157
-0.368110
-0.324610
-0.279649
-0.233214
-0.185287
-0.135845
-0.084857
-0.032293
0.021887
0.077722
0.135256
0.194538
0.255616
0.318544
0.383379
0.450176
0.518997
0.589903
0.662957
0.738226
0.815775
0.895673
-0.853373
-0.851175
-0.844805
-0.834373
-0.820240
-0.802813
-0.782451
-0.759456
-0.734068
-0.706478
-0.676840
-0.645274
-0.611877
-0.576721
-0.539866
-0.501353
-0.461213
-0.419465
-0.376120
-0.331181
-0.284642
-0.236493
-0.186717
-0.135290
-0.082186
-0.027373
0.029185
0.087529
0.147702
0.209750
0.273726
0.339681
0.407671
0.477756
0.549997
0.624455
0.701197
0.780290
0.861803
0.945805
-0.863114
-0.861585
-0.856228
-0.846809
-0.833585
-0.816931
-0.797197
-0.774680
-0.749619
-0.722209
-0.692602
-0.660923
-0.627268
-0.591715
-0.554323
-0.515137
-0.474192
-0.431509
-0.387102
-0.340976
-0.293130
-0.243555
-0.192238
-0.139158
-0.084290
-0.027606
0.030929
0.091351
0.153704
0.218032
0.284385
0.352813
0.423373
0.496121
0.571120
0.648431
0.728121
0.810257
0.894907
0.982145
-0.873052
-0.872303
-0.868092
-0.859812
-0.847618
-0.831858
-0.812876
-0.790967
-0.766371
-0.739284
-0.709861
-0.678229
-0.644489
-0.608719
-0.570985
-0.531333
-0.489802
-0.446417
-0.401197
-0.354151
-0.305281
-0.254582
-0.202046
-0.147656
-0.091393
-0.033229
0.026864
0.088921
0.152979
0.219081
0.287273
0.357603
0.430125
0.504893
0.581967
0.661409
0.743281
0.827652
0.914589
1.004163
-0.883138
-0.883303
-0.880387
-0.873378
-0.862341
-0.847603
-0.829503
-0.808338
-0.784350
-0.757738
-0.728660
-0.697246
-0.663600
-0.627806
-0.589931
-0.550029
-0.508141
-0.464299
-0.418524
-0.370833
-0.321231
-0.269721
-0.216298
-0.160952
-0.103668
-0.044425
0.016800
0.080037
0.145318
0.212681
0.282166
0.353819
0.427687
0.503822
0.582279
0.663117
0.746396
0.832182
0.920539
1.011538
-0.893317
-0.894558
-0.893099
-0.887503
-0.877755
-0.864170
-0.847088
-0.826809
-0.803579
-0.777600
-0.749034
-0.718016
-0.684652
-0.649032
-0.611229
-0.571299
-0.529291
-0.485242
-0.439179
-0.391124
-0.341090
-0.289085
-0.235111
-0.179165
-0.121240
-0.061320
0.000609
0.064572
0.130593
0.198704
0.268938
0.341334
0.415935
0.492786
0.571936
0.653440
0.737353
0.823736
0.912651
1.004163
-0.903523
-0.906039
-0.906217
-0.902182
-0.893859
-0.881561
-0.865637
-0.846391
-0.824074
-0.798892
-0.771012
-0.740573
-0.707686
-0.672446
-0.634930
-0.595202
-0.553316
-0.509315
-0.463233
-0.415099
-0.364934
-0.312752
-0.258565
-0.202375
-0.144185
-0.083988
-0.021776
0.042465
0.108752
0.177107
0.247557
0.320131
0.394863
0.471793
0.550962
0.632417
0.716207
0.802386
0.891012
0.982145
-0.913678
-0.917717
-0.919730
-0.917409
-0.910649
-0.899777
-0.885154
-0.867092
-0.845847
-0.821631
-0.794615
-0.764943
-0.732731
-0.698081
-0.661074
-0.621782
-0.580263
-0.536567
-0.490738
-0.442811
-0.392814
-0.340771
-0.286702
-0.230619
-0.172532
-0.112447
-0.050363
0.013722
0.079817
0.147932
0.218083
0.290291
0.364580
0.440978
0.519519
0.600239
0.683180
0.768388
0.855912
0.945805
-0.923688
-0.929563
-0.933627
-0.933177
-0.928120
-0.918815
-0.905639
-0.888913
-0.868903
-0.845825
-0.819856
-0.791143
-0.759810
-0.725962
-0.689688
-0.651065
-0.610160
-0.567028
-0.521722
-0.474284
-0.424751
-0.373157
-0.319530
-0.263894
-0.206267
-0.146667
-0.085104
-0.021588
0.043879
0.111295
0.180665
0.251996
0.325301
0.400595
0.477902
0.557245
0.638656
0.722171
0.807828
0.895673
-0.933442
-0.941548
-0.947899
-0.949479
-0.946267
-0.938668
-0.927085
-0.911853
-0.893243
-0.871478
-0.846739
-0.819181
-0.788931
-0.756101
-0.720786
-0.683068
-0.643021
-0.600710
-0.556193
-0.509522
-0.460743
-0.409899
-0.357028
-0.302163
-0.245337
-0.186575
-0.125903
-0.063340
0.001095
0.067389
0.135531
0.205517
0.277343
0.351011
0.426530
0.503911
0.583172
0.664334
0.747426
0.832480
-0.942803
-0.953652
-0.962540
-0.966309
-0.965079
-0.959328
-0.949486
-0.935904
-0.918861
-0.898585
-0.875264
-0.849057
-0.820096
-0.788500
-0.754367
-0.717789
-0.678845
-0.637608
-0.594142
-0.548509
-0.500764
-0.450959
-0.399143
-0.345359
-0.289651
-0.232058
-0.172617
-0.111362
-0.048326
0.016464
0.082981
0.151203
0.221112
0.292694
0.365939
0.440843
0.517406
0.595634
0.675542
0.757148
-0.951604
-0.965861
-0.977550
-0.983659
-0.984547
-0.980782
-0.972829
-0.961054
-0.945745
-0.927136
-0.905420
-0.880760
-0.853296
-0.823148
-0.790423
-0.755217
-0.717616
-0.677700
-0.635542
-0.591210
-0.544769
-0.496279
-0.445800
-0.393386
-0.339092
-0.282970
-0.225070
-0.165440
-0.104127
-0.041177
0.023370
0.089472
0.157093
0.226199
0.296762
0.368756
0.442163
0.516972
0.593175
0.670775
-0.959636
-0.978175
-0.992931
-1.001523
-1.004658
-1.003014
-0.997096
-0.987285
-0.973877
-0.957113
-0.937190
-0.914274
-0.888511
-0.860025
-0.828930
-0.795325
-0.759304
-0.720952
-0.680349
-0.637572
-0.592693
-0.545781
-0.496904
-0.446129
-0.393521
-0.339143
-0.283059
-0.225331
-0.166021
-0.105191
-0.042901
0.020790
0.085826
0.152150
0.219712
0.288463
0.358361
0.429371
0.501464
0.574620
-0.966638
-0.990619
-1.008692
-1.019893
-1.025395
-1.026005
-1.022267
-1.014575
-1.003235
-0.988492
-0.970547
-0.949572
-0.925713
-0.899102
-0.869855
-0.838078
-0.803867
-0.767316
-0.728510
-0.687531
-0.644459
-0.599372
-0.552347
-0.503458
-0.452782
-0.400392
-0.346364
-0.290775
-0.233700
-0.175218
-0.115407
-0.054345
0.007889
0.071217
0.135560
0.200846
0.267001
0.333963
0.401674
0.470086
-0.972277
-1.003252
-1.024850
-1.038759
-1.046741
-1.049733
-1.048315
-1.042896
-1.033789
-1.021242
-1.005461
-0.986618
-0.964867
-0.940339
-0.913156
-0.883427
-0.851254
-0.816733
-0.779955
-0.741009
-0.699980
-0.656952
-0.612009
-0.565234
-0.516711
-0.466524
-0.414760
-0.361506
-0.306852
-0.250891
-0.193717
-0.135429
-0.076126
-0.015912
0.045108
0.106828
0.169145
0.231956
0.295167
0.358697
-0.976128
-1.016188
-1.041425
-1.058112
-1.068674
-1.074169
-1.075210
-1.072216
-1.065504
-1.055326
-1.041889
-1.025371
-1.005925
-0.983687
-0.958780
-0.931316
-0.901401
-0.869134
-0.834610
-0.797921
-0.759158
-0.718409
-0.675764
-0.631312
-0.585143
-0.537349
-0.488025
-0.437268
-0.385178
-0.331859
-0.277422
-0.221979
-0.165652
-0.108567
-0.050857
0.007338
0.065874
0.124604
0.183382
0.242078
-0.977635
-1.029625
-1.058441
-1.077936
-1.091168
-1.099284
-1.102917
-1.102495
-1.098337
-1.090698
-1.079786
-1.065781
-1.048835
-1.029089
-1.006665
-0.981679
-0.954237
-0.924441
-0.892388
-0.858174
-0.821891
-0.783631
-0.743487
-0.701552
-0.657920
-0.612688
-0.565955
-0.517825
-0.468406
-0.417809
-0.366154
-0.313567
-0.260182
-0.206144
-0.151610
-0.096752
-0.041757
0.013168
0.067801
0.121928
-0.976071
-1.043879
-1.075914
-1.098211
-1.114192
-1.125041
-1.131397
-1.133691
-1.132243
-1.127308
-1.119097
-1.107787
-1.093535
-1.076477
-1.056740
-1.034439
-1.009681
-0.982568
-0.953199
-0.921669
-0.888073
-0.852503
-0.815053
-0.775817
-0.734891
-0.692374
-0.648367
-0.602975
-0.556308
-0.508482
-0.459619
-0.409850
-0.359313
-0.308162
-0.256565
-0.204710
-0.152814
-0.101144
-0.050042
0.000001
