-0.194360
-0.193128
-0.190651
-0.187632
-0.184504
-0.181567
-0.179049
-0.177129
-0.175961
-0.175677
-0.176395
-0.178222
-0.181258
-0.185598
-0.191330
-0.198539
-0.207309
-0.217719
-0.229848
-0.243773
-0.259568
-0.277310
-0.297071
-0.318924
-0.342943
-0.369198
-0.397763
-0.428708
-0.462104
-0.498023
-0.536536
-0.577713
-0.621625
-0.668344
-0.717938
-0.770481
-0.826041
-0.884690
-0.946499
-1.011538
-0.194500
-0.193266
-0.190783
-0.187753
-0.184610
-0.181653
-0.179107
-0.177155
-0.175947
-0.175616
-0.176279
-0.178043
-0.181007
-0.185265
-0.190906
-0.198014
-0.206672
-0.216959
-0.228953
-0.242730
-0.258365
-0.275933
-0.295507
-0.317159
-0.340961
-0.366984
-0.395301
-0.425982
-0.459097
-0.494717
-0.532913
-0.573755
-0.617312
-0.663656
-0.712857
-0.764984
-0.820108
-0.878299
-0.939627
-1.004163
-0.194822
-0.193581
-0.191082
-0.188024
-0.184838
-0.181822
-0.179201
-0.177153
-0.175830
-0.175361
-0.175863
-0.177441
-0.180194
-0.184212
-0.189584
-0.196393
-0.204718
-0.214640
-0.226233
-0.239573
-0.254733
-0.271785
-0.290802
-0.311854
-0.335012
-0.360346
-0.387925
-0.417819
-0.450096
-0.484827
-0.522079
-0.561921
-0.604422
-0.649651
-0.697676
-0.748566
-0.802389
-0.859214
-0.919110
-0.982145
-0.195324
-0.194074
-0.191549
-0.188445
-0.185189
-0.182078
-0.179333
-0.177130
-0.175617
-0.174922
-0.175160
-0.176432
-0.178836
-0.182460
-0.187389
-0.193704
-0.201483
-0.210802
-0.221734
-0.234353
-0.248728
-0.264931
-0.283030
-0.303093
-0.325188
-0.349383
-0.375745
-0.404341
-0.435237
-0.468499
-0.504194
-0.542387
-0.583145
-0.626534
-0.672620
-0.721468
-0.773144
-0.827715
-0.885247
-0.945805
-0.196008
-0.194745
-0.192185
-0.189018
-0.185669
-0.182427
-0.179511
-0.177094
-0.175321
-0.174315
-0.174189
-0.175040
-0.176963
-0.180043
-0.184361
-0.189995
-0.197020
-0.205508
-0.215530
-0.227154
-0.240447
-0.255477
-0.272309
-0.291008
-0.311637
-0.334262
-0.358945
-0.385750
-0.414739
-0.445976
-0.479522
-0.515441
-0.553794
-0.594645
-0.638054
-0.684086
-0.732801
-0.784262
-0.838532
-0.895673
-0.196874
-0.195596
-0.192992
-0.189748
-0.186281
-0.182876
-0.179747
-0.177061
-0.174960
-0.173563
-0.172977
-0.173299
-0.174616
-0.177010
-0.180558
-0.185334
-0.191408
-0.198849
-0.207722
-0.218091
-0.230020
-0.243572
-0.258806
-0.275784
-0.294566
-0.315210
-0.337776
-0.362323
-0.388909
-0.417591
-0.448429
-0.481479
-0.516801
-0.554451
-0.594487
-0.636967
-0.681948
-0.729489
-0.779647
-0.832480
-0.197921
-0.196626
-0.193973
-0.190639
-0.187033
-0.183435
-0.180052
-0.177047
-0.174555
-0.172693
-0.171561
-0.171251
-0.171846
-0.173422
-0.176052
-0.179805
-0.184745
-0.190936
-0.198438
-0.207312
-0.217614
-0.229401
-0.242730
-0.257656
-0.274234
-0.292516
-0.312557
-0.334411
-0.358130
-0.383766
-0.411373
-0.441004
-0.472709
-0.506543
-0.542556
-0.580801
-0.621331
-0.664197
-0.709452
-0.757148
-0.199152
-0.197838
-0.195130
-0.191695
-0.187933
-0.184115
-0.180443
-0.177073
-0.174135
-0.171739
-0.169982
-0.168947
-0.168713
-0.169352
-0.170929
-0.173507
-0.177146
-0.181903
-0.187833
-0.194990
-0.203424
-0.213188
-0.224331
-0.236902
-0.250950
-0.266522
-0.283667
-0.302431
-0.322860
-0.345003
-0.368904
-0.394611
-0.422169
-0.451624
-0.483023
-0.516411
-0.551834
-0.589338
-0.628970
-0.670774
-0.200566
-0.199233
-0.196467
-0.192922
-0.188989
-0.184930
-0.180937
-0.177163
-0.173729
-0.170741
-0.168286
-0.166445
-0.165289
-0.164883
-0.165286
-0.166556
-0.168745
-0.171904
-0.176082
-0.181325
-0.187679
-0.195187
-0.203894
-0.213841
-0.225070
-0.237623
-0.251540
-0.266861
-0.283627
-0.301876
-0.321649
-0.342985
-0.365923
-0.390502
-0.416761
-0.444739
-0.474475
-0.506008
-0.539376
-0.574620
-0.202165
-0.200813
-0.197987
-0.194328
-0.190212
-0.185893
-0.181555
-0.177343
-0.173372
-0.169740
-0.166529
-0.163811
-0.161652
-0.160109
-0.159235
-0.159081
-0.159692
-0.161111
-0.163381
-0.166541
-0.170630
-0.175683
-0.181738
-0.188829
-0.196991
-0.206257
-0.216661
-0.228236
-0.241014
-0.255028
-0.270309
-0.286890
-0.304801
-0.324075
-0.344742
-0.366835
-0.390385
-0.415422
-0.441979
-0.470086
-0.203947
-0.202579
-0.199694
-0.195918
-0.191612
-0.187021
-0.182319
-0.177643
-0.173102
-0.168785
-0.164767
-0.161116
-0.157886
-0.155131
-0.152895
-0.151220
-0.150147
-0.149710
-0.149944
-0.150881
-0.152551
-0.154985
-0.158209
-0.162252
-0.167141
-0.172901
-0.179557
-0.187135
-0.195660
-0.205155
-0.215645
-0.227153
-0.239703
-0.253319
-0.268024
-0.283841
-0.300794
-0.318905
-0.338199
-0.358697
-0.205915
-0.204532
-0.201592
-0.197700
-0.193202
-0.188330
-0.183252
-0.178094
-0.172957
-0.167925
-0.163064
-0.158434
-0.154084
-0.150057
-0.146393
-0.143125
-0.140284
-0.137900
-0.135998
-0.134603
-0.133737
-0.133422
-0.133678
-0.134525
-0.135980
-0.138063
-0.140789
-0.144177
-0.148241
-0.153000
-0.158467
-0.164658
-0.171590
-0.179276
-0.187732
-0.196973
-0.207013
-0.217867
-0.229551
-0.242077
-0.208067
-0.206674
-0.203686
-0.199682
-0.194993
-0.189840
-0.184378
-0.178727
-0.172981
-0.167213
-0.161485
-0.155847
-0.150341
-0.145003
-0.139864
-0.134950
-0.130285
-0.125890
-0.121783
-0.117979
-0.114494
-0.111341
-0.108532
-0.106078
-0.103990
-0.102276
-0.100946
-0.100008
-0.099471
-0.099341
-0.099625
-0.100332
-0.101466
-0.103035
-0.105046
-0.107504
-0.110415
-0.113785
-0.117621
-0.121928
-0.210404
-0.209006
-0.205978
-0.201872
-0.196999
-0.191567
-0.185723
-0.179577
-0.173216
-0.166704
-0.160097
-0.153435
-0.146755
-0.140084
-0.133446
-0.126858
-0.120338
-0.113896
-0.107544
-0.101290
-0.095140
-0.089099
-0.083171
-0.077359
-0.071665
-0.066090
-0.060635
-0.055298
-0.050080
-0.044980
-0.039996
-0.035126
-0.030368
-0.025721
-0.021181
-0.016746
-0.012413
-0.008180
-0.004043
-0.000000
-0.212924
-0.211530
-0.208474
-0.204277
-0.199232
-0.193531
-0.187313
-0.180679
-0.173706
-0.166454
-0.158969
-0.151284
-0.143429
-0.135422
-0.127281
-0.119015
-0.110632
-0.102137
-0.093533
-0.084820
-0.075996
-0.067057
-0.058001
-0.048821
-0.039511
-0.030063
-0.020471
-0.010724
-0.000814
0.009268
0.019532
0.029990
0.040652
0.051528
0.062629
0.073968
0.085556
0.097404
0.109523
0.121927
-0.215628
-0.214245
-0.211176
-0.206906
-0.201704
-0.195751
-0.189174
-0.182066
-0.174497
-0.166519
-0.158170
-0.149478
-0.140463
-0.131137
-0.121510
-0.111584
-0.101360
-0.090835
-0.080002
-0.068856
-0.057386
-0.045581
-0.033430
-0.020918
-0.008031
0.005245
0.018928
0.033035
0.047582
0.062587
0.078070
0.094048
0.110541
0.127569
0.145151
0.163307
0.182057
0.201422
0.221422
0.242077
-0.218512
-0.217151
-0.214089
-0.209765
-0.204429
-0.198245
-0.191331
-0.183773
-0.175632
-0.166954
-0.157769
-0.148100
-0.137957
-0.127349
-0.116275
-0.104731
-0.092712
-0.080206
-0.067200
-0.053681
-0.039630
-0.025030
-0.009860
0.005901
0.022274
0.039284
0.056954
0.075308
0.094373
0.114175
0.134739
0.156093
0.178264
0.201280
0.225168
0.249957
0.275676
0.302353
0.330017
0.358696
-0.221575
-0.220249
-0.217214
-0.212863
-0.207418
-0.201031
-0.193810
-0.185833
-0.177155
-0.167814
-0.157835
-0.147232
-0.136012
-0.124173
-0.111712
-0.098616
-0.084872
-0.070464
-0.055370
-0.039570
-0.023040
-0.005753
0.012317
0.031199
0.050921
0.071515
0.093013
0.115445
0.138846
0.163249
0.188687
0.215196
0.242811
0.271566
0.301499
0.332644
0.365039
0.398719
0.433722
0.470085
-0.224814
-0.223537
-0.220555
-0.216205
-0.210683
-0.204127
-0.196635
-0.188279
-0.179107
-0.169151
-0.158430
-0.146953
-0.134720
-0.121724
-0.107954
-0.093392
-0.078020
-0.061813
-0.044745
-0.026789
-0.007914
0.011913
0.032725
0.054557
0.077444
0.101426
0.126539
0.152822
0.180316
0.209062
0.239099
0.270471
0.303219
0.337386
0.373015
0.410149
0.448833
0.489109
0.531023
0.574619
-0.228223
-0.227014
-0.224114
-0.219798
-0.214235
-0.207548
-0.199829
-0.191141
-0.181527
-0.171015
-0.159618
-0.147338
-0.134172
-0.120107
-0.105126
-0.089206
-0.072323
-0.054447
-0.035547
-0.015588
0.005465
0.027651
0.051009
0.075580
0.101406
0.128530
0.156997
0.186852
0.218141
0.250910
0.285209
0.321083
0.358583
0.397758
0.438656
0.481329
0.525826
0.572199
0.620498
0.670774
-0.231799
-0.230676
-0.227891
-0.223647
-0.218083
-0.211311
-0.203413
-0.194448
-0.184454
-0.173453
-0.161455
-0.148458
-0.134453
-0.119422
-0.103345
-0.086195
-0.067940
-0.048547
-0.027980
-0.006200
0.016835
0.041167
0.066841
0.093903
0.122399
0.152380
0.183894
0.216992
0.251725
0.288146
0.326308
0.366264
0.408070
0.451779
0.497447
0.545130
0.594885
0.646768
0.700836
0.757147
-0.235533
-0.234521
-0.231887
-0.227756
-0.222237
-0.215429
-0.207407
-0.198226
-0.187920
-0.176508
-0.163995
-0.150376
-0.135639
-0.119761
-0.102719
-0.084481
-0.065013
-0.044276
-0.022232
0.001164
0.025957
0.052194
0.079922
0.109193
0.140059
0.172571
0.206784
0.242753
0.280534
0.320184
0.361760
0.405322
0.450927
0.498636
0.548508
0.600606
0.654990
0.711722
0.770865
0.832480
-0.239418
-0.238544
-0.236102
-0.232130
-0.226705
-0.219914
-0.211828
-0.202498
-0.191956
-0.180217
-0.167284
-0.153150
-0.137798
-0.121205
-0.103343
-0.084177
-0.063670
-0.041782
-0.018468
0.006316
0.032621
0.060494
0.089989
0.121160
0.154060
0.188746
0.225275
0.263706
0.304097
0.346511
0.391007
0.437648
0.486497
0.537618
0.591073
0.646930
0.705251
0.766105
0.829556
0.895673
-0.243445
-0.242739
-0.240535
-0.236770
-0.231491
-0.224776
-0.216691
-0.207284
-0.196588
-0.184614
-0.171365
-0.156830
-0.140992
-0.123825
-0.105299
-0.085378
-0.064022
-0.041189
-0.016833
0.009094
0.036643
0.065866
0.096817
0.129551
0.164126
0.200600
0.239032
0.279483
0.322016
0.366692
0.413576
0.462733
0.514227
0.568126
0.624496
0.683405
0.744921
0.809113
0.876051
0.945805
-0.247602
-0.247101
-0.245185
-0.241679
-0.236603
-0.230024
-0.222008
-0.212603
-0.201838
-0.189727
-0.176271
-0.161458
-0.145270
-0.127681
-0.108658
-0.088165
-0.066162
-0.042604
-0.017445
0.009364
0.037876
0.068142
0.100219
0.134163
0.170032
0.207886
0.247785
0.289791
0.333968
0.380378
0.429089
0.480165
0.533673
0.589682
0.648261
0.709478
0.773403
0.840109
0.909665
0.982145
-0.251874
-0.251622
-0.250048
-0.246858
-0.242042
-0.235664
-0.227789
-0.218465
-0.207724
-0.195578
-0.182030
-0.167068
-0.150673
-0.132819
-0.113474
-0.092602
-0.070161
-0.046108
-0.020397
0.007023
0.036202
0.067195
0.100055
0.134840
0.171608
0.210417
0.251330
0.294407
0.339712
0.387309
0.437263
0.489640
0.544508
0.601935
0.661990
0.724743
0.790265
0.858627
0.929902
1.004163
-0.256245
-0.256293
-0.255121
-0.252305
-0.247811
-0.241700
-0.234040
-0.224882
-0.214258
-0.202184
-0.188662
-0.173683
-0.157228
-0.139273
-0.119787
-0.098733
-0.076072
-0.051761
-0.025755
0.001996
0.031541
0.062933
0.096226
0.131474
0.168735
0.208068
0.249531
0.293185
0.339092
0.387315
0.437918
0.490966
0.546526
0.604665
0.665450
0.728952
0.795240
0.864386
0.936461
1.011538
-0.260696
-0.261106
-0.260402
-0.258021
-0.253911
-0.248135
-0.240766
-0.231858
-0.221448
-0.209554
-0.196180
-0.181319
-0.164956
-0.147066
-0.127621
-0.106587
-0.083926
-0.059598
-0.033557
-0.005758
0.023847
0.055309
0.088679
0.124010
0.161357
0.200775
0.242322
0.286056
0.332036
0.380322
0.430977
0.484063
0.539644
0.597785
0.658552
0.722012
0.788233
0.857285
0.929238
1.004163
-0.265202
-0.266049
-0.265885
-0.264003
-0.260340
-0.254968
-0.247966
-0.239396
-0.229297
-0.217692
-0.204588
-0.189983
-0.173862
-0.156205
-0.136986
-0.116174
-0.093734
-0.069628
-0.043814
-0.016250
0.013110
0.044313
0.077407
0.112442
0.149469
0.188540
0.229708
0.273029
0.318558
0.366351
0.416466
0.468964
0.523902
0.581344
0.641352
0.703989
0.769320
0.837411
0.908330
0.982145
-0.269735
-0.271114
-0.271566
-0.270247
-0.267096
-0.262197
-0.255639
-0.247492
-0.237801
-0.226595
-0.213884
-0.199670
-0.183942
-0.166685
-0.147875
-0.127486
-0.105485
-0.081839
-0.056510
-0.029459
-0.000644
0.029976
0.062448
0.096814
0.133124
0.171423
0.211762
0.254189
0.298755
0.345512
0.394513
0.445812
0.499464
0.555525
0.614053
0.675107
0.738747
0.805035
0.874033
0.945805
-0.274262
-0.276289
-0.277441
-0.276752
-0.274175
-0.269816
-0.263779
-0.256140
-0.246954
-0.236254
-0.224057
-0.210368
-0.195182
-0.178488
-0.160267
-0.140496
-0.119148
-0.096195
-0.071601
-0.045334
-0.017357
0.012368
0.043880
0.077220
0.112429
0.149548
0.188622
0.229693
0.272806
0.318007
0.365343
0.414860
0.466609
0.520638
0.576999
0.635744
0.696928
0.760606
0.826835
0.895673
-0.278740
-0.281564
-0.283507
-0.283511
-0.281571
-0.277820
-0.272376
-0.265330
-0.256743
-0.246654
-0.235088
-0.222054
-0.207555
-0.191582
-0.174124
-0.155161
-0.134673
-0.112635
-0.089019
-0.063797
-0.036937
-0.008406
0.021827
0.053798
0.087542
0.123094
0.160490
0.199769
0.240967
0.284122
0.329274
0.376463
0.425730
0.477116
0.530665
0.586423
0.644434
0.704747
0.767412
0.832480
-0.283121
-0.286931
-0.289760
-0.290521
-0.289277
-0.286198
-0.281421
-0.275048
-0.267150
-0.257775
-0.246952
-0.234700
-0.221025
-0.205926
-0.189395
-0.171422
-0.151990
-0.131080
-0.108670
-0.084738
-0.059259
-0.032206
-0.003552
0.026729
0.058667
0.092291
0.127628
0.164709
0.203563
0.244221
0.286713
0.331070
0.377324
0.425507
0.475655
0.527802
0.581985
0.638243
0.696616
0.757148
-0.287341
-0.292385
-0.296198
-0.297776
-0.297285
-0.294939
-0.290897
-0.285275
-0.278153
-0.269588
-0.259617
-0.248265
-0.235545
-0.221463
-0.206018
-0.189204
-0.171012
-0.151429
-0.130439
-0.108027
-0.084173
-0.058859
-0.032063
-0.003766
0.026054
0.057418
0.090347
0.124863
0.160986
0.198739
0.238141
0.279215
0.321981
0.366463
0.412684
0.460667
0.510439
0.562028
0.615462
0.670775
-0.291324
-0.297926
-0.302822
-0.305271
-0.305585
-0.304029
-0.300788
-0.295990
-0.289726
-0.282062
-0.273044
-0.262704
-0.251061
-0.238130
-0.223915
-0.208418
-0.191636
-0.173562
-0.154189
-0.133506
-0.111502
-0.088164
-0.063478
-0.037432
-0.010011
0.018798
0.049007
0.080631
0.113681
0.148170
0.184108
0.221506
0.260375
0.300726
0.342569
0.385915
0.430777
0.477170
0.525111
0.574620
-0.294974
-0.303563
-0.309632
-0.313000
-0.314166
-0.313454
-0.311074
-0.307167
-0.301838
-0.295160
-0.287188
-0.277962
-0.267509
-0.255851
-0.242999
-0.228962
-0.213744
-0.197346
-0.179766
-0.161001
-0.141046
-0.119895
-0.097543
-0.073983
-0.049209
-0.023214
0.004006
0.032456
0.062140
0.093060
0.125218
0.158613
0.193245
0.229111
0.266208
0.304533
0.344083
0.384857
0.426856
0.470086
-0.298167
-0.309319
-0.316634
-0.320956
-0.323016
-0.323196
-0.321732
-0.318780
-0.314455
-0.308840
-0.301999
-0.293980
-0.284818
-0.274542
-0.263172
-0.250723
-0.237206
-0.222630
-0.206998
-0.190316
-0.172585
-0.153807
-0.133981
-0.113110
-0.091193
-0.068232
-0.044229
-0.019187
0.006888
0.033992
0.062116
0.091249
0.121379
0.152489
0.184564
0.217583
0.251524
0.286369
0.322098
0.358697
-0.300745
-0.315235
-0.323834
-0.329132
-0.332119
-0.333236
-0.332738
-0.330797
-0.327539
-0.323056
-0.317421
-0.310691
-0.302910
-0.294113
-0.284328
-0.273578
-0.261881
-0.249251
-0.235702
-0.221244
-0.205885
-0.189633
-0.172496
-0.154481
-0.135596
-0.115848
-0.095246
-0.073801
-0.051523
-0.028427
-0.004530
0.020151
0.045591
0.071763
0.098636
0.126171
0.154328
0.183060
0.212323
0.242078
-0.302504
-0.321385
-0.331236
-0.337518
-0.341462
-0.343553
-0.344066
-0.343186
-0.341049
-0.337758
-0.333396
-0.328026
-0.321702
-0.314466
-0.306354
-0.297395
-0.287617
-0.277039
-0.265682
-0.253562
-0.240696
-0.227096
-0.212777
-0.197753
-0.182035
-0.165640
-0.148580
-0.130872
-0.112532
-0.093581
-0.074041
-0.053937
-0.033299
-0.012164
0.009426
0.031417
0.053745
0.076332
0.099089
0.121928
-0.303173
-0.327888
-0.338847
-0.346103
-0.351026
-0.354124
-0.355686
-0.355910
-0.354942
-0.352896
-0.349860
-0.345910
-0.341105
-0.335497
-0.329129
-0.322038
-0.314257
-0.305813
-0.296734
-0.287043
-0.276760
-0.265908
-0.254504
-0.242569
-0.230120
-0.217176
-0.203757
-0.189882
-0.175574
-0.160854
-0.145749
-0.130286
-0.114497
-0.098421
-0.082104
-0.065603
-0.048994
-0.032387
-0.015954
0.000001
