-1.123045
-1.113953
-1.094858
-1.069455
-1.039672
-1.006638
-0.971064
-0.933425
-0.894049
-0.853165
-0.810935
-0.767474
-0.722856
-0.677131
-0.630323
-0.582441
-0.533477
-0.483411
-0.432215
-0.379849
-0.326270
-0.271425
-0.215259
-0.157709
-0.098710
-0.038195
0.023909
0.087674
0.153178
0.220497
0.289711
0.360902
0.434150
0.509538
0.587151
0.667071
0.749385
0.834177
0.921533
1.011538
-1.123425
-1.114346
-1.095278
-1.069908
-1.040164
-1.007171
-0.971642
-0.934050
-0.894724
-0.853893
-0.811722
-0.768323
-0.723773
-0.678122
-0.631395
-0.583601
-0.534733
-0.484772
-0.433691
-0.381451
-0.328009
-0.273313
-0.217307
-0.159932
-0.101122
-0.040810
0.021075
0.084605
0.149857
0.216907
0.285835
0.356719
0.429642
0.504685
0.581932
0.661466
0.743372
0.827733
0.914635
1.004163
-1.124464
-1.115426
-1.096439
-1.071173
-1.041547
-1.008682
-0.973289
-0.935842
-0.896669
-0.856002
-0.814007
-0.770798
-0.726454
-0.681027
-0.634544
-0.587016
-0.538438
-0.488795
-0.438060
-0.386197
-0.333165
-0.278915
-0.223394
-0.166541
-0.108297
-0.048594
0.012635
0.075462
0.139961
0.206206
0.274274
0.344244
0.416194
0.490206
0.566360
0.644738
0.725422
0.808496
0.894042
0.982145
-1.126160
-1.117189
-1.098339
-1.073248
-1.043819
-1.011168
-0.976001
-0.938795
-0.899878
-0.859485
-0.817782
-0.774888
-0.730886
-0.685830
-0.639750
-0.592663
-0.544566
-0.495447
-0.445283
-0.394044
-0.341690
-0.288176
-0.233452
-0.177463
-0.120152
-0.061454
-0.001305
0.060362
0.123618
0.188535
0.255186
0.323647
0.393993
0.466303
0.540654
0.617124
0.695795
0.776745
0.860055
0.945805
-1.128507
-1.119632
-1.100975
-1.076128
-1.046976
-1.014622
-0.979773
-0.942903
-0.904342
-0.864328
-0.823032
-0.780576
-0.737047
-0.692503
-0.646982
-0.600503
-0.553069
-0.504673
-0.455298
-0.404917
-0.353497
-0.300997
-0.247373
-0.192574
-0.136547
-0.079233
-0.020574
0.039496
0.101041
0.164128
0.228828
0.295210
0.363346
0.433311
0.505177
0.579020
0.654915
0.732937
0.813165
0.895673
-1.131502
-1.122750
-1.104339
-1.079808
-1.051009
-1.019039
-0.984595
-0.948154
-0.910047
-0.870517
-0.829737
-0.787836
-0.744906
-0.701011
-0.656195
-0.610483
-0.563885
-0.516400
-0.468018
-0.418717
-0.368472
-0.317248
-0.265006
-0.211703
-0.157291
-0.101718
-0.044930
0.013130
0.072523
0.133309
0.195553
0.259321
0.324677
0.391691
0.460431
0.530967
0.603368
0.677707
0.754053
0.832480
-1.135135
-1.126534
-1.108426
-1.084279
-1.055913
-1.024407
-0.990457
-0.954535
-0.916978
-0.878030
-0.837871
-0.796637
-0.754424
-0.711306
-0.667332
-0.622535
-0.576934
-0.530534
-0.483333
-0.435318
-0.386469
-0.336761
-0.286163
-0.234637
-0.182144
-0.128639
-0.074076
-0.018403
0.038432
0.096484
0.155810
0.216469
0.278520
0.342026
0.407047
0.473649
0.541895
0.611849
0.683578
0.757148
-1.139397
-1.130975
-1.113226
-1.089532
-1.061676
-1.030717
-0.997345
-0.962031
-0.925114
-0.886843
-0.847405
-0.806941
-0.765558
-0.723334
-0.680328
-0.636582
-0.592123
-0.546966
-0.501116
-0.454570
-0.407317
-0.359341
-0.310619
-0.261122
-0.210820
-0.159676
-0.107652
-0.054705
-0.000791
0.054138
0.110130
0.167237
0.225512
0.285007
0.345778
0.407882
0.471375
0.536316
0.602763
0.670774
-1.144279
-1.136064
-1.118729
-1.095558
-1.068287
-1.037955
-1.005243
-0.970622
-0.934432
-0.896929
-0.858305
-0.818709
-0.778255
-0.737032
-0.695107
-0.652533
-0.609345
-0.565568
-0.521218
-0.476302
-0.430819
-0.384762
-0.338118
-0.290869
-0.242993
-0.194464
-0.145252
-0.095324
-0.044645
0.006823
0.059122
0.112292
0.166379
0.221428
0.277485
0.334599
0.392819
0.452195
0.512778
0.574620
-1.149766
-1.141787
-1.124923
-1.102343
-1.075733
-1.046107
-1.014136
-0.980289
-0.944909
-0.908257
-0.870533
-0.831892
-0.792459
-0.752331
-0.711588
-0.670289
-0.628482
-0.586204
-0.543480
-0.500329
-0.456760
-0.412777
-0.368378
-0.323557
-0.278302
-0.232597
-0.186423
-0.139757
-0.092573
-0.044844
0.003461
0.052375
0.101933
0.152171
0.203127
0.254840
0.307350
0.360700
0.414930
0.470086
-1.155844
-1.148132
-1.131794
-1.109875
-1.084000
-1.055157
-1.024004
-0.991009
-0.956518
-0.920795
-0.884048
-0.846441
-0.808109
-0.769159
-0.729680
-0.689744
-0.649410
-0.608725
-0.567727
-0.526447
-0.484905
-0.443118
-0.401095
-0.358841
-0.316357
-0.273637
-0.230675
-0.187458
-0.143971
-0.100199
-0.056119
-0.011711
0.033052
0.078194
0.123744
0.169732
0.216189
0.263146
0.310637
0.358697
-1.162498
-1.155081
-1.139327
-1.118139
-1.093073
-1.065087
-1.034828
-1.002759
-0.969229
-0.934507
-0.898808
-0.862306
-0.825143
-0.787439
-0.749293
-0.710788
-0.671996
-0.632976
-0.593778
-0.554444
-0.515010
-0.475503
-0.435946
-0.396356
-0.356745
-0.317122
-0.277490
-0.237851
-0.198200
-0.158533
-0.118840
-0.079111
-0.039331
0.000515
0.040445
0.080478
0.120635
0.160938
0.201410
0.242077
-1.169709
-1.162618
-1.147506
-1.127117
-1.102934
-1.075879
-1.046586
-1.015514
-0.983013
-0.949358
-0.914770
-0.879431
-0.843495
-0.807091
-0.770330
-0.733306
-0.696104
-0.658796
-0.621444
-0.584104
-0.546823
-0.509643
-0.472600
-0.435724
-0.399040
-0.362571
-0.326331
-0.290336
-0.254594
-0.219111
-0.183891
-0.148935
-0.114239
-0.079801
-0.045613
-0.011667
0.022048
0.055543
0.088831
0.121928
-1.177457
-1.170724
-1.156314
-1.136794
-1.113565
-1.087514
-1.059258
-1.029250
-0.997841
-0.965311
-0.931889
-0.897764
-0.863100
-0.828037
-0.792696
-0.757185
-0.721600
-0.686025
-0.650537
-0.615204
-0.580088
-0.545243
-0.510720
-0.476562
-0.442808
-0.409494
-0.376649
-0.344301
-0.312471
-0.281178
-0.250440
-0.220268
-0.190673
-0.161662
-0.133240
-0.105410
-0.078173
-0.051528
-0.025471
0.000000
-1.185720
-1.179379
-1.165731
-1.147150
-1.124948
-1.099972
-1.072819
-1.043939
-1.013681
-0.982330
-0.950121
-0.917252
-0.883894
-0.850199
-0.816299
-0.782313
-0.748349
-0.714505
-0.680871
-0.647528
-0.614552
-0.582012
-0.549971
-0.518487
-0.487615
-0.457402
-0.427894
-0.399130
-0.371147
-0.343977
-0.317649
-0.292190
-0.267621
-0.243963
-0.221233
-0.199444
-0.178611
-0.158741
-0.139845
-0.121927
-1.194475
-1.188560
-1.175737
-1.158166
-1.137064
-1.113231
-1.087248
-1.059556
-1.030504
-1.000380
-0.969424
-0.937842
-0.905815
-0.873502
-0.841047
-0.808580
-0.776222
-0.744083
-0.712266
-0.680865
-0.649970
-0.619664
-0.590026
-0.561127
-0.533035
-0.505815
-0.479524
-0.454217
-0.429945
-0.406755
-0.384687
-0.363783
-0.344078
-0.325604
-0.308390
-0.292464
-0.277849
-0.264567
-0.252637
-0.242077
-1.203694
-1.198243
-1.186310
-1.169822
-1.149891
-1.127271
-1.102522
-1.076075
-1.048280
-1.019425
-0.989757
-0.959487
-0.928803
-0.897875
-0.866856
-0.835887
-0.805099
-0.774616
-0.744552
-0.715015
-0.686110
-0.657932
-0.630574
-0.604123
-0.578663
-0.554270
-0.531018
-0.508977
-0.488211
-0.468782
-0.450746
-0.434156
-0.419061
-0.405507
-0.393537
-0.383188
-0.374498
-0.367499
-0.362223
-0.358696
-1.213350
-1.208404
-1.197428
-1.182097
-1.163409
-1.142071
-1.118617
-1.093471
-1.066980
-1.039434
-1.011081
-0.982140
-0.952805
-0.923254
-0.893648
-0.864139
-0.834869
-0.805972
-0.777573
-0.749796
-0.722756
-0.696564
-0.671326
-0.647143
-0.624114
-0.602331
-0.581883
-0.562852
-0.545321
-0.529363
-0.515051
-0.502451
-0.491626
-0.482637
-0.475537
-0.470379
-0.467211
-0.466079
-0.467024
-0.470085
-1.223412
-1.219014
-1.209067
-1.194968
-1.177597
-1.157607
-1.135511
-1.111720
-1.086578
-1.060374
-1.033361
-1.005761
-0.977773
-0.949581
-0.921356
-0.893257
-0.865435
-0.838035
-0.811194
-0.785045
-0.759718
-0.735336
-0.712020
-0.689885
-0.669043
-0.649601
-0.631664
-0.615330
-0.600695
-0.587849
-0.576878
-0.567864
-0.560884
-0.556012
-0.553317
-0.552862
-0.554710
-0.558917
-0.565536
-0.574619
-1.233846
-1.230044
-1.221201
-1.208412
-1.192433
-1.173860
-1.153181
-1.130797
-1.107047
-1.082219
-1.056566
-1.030313
-1.003665
-0.976809
-0.949923
-0.923172
-0.896716
-0.870708
-0.845296
-0.820625
-0.796833
-0.774057
-0.752431
-0.732084
-0.713142
-0.695727
-0.679958
-0.665949
-0.653811
-0.643650
-0.635566
-0.629658
-0.626016
-0.624729
-0.625879
-0.629544
-0.635799
-0.644712
-0.656350
-0.670774
-1.244616
-1.241463
-1.233805
-1.222408
-1.207894
-1.190806
-1.171605
-1.150680
-1.128364
-1.104942
-1.080668
-1.055768
-1.030447
-1.004898
-0.979302
-0.953830
-0.928648
-0.903916
-0.879791
-0.856425
-0.833969
-0.812571
-0.792375
-0.773524
-0.756157
-0.740411
-0.726420
-0.714313
-0.704216
-0.696250
-0.690533
-0.687177
-0.686288
-0.687971
-0.692322
-0.699432
-0.709390
-0.722278
-0.738173
-0.757147
-1.255682
-1.253239
-1.246852
-1.236930
-1.223960
-1.208425
-1.190762
-1.171348
-1.150507
-1.128523
-1.105645
-1.082099
-1.058093
-1.033820
-1.009462
-0.985194
-0.961187
-0.937606
-0.914614
-0.892370
-0.871035
-0.850764
-0.831714
-0.814039
-0.797891
-0.783421
-0.770775
-0.760100
-0.751535
-0.745219
-0.741285
-0.739861
-0.741070
-0.745031
-0.751856
-0.761651
-0.774518
-0.790553
-0.809845
-0.832480
-1.267000
-1.265337
-1.260314
-1.251956
-1.240607
-1.226695
-1.210632
-1.192780
-1.173457
-1.152940
-1.131477
-1.109291
-1.086587
-1.063557
-1.040384
-1.017246
-0.994312
-0.971753
-0.949733
-0.928420
-0.907978
-0.888572
-0.870366
-0.853526
-0.838214
-0.824594
-0.812827
-0.803072
-0.795487
-0.790224
-0.787434
-0.787260
-0.789845
-0.795321
-0.803818
-0.815458
-0.830357
-0.848625
-0.870364
-0.895673
-1.278524
-1.277721
-1.274163
-1.267461
-1.257813
-1.245595
-1.231193
-1.214957
-1.197196
-1.178180
-1.158152
-1.137331
-1.115918
-1.094103
-1.072066
-1.049983
-1.028023
-1.006356
-0.985150
-0.964572
-0.944792
-0.925979
-0.908306
-0.891944
-0.877068
-0.863851
-0.852467
-0.843090
-0.835892
-0.831042
-0.828707
-0.829049
-0.832226
-0.838391
-0.847689
-0.860260
-0.876236
-0.895741
-0.918894
-0.945805
-1.290199
-1.290352
-1.288371
-1.283420
-1.275557
-1.265104
-1.252427
-1.237861
-1.221707
-1.204229
-1.185660
-1.166214
-1.146088
-1.125464
-1.104519
-1.083423
-1.062343
-1.041446
-1.020897
-1.000864
-0.981517
-0.963028
-0.945572
-0.929328
-0.914476
-0.901200
-0.889686
-0.880119
-0.872686
-0.867572
-0.864963
-0.865038
-0.867973
-0.873941
-0.883106
-0.895627
-0.911653
-0.931328
-0.954783
-0.982145
-1.301969
-1.303191
-1.302909
-1.299810
-1.293815
-1.285202
-1.274314
-1.261476
-1.246978
-1.231076
-1.213996
-1.195942
-1.177104
-1.157656
-1.137768
-1.117602
-1.097320
-1.077080
-1.057045
-1.037377
-1.018243
-0.999816
-0.982269
-0.965784
-0.950547
-0.936747
-0.924579
-0.914240
-0.905930
-0.899851
-0.896204
-0.895188
-0.897001
-0.901835
-0.909877
-0.921305
-0.936291
-0.954997
-0.977574
-1.004163
-1.313767
-1.316196
-1.317748
-1.316608
-1.312567
-1.305867
-1.296835
-1.285784
-1.272995
-1.258714
-1.243158
-1.226521
-1.208981
-1.190706
-1.171853
-1.152575
-1.133022
-1.113345
-1.093697
-1.074233
-1.055113
-1.036502
-1.018573
-1.001504
-0.985482
-0.970700
-0.957358
-0.945662
-0.935824
-0.928060
-0.922589
-0.919630
-0.919402
-0.922120
-0.927996
-0.937233
-0.950026
-0.966561
-0.987011
-1.011538
-1.325520
-1.329326
-1.332862
-1.333789
-1.331791
-1.327080
-1.319972
-1.310771
-1.299747
-1.287137
-1.273147
-1.257961
-1.241744
-1.224650
-1.206826
-1.188410
-1.169540
-1.150355
-1.130992
-1.111597
-1.092316
-1.073307
-1.054731
-1.036762
-1.019580
-1.003379
-0.988358
-0.974731
-0.962718
-0.952546
-0.944452
-0.938675
-0.935456
-0.935038
-0.937660
-0.943553
-0.952943
-0.966043
-0.983054
-1.004163
-1.337143
-1.342536
-1.348223
-1.351333
-1.351465
-1.348820
-1.343705
-1.336419
-1.327223
-1.316341
-1.303969
-1.290277
-1.275418
-1.259532
-1.242748
-1.225192
-1.206984
-1.188246
-1.169099
-1.149671
-1.130095
-1.110508
-1.091062
-1.071915
-1.053238
-1.035217
-1.018047
-1.001941
-0.987124
-0.973833
-0.962318
-0.952838
-0.945658
-0.941051
-0.939286
-0.940631
-0.945347
-0.953684
-0.965877
-0.982145
-1.348540
-1.355786
-1.363807
-1.369217
-1.371569
-1.371065
-1.368016
-1.362714
-1.355410
-1.346320
-1.335626
-1.323485
-1.310035
-1.295400
-1.279692
-1.263018
-1.245479
-1.227178
-1.208216
-1.188697
-1.168734
-1.148443
-1.127955
-1.107408
-1.086956
-1.066769
-1.047030
-1.027945
-1.009735
-0.992642
-0.976925
-0.962860
-0.950739
-0.940862
-0.933538
-0.929076
-0.927784
-0.929957
-0.935876
-0.945805
-1.359597
-1.369034
-1.379592
-1.387421
-1.392080
-1.393796
-1.392885
-1.389637
-1.384298
-1.377070
-1.368124
-1.357603
-1.345629
-1.332307
-1.317732
-1.301991
-1.285164
-1.267328
-1.248561
-1.228944
-1.208560
-1.187500
-1.165865
-1.143767
-1.121334
-1.098709
-1.076056
-1.053561
-1.031433
-1.009908
-0.989248
-0.969740
-0.951698
-0.935454
-0.921358
-0.909773
-0.901062
-0.895582
-0.893679
-0.895673
-1.370181
-1.382243
-1.395560
-1.405927
-1.412980
-1.416990
-1.418291
-1.417172
-1.413872
-1.408585
-1.401468
-1.392648
-1.382231
-1.370307
-1.356948
-1.342221
-1.326182
-1.308882
-1.290374
-1.270706
-1.249931
-1.228109
-1.205303
-1.181592
-1.157065
-1.131831
-1.106020
-1.079784
-1.053308
-1.026808
-1.000533
-0.974772
-0.949853
-0.926138
-0.904022
-0.883927
-0.866290
-0.851553
-0.840147
-0.832480
-1.380131
-1.395385
-1.411699
-1.424719
-1.434246
-1.440625
-1.444211
-1.445298
-1.444119
-1.440857
-1.435656
-1.428632
-1.419874
-1.409451
-1.397417
-1.383816
-1.368680
-1.352034
-1.333898
-1.314291
-1.293230
-1.270734
-1.246829
-1.221546
-1.194930
-1.167041
-1.137959
-1.107790
-1.076671
-1.044778
-1.012330
-0.979596
-0.946901
-0.914625
-0.883207
-0.853136
-0.824940
-0.799176
-0.776399
-0.757148
-1.389252
-1.408441
-1.428001
-1.443781
-1.455859
-1.464678
-1.470623
-1.473994
-1.475019
-1.473873
-1.470689
-1.465567
-1.458582
-1.449785
-1.439211
-1.426881
-1.412801
-1.396971
-1.379380
-1.360011
-1.338844
-1.315857
-1.291028
-1.264338
-1.235775
-1.205337
-1.173041
-1.138925
-1.103055
-1.065539
-1.026535
-0.986259
-0.945002
-0.903135
-0.861121
-0.819516
-0.778958
-0.740153
-0.703846
-0.670775
-1.397304
-1.421411
-1.444467
-1.463100
-1.477796
-1.489122
-1.497500
-1.503234
-1.506551
-1.507617
-1.506556
-1.503455
-1.498373
-1.491347
-1.482392
-1.471507
-1.458676
-1.443871
-1.427052
-1.408167
-1.387158
-1.363958
-1.338496
-1.310696
-1.280484
-1.247786
-1.212538
-1.174689
-1.134210
-1.091105
-1.045427
-0.997290
-0.946894
-0.894548
-0.840690
-0.785909
-0.730957
-0.676737
-0.624268
-0.574620
-1.403987
-1.434325
-1.461107
-1.482664
-1.500036
-1.513933
-1.524813
-1.532990
-1.538689
-1.542069
-1.543245
-1.542292
-1.539258
-1.534163
-1.527008
-1.517771
-1.506417
-1.492890
-1.477124
-1.459034
-1.438526
-1.415490
-1.389805
-1.361337
-1.329945
-1.295478
-1.257779
-1.216691
-1.172064
-1.123762
-1.071679
-1.015761
-0.956030
-0.892629
-0.825861
-0.756255
-0.684613
-0.612052
-0.539996
-0.470086
-1.408920
-1.447254
-1.477938
-1.502460
-1.522554
-1.539080
-1.552531
-1.563232
-1.571404
-1.577202
-1.580734
-1.582065
-1.581233
-1.578247
-1.573091
-1.565731
-1.556110
-1.544154
-1.529771
-1.512850
-1.493261
-1.470858
-1.445474
-1.416921
-1.384994
-1.349463
-1.310078
-1.266568
-1.218643
-1.165998
-1.108321
-1.045308
-0.976695
-0.902293
-0.822067
-0.736238
-0.645426
-0.550826
-0.454361
-0.358697
-1.411616
-1.460336
-1.494985
-1.522476
-1.545326
-1.564532
-1.580621
-1.593923
-1.604660
-1.612982
-1.618992
-1.622749
-1.624282
-1.623591
-1.620651
-1.615414
-1.607810
-1.597750
-1.585122
-1.569792
-1.551608
-1.530389
-1.505933
-1.478009
-1.446354
-1.410675
-1.370635
-1.325860
-1.275921
-1.220339
-1.158572
-1.090015
-1.014006
-0.929838
-0.836821
-0.734385
-0.622317
-0.501181
-0.372994
-0.242078
-1.411440
-1.473806
-1.512278
-1.542698
-1.568323
-1.590255
-1.609044
-1.625024
-1.638415
-1.649368
-1.657980
-1.664307
-1.668373
-1.670172
-1.669673
-1.666820
-1.661536
-1.653719
-1.643246
-1.629972
-1.613724
-1.594305
-1.571487
-1.545009
-1.514574
-1.479839
-1.440412
-1.395840
-1.345593
-1.289052
-1.225482
-1.154003
-1.073544
-0.982793
-0.880129
-0.763568
-0.630784
-0.479443
-0.308461
-0.121928
-1.407562
-1.488040
-1.529841
-1.563103
-1.591512
-1.616212
-1.637760
-1.656490
-1.672624
-1.686312
-1.697649
-1.706690
-1.713458
-1.717945
-1.720117
-1.719916
-1.717261
-1.712048
-1.704151
-1.693417
-1.679669
-1.662704
-1.642284
-1.618139
-1.589958
-1.557383
-1.520000
-1.477326
-1.428795
-1.373733
-1.311326
-1.240572
-1.160206
-1.068572
-0.963410
-0.841440
-0.697535
-0.522956
-0.301413
-0.000001
