-0.001769
-0.002137
-0.003005
-0.004361
-0.006252
-0.008746
-0.011917
-0.015843
-0.020607
-0.026288
-0.032969
-0.040732
-0.049657
-0.059828
-0.071323
-0.084224
-0.098610
-0.114559
-0.132151
-0.151462
-0.172569
-0.195548
-0.220474
-0.247421
-0.276462
-0.307670
-0.341118
-0.376876
-0.415015
-0.455605
-0.498717
-0.544419
-0.592780
-0.643870
-0.697757
-0.754509
-0.814195
-0.876882
-0.942641
-1.011538
-0.001771
-0.002137
-0.003001
-0.004350
-0.006231
-0.008711
-0.011862
-0.015764
-0.020497
-0.026141
-0.032777
-0.040486
-0.049350
-0.059449
-0.070864
-0.083673
-0.097955
-0.113790
-0.131255
-0.150426
-0.171379
-0.194190
-0.218933
-0.245682
-0.274509
-0.305488
-0.338688
-0.374182
-0.412040
-0.452330
-0.495123
-0.540488
-0.588492
-0.639205
-0.692694
-0.749027
-0.808273
-0.870498
-0.935773
-1.004163
-0.001764
-0.002124
-0.002973
-0.004297
-0.006143
-0.008573
-0.011662
-0.015485
-0.020119
-0.025645
-0.032141
-0.039687
-0.048361
-0.058243
-0.069410
-0.081941
-0.095913
-0.111402
-0.128484
-0.147234
-0.167727
-0.190037
-0.214235
-0.240394
-0.268586
-0.298881
-0.331349
-0.366060
-0.403082
-0.442483
-0.484331
-0.528694
-0.575639
-0.625233
-0.677541
-0.732632
-0.790571
-0.851425
-0.915261
-0.982145
-0.001749
-0.002098
-0.002920
-0.004202
-0.005987
-0.008336
-0.011318
-0.015008
-0.019479
-0.024808
-0.031071
-0.038344
-0.046703
-0.056224
-0.066982
-0.079052
-0.092509
-0.107426
-0.123877
-0.141933
-0.161666
-0.183148
-0.206447
-0.231635
-0.258778
-0.287947
-0.319207
-0.352626
-0.388270
-0.426205
-0.466496
-0.509209
-0.554407
-0.602156
-0.652520
-0.705562
-0.761348
-0.819941
-0.881405
-0.945805
-0.001725
-0.002058
-0.002844
-0.004067
-0.005767
-0.008001
-0.010836
-0.014341
-0.018585
-0.023641
-0.029581
-0.036476
-0.044399
-0.053421
-0.063614
-0.075048
-0.087794
-0.101922
-0.117500
-0.134598
-0.153283
-0.173622
-0.195682
-0.219528
-0.245227
-0.272841
-0.302436
-0.334074
-0.367819
-0.403733
-0.441878
-0.482315
-0.525106
-0.570312
-0.617994
-0.668212
-0.721029
-0.776504
-0.834698
-0.895673
-0.001692
-0.002007
-0.002745
-0.003893
-0.005485
-0.007575
-0.010223
-0.013493
-0.017450
-0.022161
-0.027692
-0.034110
-0.041482
-0.049874
-0.059353
-0.069985
-0.081834
-0.094966
-0.109445
-0.125334
-0.142697
-0.161597
-0.182094
-0.204251
-0.228128
-0.253784
-0.281280
-0.310675
-0.342027
-0.375394
-0.410833
-0.448403
-0.488161
-0.530162
-0.574465
-0.621126
-0.670201
-0.721747
-0.775821
-0.832480
-0.001653
-0.001944
-0.002625
-0.003682
-0.005145
-0.007062
-0.009486
-0.012475
-0.016089
-0.020387
-0.025430
-0.031279
-0.037993
-0.045634
-0.054261
-0.063935
-0.074715
-0.086659
-0.099827
-0.114276
-0.130063
-0.147246
-0.165881
-0.186024
-0.207729
-0.231052
-0.256047
-0.282768
-0.311268
-0.341599
-0.373815
-0.407968
-0.444111
-0.482294
-0.522570
-0.564990
-0.609606
-0.656470
-0.705633
-0.757148
-0.001606
-0.001870
-0.002487
-0.003439
-0.004753
-0.006470
-0.008636
-0.011303
-0.014523
-0.018347
-0.022829
-0.028024
-0.033983
-0.040762
-0.048412
-0.056987
-0.066540
-0.077122
-0.088786
-0.101583
-0.115563
-0.130779
-0.147278
-0.165112
-0.184328
-0.204976
-0.227104
-0.250759
-0.275989
-0.302841
-0.331362
-0.361599
-0.393597
-0.427403
-0.463062
-0.500622
-0.540127
-0.581623
-0.625157
-0.670774
-0.001554
-0.001788
-0.002331
-0.003166
-0.004314
-0.005807
-0.007686
-0.009993
-0.012772
-0.016068
-0.019926
-0.024391
-0.029510
-0.035327
-0.041889
-0.049240
-0.057426
-0.066492
-0.076481
-0.087439
-0.099408
-0.112433
-0.126555
-0.141818
-0.158264
-0.175934
-0.194870
-0.215114
-0.236705
-0.259685
-0.284093
-0.309970
-0.337356
-0.366290
-0.396811
-0.428960
-0.462776
-0.498298
-0.535566
-0.574620
-0.001497
-0.001698
-0.002161
-0.002869
-0.003834
-0.005084
-0.006650
-0.008565
-0.010864
-0.013584
-0.016762
-0.020434
-0.024637
-0.029409
-0.034787
-0.040807
-0.047507
-0.054923
-0.063092
-0.072050
-0.081832
-0.092475
-0.104013
-0.116482
-0.129916
-0.144349
-0.159816
-0.176351
-0.193987
-0.212758
-0.232696
-0.253834
-0.276207
-0.299845
-0.324782
-0.351050
-0.378682
-0.407710
-0.438167
-0.470086
-0.001437
-0.001601
-0.001979
-0.002550
-0.003321
-0.004311
-0.005542
-0.007038
-0.008825
-0.010931
-0.013383
-0.016209
-0.019436
-0.023093
-0.027208
-0.031810
-0.036925
-0.042584
-0.048812
-0.055639
-0.063091
-0.071195
-0.079980
-0.089471
-0.099696
-0.110681
-0.122453
-0.135036
-0.148458
-0.162744
-0.177919
-0.194010
-0.211041
-0.229037
-0.248024
-0.268027
-0.289071
-0.311180
-0.334381
-0.358697
-0.001373
-0.001501
-0.001789
-0.002215
-0.002783
-0.003499
-0.004378
-0.005435
-0.006685
-0.008147
-0.009838
-0.011777
-0.013981
-0.016471
-0.019263
-0.022379
-0.025836
-0.029653
-0.033850
-0.038444
-0.043456
-0.048904
-0.054806
-0.061180
-0.068046
-0.075421
-0.083323
-0.091770
-0.100781
-0.110372
-0.120562
-0.131368
-0.142808
-0.154898
-0.167657
-0.181101
-0.195248
-0.210115
-0.225719
-0.242077
-0.001309
-0.001398
-0.001592
-0.001870
-0.002226
-0.002660
-0.003176
-0.003779
-0.004476
-0.005273
-0.006180
-0.007203
-0.008353
-0.009638
-0.011068
-0.012651
-0.014398
-0.016319
-0.018422
-0.020717
-0.023215
-0.025925
-0.028857
-0.032020
-0.035425
-0.039081
-0.042997
-0.047184
-0.051650
-0.056406
-0.061460
-0.066823
-0.072503
-0.078510
-0.084853
-0.091541
-0.098583
-0.105989
-0.113768
-0.121928
-0.001245
-0.001295
-0.001394
-0.001520
-0.001661
-0.001808
-0.001954
-0.002095
-0.002229
-0.002351
-0.002460
-0.002554
-0.002633
-0.002695
-0.002741
-0.002769
-0.002781
-0.002775
-0.002753
-0.002715
-0.002661
-0.002593
-0.002511
-0.002416
-0.002309
-0.002191
-0.002064
-0.001927
-0.001783
-0.001632
-0.001475
-0.001315
-0.001151
-0.000985
-0.000818
-0.000651
-0.000484
-0.000320
-0.000158
-0.000000
-0.001183
-0.001193
-0.001196
-0.001170
-0.001095
-0.000953
-0.000729
-0.000408
0.000023
0.000577
0.001267
0.002102
0.003096
0.004257
0.005596
0.007124
0.008849
0.010781
0.012928
0.015300
0.017905
0.020752
0.023847
0.027201
0.030819
0.034710
0.038882
0.043341
0.048095
0.053152
0.058518
0.064201
0.070208
0.076546
0.083222
0.090243
0.097617
0.105351
0.113452
0.121927
-0.001124
-0.001094
-0.001002
-0.000826
-0.000537
-0.000110
0.000480
0.001258
0.002246
0.003468
0.004945
0.006699
0.008749
0.011117
0.013822
0.016884
0.020320
0.024151
0.028393
0.033065
0.038185
0.043769
0.049834
0.056398
0.063476
0.071085
0.079241
0.087960
0.097256
0.107146
0.117646
0.128770
0.140534
0.152952
0.166041
0.179816
0.194291
0.209483
0.225406
0.242077
-0.001069
-0.001001
-0.000817
-0.000493
0.000004
0.000709
0.001656
0.002878
0.004408
0.006279
0.008522
0.011167
0.014245
0.017785
0.021817
0.026367
0.031466
0.037140
0.043416
0.050321
0.057881
0.066123
0.075071
0.084751
0.095187
0.106404
0.118427
0.131278
0.144983
0.159564
0.175045
0.191449
0.208800
0.227120
0.246432
0.266761
0.288128
0.310557
0.334072
0.358696
-0.001021
-0.000915
-0.000642
-0.000177
0.000520
0.001491
0.002780
0.004428
0.006477
0.008969
0.011945
0.015443
0.019503
0.024164
0.029463
0.035437
0.042124
0.049559
0.057778
0.066816
0.076708
0.087488
0.099189
0.111845
0.125488
0.140151
0.155867
0.172666
0.190580
0.209641
0.229879
0.251326
0.274011
0.297967
0.323223
0.349810
0.377759
0.407101
0.437866
0.470085
-0.000979
-0.000839
-0.000482
0.000117
0.001003
0.002225
0.003836
0.005884
0.008422
0.011499
0.015163
0.019463
0.024446
0.030159
0.036649
0.043960
0.052138
0.061226
0.071269
0.082309
0.094390
0.107551
0.121836
0.137285
0.153938
0.171834
0.191015
0.211518
0.233382
0.256646
0.281347
0.307525
0.335217
0.364460
0.395293
0.427753
0.461877
0.497705
0.535272
0.574619
-0.000946
-0.000774
-0.000339
0.000384
0.001445
0.002899
0.004807
0.007226
0.010214
0.013830
0.018129
0.023167
0.029001
0.035683
0.043269
0.051811
0.061361
0.071971
0.083692
0.096574
0.110668
0.126021
0.142682
0.160700
0.180120
0.200991
0.223358
0.247267
0.272764
0.299893
0.328700
0.359229
0.391524
0.425630
0.461592
0.499452
0.539256
0.581048
0.624872
0.670774
-0.000923
-0.000721
-0.000215
0.000620
0.001838
0.003503
0.005679
0.008432
0.011827
0.015928
0.020799
0.026502
0.033101
0.040655
0.049227
0.058875
0.069658
0.081636
0.094865
0.109403
0.125304
0.142626
0.161422
0.181747
0.203654
0.227195
0.252424
0.279393
0.308152
0.338752
0.371245
0.405682
0.442111
0.480585
0.521152
0.563862
0.608767
0.655916
0.705359
0.757147
-0.000911
-0.000683
-0.000115
0.000819
0.002177
0.004027
0.006439
0.009485
0.013236
0.017762
0.023133
0.029418
0.036685
0.045002
0.054434
0.065048
0.076909
0.090080
0.104625
0.120606
0.138086
0.157124
0.177782
0.200119
0.224194
0.250065
0.277789
0.307425
0.339028
0.372656
0.408363
0.446206
0.486241
0.528522
0.573104
0.620044
0.669396
0.721215
0.775558
0.832480
-0.000910
-0.000661
-0.000039
0.000979
0.002456
0.004463
0.007075
0.010369
0.014420
0.019305
0.025097
0.031872
0.039702
0.048659
0.058815
0.070240
0.083005
0.097178
0.112828
0.130021
0.148824
0.169303
0.191523
0.215548
0.241441
0.269265
0.299082
0.330955
0.364943
0.401109
0.439511
0.480211
0.523268
0.568742
0.616692
0.667178
0.720259
0.775995
0.834446
0.895673
-0.000922
-0.000655
0.000010
0.001097
0.002669
0.004803
0.007576
0.011068
0.015361
0.020532
0.026662
0.033827
0.042105
0.051572
0.062303
0.074374
0.087858
0.102827
0.119354
0.137509
0.157363
0.178985
0.202444
0.227807
0.255142
0.284515
0.315992
0.349638
0.385518
0.423696
0.464235
0.507200
0.552653
0.600659
0.651278
0.704576
0.760614
0.819456
0.881165
0.945805
-0.000947
-0.000667
0.000030
0.001169
0.002813
0.005041
0.007934
0.011574
0.016044
0.021426
0.027802
0.035253
0.043858
0.053698
0.064849
0.077389
0.091395
0.106943
0.124106
0.142959
0.163575
0.186026
0.210383
0.236717
0.265097
0.295592
0.328271
0.363202
0.400451
0.440086
0.482173
0.526778
0.573967
0.623806
0.676359
0.731693
0.789872
0.850964
0.915033
0.982145
-0.000986
-0.000698
0.000021
0.001194
0.002885
0.005174
0.008143
0.011877
0.016458
0.021972
0.028502
0.036129
0.044937
0.055004
0.066412
0.079240
0.093565
0.109464
0.127015
0.146292
0.167371
0.190324
0.215226
0.242147
0.271159
0.302334
0.335740
0.371448
0.409525
0.450041
0.493064
0.538661
0.586899
0.637845
0.691568
0.748133
0.807607
0.870059
0.935555
1.004163
-0.001038
-0.000748
-0.000019
0.001170
0.002883
0.005199
0.008200
0.011971
0.016597
0.022162
0.028749
0.036442
0.045322
0.055472
0.066970
0.079898
0.094333
0.110354
0.128037
0.147458
0.168693
0.191815
0.216899
0.244016
0.273240
0.304640
0.338288
0.374254
0.412606
0.453414
0.496747
0.542672
0.591258
0.642572
0.696682
0.753655
0.813560
0.876463
0.942433
1.011538
-0.001104
-0.000816
-0.000090
0.001097
0.002806
0.005113
0.008102
0.011856
0.016458
0.021991
0.028540
0.036185
0.045009
0.055092
0.066514
0.079353
0.093689
0.109597
0.127155
0.146438
0.167520
0.190476
0.215377
0.242297
0.271307
0.302477
0.335878
0.371579
0.409648
0.450156
0.493169
0.538755
0.586982
0.637917
0.691627
0.748180
0.807643
0.870083
0.935567
1.004163
-0.001183
-0.000904
-0.000191
0.000975
0.002653
0.004919
0.007851
0.011531
0.016041
0.021462
0.027876
0.035362
0.044000
0.053870
0.065048
0.077613
0.091640
0.107205
0.124382
0.143246
0.163869
0.186324
0.210682
0.237013
0.265387
0.295875
0.328543
0.363460
0.400694
0.440312
0.482380
0.526964
0.574131
0.623947
0.676477
0.731787
0.789943
0.851010
0.915056
0.982145
-0.001275
-0.001010
-0.000323
0.000805
0.002427
0.004616
0.007448
0.011000
0.015351
0.020581
0.026765
0.033983
0.042310
0.051822
0.062594
0.074700
0.088215
0.103210
0.119757
0.137928
0.157793
0.179421
0.202880
0.228240
0.255567
0.284928
0.316389
0.350016
0.385873
0.424025
0.464537
0.507471
0.552893
0.600865
0.651451
0.704714
0.760717
0.819524
0.881199
0.945805
-0.001380
-0.001135
-0.000484
0.000587
0.002130
0.004209
0.006898
0.010270
0.014399
0.019359
0.025224
0.032068
0.039961
0.048977
0.059185
0.070658
0.083463
0.097670
0.113346
0.130560
0.149377
0.169864
0.192085
0.216105
0.241988
0.269796
0.299593
0.331441
0.365400
0.401533
0.439899
0.480560
0.523576
0.569008
0.616914
0.667355
0.720391
0.776083
0.834490
0.895673
-0.001495
-0.001278
-0.000673
0.000325
0.001764
0.003703
0.006210
0.009351
0.013196
0.017815
0.023274
0.029643
0.036988
0.045375
0.054872
0.065543
0.077452
0.090664
0.105242
0.121248
0.138745
0.157793
0.178452
0.200784
0.224846
0.250698
0.278398
0.308004
0.339573
0.373161
0.408825
0.446622
0.486608
0.528838
0.573369
0.620255
0.669554
0.721320
0.775610
0.832480
-0.001620
-0.001437
-0.000890
0.000022
0.001335
0.003105
0.005391
0.008255
0.011760
0.015969
0.020942
0.026743
0.033432
0.041069
0.049715
0.059429
0.070269
0.082294
0.095561
0.110127
0.126049
0.143381
0.162180
0.182498
0.204391
0.227912
0.253113
0.280047
0.308767
0.339323
0.371768
0.406152
0.442526
0.480942
0.521450
0.564100
0.608945
0.656033
0.705417
0.757148
-0.001753
-0.001612
-0.001131
-0.000321
0.000847
0.002421
0.004453
0.006998
0.010111
0.013847
0.018262
0.023410
0.029345
0.036120
0.043789
0.052404
0.062018
0.072681
0.084444
0.097359
0.111474
0.126840
0.143504
0.161514
0.180920
0.201768
0.224105
0.247977
0.273430
0.300511
0.329265
0.359737
0.391972
0.426016
0.461914
0.499709
0.539448
0.581175
0.624936
0.670775
-0.001892
-0.001801
-0.001394
-0.000698
0.000307
0.001661
0.003408
0.005596
0.008271
0.011480
0.015271
0.019691
0.024785
0.030599
0.037179
0.044571
0.052817
0.061963
0.072052
0.083128
0.095232
0.108407
0.122695
0.138137
0.154774
0.172646
0.191795
0.212258
0.234077
0.257290
0.281936
0.308054
0.335684
0.364862
0.395628
0.428020
0.462077
0.497837
0.535338
0.574620
-0.002034
-0.002005
-0.001677
-0.001105
-0.000278
0.000836
0.002272
0.004070
0.006267
0.008902
0.012013
0.015639
0.019818
0.024586
0.029982
0.036041
0.042801
0.050297
0.058565
0.067640
0.077558
0.088352
0.100056
0.112705
0.126333
0.140971
0.156653
0.173412
0.191280
0.210289
0.230470
0.251856
0.274479
0.298369
0.323558
0.350077
0.377958
0.407232
0.437931
0.470086
-0.002176
-0.002221
-0.001977
-0.001538
-0.000901
-0.000044
0.001060
0.002440
0.004127
0.006148
0.008534
0.011314
0.014516
0.018169
0.022301
0.026940
0.032115
0.037852
0.044179
0.051122
0.058709
0.066965
0.075917
0.085590
0.096010
0.107202
0.119192
0.132003
0.145662
0.160191
0.175616
0.191961
0.209249
0.227506
0.246753
0.267016
0.288319
0.310684
0.334135
0.358697
-0.002314
-0.002450
-0.002290
-0.001990
-0.001553
-0.000967
-0.000212
0.000731
0.001882
0.003260
0.004885
0.006777
0.008955
0.011439
0.014248
0.017399
0.020913
0.024808
0.029102
0.033813
0.038959
0.044558
0.050627
0.057185
0.064247
0.071831
0.079955
0.088634
0.097886
0.107726
0.118172
0.129240
0.140945
0.153304
0.166333
0.180048
0.194464
0.209597
0.225463
0.242078
-0.002443
-0.002691
-0.002614
-0.002456
-0.002227
-0.001919
-0.001525
-0.001034
-0.000436
0.000278
0.001118
0.002095
0.003217
0.004495
0.005939
0.007557
0.009359
0.011355
0.013554
0.015964
0.018595
0.021456
0.024556
0.027903
0.031506
0.035373
0.039514
0.043936
0.048648
0.053658
0.058974
0.064605
0.070559
0.076844
0.083467
0.090437
0.097761
0.105447
0.113501
0.121928
-0.002557
-0.002947
-0.002944
-0.002930
-0.002912
-0.002888
-0.002861
-0.002829
-0.002794
-0.002755
-0.002712
-0.002666
-0.002616
-0.002562
-0.002504
-0.002443
-0.002379
-0.002311
-0.002239
-0.002164
-0.002085
-0.002004
-0.001918
-0.001830
-0.001738
-0.001642
-0.001544
-0.001442
-0.001337
-0.001228
-0.001117
-0.001002
-0.000884
-0.000763
-0.000639
-0.000512
-0.000382
-0.000249
-0.000113
0.000001
