-0.004497
-0.004038
-0.002970
-0.001350
0.000843
0.003662
0.007174
0.011451
0.016567
0.022600
0.029629
0.037731
0.046987
0.057475
0.069273
0.082462
0.097117
0.113318
0.131142
0.150665
0.171964
0.195113
0.220189
0.247266
0.276417
0.307716
0.341236
0.377049
0.415227
0.455841
0.498964
0.544664
0.593014
0.644084
0.697943
0.754661
0.814310
0.876959
0.942679
1.011538
-0.004531
-0.004074
-0.003010
-0.001398
0.000784
0.003588
0.007080
0.011331
0.016415
0.022410
0.029393
0.037442
0.046635
0.057052
0.068769
0.081865
0.096418
0.112505
0.130202
0.149585
0.170731
0.193713
0.218608
0.245488
0.274427
0.305498
0.338773
0.374324
0.412223
0.452540
0.495346
0.540712
0.588707
0.639402
0.692866
0.749169
0.808380
0.870570
0.935808
1.004163
-0.004613
-0.004163
-0.003116
-0.001531
0.000614
0.003367
0.006793
0.010962
0.015947
0.021822
0.028663
0.036546
0.045548
0.055746
0.067216
0.080034
0.094276
0.110017
0.127333
0.146297
0.166985
0.189468
0.213821
0.240115
0.268422
0.298814
0.331361
0.366134
0.403201
0.442634
0.484501
0.528871
0.575813
0.625394
0.677684
0.732751
0.790662
0.851485
0.915290
0.982145
-0.004744
-0.004305
-0.003287
-0.001747
0.000333
0.003001
0.006318
0.010350
0.015167
0.020841
0.027446
0.035054
0.043739
0.053574
0.064634
0.076991
0.090718
0.105889
0.122575
0.140847
0.160778
0.182438
0.205896
0.231223
0.258488
0.287759
0.319105
0.352594
0.388292
0.426267
0.466585
0.509314
0.554518
0.602264
0.652618
0.705645
0.761412
0.819983
0.881426
0.945805
-0.004922
-0.004500
-0.003522
-0.002045
-0.000055
0.002494
0.005658
0.009499
0.014085
0.019481
0.025758
0.032985
0.041231
0.050565
0.061058
0.072779
0.085796
0.100178
0.115994
0.133312
0.152199
0.172721
0.194946
0.218939
0.244767
0.272493
0.302183
0.333901
0.367710
0.403675
0.441858
0.482322
0.525131
0.570346
0.618031
0.668247
0.721057
0.776523
0.834707
0.895673
-0.005148
-0.004747
-0.003819
-0.002424
-0.000547
0.001850
0.004820
0.008421
0.012713
0.017758
0.023622
0.030367
0.038058
0.046760
0.056537
0.067455
0.079576
0.092964
0.107684
0.123797
0.141368
0.160457
0.181127
0.203440
0.227455
0.253234
0.280837
0.310324
0.341753
0.375185
0.410677
0.448290
0.488080
0.530106
0.574427
0.621100
0.670184
0.721737
0.775816
0.832480
-0.005420
-0.005045
-0.004178
-0.002879
-0.001139
0.001077
0.003815
0.007127
0.011068
0.015694
0.021063
0.027233
0.034262
0.042210
0.051134
0.061093
0.072145
0.084348
0.097760
0.112438
0.128440
0.145821
0.164638
0.184946
0.206803
0.230261
0.255377
0.282204
0.310797
0.341210
0.373497
0.407710
0.443903
0.482129
0.522441
0.564892
0.609536
0.656424
0.705610
0.757148
-0.005737
-0.005392
-0.004596
-0.003409
-0.001826
0.000181
0.002652
0.005633
0.009170
0.013314
0.018116
0.023625
0.029895
0.036976
0.044921
0.053781
0.063607
0.074451
0.086363
0.099396
0.113598
0.129020
0.145713
0.163725
0.183106
0.203904
0.226169
0.249949
0.275291
0.302244
0.330855
0.361172
0.393242
0.427112
0.462829
0.500441
0.539994
0.581536
0.625114
0.670774
-0.006099
-0.005786
-0.005070
-0.004009
-0.002602
-0.000828
0.001345
0.003956
0.007043
0.010649
0.014818
0.019591
0.025015
0.031131
0.037985
0.045620
0.054081
0.063412
0.073655
0.084855
0.097055
0.110297
0.124625
0.140080
0.156706
0.174545
0.193637
0.214024
0.235748
0.258850
0.283371
0.309352
0.336833
0.365855
0.396459
0.428685
0.462573
0.498165
0.535500
0.574620
-0.006503
-0.006227
-0.005598
-0.004673
-0.003459
-0.001940
-0.000091
0.002115
0.004712
0.007733
0.011212
0.015185
0.019687
0.024753
0.030421
0.036724
0.043701
0.051385
0.059814
0.069022
0.079045
0.089917
0.101675
0.114352
0.127984
0.142605
0.158249
0.174950
0.192742
0.211659
0.231735
0.253003
0.275498
0.299251
0.324297
0.350669
0.378401
0.407525
0.438076
0.470086
-0.006949
-0.006712
-0.006176
-0.005398
-0.004389
-0.003143
-0.001642
0.000133
0.002206
0.004602
0.007346
0.010464
0.013983
0.017930
0.022332
0.027217
0.032611
0.038541
0.045036
0.052122
0.059825
0.068173
0.077192
0.086910
0.097352
0.108546
0.120516
0.133291
0.146895
0.161354
0.176696
0.192944
0.210126
0.228268
0.247394
0.267530
0.288703
0.310938
0.334261
0.358697
-0.007434
-0.007239
-0.006801
-0.006177
-0.005385
-0.004425
-0.003290
-0.001967
-0.000444
0.001296
0.003268
0.005490
0.007980
0.010754
0.013831
0.017229
0.020966
0.025060
0.029530
0.034393
0.039669
0.045374
0.051528
0.058148
0.065252
0.072858
0.080985
0.089650
0.098871
0.108665
0.119052
0.130047
0.141670
0.153937
0.166868
0.180478
0.194786
0.209811
0.225568
0.242077
-0.007958
-0.007805
-0.007469
-0.007006
-0.006438
-0.005774
-0.005017
-0.004162
-0.003206
-0.002144
-0.000967
0.000330
0.001757
0.003322
0.005033
0.006898
0.008928
0.011130
0.013513
0.016088
0.018862
0.021846
0.025048
0.028478
0.032144
0.036057
0.040225
0.044658
0.049365
0.054356
0.059639
0.065225
0.071123
0.077342
0.083891
0.090780
0.098019
0.105617
0.113584
0.121928
-0.008517
-0.008407
-0.008176
-0.007876
-0.007538
-0.007177
-0.006804
-0.006426
-0.006048
-0.005674
-0.005307
-0.004949
-0.004601
-0.004265
-0.003941
-0.003631
-0.003336
-0.003054
-0.002787
-0.002536
-0.002298
-0.002076
-0.001868
-0.001675
-0.001495
-0.001329
-0.001176
-0.001035
-0.000906
-0.000788
-0.000680
-0.000581
-0.000490
-0.000406
-0.000329
-0.000257
-0.000189
-0.000124
-0.000061
0.000000
-0.009110
-0.009044
-0.008918
-0.008783
-0.008676
-0.008619
-0.008632
-0.008733
-0.008935
-0.009251
-0.009695
-0.010278
-0.011011
-0.011905
-0.012970
-0.014216
-0.015654
-0.017294
-0.019144
-0.021214
-0.023514
-0.026052
-0.028837
-0.031878
-0.035184
-0.038762
-0.042622
-0.046771
-0.051216
-0.055967
-0.061031
-0.066416
-0.072128
-0.078176
-0.084567
-0.091309
-0.098408
-0.105873
-0.113710
-0.121927
-0.009734
-0.009713
-0.009691
-0.009720
-0.009842
-0.010086
-0.010483
-0.011057
-0.011832
-0.012831
-0.014076
-0.015588
-0.017388
-0.019495
-0.021929
-0.024711
-0.027859
-0.031391
-0.035328
-0.039686
-0.044485
-0.049742
-0.055475
-0.061701
-0.068439
-0.075705
-0.083515
-0.091888
-0.100839
-0.110384
-0.120541
-0.131325
-0.142752
-0.154838
-0.167598
-0.181050
-0.195208
-0.210088
-0.225705
-0.242077
-0.010388
-0.010410
-0.010490
-0.010681
-0.011026
-0.011566
-0.012337
-0.013372
-0.014707
-0.016371
-0.018395
-0.020811
-0.023648
-0.026935
-0.030700
-0.034972
-0.039780
-0.045151
-0.051112
-0.057691
-0.064915
-0.072810
-0.081402
-0.090719
-0.100785
-0.111627
-0.123270
-0.135738
-0.149058
-0.163253
-0.178348
-0.194368
-0.211336
-0.229278
-0.248216
-0.268175
-0.289179
-0.311251
-0.334415
-0.358696
-0.011070
-0.011133
-0.011312
-0.011658
-0.012220
-0.013044
-0.014174
-0.015654
-0.017525
-0.019827
-0.022599
-0.025881
-0.029710
-0.034126
-0.039164
-0.044862
-0.051256
-0.058383
-0.066279
-0.074978
-0.084517
-0.094931
-0.106253
-0.118519
-0.131762
-0.146016
-0.161314
-0.177691
-0.195178
-0.213809
-0.233616
-0.254632
-0.276887
-0.300416
-0.325248
-0.351417
-0.378953
-0.407889
-0.438256
-0.470085
-0.011777
-0.011879
-0.012153
-0.012647
-0.013414
-0.014507
-0.015978
-0.017878
-0.020255
-0.023158
-0.026635
-0.030732
-0.035497
-0.040973
-0.047208
-0.054246
-0.062131
-0.070907
-0.080618
-0.091308
-0.103019
-0.115794
-0.129676
-0.144707
-0.160928
-0.178380
-0.197106
-0.217145
-0.238538
-0.261326
-0.285549
-0.311245
-0.338456
-0.367220
-0.397577
-0.429565
-0.463225
-0.498594
-0.535713
-0.574619
-0.012506
-0.012645
-0.013007
-0.013640
-0.014599
-0.015943
-0.017731
-0.020020
-0.022867
-0.026327
-0.030455
-0.035306
-0.040933
-0.047390
-0.054728
-0.063000
-0.072257
-0.082552
-0.093934
-0.106454
-0.120163
-0.135109
-0.151344
-0.168915
-0.187871
-0.208262
-0.230134
-0.253536
-0.278516
-0.305121
-0.333397
-0.363392
-0.395152
-0.428724
-0.464153
-0.501486
-0.540768
-0.582047
-0.625367
-0.670774
-0.013257
-0.013429
-0.013872
-0.014631
-0.015766
-0.017340
-0.019416
-0.022060
-0.025333
-0.029297
-0.034015
-0.039547
-0.045953
-0.053292
-0.061625
-0.071008
-0.081501
-0.093161
-0.106045
-0.120210
-0.135712
-0.152608
-0.170953
-0.190803
-0.212213
-0.235237
-0.259931
-0.286347
-0.314541
-0.344566
-0.376475
-0.410321
-0.446157
-0.484037
-0.524011
-0.566134
-0.610457
-0.657032
-0.705911
-0.757147
-0.014026
-0.014227
-0.014744
-0.015617
-0.016909
-0.018687
-0.021020
-0.023977
-0.027626
-0.032036
-0.037273
-0.043404
-0.050494
-0.058608
-0.067812
-0.078168
-0.089741
-0.102594
-0.116790
-0.132390
-0.149456
-0.168051
-0.188235
-0.210069
-0.233614
-0.258930
-0.286077
-0.315114
-0.346102
-0.379100
-0.414166
-0.451359
-0.490738
-0.532362
-0.576288
-0.622574
-0.671279
-0.722459
-0.776174
-0.832480
-0.014812
-0.015039
-0.015618
-0.016590
-0.018019
-0.019974
-0.022528
-0.025754
-0.029726
-0.034515
-0.040194
-0.046832
-0.054502
-0.063272
-0.073211
-0.084388
-0.096872
-0.110729
-0.126027
-0.142832
-0.161211
-0.181230
-0.202954
-0.226448
-0.251779
-0.279011
-0.308207
-0.339434
-0.372755
-0.408234
-0.445935
-0.485921
-0.528256
-0.573004
-0.620228
-0.669989
-0.722352
-0.777378
-0.835131
-0.895673
-0.015613
-0.015860
-0.016492
-0.017548
-0.019091
-0.021193
-0.023929
-0.027376
-0.031611
-0.036709
-0.042746
-0.049795
-0.057932
-0.067229
-0.077758
-0.089593
-0.102803
-0.117461
-0.133637
-0.151400
-0.170821
-0.191969
-0.214913
-0.239721
-0.266463
-0.295206
-0.326019
-0.358971
-0.394129
-0.431561
-0.471335
-0.513518
-0.558179
-0.605384
-0.655201
-0.707697
-0.762938
-0.820992
-0.881926
-0.945805
-0.016428
-0.016688
-0.017363
-0.018485
-0.020119
-0.022336
-0.025214
-0.028831
-0.033267
-0.038598
-0.044905
-0.052262
-0.060747
-0.070435
-0.081401
-0.093720
-0.107465
-0.122710
-0.139527
-0.157989
-0.178167
-0.200133
-0.223958
-0.249714
-0.277472
-0.307301
-0.339274
-0.373461
-0.409933
-0.448761
-0.490015
-0.533766
-0.580085
-0.629043
-0.680710
-0.735157
-0.792454
-0.852671
-0.915878
-0.982145
-0.017254
-0.017523
-0.018227
-0.019399
-0.021098
-0.023398
-0.026374
-0.030108
-0.034680
-0.040167
-0.046651
-0.054209
-0.062919
-0.072858
-0.084102
-0.096726
-0.110806
-0.126415
-0.143629
-0.162519
-0.183159
-0.205622
-0.229980
-0.256304
-0.284669
-0.315144
-0.347803
-0.382719
-0.419962
-0.459607
-0.501726
-0.546391
-0.593676
-0.643655
-0.696399
-0.751982
-0.810478
-0.871958
-0.936496
-1.004163
-0.018090
-0.018361
-0.019083
-0.020286
-0.022026
-0.024373
-0.027405
-0.031201
-0.035841
-0.041406
-0.047973
-0.055622
-0.064431
-0.074476
-0.085835
-0.098582
-0.112793
-0.128541
-0.145901
-0.164945
-0.185747
-0.208379
-0.232913
-0.259421
-0.287975
-0.318647
-0.351510
-0.386636
-0.424098
-0.463969
-0.506323
-0.551235
-0.598778
-0.649027
-0.702057
-0.757942
-0.816759
-0.878581
-0.943483
-1.011538
-0.018936
-0.019201
-0.019929
-0.021144
-0.022899
-0.025260
-0.028303
-0.032106
-0.036748
-0.042308
-0.048864
-0.056494
-0.065274
-0.075282
-0.086591
-0.099277
-0.113414
-0.129074
-0.146329
-0.165253
-0.185915
-0.208387
-0.232740
-0.259044
-0.287370
-0.317788
-0.350370
-0.385188
-0.422312
-0.461816
-0.503774
-0.548258
-0.595344
-0.645108
-0.697624
-0.752970
-0.811220
-0.872452
-0.936742
-1.004163
-0.019791
-0.020041
-0.020762
-0.021972
-0.023715
-0.026056
-0.029066
-0.032821
-0.037398
-0.042873
-0.049324
-0.056825
-0.065451
-0.075277
-0.086375
-0.098819
-0.112678
-0.128025
-0.144928
-0.163458
-0.183682
-0.205670
-0.229490
-0.255208
-0.282893
-0.312614
-0.344437
-0.378432
-0.414670
-0.453219
-0.494152
-0.537542
-0.583463
-0.631989
-0.683197
-0.737162
-0.793963
-0.853676
-0.916378
-0.982145
-0.020654
-0.020880
-0.021582
-0.022768
-0.024476
-0.026762
-0.029695
-0.033348
-0.037794
-0.043107
-0.049359
-0.056624
-0.064973
-0.074477
-0.085206
-0.097229
-0.110613
-0.125427
-0.141737
-0.159608
-0.179106
-0.200294
-0.223238
-0.248000
-0.274645
-0.303235
-0.333836
-0.366511
-0.401327
-0.438350
-0.477648
-0.519292
-0.563353
-0.609905
-0.659023
-0.710783
-0.765264
-0.822542
-0.882697
-0.945805
-0.021526
-0.021717
-0.022386
-0.023532
-0.025179
-0.027379
-0.030194
-0.033693
-0.037945
-0.043019
-0.048984
-0.055910
-0.063863
-0.072909
-0.083116
-0.094547
-0.107267
-0.121338
-0.136823
-0.153782
-0.172276
-0.192364
-0.214105
-0.237557
-0.262780
-0.289829
-0.318765
-0.349645
-0.382530
-0.417480
-0.454559
-0.493832
-0.535367
-0.579234
-0.625507
-0.674262
-0.725576
-0.779530
-0.836202
-0.895673
-0.022407
-0.022549
-0.023175
-0.024264
-0.025829
-0.027911
-0.030568
-0.033863
-0.037860
-0.042624
-0.048218
-0.054705
-0.062149
-0.070611
-0.080152
-0.090830
-0.102706
-0.115836
-0.130277
-0.146086
-0.163315
-0.182020
-0.202252
-0.224065
-0.247508
-0.272634
-0.299492
-0.328135
-0.358613
-0.390981
-0.425294
-0.461609
-0.499989
-0.540499
-0.583209
-0.628193
-0.675530
-0.725302
-0.777591
-0.832480
-0.023298
-0.023375
-0.023947
-0.024966
-0.026426
-0.028361
-0.030824
-0.033869
-0.037555
-0.041941
-0.047084
-0.053043
-0.059873
-0.067631
-0.076371
-0.086147
-0.097013
-0.109018
-0.122215
-0.136652
-0.152378
-0.169439
-0.187882
-0.207752
-0.229091
-0.251943
-0.276349
-0.302352
-0.329993
-0.359316
-0.390365
-0.423187
-0.457835
-0.494366
-0.532843
-0.573338
-0.615929
-0.660701
-0.707743
-0.757148
-0.024202
-0.024194
-0.024703
-0.025637
-0.026974
-0.028737
-0.030970
-0.033722
-0.037046
-0.040993
-0.045614
-0.050960
-0.057082
-0.064027
-0.071845
-0.080583
-0.090287
-0.101001
-0.112771
-0.125638
-0.139644
-0.154829
-0.171231
-0.188887
-0.207833
-0.228102
-0.249726
-0.272736
-0.297163
-0.323036
-0.350386
-0.379245
-0.409651
-0.441647
-0.475285
-0.510628
-0.547754
-0.586751
-0.627722
-0.670775
-0.025121
-0.025002
-0.025441
-0.026281
-0.027477
-0.029044
-0.031017
-0.033440
-0.036355
-0.039808
-0.043843
-0.048502
-0.053830
-0.059867
-0.066655
-0.074233
-0.082642
-0.091919
-0.102101
-0.113223
-0.125320
-0.138424
-0.152566
-0.167775
-0.184078
-0.201499
-0.220060
-0.239781
-0.260678
-0.282767
-0.306060
-0.330570
-0.356311
-0.383305
-0.411581
-0.441184
-0.472183
-0.504672
-0.538770
-0.574620
-0.026062
-0.025797
-0.026163
-0.026900
-0.027941
-0.029291
-0.030979
-0.033038
-0.035505
-0.038417
-0.041810
-0.045719
-0.050179
-0.055225
-0.060889
-0.067206
-0.074205
-0.081918
-0.090375
-0.099603
-0.109630
-0.120481
-0.132179
-0.144745
-0.158199
-0.172555
-0.187828
-0.204023
-0.221147
-0.239196
-0.258165
-0.278042
-0.298810
-0.320455
-0.342966
-0.366348
-0.390636
-0.415914
-0.442328
-0.470086
-0.027029
-0.026574
-0.026867
-0.027497
-0.028371
-0.029488
-0.030868
-0.032537
-0.034522
-0.036854
-0.039558
-0.042664
-0.046196
-0.050183
-0.054648
-0.059616
-0.065112
-0.071159
-0.077778
-0.084991
-0.092818
-0.101276
-0.110381
-0.120150
-0.130592
-0.141717
-0.153528
-0.166026
-0.179203
-0.193045
-0.207526
-0.222609
-0.238243
-0.254364
-0.270893
-0.287751
-0.304881
-0.322290
-0.340117
-0.358697
-0.028034
-0.027328
-0.027555
-0.028075
-0.028774
-0.029645
-0.030699
-0.031956
-0.033434
-0.035154
-0.037135
-0.039396
-0.041954
-0.044828
-0.048034
-0.051589
-0.055510
-0.059811
-0.064507
-0.069611
-0.075138
-0.081097
-0.087500
-0.094354
-0.101666
-0.109439
-0.117671
-0.126358
-0.135486
-0.145034
-0.154966
-0.165229
-0.175745
-0.186399
-0.197029
-0.207414
-0.217278
-0.226338
-0.234466
-0.242078
-0.029090
-0.028047
-0.028228
-0.028638
-0.029157
-0.029771
-0.030488
-0.031317
-0.032270
-0.033358
-0.034590
-0.035977
-0.037527
-0.039252
-0.041158
-0.043254
-0.045549
-0.048050
-0.050763
-0.053697
-0.056856
-0.060245
-0.063870
-0.067734
-0.071838
-0.076181
-0.080763
-0.085575
-0.090608
-0.095841
-0.101247
-0.106777
-0.112359
-0.117871
-0.123116
-0.127754
-0.131192
-0.132401
-0.129773
-0.121928
-0.030214
-0.028718
-0.028888
-0.029192
-0.029527
-0.029880
-0.030251
-0.030644
-0.031061
-0.031503
-0.031972
-0.032469
-0.032994
-0.033548
-0.034132
-0.034745
-0.035387
-0.036058
-0.036758
-0.037486
-0.038242
-0.039024
-0.039833
-0.040666
-0.041523
-0.042402
-0.043299
-0.044213
-0.045139
-0.046071
-0.047002
-0.047920
-0.048807
-0.049635
-0.050354
-0.050857
-0.050839
-0.049151
-0.040605
-0.000001
