0.436267
0.437809
0.440482
0.443110
0.445074
0.446110
0.446166
0.445320
0.443726
0.441585
0.439119
0.436558
0.434132
0.432065
0.430573
0.429859
0.430117
0.431526
0.434255
0.438462
0.444295
0.451892
0.461383
0.472889
0.486527
0.502405
0.520627
0.541293
0.564496
0.590328
0.618877
0.650229
0.684467
0.721672
0.761922
0.805297
0.851870
0.901719
0.954918
1.011539
0.436220
0.437774
0.440470
0.443125
0.445116
0.446176
0.446248
0.445409
0.443812
0.441657
0.439164
0.436563
0.434084
0.431950
0.430377
0.429569
0.429717
0.431003
0.433594
0.437649
0.443315
0.450731
0.460025
0.471319
0.484729
0.500364
0.518326
0.538714
0.561623
0.587144
0.615363
0.646367
0.680238
0.717056
0.756899
0.799846
0.845972
0.895351
0.948057
1.004163
0.436078
0.437668
0.440433
0.443170
0.445243
0.446372
0.446493
0.445678
0.444074
0.441877
0.439305
0.436586
0.433948
0.431614
0.429800
0.428708
0.428531
0.429448
0.431629
0.435229
0.440397
0.447270
0.455976
0.466637
0.479367
0.494274
0.511459
0.531021
0.553051
0.577641
0.604876
0.634840
0.667614
0.703276
0.741905
0.783576
0.828363
0.876339
0.927575
0.982145
0.435840
0.437488
0.440370
0.443245
0.445454
0.446701
0.446907
0.446133
0.444520
0.442256
0.439556
0.436643
0.433745
0.431084
0.428872
0.427313
0.426598
0.426908
0.428409
0.431259
0.435604
0.441580
0.449316
0.458930
0.470536
0.484240
0.500142
0.518337
0.538917
0.561969
0.587578
0.615824
0.646786
0.680541
0.717164
0.756728
0.799304
0.844962
0.893773
0.945805
0.435501
0.437232
0.440277
0.443347
0.445751
0.447166
0.447496
0.446786
0.445166
0.442815
0.439943
0.436768
0.433514
0.430402
0.427644
0.425441
0.423986
0.423456
0.424020
0.425832
0.429040
0.433777
0.440171
0.448339
0.458392
0.470433
0.484562
0.500870
0.519446
0.540374
0.563737
0.589610
0.618071
0.649192
0.683045
0.719699
0.759222
0.801682
0.847144
0.895673
0.435057
0.436895
0.440151
0.443475
0.446133
0.447771
0.448268
0.447650
0.446032
0.443582
0.440501
0.437002
0.433307
0.429631
0.426187
0.423174
0.420785
0.419196
0.418576
0.419079
0.420850
0.424022
0.428720
0.435060
0.443150
0.453091
0.464979
0.478903
0.494949
0.513195
0.533721
0.556600
0.581904
0.609700
0.640057
0.673039
0.708711
0.747134
0.788370
0.832480
0.434500
0.436470
0.439988
0.443626
0.446601
0.448520
0.449234
0.448743
0.447143
0.444591
0.441274
0.437402
0.433188
0.428848
0.424590
0.420615
0.417112
0.414261
0.412226
0.411163
0.411216
0.412515
0.415185
0.419339
0.425082
0.432513
0.441723
0.452798
0.465818
0.480861
0.497998
0.517300
0.538832
0.562658
0.588841
0.617440
0.648513
0.682118
0.718312
0.757148
0.433824
0.435950
0.439779
0.443795
0.447155
0.449421
0.450407
0.450085
0.448531
0.445883
0.442317
0.438032
0.433238
0.428146
0.422962
0.417886
0.413108
0.408806
0.405146
0.402282
0.400356
0.399501
0.399836
0.401473
0.404515
0.409056
0.415184
0.422981
0.432522
0.443880
0.457122
0.472312
0.489510
0.508774
0.530162
0.553726
0.579518
0.607591
0.637994
0.670775
0.433019
0.435326
0.439518
0.443978
0.447795
0.450478
0.451800
0.451702
0.450232
0.447507
0.443690
0.438970
0.433548
0.427633
0.421427
0.415131
0.408934
0.403015
0.397539
0.392662
0.388524
0.385257
0.382980
0.381801
0.381821
0.383130
0.385812
0.389944
0.395598
0.402839
0.411730
0.422328
0.434688
0.448861
0.464897
0.482843
0.502745
0.524646
0.548591
0.574620
0.432072
0.434587
0.439195
0.444168
0.448518
0.451696
0.453430
0.453620
0.452284
0.449517
0.445464
0.440302
0.434223
0.427431
0.420128
0.412512
0.404774
0.397093
0.389636
0.382559
0.376002
0.370098
0.364962
0.360703
0.357417
0.355192
0.354107
0.354236
0.355643
0.358390
0.362531
0.368119
0.375201
0.383821
0.394023
0.405845
0.419326
0.434504
0.451412
0.470086
0.430973
0.433720
0.438799
0.444357
0.449322
0.453082
0.455311
0.455866
0.454731
0.451973
0.447716
0.442122
0.435377
0.427677
0.419221
0.410209
0.400831
0.391268
0.381690
0.372253
0.363101
0.354364
0.346159
0.338592
0.331758
0.325741
0.320616
0.316452
0.313308
0.311240
0.310296
0.310521
0.311956
0.314637
0.318600
0.323876
0.330496
0.338488
0.347880
0.358697
0.429706
0.432713
0.438317
0.444535
0.450203
0.454639
0.457458
0.458470
0.457617
0.454936
0.450527
0.444536
0.437136
0.428518
0.418878
0.408416
0.397323
0.385785
0.373973
0.362048
0.350154
0.338424
0.326975
0.315913
0.305330
0.295308
0.285920
0.277228
0.269287
0.262145
0.255846
0.250426
0.245919
0.242355
0.239758
0.238155
0.237566
0.238011
0.239509
0.242078
0.428256
0.431548
0.437735
0.444690
0.451155
0.456370
0.459887
0.461460
0.460989
0.458474
0.453987
0.447654
0.439635
0.430113
0.419283
0.407343
0.394488
0.380908
0.366779
0.352265
0.337516
0.322667
0.307837
0.293132
0.278645
0.264455
0.250630
0.237230
0.224305
0.211897
0.200041
0.188768
0.178104
0.168069
0.158682
0.149958
0.141910
0.134550
0.127887
0.121929
0.426606
0.430208
0.437035
0.444809
0.452169
0.458275
0.462609
0.464867
0.464897
0.462656
0.458188
0.451593
0.443017
0.432632
0.420631
0.407213
0.392576
0.376916
0.360415
0.343244
0.325559
0.307500
0.289190
0.270736
0.252232
0.233757
0.215376
0.197146
0.179111
0.161308
0.143765
0.126507
0.109549
0.092907
0.076588
0.060600
0.044945
0.029628
0.014647
0.000001
0.424736
0.428675
0.436199
0.444874
0.453234
0.460352
0.465636
0.468717
0.469386
0.467554
0.463226
0.456477
0.447432
0.436254
0.423130
0.408261
0.391851
0.374100
0.355203
0.335337
0.314668
0.293342
0.271489
0.249221
0.226632
0.203804
0.180799
0.157672
0.134463
0.111204
0.087916
0.064615
0.041312
0.018010
-0.005289
-0.028588
-0.051894
-0.075212
-0.098553
-0.121926
0.422626
0.426926
0.435204
0.444865
0.454333
0.462594
0.468975
0.473035
0.474503
0.473238
0.469201
0.462433
0.453038
0.441165
0.426997
0.410734
0.392587
0.372766
0.351476
0.328907
0.305236
0.280620
0.255197
0.229087
0.202389
0.175185
0.147541
0.119507
0.091121
0.062409
0.033388
0.004066
-0.025556
-0.055480
-0.085716
-0.116275
-0.147173
-0.178426
-0.210054
-0.242076
0.420254
0.424940
0.434028
0.444759
0.455449
0.464990
0.472628
0.477843
0.480294
0.479779
0.476211
0.469592
0.459998
0.447562
0.432459
0.414889
0.395072
0.373229
0.349578
0.324326
0.297664
0.269766
0.240780
0.210837
0.180044
0.148487
0.116235
0.083337
0.049829
0.015733
-0.018940
-0.054189
-0.090020
-0.126444
-0.163482
-0.201152
-0.239481
-0.278495
-0.318223
-0.358695
0.417597
0.422691
0.432643
0.444529
0.456557
0.467526
0.476593
0.483156
0.486796
0.487245
0.484356
0.478087
0.468480
0.455646
0.439750
0.420994
0.399603
0.375814
0.349861
0.321972
0.292358
0.261212
0.228699
0.194964
0.160126
0.124278
0.087494
0.049826
0.011307
-0.028044
-0.068220
-0.109228
-0.151081
-0.193801
-0.237414
-0.281953
-0.327451
-0.373947
-0.421477
-0.470084
0.414630
0.420152
0.431020
0.444145
0.457629
0.470179
0.480861
0.488984
0.494046
0.495700
0.493735
0.488053
0.478655
0.465626
0.449116
0.429326
0.406489
0.380856
0.352686
0.322230
0.289725
0.255387
0.219408
0.181949
0.143146
0.103105
0.061906
0.019605
-0.023763
-0.068182
-0.113650
-0.160180
-0.207794
-0.256522
-0.306401
-0.357473
-0.409782
-0.463376
-0.518305
-0.574618
0.411326
0.417296
0.429126
0.443571
0.458631
0.472921
0.485414
0.495328
0.502069
0.505203
0.504442
0.499623
0.490698
0.477717
0.460811
0.440174
0.416048
0.388703
0.358423
0.325489
0.290171
0.252717
0.213349
0.172255
0.129592
0.085482
0.040017
-0.006739
-0.054749
-0.103998
-0.154489
-0.206240
-0.259282
-0.313655
-0.369407
-0.426589
-0.485257
-0.545470
-0.607289
-0.670773
0.407659
0.414093
0.426928
0.442768
0.459521
0.475713
0.490227
0.502181
0.510882
0.515804
0.516566
0.512931
0.504788
0.492142
0.475097
0.453839
0.428615
0.399715
0.367452
0.332144
0.294104
0.253619
0.210950
0.166320
0.119914
0.071880
0.022326
-0.028676
-0.081083
-0.134878
-0.190070
-0.246682
-0.304755
-0.364339
-0.425492
-0.488278
-0.552766
-0.619026
-0.687129
-0.757146
0.403600
0.410511
0.424386
0.441692
0.460251
0.478511
0.495261
0.509521
0.520493
0.527542
0.530189
0.528105
0.521102
0.509129
0.492251
0.470638
0.444540
0.414267
0.380167
0.342603
0.301934
0.258504
0.212620
0.164554
0.114529
0.062723
0.009268
-0.045749
-0.102276
-0.160296
-0.219820
-0.280880
-0.343525
-0.407818
-0.473830
-0.541638
-0.611323
-0.682970
-0.756660
-0.832479
0.399119
0.406518
0.421462
0.440293
0.460767
0.481257
0.500466
0.517314
0.530891
0.540445
0.545383
0.545267
0.539819
0.528911
0.512559
0.490904
0.464195
0.432760
0.396984
0.357283
0.314078
0.267777
0.218753
0.167337
0.113803
0.058373
0.001208
-0.057581
-0.117932
-0.179826
-0.243276
-0.308322
-0.375027
-0.443466
-0.513726
-0.585900
-0.660084
-0.736376
-0.814873
-0.895672
0.394188
0.402080
0.418110
0.438518
0.461004
0.483883
0.505778
0.525510
0.542050
0.554523
0.562205
0.564533
0.561115
0.551730
0.536323
0.514995
0.487979
0.455620
0.418344
0.376626
0.330963
0.281843
0.229724
0.175012
0.118053
0.059122
-0.001573
-0.063896
-0.127767
-0.193162
-0.260100
-0.328630
-0.398832
-0.470797
-0.544632
-0.620449
-0.698360
-0.778482
-0.860927
-0.945804
0.388776
0.397163
0.414287
0.436305
0.460890
0.486309
0.511117
0.534036
0.553923
0.569766
0.580695
0.586003
0.585163
0.577832
0.563863
0.543292
0.516326
0.483316
0.444728
0.401107
0.353039
0.301113
0.245892
0.187887
0.127532
0.065182
0.001100
-0.064537
-0.131628
-0.200142
-0.270104
-0.341580
-0.414668
-0.489486
-0.566163
-0.644835
-0.725636
-0.808702
-0.894163
-0.982144
0.382853
0.391733
0.409944
0.433592
0.460344
0.488442
0.516382
0.542801
0.566437
0.586135
0.600868
0.609764
0.612128
0.607470
0.595516
0.576213
0.549715
0.516368
0.476674
0.431252
0.380793
0.326014
0.267612
0.206231
0.142431
0.076668
0.009284
-0.059487
-0.129518
-0.200769
-0.273274
-0.347123
-0.422443
-0.499385
-0.578111
-0.658788
-0.741577
-0.826638
-0.914119
-1.004163
0.376389
0.385755
0.405031
0.430309
0.459276
0.490172
0.521456
0.551686
0.579489
0.603564
0.622713
0.635876
0.642162
0.640897
0.631642
0.614214
0.588685
0.555371
0.514797
0.467661
0.414775
0.357011
0.295241
0.230284
0.162865
0.093582
0.022890
-0.048905
-0.121634
-0.195248
-0.269799
-0.345412
-0.422257
-0.500535
-0.580454
-0.662222
-0.746036
-0.832081
-0.920529
-1.011539
0.369355
0.379196
0.399500
0.426381
0.457585
0.491377
0.526197
0.560543
0.592941
0.621946
0.646178
0.664368
0.675399
0.678367
0.672622
0.657801
0.633848
0.601011
0.559818
0.511040
0.455627
0.394636
0.329161
0.260256
0.188868
0.115795
0.041646
-0.033163
-0.108408
-0.184032
-0.260115
-0.336834
-0.414433
-0.493184
-0.573364
-0.655239
-0.739051
-0.825016
-0.913329
-1.004164
0.361721
0.372023
0.393298
0.421731
0.455165
0.491917
0.530440
0.569193
0.606616
0.641128
0.671165
0.695227
0.711939
0.720122
0.718855
0.707533
0.685906
0.654100
0.612607
0.562253
0.504132
0.439528
0.369811
0.296345
0.220387
0.143011
0.065053
-0.012914
-0.090584
-0.167889
-0.244956
-0.322054
-0.399536
-0.477790
-0.557198
-0.638110
-0.720827
-0.805604
-0.892651
-0.982146
0.353459
0.364208
0.386374
0.416277
0.451895
0.491638
0.533995
0.577420
0.620289
0.660903
0.697513
0.728381
0.751841
0.766387
0.770759
0.764031
0.745673
0.715609
0.674229
0.622377
0.561288
0.492501
0.417737
0.338768
0.257276
0.174734
0.092312
0.010818
-0.069315
-0.148001
-0.225446
-0.302065
-0.378395
-0.455012
-0.532464
-0.611229
-0.691691
-0.774141
-0.858793
-0.945806
0.344543
0.355724
0.378680
0.409934
0.447652
0.490367
0.536646
0.584969
0.633685
0.680997
0.724992
0.763686
0.795096
0.817343
0.828752
0.827973
0.814089
0.786707
0.746014
0.692797
0.628402
0.554646
0.473678
0.387806
0.299302
0.210216
0.122218
0.036488
-0.046334
-0.126129
-0.203226
-0.278279
-0.352133
-0.425679
-0.499744
-0.575010
-0.651979
-0.730976
-0.812179
-0.895674
0.334946
0.346548
0.370168
0.402618
0.442303
0.487919
0.538150
0.591545
0.646466
0.701060
0.753276
0.800896
0.841607
0.873109
0.893232
0.900092
0.892240
0.868810
0.829634
0.775315
0.707234
0.627478
0.538700
0.443901
0.346167
0.248391
0.153013
0.061810
-0.024220
-0.104879
-0.180675
-0.252657
-0.322187
-0.390705
-0.459519
-0.529661
-0.601816
-0.676324
-0.753249
-0.832482
0.324641
0.336666
0.360792
0.394241
0.435708
0.484094
0.538238
0.596808
0.658232
0.720655
0.781931
0.839642
0.891148
0.933694
0.964542
0.981146
0.981354
0.963621
0.927199
0.872305
0.800197
0.713167
0.614417
0.507820
0.397578
0.287816
0.182168
0.083400
-0.006847
-0.088163
-0.161302
-0.227945
-0.290341
-0.350901
-0.411807
-0.474724
-0.540647
-0.609897
-0.682251
-0.757150
0.313604
0.326070
0.350515
0.384720
0.427727
0.478679
0.536615
0.600374
0.668512
0.739242
0.810392
0.879395
0.943320
0.998949
1.042914
1.071878
1.082792
1.073165
1.041366
0.986902
0.910634
0.814875
0.703348
0.580966
0.453419
0.326625
0.206081
0.096220
-0.000119
-0.082009
-0.150459
-0.208134
-0.258805
-0.306636
-0.355451
-0.408134
-0.466274
-0.530118
-0.598804
-0.670777
0.301808
0.314760
0.339300
0.373971
0.418217
0.471453
0.532963
0.601814
0.676764
0.756174
0.837939
0.919433
0.997498
1.068490
1.128379
1.172931
1.197986
1.199794
1.175432
1.123233
1.043189
0.937257
0.809488
0.665910
0.514123
0.362594
0.219718
0.092747
-0.013223
-0.096016
-0.156709
-0.199403
-0.230448
-0.257220
-0.286722
-0.324313
-0.372857
-0.432481
-0.500970
-0.574622
0.289223
0.302754
0.327123
0.361918
0.407034
0.462188
0.526947
0.600662
0.682370
0.770684
0.863678
0.958793
1.052763
1.141604
1.220653
1.284715
1.328326
1.346134
1.333409
1.286659
1.204280
1.087176
0.939206
0.767352
0.581460
0.393492
0.216255
0.061746
-0.060683
-0.145981
-0.194495
-0.212154
-0.209539
-0.199925
-0.196623
-0.210257
-0.246660
-0.305983
-0.383242
-0.470089
0.275813
0.290084
0.313963
0.348489
0.394043
0.450659
0.518220
0.596416
0.684646
0.781884
0.886525
0.996237
1.107827
1.217129
1.318968
1.407210
1.474960
1.514928
1.519994
1.483994
1.402663
1.274675
1.102623
0.893736
0.660095
0.418098
0.187029
-0.013311
-0.165666
-0.258628
-0.289444
-0.265531
-0.203981
-0.128750
-0.065833
-0.037459
-0.056848
-0.125197
-0.232004
-0.358700
0.261533
0.276806
0.299810
0.333622
0.379115
0.436644
0.506428
0.588549
0.682845
0.788766
0.905188
1.030214
1.160954
1.293324
1.421871
1.539684
1.638452
1.708708
1.740366
1.723587
1.649994
1.514216
1.315613
1.059934
0.760540
0.438708
0.122550
-0.155826
-0.364945
-0.479944
-0.488854
-0.397581
-0.231755
-0.033915
0.144460
0.254925
0.265040
0.168046
-0.014927
-0.242081
0.246324
0.263005
0.284662
0.317264
0.362135
0.419933
0.491227
0.576523
0.676172
0.790214
0.918178
1.058830
1.209891
1.367714
1.526961
1.680311
1.818278
1.929219
1.999660
2.015068
1.961187
1.826035
1.602511
1.291420
0.904481
0.466578
0.016304
-0.396255
-0.715344
-0.889132
-0.882133
-0.687990
-0.338803
0.093540
0.507654
0.795314
0.872432
0.708966
0.344675
-0.121931
0.230098
0.248809
0.268523
0.299374
0.343004
0.400338
0.472287
0.559806
0.663810
0.785031
0.923816
1.079849
1.251809
1.436953
1.630618
1.825698
2.012125
2.176493
2.301929
2.368472
2.354174
2.237230
1.999333
1.630308
1.133748
0.532846
-0.125005
-0.766955
-1.299238
-1.619678
-1.638876
-1.307975
-0.646965
0.236576
1.150467
1.852478
2.117545
1.824159
1.030258
-0.000004
