0.002188
0.002651
0.003726
0.005365
0.007596
0.010472
0.014058
0.018424
0.023640
0.029780
0.036918
0.045126
0.054480
0.065052
0.076919
0.090153
0.104830
0.121023
0.138807
0.158256
0.179446
0.202449
0.227341
0.254196
0.283089
0.314093
0.347283
0.382735
0.420520
0.460716
0.503394
0.548631
0.596500
0.647076
0.700434
0.756647
0.815789
0.877936
0.943161
1.011539
0.002174
0.002633
0.003701
0.005328
0.007542
0.010398
0.013958
0.018291
0.023469
0.029565
0.036650
0.044799
0.054084
0.064579
0.076359
0.089497
0.104067
0.120142
0.137796
0.157104
0.178138
0.200974
0.225684
0.252344
0.281025
0.311804
0.344752
0.379944
0.417455
0.457357
0.499725
0.544631
0.592152
0.642359
0.695327
0.751130
0.809841
0.871535
0.936284
1.004163
0.002132
0.002581
0.003625
0.005216
0.007382
0.010175
0.013657
0.017895
0.022960
0.028921
0.035851
0.043821
0.052902
0.063167
0.074689
0.087538
0.101788
0.117511
0.134778
0.153662
0.174235
0.196570
0.220738
0.246813
0.274866
0.304969
0.337194
0.371615
0.408303
0.447330
0.488768
0.532690
0.579168
0.628274
0.680081
0.734660
0.792084
0.852425
0.915754
0.982145
0.002063
0.002495
0.003500
0.005033
0.007118
0.009807
0.013160
0.017241
0.022118
0.027859
0.034532
0.042207
0.050952
0.060837
0.071932
0.084306
0.098028
0.113168
0.129796
0.147981
0.167793
0.189301
0.212575
0.237685
0.264699
0.293688
0.324721
0.357868
0.393198
0.430780
0.470685
0.512982
0.557740
0.605029
0.654918
0.707478
0.762777
0.820884
0.881871
0.945805
0.001967
0.002376
0.003328
0.004779
0.006754
0.009300
0.012475
0.016339
0.020957
0.026393
0.032712
0.039980
0.048261
0.057622
0.068128
0.079846
0.092841
0.107178
0.122924
0.140145
0.158906
0.179274
0.201314
0.225092
0.250674
0.278126
0.307514
0.338903
0.372360
0.407950
0.445740
0.485794
0.528179
0.572961
0.620206
0.669980
0.722347
0.777374
0.835128
0.895673
0.001847
0.002227
0.003111
0.004459
0.006294
0.008660
0.011611
0.015202
0.019494
0.024546
0.030419
0.037173
0.044870
0.053570
0.063334
0.074224
0.086302
0.099627
0.114262
0.130267
0.147704
0.166634
0.187119
0.209219
0.232995
0.258510
0.285824
0.314998
0.346094
0.379172
0.414295
0.451523
0.490918
0.532540
0.576451
0.622712
0.671384
0.722529
0.776207
0.832480
0.001703
0.002048
0.002852
0.004078
0.005747
0.007898
0.010581
0.013847
0.017750
0.022344
0.027685
0.033827
0.040827
0.048739
0.057619
0.067523
0.078507
0.090626
0.103935
0.118492
0.134350
0.151567
0.170197
0.190296
0.211920
0.235125
0.259967
0.286501
0.314782
0.344866
0.376810
0.410669
0.446498
0.484353
0.524290
0.566364
0.610631
0.657147
0.705967
0.757148
0.001538
0.001844
0.002556
0.003641
0.005119
0.007024
0.009400
0.012293
0.015750
0.019820
0.024550
0.029991
0.036191
0.043200
0.051066
0.059840
0.069570
0.080305
0.092096
0.104990
0.119039
0.134291
0.150795
0.168600
0.187757
0.208314
0.230321
0.253827
0.278881
0.305532
0.333831
0.363827
0.395567
0.429103
0.464483
0.501757
0.540974
0.582183
0.625433
0.670775
0.001354
0.001616
0.002226
0.003155
0.004420
0.006052
0.008086
0.010563
0.013524
0.017009
0.021061
0.025720
0.031031
0.037034
0.043772
0.051286
0.059620
0.068816
0.078915
0.089960
0.101994
0.115058
0.129195
0.144447
0.160857
0.178466
0.197317
0.217452
0.238914
0.261744
0.285986
0.311680
0.338870
0.367597
0.397905
0.429835
0.463429
0.498729
0.535779
0.574620
0.001155
0.001369
0.001867
0.002626
0.003660
0.004994
0.006658
0.008683
0.011104
0.013954
0.017267
0.021078
0.025421
0.030330
0.035841
0.041988
0.048804
0.056325
0.064586
0.073621
0.083464
0.094150
0.105714
0.118190
0.131613
0.146017
0.161438
0.177909
0.195465
0.214140
0.233970
0.254989
0.277231
0.300732
0.325524
0.351644
0.379126
0.408004
0.438312
0.470086
0.000943
0.001105
0.001485
0.002063
0.002851
0.003867
0.005135
0.006679
0.008525
0.010698
0.013225
0.016131
0.019443
0.023188
0.027391
0.032079
0.037279
0.043016
0.049318
0.056210
0.063719
0.071871
0.080693
0.090211
0.100451
0.111441
0.123206
0.135772
0.149166
0.163415
0.178544
0.194581
0.211551
0.229481
0.248398
0.268327
0.289295
0.311329
0.334454
0.358697
0.000720
0.000830
0.001084
0.001473
0.002003
0.002688
0.003541
0.004582
0.005825
0.007290
0.008993
0.010952
0.013185
0.015710
0.018544
0.021706
0.025212
0.029082
0.033332
0.037981
0.043046
0.048546
0.054497
0.060918
0.067827
0.075241
0.083178
0.091657
0.100694
0.110308
0.120516
0.131336
0.142787
0.154885
0.167650
0.181097
0.195246
0.210114
0.225719
0.242078
0.000491
0.000545
0.000672
0.000866
0.001130
0.001472
0.001900
0.002420
0.003044
0.003778
0.004633
0.005616
0.006737
0.008005
0.009429
0.011018
0.012781
0.014726
0.016863
0.019201
0.021749
0.024515
0.027508
0.030739
0.034215
0.037945
0.041940
0.046206
0.050754
0.055593
0.060731
0.066178
0.071941
0.078032
0.084457
0.091227
0.098350
0.105835
0.113692
0.121929
0.000259
0.000257
0.000254
0.000250
0.000245
0.000239
0.000234
0.000228
0.000221
0.000215
0.000208
0.000201
0.000194
0.000187
0.000180
0.000173
0.000166
0.000158
0.000151
0.000143
0.000136
0.000128
0.000121
0.000113
0.000106
0.000098
0.000091
0.000084
0.000076
0.000069
0.000062
0.000055
0.000048
0.000041
0.000034
0.000027
0.000020
0.000014
0.000008
0.000001
0.000026
-0.000031
-0.000164
-0.000367
-0.000641
-0.000994
-0.001432
-0.001965
-0.002601
-0.003348
-0.004216
-0.005213
-0.006348
-0.007630
-0.009069
-0.010672
-0.012449
-0.014409
-0.016561
-0.018914
-0.021477
-0.024258
-0.027267
-0.030512
-0.034003
-0.037748
-0.041757
-0.046039
-0.050602
-0.055455
-0.060607
-0.066068
-0.071846
-0.077950
-0.084389
-0.091173
-0.098309
-0.105807
-0.113677
-0.121926
-0.000202
-0.000315
-0.000576
-0.000974
-0.001514
-0.002209
-0.003074
-0.004126
-0.005382
-0.006859
-0.008575
-0.010548
-0.012795
-0.015334
-0.018182
-0.021358
-0.024880
-0.028764
-0.033029
-0.037693
-0.042773
-0.048288
-0.054254
-0.060690
-0.067614
-0.075043
-0.082995
-0.091488
-0.100540
-0.110169
-0.120391
-0.131226
-0.142691
-0.154803
-0.167581
-0.181042
-0.195204
-0.210086
-0.225703
-0.242076
-0.000424
-0.000590
-0.000976
-0.001563
-0.002361
-0.003388
-0.004667
-0.006223
-0.008081
-0.010267
-0.012806
-0.015726
-0.019052
-0.022811
-0.027028
-0.031731
-0.036945
-0.042697
-0.049013
-0.055920
-0.063444
-0.071611
-0.080448
-0.089981
-0.100237
-0.111241
-0.123021
-0.135602
-0.149011
-0.163275
-0.178419
-0.194470
-0.211454
-0.229398
-0.248328
-0.268271
-0.289253
-0.311300
-0.334438
-0.358695
-0.000636
-0.000853
-0.001358
-0.002126
-0.003169
-0.004513
-0.006188
-0.008225
-0.010658
-0.013521
-0.016847
-0.020671
-0.025028
-0.029952
-0.035476
-0.041637
-0.048468
-0.056004
-0.064280
-0.073329
-0.083187
-0.093888
-0.105467
-0.117958
-0.131396
-0.145816
-0.161251
-0.177737
-0.195308
-0.213998
-0.233843
-0.254876
-0.277133
-0.300647
-0.325454
-0.351588
-0.379083
-0.407974
-0.438296
-0.470084
-0.000835
-0.001100
-0.001716
-0.002653
-0.003928
-0.005570
-0.007615
-0.010104
-0.013077
-0.016575
-0.020639
-0.025312
-0.030636
-0.036653
-0.043404
-0.050933
-0.059282
-0.068492
-0.078606
-0.089666
-0.101715
-0.114794
-0.128946
-0.144213
-0.160637
-0.178262
-0.197128
-0.217278
-0.238755
-0.261600
-0.285856
-0.311565
-0.338769
-0.367511
-0.397833
-0.429777
-0.463385
-0.498700
-0.535763
-0.574618
-0.001017
-0.001326
-0.002045
-0.003138
-0.004625
-0.006541
-0.008928
-0.011832
-0.015301
-0.019383
-0.024126
-0.029580
-0.035794
-0.042816
-0.050696
-0.059484
-0.069228
-0.079978
-0.091783
-0.104693
-0.118756
-0.134023
-0.150542
-0.168362
-0.187534
-0.208106
-0.230128
-0.253649
-0.278718
-0.305385
-0.333699
-0.363709
-0.395464
-0.429015
-0.464409
-0.501698
-0.540929
-0.582152
-0.625417
-0.670773
-0.001181
-0.001529
-0.002340
-0.003574
-0.005252
-0.007413
-0.010107
-0.013384
-0.017299
-0.021905
-0.027258
-0.033413
-0.040426
-0.048351
-0.057245
-0.067163
-0.078161
-0.090294
-0.103619
-0.118190
-0.134063
-0.151294
-0.169940
-0.190054
-0.211693
-0.234914
-0.259770
-0.286319
-0.314616
-0.344715
-0.376674
-0.410548
-0.446392
-0.484262
-0.524213
-0.566302
-0.610585
-0.657116
-0.705951
-0.757146
-0.001323
-0.001706
-0.002597
-0.003953
-0.005797
-0.008173
-0.011134
-0.014737
-0.019040
-0.024104
-0.029989
-0.036756
-0.044465
-0.053178
-0.062956
-0.073860
-0.085952
-0.099291
-0.113940
-0.129960
-0.147412
-0.166357
-0.186857
-0.208972
-0.232763
-0.258293
-0.285623
-0.314812
-0.345923
-0.379017
-0.414156
-0.451399
-0.490809
-0.532446
-0.576372
-0.622649
-0.671336
-0.722496
-0.776190
-0.832479
-0.001442
-0.001854
-0.002812
-0.004271
-0.006255
-0.008811
-0.011996
-0.015871
-0.020501
-0.025948
-0.032279
-0.039559
-0.047853
-0.057226
-0.067746
-0.079477
-0.092485
-0.106837
-0.122597
-0.139833
-0.158609
-0.178991
-0.201046
-0.224839
-0.250437
-0.277904
-0.307307
-0.338712
-0.372185
-0.407790
-0.445596
-0.485666
-0.528067
-0.572865
-0.620126
-0.669915
-0.722298
-0.777341
-0.835110
-0.895672
-0.001536
-0.001971
-0.002983
-0.004523
-0.006617
-0.009315
-0.012678
-0.016770
-0.021658
-0.027410
-0.034095
-0.041781
-0.050539
-0.060437
-0.071544
-0.083931
-0.097667
-0.112821
-0.129463
-0.147663
-0.167489
-0.189012
-0.212301
-0.237425
-0.264455
-0.293459
-0.324508
-0.357671
-0.393016
-0.430615
-0.470536
-0.512849
-0.557624
-0.604929
-0.654835
-0.707411
-0.762725
-0.820850
-0.881853
-0.945804
-0.001603
-0.002055
-0.003105
-0.004704
-0.006879
-0.009681
-0.013172
-0.017421
-0.022496
-0.028468
-0.035409
-0.043391
-0.052484
-0.062762
-0.074295
-0.087158
-0.101421
-0.117157
-0.134438
-0.153336
-0.173924
-0.196273
-0.220457
-0.246546
-0.274614
-0.304733
-0.336974
-0.371411
-0.408115
-0.447158
-0.488613
-0.532552
-0.579047
-0.628170
-0.679994
-0.734590
-0.792031
-0.852389
-0.915736
-0.982144
-0.001643
-0.002105
-0.003179
-0.004814
-0.007036
-0.009900
-0.013470
-0.017813
-0.023002
-0.029108
-0.036204
-0.044363
-0.053660
-0.064168
-0.075960
-0.089110
-0.103692
-0.119780
-0.137448
-0.156770
-0.177819
-0.200669
-0.225394
-0.252069
-0.280766
-0.311560
-0.344524
-0.379732
-0.417259
-0.457178
-0.499563
-0.544487
-0.592025
-0.642250
-0.695236
-0.751056
-0.809785
-0.871497
-0.936265
-1.004163
-0.001654
-0.002120
-0.003202
-0.004848
-0.007087
-0.009972
-0.013567
-0.017942
-0.023168
-0.029319
-0.036466
-0.044686
-0.054050
-0.064634
-0.076512
-0.089759
-0.104448
-0.120654
-0.138451
-0.157914
-0.179117
-0.202135
-0.227042
-0.253912
-0.282820
-0.313840
-0.347046
-0.382514
-0.420316
-0.460528
-0.503225
-0.548480
-0.596367
-0.646962
-0.700338
-0.756569
-0.815731
-0.877897
-0.943141
-1.011539
-0.001638
-0.002100
-0.003174
-0.004808
-0.007031
-0.009894
-0.013463
-0.017805
-0.022993
-0.029098
-0.036193
-0.044352
-0.053648
-0.064154
-0.075945
-0.089095
-0.103676
-0.119764
-0.137431
-0.156752
-0.177800
-0.200650
-0.225374
-0.252049
-0.280746
-0.311540
-0.344504
-0.379713
-0.417241
-0.457160
-0.499546
-0.544472
-0.592011
-0.642238
-0.695226
-0.751048
-0.809780
-0.871494
-0.936264
-1.004164
-0.001593
-0.002046
-0.003096
-0.004694
-0.006867
-0.009668
-0.013158
-0.017405
-0.022478
-0.028449
-0.035388
-0.043368
-0.052459
-0.062735
-0.074267
-0.087128
-0.101389
-0.117123
-0.134402
-0.153299
-0.173886
-0.196234
-0.220417
-0.246506
-0.274574
-0.304693
-0.336935
-0.371372
-0.408077
-0.447122
-0.488580
-0.532521
-0.579019
-0.628146
-0.679974
-0.734574
-0.792019
-0.852382
-0.915733
-0.982146
-0.001520
-0.001957
-0.002968
-0.004507
-0.006600
-0.009297
-0.012657
-0.016747
-0.021632
-0.027381
-0.034063
-0.041747
-0.050502
-0.060397
-0.071502
-0.083886
-0.097619
-0.112771
-0.129410
-0.147607
-0.167432
-0.188953
-0.212241
-0.237364
-0.264394
-0.293399
-0.324448
-0.357611
-0.392959
-0.430560
-0.470485
-0.512802
-0.557581
-0.604892
-0.654803
-0.707385
-0.762707
-0.820839
-0.881848
-0.945806
-0.001421
-0.001835
-0.002793
-0.004251
-0.006232
-0.008786
-0.011968
-0.015840
-0.020466
-0.025910
-0.032238
-0.039514
-0.047804
-0.057174
-0.067689
-0.079417
-0.092421
-0.106769
-0.122526
-0.139759
-0.158532
-0.178912
-0.200965
-0.224757
-0.250354
-0.277821
-0.307225
-0.338631
-0.372106
-0.407716
-0.445525
-0.485600
-0.528008
-0.572813
-0.620082
-0.669879
-0.722272
-0.777325
-0.835104
-0.895674
-0.001296
-0.001683
-0.002573
-0.003928
-0.005769
-0.008142
-0.011099
-0.014698
-0.018997
-0.024057
-0.029937
-0.036700
-0.044404
-0.053113
-0.062886
-0.073785
-0.085872
-0.099207
-0.113851
-0.129867
-0.147316
-0.166257
-0.186754
-0.208867
-0.232658
-0.258187
-0.285517
-0.314708
-0.345822
-0.378920
-0.414063
-0.451313
-0.490731
-0.532377
-0.576314
-0.622601
-0.671301
-0.722474
-0.776180
-0.832482
-0.001148
-0.001501
-0.002312
-0.003544
-0.005218
-0.007376
-0.010065
-0.013338
-0.017247
-0.021849
-0.027196
-0.033346
-0.040353
-0.048273
-0.057161
-0.067073
-0.078065
-0.090193
-0.103512
-0.118078
-0.133946
-0.151173
-0.169815
-0.189927
-0.211564
-0.234783
-0.259640
-0.286190
-0.314489
-0.344592
-0.376557
-0.410438
-0.446292
-0.484173
-0.524137
-0.566241
-0.610539
-0.657086
-0.705938
-0.757150
-0.000979
-0.001294
-0.002012
-0.003103
-0.004587
-0.006498
-0.008880
-0.011779
-0.015242
-0.019318
-0.024055
-0.029502
-0.035709
-0.042724
-0.050598
-0.059379
-0.069116
-0.079859
-0.091658
-0.104561
-0.118619
-0.133880
-0.150394
-0.168211
-0.187380
-0.207950
-0.229970
-0.253492
-0.278563
-0.305233
-0.333553
-0.363571
-0.395338
-0.428901
-0.464311
-0.501617
-0.540868
-0.582112
-0.625399
-0.670777
-0.000790
-0.001063
-0.001679
-0.002614
-0.003884
-0.005521
-0.007561
-0.010043
-0.013010
-0.016500
-0.020558
-0.025223
-0.030540
-0.036549
-0.043293
-0.050814
-0.059154
-0.068356
-0.078463
-0.089515
-0.101557
-0.114629
-0.128775
-0.144037
-0.160457
-0.178078
-0.196941
-0.217090
-0.238568
-0.261416
-0.285677
-0.311394
-0.338610
-0.367366
-0.397706
-0.429671
-0.463304
-0.498646
-0.535738
-0.574622
-0.000585
-0.000813
-0.001317
-0.002082
-0.003120
-0.004459
-0.006127
-0.008158
-0.010583
-0.013438
-0.016756
-0.020572
-0.024921
-0.029835
-0.035351
-0.041503
-0.048325
-0.055852
-0.064119
-0.073159
-0.083009
-0.093702
-0.105273
-0.117757
-0.131188
-0.145602
-0.161033
-0.177516
-0.195086
-0.213777
-0.233626
-0.254666
-0.276933
-0.300462
-0.325289
-0.351448
-0.378973
-0.407900
-0.438261
-0.470089
-0.000365
-0.000547
-0.000932
-0.001515
-0.002307
-0.003328
-0.004600
-0.006148
-0.007998
-0.010176
-0.012706
-0.015617
-0.018934
-0.022683
-0.026890
-0.031583
-0.036787
-0.042528
-0.048834
-0.055731
-0.063245
-0.071402
-0.080230
-0.089754
-0.100001
-0.110997
-0.122770
-0.135345
-0.148750
-0.163012
-0.178157
-0.194212
-0.211204
-0.229161
-0.248111
-0.268081
-0.289099
-0.311191
-0.334384
-0.358700
-0.000135
-0.000269
-0.000529
-0.000922
-0.001456
-0.002143
-0.003001
-0.004045
-0.005292
-0.006760
-0.008467
-0.010429
-0.012666
-0.015194
-0.018032
-0.021197
-0.024707
-0.028580
-0.032833
-0.037485
-0.042553
-0.048056
-0.054011
-0.060436
-0.067348
-0.074767
-0.082709
-0.091193
-0.100237
-0.109859
-0.120078
-0.130912
-0.142379
-0.154499
-0.167292
-0.180778
-0.194979
-0.209916
-0.225611
-0.242081
0.000103
0.000017
-0.000114
-0.000311
-0.000578
-0.000924
-0.001354
-0.001878
-0.002504
-0.003242
-0.004099
-0.005085
-0.006209
-0.007480
-0.008906
-0.010497
-0.012262
-0.014209
-0.016348
-0.018687
-0.021236
-0.024004
-0.026999
-0.030231
-0.033708
-0.037440
-0.041436
-0.045704
-0.050254
-0.055096
-0.060238
-0.065689
-0.071461
-0.077562
-0.084004
-0.090798
-0.097961
-0.105512
-0.113484
-0.121931
0.000347
0.000306
0.000307
0.000309
0.000311
0.000314
0.000317
0.000321
0.000325
0.000329
0.000333
0.000338
0.000343
0.000349
0.000354
0.000360
0.000367
0.000374
0.000381
0.000388
0.000396
0.000404
0.000412
0.000421
0.000430
0.000439
0.000449
0.000459
0.000469
0.000479
0.000490
0.000502
0.000513
0.000525
0.000537
0.000550
0.000563
0.000576
0.000592
-0.000004
