3.034059
2.989841
2.900523
2.787680
2.663204
2.534101
2.404669
2.277616
2.154646
2.036827
1.924802
1.818927
1.719362
1.626142
1.539213
1.458462
1.383745
1.314895
1.251737
1.194094
1.141793
1.094669
1.052568
1.015343
0.982864
0.955012
0.931679
0.912772
0.898207
0.887916
0.881837
0.879922
0.882132
0.888436
0.898813
0.913248
0.931735
0.954274
0.980871
1.011539
3.035406
2.991171
2.901807
2.788893
2.664321
2.535102
2.405538
2.278339
2.155215
2.037235
1.925045
1.819001
1.719267
1.625876
1.538775
1.457852
1.382961
1.313936
1.250600
1.192775
1.140288
1.092972
1.050671
1.013240
0.980545
0.952467
0.928896
0.909738
0.894910
0.884340
0.877967
0.875741
0.877623
0.883579
0.893589
0.907638
0.925717
0.947827
0.973972
1.004163
3.039448
2.995160
2.905663
2.792535
2.667678
2.538112
2.408150
2.280515
2.156926
2.038463
1.925776
1.819227
1.718984
1.625082
1.537467
1.456028
1.380617
1.311067
1.247198
1.188829
1.135785
1.087895
1.045000
1.006951
0.973612
0.944858
0.920578
0.900674
0.885058
0.873657
0.866406
0.863253
0.864154
0.869076
0.877992
0.890887
0.907750
0.928577
0.953372
0.982145
3.046188
3.001815
2.912096
2.798616
2.673286
2.543142
2.412519
2.284157
2.159795
2.040525
1.927010
1.819621
1.718530
1.623775
1.535305
1.453009
1.376734
1.306312
1.241559
1.182290
1.128323
1.079484
1.035608
0.996539
0.962135
0.932266
0.906816
0.885680
0.868767
0.855996
0.847299
0.842618
0.841904
0.845120
0.852235
0.863229
0.878086
0.896801
0.919372
0.945805
3.055632
3.011142
2.921119
2.807151
2.681164
2.550214
2.418667
2.289289
2.163844
2.043446
1.928772
1.820206
1.717928
1.621982
1.532318
1.448823
1.371346
1.299711
1.233729
1.173210
1.117966
1.067813
1.022579
0.982100
0.946228
0.914822
0.887760
0.864929
0.846229
0.831573
0.820886
0.814102
0.811166
0.812034
0.816671
0.825048
0.837146
0.852952
0.872461
0.895673
3.067786
3.023151
2.932748
2.818162
2.691337
2.559357
2.426625
2.295944
2.169108
2.047258
1.931094
1.821015
1.717213
1.619738
1.528542
1.443514
1.364499
1.291315
1.223770
1.161663
1.104798
1.052982
1.006031
0.963773
0.926049
0.892708
0.863617
0.838654
0.817708
0.800684
0.787496
0.778070
0.772344
0.770264
0.771786
0.776875
0.785506
0.797657
0.813317
0.832480
3.082660
3.037857
2.947003
2.831678
2.703840
2.570611
2.436437
2.304165
2.175630
2.052005
1.934019
1.822091
1.716427
1.617085
1.524025
1.437132
1.356251
1.281194
1.211759
1.147739
1.088925
1.035113
0.986109
0.941727
0.901793
0.866148
0.834644
0.807146
0.783533
0.763697
0.747541
0.734981
0.725943
0.720364
0.718191
0.719380
0.723894
0.731706
0.742795
0.757148
3.100264
3.055275
2.963910
2.847732
2.718714
2.584022
2.448152
2.314005
2.183462
2.057740
1.937599
1.823485
1.715621
1.614078
1.518821
1.429738
1.346668
1.269421
1.197785
1.131541
1.070470
1.014353
0.962982
0.916158
0.873691
0.835406
0.801142
0.770750
0.744093
0.721050
0.701510
0.685378
0.672565
0.662999
0.656614
0.653355
0.653176
0.656038
0.661912
0.670775
3.120610
3.075423
2.983497
2.866365
2.736012
2.599649
2.461833
2.325526
2.192669
2.064525
1.941895
1.825256
1.714854
1.610775
1.512992
1.421396
1.335825
1.256081
1.181944
1.113184
1.049567
0.990860
0.936839
0.887286
0.841997
0.800779
0.763453
0.729853
0.699827
0.673238
0.649959
0.629879
0.612898
0.598926
0.587887
0.579711
0.574342
0.571730
0.571834
0.574620
3.143709
3.098320
3.005798
2.887624
2.755790
2.617557
2.477550
2.338804
2.203325
2.072432
1.946977
1.827472
1.714192
1.607243
1.506607
1.412181
1.323801
1.241265
1.164343
1.092791
1.026362
0.964806
0.907881
0.855350
0.806990
0.762589
0.721947
0.684881
0.651220
0.620806
0.593499
0.569168
0.547697
0.528981
0.512929
0.499457
0.488495
0.479980
0.473859
0.470086
3.169572
3.123990
3.030852
2.911562
2.778115
2.637822
2.495386
2.353923
2.215513
2.081545
1.952925
1.830209
1.713709
1.603552
1.499736
1.402165
1.310676
1.225061
1.145084
1.070485
1.001002
0.936367
0.876317
0.820597
0.768960
0.721174
0.677017
0.636284
0.598783
0.564338
0.532785
0.503978
0.477779
0.454069
0.432737
0.413685
0.396827
0.382087
0.369396
0.358697
3.198213
3.152454
3.058698
2.938240
2.803061
2.660531
2.515435
2.370979
2.229330
2.091956
1.959827
1.833553
1.713485
1.599780
1.492455
1.391426
1.296533
1.207563
1.124272
1.046388
0.973632
0.905716
0.842356
0.783274
0.728201
0.676879
0.629065
0.584528
0.543053
0.504440
0.468506
0.435079
0.404005
0.375143
0.348364
0.323553
0.300606
0.279432
0.259946
0.242078
3.229641
3.183737
3.089383
2.967723
2.830715
2.685780
2.537800
2.390079
2.244884
2.103770
1.967782
1.837594
1.713604
1.596005
1.484840
1.380040
1.281449
1.188856
1.102005
1.020615
0.944388
0.873018
0.806197
0.743623
0.685002
0.630049
0.578494
0.530081
0.484569
0.441732
0.401362
0.363264
0.327262
0.293192
0.260905
0.230266
0.201154
0.173457
0.147078
0.121929
3.263867
3.217862
3.122955
3.000085
2.861167
2.713678
2.562599
2.411345
2.262296
2.117103
1.976899
1.842432
1.714157
1.592311
1.476967
1.368077
1.265495
1.169013
1.078367
0.993266
0.913393
0.838424
0.768025
0.701870
0.639636
0.581010
0.525694
0.473401
0.423864
0.376827
0.332056
0.289330
0.248446
0.209218
0.171473
0.135055
0.099822
0.065645
0.032406
0.000001
3.300894
3.254854
3.159467
3.035405
2.894521
2.744345
2.589964
2.434914
2.281698
2.132083
1.987299
1.848178
1.715242
1.588782
1.468911
1.355604
1.248735
1.148097
1.053427
0.964421
0.880746
0.802057
0.727997
0.658212
0.592348
0.530064
0.471028
0.414923
0.361449
0.310322
0.261276
0.214061
0.168446
0.124220
0.081183
0.039157
-0.002023
-0.042508
-0.082435
-0.121926
3.340727
3.294734
3.198973
3.073769
2.930889
2.777912
2.620038
2.460935
2.303242
2.148854
1.999113
1.854948
1.716960
1.585504
1.460741
1.342681
1.231218
1.126156
1.027232
0.934133
0.846515
0.764009
0.686235
0.612807
0.543344
0.477470
0.414819
0.355040
0.297799
0.242776
0.189674
0.138210
0.088124
0.039172
-0.008870
-0.056208
-0.103032
-0.149515
-0.195815
-0.242076
3.383363
3.337525
3.241530
3.115270
2.970394
2.814526
2.652980
2.489574
2.327092
2.167573
2.012487
1.862871
1.719421
1.582566
1.452527
1.329357
1.212979
1.103213
0.999801
0.902427
0.810732
0.724329
0.642811
0.565766
0.492777
0.423434
0.357335
0.294091
0.233329
0.174694
0.117850
0.062480
0.008290
-0.044997
-0.097635
-0.149860
-0.201888
-0.253919
-0.306132
-0.358695
3.428793
3.383244
3.287196
3.160008
3.013172
2.854346
2.688969
2.521015
2.353434
2.188418
2.027581
1.872087
1.722740
1.580058
1.444333
1.315671
1.194035
1.079268
0.971122
0.869283
0.773381
0.683012
0.597745
0.517135
0.440734
0.368094
0.298772
0.232340
0.168383
0.106506
0.046331
-0.012497
-0.070312
-0.127424
-0.184124
-0.240678
-0.297335
-0.354319
-0.411839
-0.470084
3.476997
3.431905
3.336036
3.208092
3.059366
2.897546
2.728199
2.555463
2.382469
2.211581
2.044572
1.882750
1.727043
1.578073
1.436219
1.301651
1.174383
1.054291
0.941145
0.834637
0.734393
0.639992
0.550981
0.466885
0.387220
0.311498
0.239236
0.169961
0.103212
0.038549
-0.024450
-0.086185
-0.147030
-0.207338
-0.267437
-0.327631
-0.388198
-0.449398
-0.511466
-0.574618
3.527950
3.483519
3.388113
3.259634
3.109134
2.944318
2.770882
2.593144
2.414425
2.237279
2.063658
1.895030
1.732466
1.576710
1.428240
1.287312
1.153998
1.028219
0.909776
0.798372
0.693635
0.595130
0.502384
0.414895
0.332142
0.253595
0.178726
0.107014
0.037951
-0.028956
-0.094177
-0.158160
-0.221329
-0.284081
-0.346786
-0.409790
-0.473410
-0.537940
-0.603645
-0.670773
3.581610
3.538090
3.443492
3.314757
3.162647
2.994870
2.817253
2.634305
2.449553
2.265755
2.085061
1.909119
1.739160
1.576073
1.420454
1.272656
1.132831
1.000957
0.876876
0.760311
0.650899
0.548201
0.451725
0.360941
0.275292
0.194207
0.117110
0.043427
-0.027402
-0.095926
-0.162671
-0.228140
-0.292809
-0.357128
-0.421516
-0.486364
-0.552032
-0.618854
-0.687133
-0.757146
3.637921
3.595618
3.502239
3.373593
3.220088
3.049427
2.867569
2.679223
2.488131
2.297278
2.109027
1.925227
1.747293
1.576277
1.412914
1.257677
1.110811
0.972372
0.842251
0.720210
0.605901
0.498886
0.398663
0.304675
0.216331
0.133017
0.054106
-0.021030
-0.093011
-0.162447
-0.229925
-0.296010
-0.361240
-0.426123
-0.491133
-0.556715
-0.623278
-0.691201
-0.760830
-0.832479
3.696810
3.656088
3.564421
3.436275
3.281653
3.108235
2.922113
2.728201
2.530472
2.332150
2.135835
1.943596
1.757056
1.577451
1.405682
1.242359
1.087847
0.942291
0.805657
0.677754
0.558263
0.446759
0.342734
0.245610
0.154765
0.069540
-0.010743
-0.086771
-0.159229
-0.228794
-0.296122
-0.361850
-0.426582
-0.490895
-0.555328
-0.620386
-0.686537
-0.754212
-0.823804
-0.895672
3.758180
3.719482
3.630106
3.502949
3.347554
3.171559
2.981192
2.781574
2.576922
2.370713
2.165802
1.964503
1.768669
1.579748
1.398827
1.226685
1.063823
0.910507
0.766790
0.632550
0.507512
0.391276
0.283336
0.183104
0.089926
0.003103
-0.078097
-0.154423
-0.226631
-0.295470
-0.361677
-0.425965
-0.489020
-0.551496
-0.614007
-0.677130
-0.741399
-0.807308
-0.875306
-0.945804
3.821909
3.785768
3.699361
3.573767
3.418016
3.239688
3.045142
2.839712
2.627867
2.413349
2.199287
1.988264
1.782389
1.583344
1.392437
1.210636
1.038614
0.876776
0.725290
0.584125
0.453069
0.331762
0.219715
0.116335
0.020948
-0.067185
-0.148850
-0.224860
-0.296046
-0.363241
-0.427266
-0.488928
-0.549002
-0.608232
-0.667323
-0.726933
-0.787678
-0.850124
-0.914790
-0.982144
3.887839
3.854904
3.772255
3.648893
3.493281
3.312933
3.114331
2.903023
2.683734
2.460487
2.236701
2.015249
1.798517
1.588457
1.386622
1.194207
1.012082
0.840822
0.680741
0.531923
0.394244
0.267402
0.150944
0.044286
-0.053259
-0.142463
-0.224162
-0.299239
-0.368602
-0.433175
-0.493877
-0.551616
-0.607276
-0.661703
-0.715708
-0.770050
-0.825439
-0.882530
-0.941924
-1.004163
3.955778
3.926833
3.848854
3.728490
3.573602
3.391624
3.189158
2.971957
2.745004
2.512616
2.278513
2.045882
1.817412
1.595353
1.381536
1.177414
0.984090
0.802347
0.632676
0.475306
0.330229
0.197231
0.075913
-0.034280
-0.134035
-0.224149
-0.305504
-0.379047
-0.445771
-0.506698
-0.562856
-0.615269
-0.664942
-0.712848
-0.759920
-0.807038
-0.855028
-0.904653
-0.956612
-1.011539
4.025480
4.001487
3.929228
3.812739
3.659254
3.476123
3.270056
3.047004
2.812210
2.570284
2.325263
2.080662
1.839503
1.604360
1.377378
1.160306
0.954517
0.761041
0.580582
0.413554
0.260102
0.120126
-0.006688
-0.120842
-0.223005
-0.313982
-0.394693
-0.466149
-0.529427
-0.585651
-0.635972
-0.681546
-0.723517
-0.763007
-0.801094
-0.838806
-0.877110
-0.916902
-0.959005
-1.004164
4.096645
4.078786
4.013450
3.901823
3.750520
3.566808
3.357493
3.128707
2.885945
2.634110
2.377566
2.120170
1.865301
1.615886
1.374421
1.142987
0.923272
0.716593
0.523915
0.345879
0.182821
0.034799
-0.098382
-0.217142
-0.322103
-0.414059
-0.493953
-0.562851
-0.621911
-0.672366
-0.715497
-0.752608
-0.785008
-0.813989
-0.840806
-0.866666
-0.892710
-0.920001
-0.949517
-0.982146
4.168900
4.158636
4.101592
3.995935
3.847702
3.664089
3.451974
3.217656
2.966866
2.704793
2.436128
2.165086
1.895418
1.630441
1.373027
1.125637
0.890316
0.668717
0.462116
0.271430
0.097237
-0.060202
-0.200917
-0.325206
-0.433611
-0.526884
-0.605968
-0.671967
-0.726116
-0.769754
-0.804300
-0.831222
-0.852014
-0.868171
-0.881163
-0.892411
-0.903276
-0.915030
-0.928850
-0.945806
4.241779
4.240937
4.193734
4.095270
3.951114
3.768393
3.554043
3.314498
3.055703
2.783118
2.501759
2.216201
1.930591
1.648652
1.373677
1.108539
0.855692
0.617178
0.394637
0.189320
0.002105
-0.166487
-0.316269
-0.447365
-0.560188
-0.655412
-0.733945
-0.796905
-0.845582
-0.881417
-0.905968
-0.920882
-0.927860
-0.928631
-0.924919
-0.918418
-0.910755
-0.903475
-0.898013
-0.895674
4.314709
4.325585
4.289958
4.200036
4.061080
3.880174
3.664278
3.419933
3.153258
2.869965
2.575378
2.274439
1.971693
1.671298
1.376993
1.092111
0.819560
0.561825
0.320973
0.098652
-0.103893
-0.285814
-0.446641
-0.586262
-0.704902
-0.803102
-0.881689
-0.941752
-0.984611
-1.011786
-1.024969
-1.025987
-1.016770
-0.999314
-0.975647
-0.947790
-0.917715
-0.887314
-0.858361
-0.832482
4.386977
4.412488
4.390361
4.310441
4.177936
3.999906
3.783300
3.534719
3.260417
2.966319
2.658039
2.340873
2.019770
1.699335
1.383786
1.076947
0.782234
0.502635
0.240703
-0.001440
-0.222112
-0.420060
-0.594452
-0.744861
-0.871253
-0.973962
-1.053671
-1.111384
-1.148401
-1.166286
-1.166838
-1.152057
-1.124109
-1.085287
-1.037970
-0.984577
-0.927516
-0.869132
-0.811655
-0.757150
4.457693
4.501575
4.495047
4.426699
4.302021
4.128076
3.911760
3.659675
3.378148
3.073277
2.750934
2.416745
2.076060
1.733932
1.395083
1.063865
0.744245
0.439770
0.153554
-0.111737
-0.353897
-0.571181
-0.762303
-0.926431
-1.063179
-1.172585
-1.255103
-1.311572
-1.343199
-1.351530
-1.338423
-1.306018
-1.256703
-1.193077
-1.117911
-1.034097
-0.944586
-0.852321
-0.760157
-0.670777
4.525733
4.592825
4.604140
4.549020
4.433675
4.265188
4.050345
3.795671
3.507504
3.192057
2.855411
2.503489
2.142020
1.776507
1.412183
1.053958
0.706391
0.373646
0.059465
-0.232860
-0.500509
-0.741146
-0.952930
-1.134516
-1.285053
-1.404175
-1.491996
-1.549087
-1.576460
-1.575547
-1.548182
-1.496572
-1.423272
-1.331162
-1.223413
-1.103445
-0.974870
-0.841413
-0.706800
-0.574622
4.589685
4.686311
4.717782
4.677611
4.573234
4.411754
4.199767
3.943634
3.649629
3.324004
2.972986
2.602746
2.219360
1.828766
1.436702
1.048656
0.669814
0.305010
-0.041321
-0.365179
-0.663034
-0.931854
-1.169127
-1.372869
-1.541637
-1.674532
-1.771194
-1.831786
-1.856995
-1.848010
-1.806507
-1.734634
-1.635000
-1.510663
-1.365126
-1.202327
-1.026614
-0.842696
-0.655524
-0.470089
4.647751
4.782249
4.836128
4.812664
4.721024
4.568286
4.360761
4.104548
3.805756
3.470594
3.105354
2.716389
2.310074
1.892743
1.470630
1.049799
0.636088
0.235041
-0.148150
-0.508696
-0.842263
-1.145009
-1.413623
-1.645348
-1.838006
-1.990007
-2.100357
-2.168657
-2.195098
-2.180453
-2.126066
-2.033838
-1.906231
-1.746270
-1.557577
-1.344418
-1.111777
-0.865437
-0.611996
-0.358700
4.697624
4.881095
4.959350
4.954349
4.877347
4.735289
4.534074
4.279432
3.977201
3.633434
3.254396
2.846542
2.416469
1.970854
1.516392
1.059711
0.607305
0.165458
-0.259829
-0.662906
-1.038537
-1.381958
-1.688928
-1.955769
-2.179401
-2.357376
-2.487889
-2.569786
-2.602572
-2.586401
-2.522070
-2.410997
-2.255222
-2.057401
-1.820849
-1.549629
-1.248765
-0.924613
-0.585446
-0.242081
4.736320
4.983663
5.087612
5.102803
5.042481
4.913251
4.720464
4.469350
4.165358
3.814263
3.422192
2.995590
2.541188
2.065932
1.576913
1.081287
0.586189
0.098655
-0.374472
-0.826618
-1.251558
-1.643493
-1.997119
-2.307679
-2.571025
-2.783657
-2.942760
-3.046219
-3.092638
-3.081336
-3.012340
-2.886342
-2.704677
-2.469262
-2.182549
-1.847494
-1.467657
-1.047643
-0.594535
-0.121931
4.759949
5.091327
5.221038
5.258115
5.216660
5.102633
4.920679
4.675392
4.371691
4.014950
3.611014
3.166200
2.687251
2.181277
1.655680
1.118077
0.576207
0.037836
-0.489332
-0.997757
-1.480157
-1.929595
-2.339568
-2.704087
-3.017753
-3.275814
-3.474226
-3.609688
-3.679674
-3.682445
-3.617041
-3.483247
-3.281531
-3.012927
-2.678819
-2.280562
-1.818743
-1.291664
-0.692088
-0.000004
