-0.858548
-0.851353
-0.836284
-0.816252
-0.792766
-0.766691
-0.738558
-0.708712
-0.677379
-0.644710
-0.610805
-0.575726
-0.539506
-0.502161
-0.463686
-0.424066
-0.383276
-0.341280
-0.298036
-0.253498
-0.207610
-0.160317
-0.111557
-0.061265
-0.009376
0.044182
0.099479
0.156588
0.215585
0.276545
0.339547
0.404667
0.471986
0.541583
0.613538
0.687933
0.764849
0.844367
0.926570
1.011539
-0.858767
-0.851582
-0.836536
-0.816532
-0.793079
-0.767041
-0.738950
-0.709148
-0.677864
-0.645249
-0.611402
-0.576387
-0.540237
-0.502969
-0.464578
-0.425052
-0.384363
-0.342478
-0.299356
-0.254949
-0.209205
-0.162067
-0.113476
-0.063367
-0.011673
0.041673
0.096743
0.153610
0.212347
0.273030
0.335736
0.400543
0.467529
0.536773
0.608355
0.682356
0.758856
0.837937
0.919678
1.004163
-0.859424
-0.852271
-0.837290
-0.817372
-0.794018
-0.768092
-0.740122
-0.710455
-0.679317
-0.646861
-0.613189
-0.578365
-0.542426
-0.505387
-0.467249
-0.428000
-0.387614
-0.346060
-0.303300
-0.259287
-0.213971
-0.167299
-0.119210
-0.069645
-0.018537
0.034179
0.088572
0.144714
0.202676
0.262533
0.324358
0.388229
0.454221
0.522412
0.592881
0.665705
0.740965
0.818738
0.899105
0.982145
-0.860517
-0.853417
-0.838544
-0.818769
-0.795581
-0.769839
-0.742073
-0.712627
-0.681731
-0.649539
-0.616156
-0.581649
-0.546056
-0.509398
-0.471678
-0.432885
-0.393000
-0.351993
-0.309829
-0.266466
-0.221857
-0.175951
-0.128693
-0.080023
-0.029882
0.021794
0.075072
0.130018
0.186703
0.245196
0.305569
0.367896
0.432249
0.498704
0.567336
0.638220
0.711432
0.787049
0.865147
0.945805
-0.862042
-0.855016
-0.840296
-0.820718
-0.797761
-0.772277
-0.744794
-0.715656
-0.685096
-0.653270
-0.620288
-0.586218
-0.551106
-0.514973
-0.477829
-0.439667
-0.400472
-0.360219
-0.318878
-0.276411
-0.232776
-0.187926
-0.141811
-0.094377
-0.045567
0.004678
0.056418
0.109718
0.164642
0.221256
0.279629
0.339828
0.401923
0.465985
0.532084
0.600294
0.670684
0.743329
0.818301
0.895673
-0.863995
-0.857065
-0.842539
-0.823216
-0.800554
-0.775399
-0.748275
-0.719530
-0.689397
-0.658036
-0.625561
-0.592046
-0.557540
-0.522072
-0.485655
-0.448288
-0.409963
-0.370660
-0.330355
-0.289016
-0.246607
-0.203087
-0.158411
-0.112531
-0.065396
-0.016954
0.032853
0.084080
0.136789
0.191039
0.246893
0.304414
0.363667
0.424717
0.487629
0.552471
0.619309
0.688211
0.759245
0.832480
-0.866371
-0.859557
-0.845269
-0.826254
-0.803951
-0.779194
-0.752506
-0.724235
-0.694616
-0.663815
-0.631949
-0.599099
-0.565319
-0.530644
-0.495095
-0.458678
-0.421390
-0.383220
-0.344149
-0.304153
-0.263202
-0.221264
-0.178299
-0.134268
-0.089126
-0.042826
0.004680
0.053443
0.103516
0.154954
0.207812
0.262148
0.318018
0.375483
0.434602
0.495436
0.558045
0.622492
0.688839
0.757148
-0.869162
-0.862485
-0.848476
-0.829826
-0.807943
-0.783652
-0.757473
-0.729753
-0.700731
-0.670578
-0.639417
-0.607334
-0.574391
-0.540631
-0.506079
-0.470752
-0.434653
-0.397780
-0.360123
-0.321663
-0.282382
-0.242253
-0.201246
-0.159328
-0.116464
-0.072614
-0.027738
0.018207
0.065268
0.113490
0.162922
0.213613
0.265615
0.318979
0.373758
0.430006
0.487776
0.547124
0.608105
0.670775
-0.872360
-0.865841
-0.852154
-0.833920
-0.812519
-0.788759
-0.763158
-0.736063
-0.707717
-0.678296
-0.647928
-0.616707
-0.584701
-0.551963
-0.518526
-0.484414
-0.449640
-0.414210
-0.378123
-0.341372
-0.303944
-0.265823
-0.226988
-0.187415
-0.147078
-0.105947
-0.063988
-0.021168
0.022550
0.067204
0.112834
0.159482
0.207190
0.256002
0.305962
0.357117
0.409513
0.463197
0.518216
0.574620
-0.875955
-0.869615
-0.856292
-0.838527
-0.817665
-0.794500
-0.769544
-0.743144
-0.715547
-0.686934
-0.657439
-0.627165
-0.596187
-0.564566
-0.532345
-0.499557
-0.466224
-0.432363
-0.397981
-0.363082
-0.327663
-0.291717
-0.255235
-0.218201
-0.180599
-0.142410
-0.103609
-0.064172
-0.024073
0.016718
0.058231
0.100500
0.143556
0.187436
0.232175
0.277810
0.324380
0.371923
0.420478
0.470086
-0.879936
-0.873797
-0.860878
-0.843634
-0.823369
-0.800859
-0.776610
-0.750971
-0.724190
-0.696455
-0.667906
-0.638653
-0.608781
-0.578359
-0.547440
-0.516067
-0.484272
-0.452080
-0.419513
-0.386582
-0.353296
-0.319659
-0.285672
-0.251330
-0.216629
-0.181557
-0.146104
-0.110254
-0.073991
-0.037296
-0.000148
0.037475
0.075597
0.114244
0.153441
0.193217
0.233601
0.274622
0.316310
0.358697
-0.884291
-0.878374
-0.865901
-0.849229
-0.829615
-0.807817
-0.784335
-0.759517
-0.733614
-0.706819
-0.679279
-0.651112
-0.622413
-0.593258
-0.563710
-0.533823
-0.503640
-0.473197
-0.442525
-0.411648
-0.380587
-0.349355
-0.317966
-0.286427
-0.254743
-0.222916
-0.190945
-0.158826
-0.126555
-0.094122
-0.061518
-0.028730
0.004253
0.037449
0.070873
0.104542
0.138477
0.172698
0.207224
0.242078
-0.889007
-0.883333
-0.871347
-0.855295
-0.836387
-0.815357
-0.792698
-0.768756
-0.743786
-0.717985
-0.691509
-0.664482
-0.637008
-0.609172
-0.581049
-0.552700
-0.524182
-0.495541
-0.466818
-0.438051
-0.409270
-0.380503
-0.351773
-0.323101
-0.294503
-0.265994
-0.237583
-0.209279
-0.181089
-0.153015
-0.125059
-0.097219
-0.069494
-0.041880
-0.014369
0.013045
0.040372
0.067620
0.094802
0.121929
-0.894068
-0.888660
-0.877202
-0.861820
-0.843668
-0.823458
-0.801673
-0.778658
-0.754671
-0.729912
-0.704545
-0.678701
-0.652492
-0.626014
-0.599350
-0.572573
-0.545749
-0.518937
-0.492189
-0.465554
-0.439075
-0.412793
-0.386742
-0.360955
-0.335461
-0.310288
-0.285456
-0.260988
-0.236901
-0.213211
-0.189930
-0.167069
-0.144637
-0.122642
-0.101087
-0.079977
-0.059314
-0.039097
-0.019326
0.000001
-0.899459
-0.894339
-0.883450
-0.868785
-0.851440
-0.832099
-0.811237
-0.789195
-0.766233
-0.742557
-0.718335
-0.693706
-0.668791
-0.643694
-0.618507
-0.593315
-0.568193
-0.543212
-0.518436
-0.493925
-0.469734
-0.445917
-0.422520
-0.399590
-0.377168
-0.355293
-0.334001
-0.313324
-0.293294
-0.273939
-0.255282
-0.237348
-0.220156
-0.203726
-0.188073
-0.173213
-0.159157
-0.145918
-0.133505
-0.121926
-0.905162
-0.900353
-0.890076
-0.876176
-0.859684
-0.841260
-0.821366
-0.800338
-0.778439
-0.755878
-0.732828
-0.709437
-0.685831
-0.662124
-0.638416
-0.614802
-0.591369
-0.568196
-0.545361
-0.522934
-0.500983
-0.479573
-0.458764
-0.438615
-0.419181
-0.400512
-0.382658
-0.365666
-0.349577
-0.334434
-0.320272
-0.307129
-0.295036
-0.284023
-0.274119
-0.265350
-0.257740
-0.251311
-0.246083
-0.242076
-0.911158
-0.906685
-0.897062
-0.883973
-0.868383
-0.850920
-0.832033
-0.812057
-0.791252
-0.769833
-0.747976
-0.725834
-0.703542
-0.681220
-0.658978
-0.636918
-0.615138
-0.593728
-0.572776
-0.552362
-0.532568
-0.513470
-0.495142
-0.477653
-0.461071
-0.445463
-0.430889
-0.417408
-0.405078
-0.393951
-0.384077
-0.375506
-0.368281
-0.362446
-0.358041
-0.355103
-0.353667
-0.353766
-0.355433
-0.358695
-0.917427
-0.913316
-0.904389
-0.892159
-0.877516
-0.861056
-0.843215
-0.824322
-0.804640
-0.784382
-0.763730
-0.742841
-0.721857
-0.700904
-0.680099
-0.659553
-0.639372
-0.619656
-0.600503
-0.582005
-0.564253
-0.547336
-0.531339
-0.516345
-0.502436
-0.489688
-0.478177
-0.467975
-0.459152
-0.451775
-0.445907
-0.441608
-0.438937
-0.437948
-0.438694
-0.441224
-0.445585
-0.451821
-0.459974
-0.470084
-0.923946
-0.920225
-0.912040
-0.900716
-0.887064
-0.871647
-0.854887
-0.837107
-0.818569
-0.799487
-0.780045
-0.760406
-0.740714
-0.721101
-0.701693
-0.682605
-0.663952
-0.645842
-0.628382
-0.611674
-0.595820
-0.580920
-0.567070
-0.554365
-0.542900
-0.532764
-0.524045
-0.516830
-0.511201
-0.507238
-0.505017
-0.504614
-0.506097
-0.509535
-0.514993
-0.522532
-0.532210
-0.544082
-0.558201
-0.574618
-0.930692
-0.927392
-0.919996
-0.909624
-0.897007
-0.882672
-0.867026
-0.850385
-0.833009
-0.815112
-0.796881
-0.778481
-0.760058
-0.741749
-0.723684
-0.705985
-0.688774
-0.672164
-0.656270
-0.641205
-0.627079
-0.614001
-0.602079
-0.591420
-0.582129
-0.574310
-0.568063
-0.563486
-0.560676
-0.559727
-0.560728
-0.563767
-0.568927
-0.576289
-0.585930
-0.597923
-0.612339
-0.629243
-0.648701
-0.670773
-0.937639
-0.934794
-0.928236
-0.918866
-0.907325
-0.894109
-0.879606
-0.864128
-0.847929
-0.831225
-0.814201
-0.797022
-0.779838
-0.762789
-0.746006
-0.729618
-0.713749
-0.698519
-0.684049
-0.670459
-0.657867
-0.646391
-0.636149
-0.627259
-0.619836
-0.613996
-0.609852
-0.607516
-0.607096
-0.608699
-0.612430
-0.618389
-0.626673
-0.637375
-0.650587
-0.666392
-0.684874
-0.706112
-0.730179
-0.757146
-0.944760
-0.942408
-0.936742
-0.928421
-0.918001
-0.905938
-0.892608
-0.878312
-0.863304
-0.847795
-0.831970
-0.815992
-0.800014
-0.784175
-0.768608
-0.753443
-0.738808
-0.724827
-0.711625
-0.699327
-0.688057
-0.677943
-0.669109
-0.661681
-0.655787
-0.651553
-0.649104
-0.648563
-0.650053
-0.653694
-0.659603
-0.667895
-0.678681
-0.692067
-0.708158
-0.727051
-0.748842
-0.773620
-0.801472
-0.832479
-0.952024
-0.950210
-0.945491
-0.938271
-0.929013
-0.918139
-0.906007
-0.892915
-0.879108
-0.864795
-0.850159
-0.835361
-0.820551
-0.805869
-0.791447
-0.777414
-0.763900
-0.751029
-0.738931
-0.727731
-0.717561
-0.708550
-0.700832
-0.694540
-0.689810
-0.686778
-0.685581
-0.686352
-0.689228
-0.694341
-0.701824
-0.711805
-0.724407
-0.739754
-0.757962
-0.779142
-0.803403
-0.830847
-0.861573
-0.895672
-0.959398
-0.958175
-0.954465
-0.948398
-0.940343
-0.930691
-0.919785
-0.907914
-0.895318
-0.882201
-0.868744
-0.855103
-0.841424
-0.827846
-0.814496
-0.801504
-0.788995
-0.777095
-0.765931
-0.755632
-0.746329
-0.738156
-0.731250
-0.725751
-0.721801
-0.719545
-0.719128
-0.720697
-0.724398
-0.730379
-0.738784
-0.749756
-0.763435
-0.779958
-0.799454
-0.822052
-0.847873
-0.877033
-0.909642
-0.945804
-0.966848
-0.966275
-0.963643
-0.958781
-0.951973
-0.943576
-0.933921
-0.923288
-0.911913
-0.899994
-0.887705
-0.875198
-0.862616
-0.850089
-0.837743
-0.825701
-0.814085
-0.803017
-0.792621
-0.783023
-0.774356
-0.766752
-0.760350
-0.755293
-0.751729
-0.749808
-0.749683
-0.751511
-0.755450
-0.761659
-0.770297
-0.781521
-0.795486
-0.812345
-0.832246
-0.855330
-0.881734
-0.911590
-0.945021
-0.982144
-0.974332
-0.974485
-0.973003
-0.969405
-0.963885
-0.956776
-0.948396
-0.939020
-0.928876
-0.918155
-0.907026
-0.895635
-0.884116
-0.872594
-0.861187
-0.850011
-0.839181
-0.828813
-0.819025
-0.809939
-0.801682
-0.794383
-0.788181
-0.783219
-0.779644
-0.777612
-0.777282
-0.778817
-0.782386
-0.788160
-0.796311
-0.807011
-0.820433
-0.836745
-0.856112
-0.878696
-0.904649
-0.934120
-0.967247
-1.004163
-0.981807
-0.982775
-0.982527
-0.980250
-0.976062
-0.970273
-0.963194
-0.955092
-0.946189
-0.936671
-0.926696
-0.916406
-0.905924
-0.895366
-0.884841
-0.874457
-0.864318
-0.854531
-0.845204
-0.836452
-0.828393
-0.821150
-0.814857
-0.809651
-0.805680
-0.803098
-0.802066
-0.802755
-0.805340
-0.810001
-0.816925
-0.826300
-0.838314
-0.853155
-0.871009
-0.892056
-0.916470
-0.944418
-0.976058
-1.011539
-0.989224
-0.991118
-0.992196
-0.991301
-0.988487
-0.984049
-0.978296
-0.971487
-0.963838
-0.955528
-0.946708
-0.937508
-0.928043
-0.918418
-0.908730
-0.899076
-0.889547
-0.880239
-0.871246
-0.862671
-0.854621
-0.847208
-0.840554
-0.834791
-0.830058
-0.826504
-0.824291
-0.823590
-0.824580
-0.827451
-0.832401
-0.839632
-0.849351
-0.861767
-0.877087
-0.895516
-0.917252
-0.942487
-0.971401
-1.004164
-0.996525
-0.999487
-1.001992
-1.002542
-1.001143
-0.998089
-0.993686
-0.988189
-0.981810
-0.974718
-0.967056
-0.958944
-0.950485
-0.941772
-0.932889
-0.923919
-0.914940
-0.906029
-0.897268
-0.888742
-0.880541
-0.872764
-0.865516
-0.858915
-0.853089
-0.848177
-0.844332
-0.841723
-0.840530
-0.840945
-0.843177
-0.847441
-0.853962
-0.862973
-0.874706
-0.889394
-0.907267
-0.928545
-0.953439
-0.982146
-1.003646
-1.007853
-1.011900
-1.013958
-1.014016
-1.012377
-1.009349
-1.005185
-1.000092
-0.994232
-0.987738
-0.980718
-0.973264
-0.965456
-0.957362
-0.949050
-0.940581
-0.932014
-0.923412
-0.914841
-0.906370
-0.898076
-0.890046
-0.882376
-0.875176
-0.868567
-0.862689
-0.857698
-0.853770
-0.851096
-0.849886
-0.850369
-0.852787
-0.857396
-0.864459
-0.874243
-0.887015
-0.903036
-0.922555
-0.945806
-1.010511
-1.016190
-1.021905
-1.025537
-1.027091
-1.026896
-1.025268
-1.022460
-1.018673
-1.014063
-1.008752
-1.002838
-0.996399
-0.989501
-0.982199
-0.974540
-0.966568
-0.958322
-0.949844
-0.941174
-0.932359
-0.923450
-0.914506
-0.905598
-0.896808
-0.888232
-0.879988
-0.872210
-0.865057
-0.858711
-0.853380
-0.849295
-0.846715
-0.845918
-0.847201
-0.850873
-0.857250
-0.866643
-0.879356
-0.895674
-1.017029
-1.024477
-1.031998
-1.037266
-1.040354
-1.041632
-1.041428
-1.039999
-1.037542
-1.034204
-1.030098
-1.025311
-1.019909
-1.013944
-1.007452
-1.000465
-0.993006
-0.985092
-0.976740
-0.967967
-0.958788
-0.949226
-0.939308
-0.929070
-0.918559
-0.907837
-0.896985
-0.886106
-0.875330
-0.864814
-0.854751
-0.845367
-0.836925
-0.829724
-0.824096
-0.820398
-0.819008
-0.820309
-0.824680
-0.832482
-1.023095
-1.032696
-1.042172
-1.049135
-1.053793
-1.056569
-1.057814
-1.057789
-1.056686
-1.054646
-1.051774
-1.048146
-1.043814
-1.038817
-1.033177
-1.026903
-1.020001
-1.012466
-1.004288
-0.995456
-0.985956
-0.975774
-0.964902
-0.953333
-0.941072
-0.928135
-0.914556
-0.900390
-0.885718
-0.870658
-0.855366
-0.840041
-0.824938
-0.810364
-0.796678
-0.784296
-0.773669
-0.765279
-0.759614
-0.757150
-1.028575
-1.040839
-1.052425
-1.061137
-1.067393
-1.071693
-1.074411
-1.075815
-1.076093
-1.075382
-1.073778
-1.071348
-1.068132
-1.064154
-1.059422
-1.053930
-1.047660
-1.040586
-1.032674
-1.023882
-1.014166
-1.003474
-0.991756
-0.978962
-0.965044
-0.949961
-0.933687
-0.916211
-0.897548
-0.877745
-0.856894
-0.835141
-0.812696
-0.789848
-0.766969
-0.744522
-0.723050
-0.703167
-0.685524
-0.670777
-1.033308
-1.048910
-1.062760
-1.073264
-1.081142
-1.086987
-1.091202
-1.094059
-1.095748
-1.096400
-1.096104
-1.094919
-1.092874
-1.089982
-1.086235
-1.081612
-1.076078
-1.069585
-1.062074
-1.053476
-1.043715
-1.032703
-1.020347
-1.006546
-0.991198
-0.974196
-0.955442
-0.934842
-0.912319
-0.887821
-0.861337
-0.832909
-0.802654
-0.770786
-0.737642
-0.703701
-0.669595
-0.636105
-0.604129
-0.574622
-1.037090
-1.056934
-1.073189
-1.085511
-1.095027
-1.102436
-1.108168
-1.112506
-1.115636
-1.117688
-1.118745
-1.118858
-1.118049
-1.116319
-1.113651
-1.110006
-1.105337
-1.099576
-1.092643
-1.084446
-1.074875
-1.063811
-1.051120
-1.036651
-1.020245
-1.001729
-0.980921
-0.957632
-0.931671
-0.902857
-0.871028
-0.836060
-0.797896
-0.756580
-0.712304
-0.665467
-0.616726
-0.567041
-0.517669
-0.470089
-1.039664
-1.064968
-1.083726
-1.097873
-1.109036
-1.118022
-1.125293
-1.131135
-1.135738
-1.139229
-1.141688
-1.143158
-1.143656
-1.143175
-1.141690
-1.139152
-1.135499
-1.130651
-1.124510
-1.116963
-1.107877
-1.097103
-1.084471
-1.069789
-1.052844
-1.033398
-1.011188
-0.985927
-0.957299
-0.924969
-0.888582
-0.847782
-0.802232
-0.751656
-0.695905
-0.635060
-0.569570
-0.500428
-0.429330
-0.358700
-1.040696
-1.073113
-1.094394
-1.110345
-1.123154
-1.133728
-1.142554
-1.149926
-1.156034
-1.161004
-1.164914
-1.167804
-1.169686
-1.170550
-1.170363
-1.169071
-1.166603
-1.162870
-1.157763
-1.151153
-1.142892
-1.132810
-1.120711
-1.106371
-1.089535
-1.069914
-1.047179
-1.020953
-0.990807
-0.956250
-0.916726
-0.871600
-0.820165
-0.761653
-0.695278
-0.620343
-0.536456
-0.443939
-0.344498
-0.242081
-1.039753
-1.081540
-1.105217
-1.122921
-1.137365
-1.149535
-1.159932
-1.168856
-1.176501
-1.182990
-1.188401
-1.192774
-1.196121
-1.198428
-1.199660
-1.199762
-1.198658
-1.196256
-1.192442
-1.187082
-1.180019
-1.171073
-1.160036
-1.146667
-1.130690
-1.111785
-1.089584
-1.063655
-1.033491
-0.998491
-0.957940
-0.910963
-0.856495
-0.793209
-0.719450
-0.633161
-0.531889
-0.413073
-0.275253
-0.121931
-1.036265
-1.090520
-1.116216
-1.135590
-1.151653
-1.165421
-1.177403
-1.187901
-1.197111
-1.205158
-1.212121
-1.218041
-1.222931
-1.226780
-1.229554
-1.231199
-1.231642
-1.230792
-1.228538
-1.224749
-1.219271
-1.211925
-1.202506
-1.190775
-1.176458
-1.159237
-1.138739
-1.114527
-1.086084
-1.052786
-1.013876
-0.968409
-0.915180
-0.852598
-0.778467
-0.689568
-0.580822
-0.443479
-0.261071
-0.000004
