-0.208896
-0.206874
-0.202556
-0.196645
-0.189464
-0.181166
-0.171821
-0.161451
-0.150054
-0.137607
-0.124077
-0.109422
-0.093595
-0.076544
-0.058214
-0.038545
-0.017476
0.005054
0.029111
0.054761
0.082072
0.111111
0.141947
0.174652
0.209297
0.245952
0.284691
0.325586
0.368711
0.414138
0.461944
0.512200
0.564984
0.620369
0.678431
0.739246
0.802888
0.869433
0.938958
1.011539
-0.208957
-0.206941
-0.202634
-0.196739
-0.189579
-0.181307
-0.171992
-0.161659
-0.150303
-0.137903
-0.124428
-0.109835
-0.094078
-0.077105
-0.058861
-0.039288
-0.018326
0.004087
0.028017
0.053527
0.080685
0.109559
0.140218
0.172731
0.207168
0.243601
0.282102
0.322743
0.365596
0.410735
0.458234
0.508165
0.560605
0.615625
0.673303
0.733712
0.796927
0.863024
0.932078
1.004163
-0.209142
-0.207141
-0.202868
-0.197022
-0.189924
-0.181728
-0.172504
-0.162278
-0.151047
-0.138790
-0.125478
-0.111070
-0.095520
-0.078780
-0.060795
-0.041510
-0.020865
0.001200
0.024747
0.049841
0.076545
0.104927
0.135053
0.166992
0.200812
0.236582
0.274372
0.314254
0.356298
0.400575
0.447158
0.496118
0.547529
0.601462
0.657992
0.717190
0.779131
0.843889
0.911535
0.982145
-0.209448
-0.207473
-0.203256
-0.197490
-0.190496
-0.182426
-0.173354
-0.163304
-0.152278
-0.140258
-0.127215
-0.113112
-0.097906
-0.081550
-0.063993
-0.045182
-0.025061
-0.003572
0.019345
0.043751
0.069707
0.097277
0.126524
0.157516
0.190316
0.224992
0.261610
0.300240
0.340947
0.383803
0.428875
0.476232
0.525946
0.578085
0.632720
0.689921
0.749760
0.812306
0.877631
0.945805
-0.209875
-0.207935
-0.203796
-0.198142
-0.191290
-0.183396
-0.174532
-0.164728
-0.153986
-0.142292
-0.129621
-0.115939
-0.101208
-0.085382
-0.068416
-0.050259
-0.030860
-0.010165
0.011882
0.035338
0.060262
0.086711
0.114748
0.144432
0.175827
0.208993
0.243996
0.280898
0.319763
0.360658
0.403646
0.448794
0.496167
0.545831
0.597854
0.652301
0.709239
0.768736
0.830858
0.895673
-0.210419
-0.208525
-0.204485
-0.198972
-0.192303
-0.184630
-0.176030
-0.166536
-0.156153
-0.144872
-0.132671
-0.119521
-0.105387
-0.090231
-0.074010
-0.056679
-0.038191
-0.018496
0.002455
0.024715
0.048336
0.073375
0.099885
0.127923
0.157546
0.188811
0.221777
0.256503
0.293047
0.331471
0.371834
0.414197
0.458621
0.505168
0.553898
0.604874
0.658158
0.713812
0.771899
0.832480
-0.211080
-0.209239
-0.205318
-0.199977
-0.193524
-0.186118
-0.177835
-0.168712
-0.158759
-0.147971
-0.136331
-0.123817
-0.110398
-0.096040
-0.080708
-0.064362
-0.046960
-0.028459
-0.008815
0.012019
0.034090
0.057447
0.082138
0.108214
0.135726
0.164726
0.195266
0.227399
0.261179
0.296659
0.333894
0.372939
0.413850
0.456681
0.501489
0.548329
0.597259
0.648333
0.701611
0.757148
-0.211852
-0.210074
-0.206292
-0.201148
-0.194948
-0.187848
-0.179931
-0.171236
-0.161778
-0.151558
-0.140565
-0.128780
-0.116182
-0.102742
-0.088430
-0.073214
-0.057058
-0.039926
-0.021780
-0.002580
0.017713
0.039142
0.061749
0.085577
0.110671
0.137075
0.164836
0.193998
0.224610
0.256717
0.290369
0.325613
0.362497
0.401071
0.441384
0.483486
0.527426
0.573253
0.621020
0.670775
-0.212733
-0.211026
-0.207400
-0.202478
-0.196562
-0.189808
-0.182301
-0.174085
-0.165182
-0.155597
-0.145326
-0.134358
-0.122675
-0.110259
-0.097084
-0.083127
-0.068359
-0.052752
-0.036274
-0.018894
-0.000579
0.018706
0.038994
0.060322
0.082726
0.106243
0.130912
0.156770
0.183858
0.212215
0.241881
0.272896
0.305303
0.339142
0.374455
0.411285
0.449673
0.489663
0.531298
0.574620
-0.213718
-0.212090
-0.208637
-0.203960
-0.198357
-0.191982
-0.184925
-0.177235
-0.168940
-0.160049
-0.150567
-0.140489
-0.129806
-0.118504
-0.106569
-0.093983
-0.080725
-0.066776
-0.052111
-0.036709
-0.020543
-0.003589
0.014180
0.032792
0.052275
0.072657
0.093968
0.116240
0.139501
0.163785
0.189122
0.215546
0.243089
0.271785
0.301668
0.332771
0.365130
0.398778
0.433752
0.470086
-0.214801
-0.213260
-0.209994
-0.205585
-0.200319
-0.194354
-0.187783
-0.180659
-0.173016
-0.164871
-0.156234
-0.147110
-0.137495
-0.127386
-0.116774
-0.105651
-0.094004
-0.081822
-0.069090
-0.055795
-0.041919
-0.027446
-0.012358
0.003363
0.019736
0.036782
0.054521
0.072974
0.092164
0.112113
0.132844
0.154381
0.176749
0.199972
0.224074
0.249083
0.275023
0.301921
0.329804
0.358697
-0.215979
-0.214530
-0.211466
-0.207341
-0.202436
-0.196908
-0.190851
-0.184327
-0.177373
-0.170015
-0.162271
-0.154150
-0.145660
-0.136803
-0.127581
-0.117993
-0.108035
-0.097705
-0.086998
-0.075907
-0.064427
-0.052550
-0.040267
-0.027569
-0.014446
-0.000888
0.013116
0.027579
0.042513
0.057931
0.073848
0.090277
0.107235
0.124735
0.142795
0.161431
0.180660
0.200499
0.220966
0.242078
-0.217245
-0.215895
-0.213044
-0.209219
-0.204694
-0.199623
-0.194106
-0.188208
-0.181974
-0.175435
-0.168617
-0.161539
-0.154213
-0.146653
-0.138868
-0.130865
-0.122651
-0.114231
-0.105610
-0.096792
-0.087779
-0.078573
-0.069175
-0.059587
-0.049808
-0.039837
-0.029673
-0.019314
-0.008756
0.002004
0.012970
0.024147
0.035541
0.047157
0.059003
0.071084
0.083409
0.095986
0.108823
0.121929
-0.218594
-0.217346
-0.214719
-0.211209
-0.207077
-0.202482
-0.197523
-0.192271
-0.186777
-0.181080
-0.175212
-0.169200
-0.163066
-0.156829
-0.150508
-0.144119
-0.137678
-0.131200
-0.124698
-0.118186
-0.111675
-0.105177
-0.098704
-0.092267
-0.085874
-0.079535
-0.073260
-0.067054
-0.060926
-0.054882
-0.048927
-0.043068
-0.037307
-0.031649
-0.026097
-0.020654
-0.015321
-0.010100
-0.004992
0.000001
-0.220018
-0.218879
-0.216484
-0.213297
-0.209573
-0.205464
-0.201076
-0.196483
-0.191742
-0.186899
-0.181994
-0.177059
-0.172126
-0.167222
-0.162374
-0.157606
-0.152945
-0.148412
-0.144031
-0.139824
-0.135814
-0.132022
-0.128470
-0.125176
-0.122162
-0.119446
-0.117048
-0.114984
-0.113273
-0.111931
-0.110973
-0.110415
-0.110271
-0.110555
-0.111280
-0.112457
-0.114100
-0.116219
-0.118824
-0.121926
-0.221512
-0.220484
-0.218328
-0.215474
-0.212164
-0.208551
-0.204740
-0.200811
-0.196828
-0.192842
-0.188899
-0.185040
-0.181304
-0.177725
-0.174338
-0.171178
-0.168276
-0.165665
-0.163377
-0.161445
-0.159899
-0.158770
-0.158089
-0.157887
-0.158193
-0.159036
-0.160446
-0.162450
-0.165075
-0.168349
-0.172297
-0.176944
-0.182316
-0.188434
-0.195323
-0.203005
-0.211500
-0.220831
-0.231016
-0.242076
-0.223068
-0.222155
-0.220244
-0.217728
-0.214837
-0.211721
-0.208489
-0.205224
-0.201994
-0.198858
-0.195867
-0.193069
-0.190510
-0.188232
-0.186277
-0.184687
-0.183502
-0.182764
-0.182514
-0.182790
-0.183635
-0.185088
-0.187190
-0.189980
-0.193497
-0.197782
-0.202873
-0.208807
-0.215623
-0.223356
-0.232044
-0.241721
-0.252421
-0.264178
-0.277024
-0.290993
-0.306114
-0.322419
-0.339936
-0.358695
-0.224680
-0.223885
-0.222222
-0.220046
-0.217575
-0.214956
-0.212298
-0.209689
-0.207201
-0.204898
-0.202838
-0.201075
-0.199659
-0.198641
-0.198070
-0.197994
-0.198462
-0.199522
-0.201222
-0.203613
-0.206742
-0.210658
-0.215411
-0.221050
-0.227624
-0.235181
-0.243769
-0.253437
-0.264232
-0.276201
-0.289388
-0.303840
-0.319600
-0.336712
-0.355218
-0.375161
-0.396579
-0.419513
-0.444002
-0.470084
-0.226341
-0.225665
-0.224253
-0.222418
-0.220365
-0.218236
-0.216144
-0.214176
-0.212411
-0.210916
-0.209755
-0.208986
-0.208668
-0.208854
-0.209602
-0.210965
-0.212998
-0.215758
-0.219299
-0.223679
-0.228953
-0.235179
-0.242415
-0.250717
-0.260145
-0.270755
-0.282605
-0.295753
-0.310255
-0.326167
-0.343545
-0.362444
-0.382917
-0.405016
-0.428795
-0.454304
-0.481593
-0.510709
-0.541702
-0.574618
-0.228042
-0.227489
-0.226328
-0.224833
-0.223191
-0.221544
-0.220001
-0.218655
-0.217586
-0.216866
-0.216563
-0.216740
-0.217460
-0.218782
-0.220767
-0.223476
-0.226969
-0.231308
-0.236554
-0.242771
-0.250023
-0.258373
-0.267886
-0.278628
-0.290665
-0.304064
-0.318890
-0.335210
-0.353089
-0.372592
-0.393785
-0.416732
-0.441494
-0.468136
-0.496717
-0.527298
-0.559937
-0.594691
-0.631618
-0.670773
-0.229778
-0.229348
-0.228438
-0.227278
-0.226041
-0.224861
-0.223848
-0.223098
-0.222693
-0.222707
-0.223213
-0.224276
-0.225964
-0.228339
-0.231468
-0.235414
-0.240243
-0.246021
-0.252816
-0.260696
-0.269729
-0.279987
-0.291541
-0.304464
-0.318829
-0.334709
-0.352179
-0.371314
-0.392187
-0.414872
-0.439443
-0.465973
-0.494535
-0.525198
-0.558033
-0.593109
-0.630493
-0.670251
-0.712448
-0.757146
-0.231540
-0.231234
-0.230575
-0.229745
-0.228900
-0.228170
-0.227665
-0.227480
-0.227700
-0.228402
-0.229658
-0.231540
-0.234116
-0.237452
-0.241618
-0.246679
-0.252706
-0.259767
-0.267935
-0.277281
-0.287879
-0.299805
-0.313135
-0.327948
-0.344323
-0.362342
-0.382084
-0.403633
-0.427068
-0.452474
-0.479932
-0.509524
-0.541329
-0.575427
-0.611898
-0.650818
-0.692262
-0.736306
-0.783021
-0.832479
-0.233320
-0.233142
-0.232731
-0.232223
-0.231757
-0.231458
-0.231433
-0.231778
-0.232579
-0.233914
-0.235859
-0.238484
-0.241860
-0.246056
-0.251141
-0.257185
-0.264258
-0.272433
-0.281783
-0.292382
-0.304308
-0.317640
-0.332459
-0.348847
-0.366888
-0.386670
-0.408278
-0.431801
-0.457329
-0.484949
-0.514754
-0.546831
-0.581270
-0.618158
-0.657582
-0.699627
-0.744377
-0.791915
-0.842321
-0.895672
-0.235111
-0.235062
-0.234898
-0.234703
-0.234601
-0.234708
-0.235133
-0.235970
-0.237305
-0.239216
-0.241780
-0.245068
-0.249150
-0.254097
-0.259977
-0.266861
-0.274821
-0.283928
-0.294258
-0.305885
-0.318889
-0.333350
-0.349351
-0.366978
-0.386319
-0.407463
-0.430503
-0.455532
-0.482645
-0.511937
-0.543507
-0.577451
-0.613864
-0.652843
-0.694484
-0.738878
-0.786119
-0.836295
-0.889495
-0.945804
-0.236905
-0.236989
-0.237069
-0.237177
-0.237420
-0.237910
-0.238752
-0.240038
-0.241855
-0.244281
-0.247391
-0.251256
-0.255946
-0.261530
-0.268076
-0.275653
-0.284332
-0.294185
-0.305285
-0.317706
-0.331528
-0.346830
-0.363696
-0.382213
-0.402470
-0.424560
-0.448577
-0.474618
-0.502784
-0.533177
-0.565898
-0.601052
-0.638742
-0.679072
-0.722146
-0.768065
-0.816927
-0.868831
-0.923873
-0.982144
-0.238694
-0.238916
-0.239237
-0.239638
-0.240207
-0.241053
-0.242275
-0.243968
-0.246213
-0.249090
-0.252670
-0.257024
-0.262219
-0.268323
-0.275402
-0.283522
-0.292751
-0.303159
-0.314816
-0.327794
-0.342169
-0.358020
-0.375429
-0.394480
-0.415263
-0.437869
-0.462397
-0.488943
-0.517613
-0.548512
-0.581747
-0.617428
-0.655667
-0.696575
-0.740262
-0.786838
-0.836412
-0.889089
-0.944973
-1.004163
-0.240470
-0.240835
-0.241396
-0.242077
-0.242954
-0.244126
-0.245693
-0.247746
-0.250364
-0.253625
-0.257598
-0.262351
-0.267949
-0.274456
-0.281934
-0.290446
-0.300057
-0.310830
-0.322831
-0.336129
-0.350796
-0.366905
-0.384534
-0.403765
-0.424682
-0.447377
-0.471945
-0.498485
-0.527101
-0.557901
-0.590999
-0.626507
-0.664545
-0.705231
-0.748684
-0.795022
-0.844364
-0.896823
-0.952512
-1.011539
-0.242223
-0.242741
-0.243541
-0.244491
-0.245653
-0.247123
-0.248997
-0.251363
-0.254298
-0.257877
-0.262165
-0.267228
-0.273126
-0.279919
-0.287664
-0.296421
-0.306246
-0.317199
-0.329338
-0.342728
-0.357431
-0.373515
-0.391051
-0.410114
-0.430785
-0.453147
-0.477293
-0.503318
-0.531326
-0.561425
-0.593729
-0.628358
-0.665434
-0.705084
-0.747436
-0.792618
-0.840759
-0.891982
-0.946412
-1.004164
-0.243945
-0.244629
-0.245667
-0.246873
-0.248300
-0.250038
-0.252180
-0.254812
-0.258008
-0.261838
-0.266366
-0.271650
-0.277748
-0.284713
-0.292598
-0.301456
-0.311336
-0.322291
-0.334373
-0.347634
-0.362131
-0.377922
-0.395068
-0.413635
-0.433694
-0.455321
-0.478600
-0.503620
-0.530480
-0.559286
-0.590151
-0.623197
-0.658551
-0.696346
-0.736721
-0.779814
-0.825767
-0.874717
-0.926800
-0.982146
-0.245626
-0.246493
-0.247770
-0.249221
-0.250890
-0.252866
-0.255239
-0.258090
-0.261492
-0.265509
-0.270200
-0.275621
-0.281821
-0.288850
-0.296753
-0.305576
-0.315362
-0.326153
-0.337993
-0.350924
-0.364991
-0.380241
-0.396724
-0.414492
-0.433603
-0.454122
-0.476119
-0.499674
-0.524876
-0.551823
-0.580625
-0.611402
-0.644284
-0.679411
-0.716930
-0.756995
-0.799761
-0.845384
-0.894017
-0.945806
-0.247253
-0.248329
-0.249848
-0.251532
-0.253421
-0.255605
-0.258171
-0.261196
-0.264749
-0.268890
-0.273674
-0.279149
-0.285360
-0.292351
-0.300159
-0.308822
-0.318374
-0.328850
-0.340281
-0.352699
-0.366136
-0.380626
-0.396202
-0.412903
-0.430769
-0.449847
-0.470192
-0.491866
-0.514944
-0.539510
-0.565663
-0.593518
-0.623205
-0.654867
-0.688660
-0.724755
-0.763325
-0.804552
-0.848611
-0.895674
-0.248815
-0.250133
-0.251899
-0.253803
-0.255891
-0.258254
-0.260976
-0.264132
-0.267785
-0.271990
-0.276798
-0.282251
-0.288388
-0.295245
-0.302853
-0.311242
-0.320437
-0.330462
-0.341338
-0.353084
-0.365720
-0.379261
-0.393726
-0.409134
-0.425506
-0.442867
-0.461247
-0.480688
-0.501238
-0.522963
-0.545943
-0.570279
-0.596090
-0.623520
-0.652734
-0.683918
-0.717273
-0.753010
-0.791343
-0.832482
-0.250297
-0.251903
-0.253922
-0.256035
-0.258301
-0.260814
-0.263657
-0.266901
-0.270605
-0.274819
-0.279587
-0.284947
-0.290931
-0.297569
-0.304884
-0.312898
-0.321626
-0.331084
-0.341281
-0.352223
-0.363916
-0.376359
-0.389552
-0.403493
-0.418180
-0.433611
-0.449790
-0.466724
-0.484432
-0.502946
-0.522316
-0.542613
-0.563938
-0.586424
-0.610236
-0.635575
-0.662675
-0.691791
-0.723193
-0.757150
-0.251681
-0.253638
-0.255918
-0.258227
-0.260650
-0.263286
-0.266218
-0.269511
-0.273221
-0.277391
-0.282062
-0.287265
-0.293025
-0.299367
-0.306306
-0.313857
-0.322027
-0.330821
-0.340237
-0.350272
-0.360914
-0.372149
-0.383957
-0.396314
-0.409193
-0.422561
-0.436390
-0.450647
-0.465310
-0.480364
-0.495810
-0.511673
-0.528013
-0.544928
-0.562569
-0.581144
-0.600918
-0.622209
-0.645373
-0.670777
-0.252946
-0.255340
-0.257888
-0.260381
-0.262941
-0.265675
-0.268664
-0.271970
-0.275643
-0.279724
-0.284245
-0.289233
-0.294708
-0.300687
-0.307180
-0.314194
-0.321729
-0.329782
-0.338341
-0.347392
-0.356911
-0.366869
-0.377228
-0.387944
-0.398963
-0.410223
-0.421657
-0.433191
-0.444747
-0.456250
-0.467634
-0.478848
-0.489875
-0.500743
-0.511550
-0.522479
-0.533814
-0.545949
-0.559371
-0.574622
-0.254065
-0.257014
-0.259836
-0.262500
-0.265177
-0.267985
-0.271002
-0.274288
-0.277888
-0.281836
-0.286162
-0.290885
-0.296021
-0.301580
-0.307569
-0.313987
-0.320828
-0.328081
-0.335729
-0.343747
-0.352102
-0.360753
-0.369648
-0.378724
-0.387905
-0.397102
-0.406211
-0.415111
-0.423669
-0.431735
-0.439153
-0.445766
-0.451431
-0.456043
-0.459568
-0.462083
-0.463833
-0.465267
-0.467064
-0.470089
-0.255004
-0.258668
-0.261765
-0.264585
-0.267362
-0.270221
-0.273241
-0.276478
-0.279971
-0.283751
-0.287841
-0.292256
-0.297009
-0.302103
-0.307540
-0.313314
-0.319417
-0.325831
-0.332533
-0.339494
-0.346674
-0.354023
-0.361481
-0.368972
-0.376405
-0.383669
-0.390632
-0.397135
-0.402988
-0.407969
-0.411822
-0.414252
-0.414940
-0.413556
-0.409803
-0.403476
-0.394580
-0.383472
-0.371024
-0.358700
-0.255720
-0.260320
-0.263683
-0.266641
-0.269499
-0.272389
-0.275390
-0.278552
-0.281910
-0.285491
-0.289312
-0.293386
-0.297718
-0.302310
-0.307159
-0.312257
-0.317591
-0.323141
-0.328881
-0.334780
-0.340795
-0.346875
-0.352956
-0.358959
-0.364786
-0.370318
-0.375410
-0.379879
-0.383501
-0.386001
-0.387035
-0.386177
-0.382904
-0.376585
-0.366484
-0.351804
-0.331818
-0.306179
-0.275477
-0.242081
-0.256156
-0.261994
-0.265594
-0.268671
-0.271593
-0.274498
-0.277460
-0.280525
-0.283725
-0.287082
-0.290608
-0.294312
-0.298196
-0.302260
-0.306495
-0.310894
-0.315440
-0.320114
-0.324890
-0.329737
-0.334616
-0.339477
-0.344262
-0.348896
-0.353290
-0.357331
-0.360881
-0.363764
-0.365759
-0.366581
-0.365861
-0.363110
-0.357675
-0.348665
-0.334854
-0.314550
-0.285472
-0.244802
-0.189969
-0.121931
-0.256237
-0.263730
-0.267505
-0.270679
-0.273650
-0.276554
-0.279461
-0.282413
-0.285437
-0.288549
-0.291761
-0.295075
-0.298492
-0.302008
-0.305615
-0.309300
-0.313051
-0.316848
-0.320668
-0.324483
-0.328261
-0.331961
-0.335535
-0.338924
-0.342058
-0.344849
-0.347188
-0.348940
-0.349932
-0.349939
-0.348667
-0.345715
-0.340527
-0.332292
-0.319764
-0.300892
-0.272002
-0.225880
-0.147065
-0.000004
