-0.022450
-0.021806
-0.020352
-0.018217
-0.015413
-0.011910
-0.007660
-0.002602
0.003326
0.010194
0.018068
0.027021
0.037123
0.048446
0.061061
0.075043
0.090462
0.107393
0.125908
0.146082
0.167986
0.191696
0.217284
0.244825
0.274392
0.306060
0.339903
0.375995
0.414409
0.455220
0.498503
0.544332
0.592781
0.643924
0.697836
0.754592
0.814266
0.876932
0.942664
1.011539
-0.022470
-0.021829
-0.020384
-0.018260
-0.015473
-0.011992
-0.007769
-0.002744
0.003147
0.009969
0.017791
0.026684
0.036717
0.047962
0.060491
0.074376
0.089689
0.106502
0.124887
0.144919
0.166669
0.190211
0.215618
0.242964
0.272321
0.303763
0.337364
0.373198
0.411337
0.451856
0.494828
0.540328
0.588428
0.639203
0.692727
0.749073
0.808316
0.870529
0.935787
1.004163
-0.022529
-0.021898
-0.020477
-0.018391
-0.015654
-0.012238
-0.008094
-0.003165
0.002610
0.009297
0.016962
0.025675
0.035504
0.046519
0.058790
0.072386
0.087379
0.103840
0.121839
0.141447
0.162737
0.185779
0.210645
0.237407
0.266137
0.296906
0.329786
0.364849
0.402167
0.441812
0.483857
0.528373
0.575433
0.625109
0.677472
0.732597
0.790554
0.851416
0.915256
0.982145
-0.022626
-0.022013
-0.020633
-0.018608
-0.015954
-0.012643
-0.008631
-0.003862
0.001723
0.008187
0.015595
0.024011
0.033503
0.044137
0.055980
0.069101
0.083566
0.099445
0.116806
0.135717
0.156247
0.178464
0.202437
0.228236
0.255930
0.285587
0.317277
0.351069
0.387032
0.425235
0.465749
0.508643
0.553985
0.601847
0.652297
0.705404
0.761239
0.819871
0.881370
0.945805
-0.022760
-0.022171
-0.020847
-0.018907
-0.016367
-0.013203
-0.009373
-0.004824
0.000499
0.006656
0.013707
0.021714
0.030740
0.040848
0.052103
0.064567
0.078305
0.093382
0.109863
0.127811
0.147292
0.168371
0.191113
0.215583
0.241848
0.269971
0.300019
0.332057
0.366151
0.402366
0.440768
0.481424
0.524398
0.569756
0.617565
0.667891
0.720798
0.776354
0.834623
0.895673
-0.022931
-0.022372
-0.021119
-0.019285
-0.016890
-0.013911
-0.010309
-0.006038
-0.001045
0.004723
0.011325
0.018816
0.027255
0.036701
0.047213
0.058850
0.071671
0.085737
0.101107
0.117842
0.136001
0.155646
0.176836
0.199632
0.224094
0.250285
0.278263
0.308091
0.339829
0.373537
0.409278
0.447112
0.487101
0.529304
0.573785
0.620603
0.669820
0.721498
0.775698
0.832480
-0.023135
-0.022613
-0.021444
-0.019738
-0.017514
-0.014756
-0.011428
-0.007488
-0.002889
0.002417
0.008483
0.015359
0.023098
0.031754
0.041381
0.052031
0.063759
0.076620
0.090667
0.105955
0.122538
0.140473
0.159812
0.180612
0.202928
0.226814
0.252325
0.279518
0.308447
0.339168
0.371736
0.406207
0.442637
0.481080
0.521592
0.564230
0.609049
0.656104
0.705452
0.757148
-0.023371
-0.022891
-0.021818
-0.020259
-0.018233
-0.015727
-0.012713
-0.009153
-0.005007
-0.000231
0.005220
0.011390
0.018327
0.026078
0.034689
0.044208
0.054682
0.066160
0.078690
0.092320
0.107097
0.123071
0.140289
0.158800
0.178654
0.199898
0.222582
0.246754
0.272463
0.299758
0.328689
0.359305
0.391653
0.425785
0.461749
0.499594
0.539370
0.581126
0.624911
0.670775
-0.023637
-0.023203
-0.022238
-0.020842
-0.019036
-0.016813
-0.014148
-0.011011
-0.007369
-0.003184
0.001582
0.006966
0.013010
0.019751
0.027232
0.035491
0.044570
0.054510
0.065350
0.077133
0.089899
0.103690
0.118547
0.134512
0.151625
0.169928
0.189464
0.210273
0.232398
0.255881
0.280763
0.307087
0.334894
0.364226
0.395126
0.427637
0.461799
0.497655
0.535248
0.574620
-0.023929
-0.023546
-0.022698
-0.021479
-0.019914
-0.017997
-0.015713
-0.013037
-0.009943
-0.006401
-0.002381
0.002149
0.007220
0.012865
0.019116
0.026006
0.033567
0.041834
0.050838
0.060613
0.071194
0.082612
0.094902
0.108097
0.122231
0.137338
0.153452
0.170607
0.188836
0.208174
0.228655
0.250313
0.273183
0.297299
0.322695
0.349405
0.377465
0.406909
0.437771
0.470086
-0.024244
-0.023915
-0.023193
-0.022164
-0.020854
-0.019266
-0.017388
-0.015204
-0.012694
-0.009838
-0.006612
-0.002994
0.001041
0.005516
0.010457
0.015887
0.021831
0.028314
0.035361
0.042998
0.051249
0.060139
0.069694
0.079938
0.090899
0.102600
0.115068
0.128329
0.142407
0.157330
0.173122
0.189810
0.207420
0.225977
0.245509
0.266041
0.287600
0.310211
0.333901
0.358697
-0.024579
-0.024307
-0.023716
-0.022887
-0.021846
-0.020601
-0.019149
-0.017481
-0.015584
-0.013447
-0.011054
-0.008391
-0.005442
-0.002192
0.001376
0.005277
0.009528
0.014144
0.019142
0.024539
0.030351
0.036595
0.043286
0.050443
0.058081
0.066217
0.074869
0.084053
0.093787
0.104087
0.114972
0.126457
0.138561
0.151301
0.164694
0.178758
0.193511
0.208970
0.225153
0.242078
-0.024931
-0.024718
-0.024263
-0.023639
-0.022876
-0.021987
-0.020974
-0.019838
-0.018575
-0.017179
-0.015645
-0.013967
-0.012138
-0.010150
-0.007997
-0.005672
-0.003167
-0.000475
0.002413
0.005502
0.008801
0.012318
0.016060
0.020035
0.024251
0.028715
0.033436
0.038422
0.043680
0.049220
0.055049
0.061175
0.067608
0.074355
0.081425
0.088827
0.096570
0.104662
0.113112
0.121929
-0.025296
-0.025142
-0.024826
-0.024412
-0.023932
-0.023404
-0.022839
-0.022244
-0.021624
-0.020982
-0.020322
-0.019644
-0.018952
-0.018247
-0.017531
-0.016806
-0.016073
-0.015333
-0.014589
-0.013842
-0.013092
-0.012342
-0.011593
-0.010846
-0.010102
-0.009364
-0.008631
-0.007904
-0.007186
-0.006476
-0.005776
-0.005086
-0.004407
-0.003739
-0.003084
-0.002441
-0.001811
-0.001193
-0.000589
0.000001
-0.025670
-0.025577
-0.025399
-0.025195
-0.024999
-0.024835
-0.024719
-0.024667
-0.024692
-0.024805
-0.025019
-0.025344
-0.025791
-0.026370
-0.027092
-0.027968
-0.029007
-0.030222
-0.031621
-0.033215
-0.035016
-0.037032
-0.039275
-0.041756
-0.044484
-0.047469
-0.050723
-0.054255
-0.058075
-0.062193
-0.066620
-0.071364
-0.076437
-0.081847
-0.087604
-0.093718
-0.100198
-0.107053
-0.114292
-0.121926
-0.026050
-0.026016
-0.025976
-0.025981
-0.026066
-0.026260
-0.026589
-0.027074
-0.027736
-0.028596
-0.029673
-0.030988
-0.032558
-0.034404
-0.036545
-0.039000
-0.041788
-0.044928
-0.048440
-0.052343
-0.056656
-0.061399
-0.066590
-0.072250
-0.078398
-0.085052
-0.092233
-0.099959
-0.108250
-0.117124
-0.126600
-0.136698
-0.147435
-0.158831
-0.170905
-0.183674
-0.197158
-0.211374
-0.226340
-0.242076
-0.026432
-0.026456
-0.026551
-0.026759
-0.027118
-0.027663
-0.028425
-0.029433
-0.030716
-0.032303
-0.034221
-0.036498
-0.039161
-0.042239
-0.045759
-0.049748
-0.054234
-0.059245
-0.064808
-0.070952
-0.077705
-0.085094
-0.093147
-0.101892
-0.111358
-0.121572
-0.132563
-0.144358
-0.156985
-0.170472
-0.184847
-0.200137
-0.216370
-0.233574
-0.251775
-0.271001
-0.291279
-0.312636
-0.335099
-0.358695
-0.026812
-0.026892
-0.027116
-0.027520
-0.028144
-0.029026
-0.030203
-0.031714
-0.033593
-0.035876
-0.038600
-0.041799
-0.045509
-0.049766
-0.054605
-0.060061
-0.066172
-0.072971
-0.080495
-0.088781
-0.097863
-0.107780
-0.118565
-0.130257
-0.142891
-0.156504
-0.171131
-0.186810
-0.203577
-0.221467
-0.240518
-0.260764
-0.282243
-0.304989
-0.329039
-0.354428
-0.381192
-0.409365
-0.438984
-0.470084
-0.027188
-0.027320
-0.027667
-0.028256
-0.029130
-0.030331
-0.031902
-0.033887
-0.036328
-0.039268
-0.042751
-0.046819
-0.051515
-0.056881
-0.062961
-0.069798
-0.077434
-0.085914
-0.095280
-0.105576
-0.116847
-0.129135
-0.142485
-0.156941
-0.172546
-0.189347
-0.207385
-0.226706
-0.247354
-0.269373
-0.292807
-0.317701
-0.344097
-0.372040
-0.401573
-0.432741
-0.465586
-0.500152
-0.536481
-0.574618
-0.027555
-0.027736
-0.028196
-0.028959
-0.030065
-0.031563
-0.033499
-0.035924
-0.038886
-0.042435
-0.046620
-0.051491
-0.057097
-0.063488
-0.070713
-0.078822
-0.087865
-0.097893
-0.108955
-0.121103
-0.134387
-0.148858
-0.164566
-0.181564
-0.199902
-0.219632
-0.240805
-0.263473
-0.287688
-0.313500
-0.340961
-0.370123
-0.401037
-0.433754
-0.468326
-0.504802
-0.543235
-0.583674
-0.626170
-0.670773
-0.027912
-0.028136
-0.028700
-0.029621
-0.030939
-0.032706
-0.034975
-0.037799
-0.041234
-0.045334
-0.050155
-0.055752
-0.062181
-0.069496
-0.077754
-0.087010
-0.097321
-0.108743
-0.121333
-0.135146
-0.150240
-0.166672
-0.184499
-0.203779
-0.224570
-0.246930
-0.270916
-0.296586
-0.324000
-0.353213
-0.384286
-0.417276
-0.452241
-0.489240
-0.528329
-0.569566
-0.613010
-0.658716
-0.706743
-0.757146
-0.028255
-0.028517
-0.029173
-0.030234
-0.031742
-0.033748
-0.036312
-0.039490
-0.043343
-0.047929
-0.053311
-0.059547
-0.066698
-0.074826
-0.083990
-0.094253
-0.105674
-0.118316
-0.132241
-0.147510
-0.164185
-0.182329
-0.202005
-0.223276
-0.246204
-0.270855
-0.297290
-0.325575
-0.355772
-0.387946
-0.422162
-0.458482
-0.496972
-0.537694
-0.580714
-0.626093
-0.673896
-0.724186
-0.777026
-0.832479
-0.028582
-0.028876
-0.029611
-0.030793
-0.032464
-0.034678
-0.037494
-0.040976
-0.045185
-0.050188
-0.056046
-0.062826
-0.070591
-0.079408
-0.089339
-0.100452
-0.112812
-0.126483
-0.141533
-0.158027
-0.176032
-0.195615
-0.216842
-0.239782
-0.264503
-0.291072
-0.319559
-0.350030
-0.382556
-0.417206
-0.454048
-0.493152
-0.534587
-0.578421
-0.624725
-0.673565
-0.725012
-0.779133
-0.835997
-0.895672
-0.028891
-0.029210
-0.030011
-0.031293
-0.033099
-0.035483
-0.038508
-0.042239
-0.046741
-0.052081
-0.058328
-0.065548
-0.073810
-0.083182
-0.093732
-0.105528
-0.118640
-0.133135
-0.149085
-0.166556
-0.185621
-0.206349
-0.228810
-0.253075
-0.279216
-0.307304
-0.337413
-0.369613
-0.403978
-0.440581
-0.479495
-0.520794
-0.564550
-0.610838
-0.659729
-0.711298
-0.765617
-0.822760
-0.882798
-0.945804
-0.029180
-0.029518
-0.030368
-0.031729
-0.033640
-0.036158
-0.039344
-0.043266
-0.047991
-0.053588
-0.060128
-0.067680
-0.076315
-0.086102
-0.097112
-0.109416
-0.123084
-0.138188
-0.154799
-0.172988
-0.192828
-0.214391
-0.237749
-0.262976
-0.290146
-0.319333
-0.350611
-0.384056
-0.419744
-0.457749
-0.498150
-0.541021
-0.586440
-0.634484
-0.685229
-0.738751
-0.795128
-0.854435
-0.916749
-0.982144
-0.029449
-0.029796
-0.030680
-0.032097
-0.034083
-0.036694
-0.039993
-0.044045
-0.048922
-0.054692
-0.061427
-0.069198
-0.078076
-0.088133
-0.099440
-0.112068
-0.126091
-0.141579
-0.158605
-0.177242
-0.197563
-0.219640
-0.243548
-0.269362
-0.297155
-0.327004
-0.358984
-0.393172
-0.429645
-0.468482
-0.509760
-0.553558
-0.599955
-0.649031
-0.700865
-0.755535
-0.813121
-0.873702
-0.937357
-1.004163
-0.029697
-0.030044
-0.030946
-0.032395
-0.034425
-0.037089
-0.040449
-0.044572
-0.049526
-0.055383
-0.062213
-0.070087
-0.079077
-0.089255
-0.100691
-0.113458
-0.127628
-0.143272
-0.160462
-0.179272
-0.199773
-0.222039
-0.246142
-0.272159
-0.300162
-0.330228
-0.362432
-0.396852
-0.433564
-0.472648
-0.514182
-0.558247
-0.604922
-0.654289
-0.706428
-0.761420
-0.819347
-0.880289
-0.944326
-1.011539
-0.029923
-0.030262
-0.031164
-0.032622
-0.034664
-0.037340
-0.040710
-0.044841
-0.049800
-0.055656
-0.062479
-0.070341
-0.079311
-0.089459
-0.100857
-0.113576
-0.127685
-0.143255
-0.160358
-0.179064
-0.199444
-0.221570
-0.245515
-0.271350
-0.299149
-0.328986
-0.360935
-0.395072
-0.431474
-0.470218
-0.511383
-0.555049
-0.601296
-0.650206
-0.701859
-0.756340
-0.813728
-0.874108
-0.937559
-1.004164
-0.030129
-0.030448
-0.031334
-0.032777
-0.034799
-0.037447
-0.040777
-0.044854
-0.049743
-0.055512
-0.062229
-0.069962
-0.078780
-0.088752
-0.099945
-0.112429
-0.126272
-0.141542
-0.158307
-0.176637
-0.196599
-0.218263
-0.241697
-0.266972
-0.294158
-0.323325
-0.354546
-0.387893
-0.423440
-0.461264
-0.501440
-0.544047
-0.589165
-0.636873
-0.687255
-0.740391
-0.796366
-0.855262
-0.917161
-0.982146
-0.030316
-0.030602
-0.031456
-0.032860
-0.034832
-0.037412
-0.040653
-0.044616
-0.049363
-0.054960
-0.061472
-0.068964
-0.077502
-0.087151
-0.097977
-0.110046
-0.123421
-0.138169
-0.154355
-0.172043
-0.191298
-0.212185
-0.234769
-0.259116
-0.285291
-0.313362
-0.343394
-0.375458
-0.409623
-0.445961
-0.484544
-0.525447
-0.568749
-0.614528
-0.662864
-0.713840
-0.767539
-0.824044
-0.883439
-0.945806
-0.030485
-0.030726
-0.031530
-0.032875
-0.034766
-0.037239
-0.040343
-0.044134
-0.048670
-0.054014
-0.060226
-0.067368
-0.075502
-0.084689
-0.094992
-0.106470
-0.119187
-0.133201
-0.148574
-0.165366
-0.183636
-0.203446
-0.224855
-0.247923
-0.272709
-0.299276
-0.327683
-0.357994
-0.390273
-0.424584
-0.460996
-0.499579
-0.540405
-0.583551
-0.629094
-0.677116
-0.727701
-0.780933
-0.836896
-0.895674
-0.030640
-0.030819
-0.031558
-0.032822
-0.034605
-0.036936
-0.039857
-0.043420
-0.047679
-0.052692
-0.058514
-0.065203
-0.072816
-0.081410
-0.091041
-0.101765
-0.113640
-0.126721
-0.141062
-0.156719
-0.173746
-0.192196
-0.212125
-0.233585
-0.256630
-0.281312
-0.307686
-0.335807
-0.365729
-0.397510
-0.431210
-0.466891
-0.504620
-0.544467
-0.586506
-0.630817
-0.677484
-0.726592
-0.778228
-0.832482
-0.030784
-0.030882
-0.031542
-0.032706
-0.034355
-0.036509
-0.039205
-0.042489
-0.046410
-0.051019
-0.056368
-0.062508
-0.069491
-0.077368
-0.086190
-0.096009
-0.106874
-0.118835
-0.131942
-0.146243
-0.161786
-0.178619
-0.196789
-0.216341
-0.237321
-0.259773
-0.283742
-0.309274
-0.336414
-0.365207
-0.395703
-0.427953
-0.462014
-0.497946
-0.535818
-0.575706
-0.617691
-0.661865
-0.708319
-0.757150
-0.030921
-0.030916
-0.031483
-0.032531
-0.034022
-0.035968
-0.038401
-0.041359
-0.044885
-0.049026
-0.053825
-0.059329
-0.065582
-0.072631
-0.080520
-0.089294
-0.098996
-0.109670
-0.121359
-0.134105
-0.147949
-0.162932
-0.179092
-0.196467
-0.215095
-0.235011
-0.256249
-0.278843
-0.302827
-0.328232
-0.355094
-0.383449
-0.413337
-0.444805
-0.477909
-0.512717
-0.549309
-0.587778
-0.628231
-0.670777
-0.031059
-0.030921
-0.031385
-0.032302
-0.033615
-0.035326
-0.037460
-0.040050
-0.043133
-0.046745
-0.050927
-0.055717
-0.061153
-0.067275
-0.074120
-0.081725
-0.090130
-0.099369
-0.109479
-0.120495
-0.132450
-0.145378
-0.159311
-0.174277
-0.190306
-0.207423
-0.225653
-0.245016
-0.265533
-0.287220
-0.310095
-0.334171
-0.359469
-0.386010
-0.413829
-0.442974
-0.473516
-0.505552
-0.539206
-0.574622
-0.031206
-0.030896
-0.031250
-0.032025
-0.033142
-0.034595
-0.036402
-0.038587
-0.041182
-0.044217
-0.047723
-0.051731
-0.056275
-0.061383
-0.067089
-0.073422
-0.080413
-0.088090
-0.096483
-0.105619
-0.115525
-0.126228
-0.137749
-0.150113
-0.163338
-0.177442
-0.192439
-0.208338
-0.225147
-0.242865
-0.261488
-0.281007
-0.301410
-0.322682
-0.344816
-0.367820
-0.391733
-0.416638
-0.442686
-0.470089
-0.031371
-0.030841
-0.031083
-0.031708
-0.032615
-0.033790
-0.035244
-0.036995
-0.039067
-0.041481
-0.044263
-0.047436
-0.051023
-0.055049
-0.059538
-0.064511
-0.069993
-0.076004
-0.082567
-0.089703
-0.097430
-0.105767
-0.114731
-0.124337
-0.134598
-0.145523
-0.157117
-0.169382
-0.182313
-0.195895
-0.210106
-0.224910
-0.240260
-0.256090
-0.272327
-0.288892
-0.305731
-0.322852
-0.340395
-0.358700
-0.031569
-0.030752
-0.030886
-0.031356
-0.032043
-0.032925
-0.034007
-0.035302
-0.036822
-0.038584
-0.040604
-0.042898
-0.045481
-0.048370
-0.051581
-0.055128
-0.059028
-0.063294
-0.067941
-0.072982
-0.078431
-0.084297
-0.090593
-0.097327
-0.104506
-0.112132
-0.120207
-0.128726
-0.137678
-0.147040
-0.156781
-0.166847
-0.177161
-0.187610
-0.198034
-0.208213
-0.217873
-0.226732
-0.234661
-0.242081
-0.031817
-0.030621
-0.030663
-0.030979
-0.031438
-0.032017
-0.032714
-0.033535
-0.034485
-0.035571
-0.036803
-0.038188
-0.039734
-0.041449
-0.043340
-0.045415
-0.047682
-0.050148
-0.052820
-0.055704
-0.058806
-0.062132
-0.065685
-0.069470
-0.073489
-0.077742
-0.082227
-0.086938
-0.091865
-0.096989
-0.102281
-0.107697
-0.113161
-0.118556
-0.123684
-0.128204
-0.131526
-0.132622
-0.129883
-0.121931
-0.032137
-0.030439
-0.030421
-0.030584
-0.030813
-0.031082
-0.031387
-0.031725
-0.032093
-0.032492
-0.032921
-0.033381
-0.033871
-0.034390
-0.034939
-0.035518
-0.036126
-0.036762
-0.037427
-0.038120
-0.038840
-0.039587
-0.040360
-0.041157
-0.041978
-0.042821
-0.043683
-0.044562
-0.045453
-0.046352
-0.047249
-0.048135
-0.048991
-0.049789
-0.050479
-0.050954
-0.050910
-0.049197
-0.040628
-0.000004
