0.002342
0.002616
0.003617
0.005233
0.007469
0.010369
0.013994
0.018411
0.023691
0.029906
0.037132
0.045441
0.054909
0.065610
0.077620
0.091013
0.105865
0.122251
0.140246
0.159925
0.181364
0.204638
0.229822
0.256991
0.286220
0.317586
0.351162
0.387025
0.425249
0.465909
0.509082
0.554841
0.603263
0.654422
0.708394
0.765254
0.825077
0.887939
0.953913
1.023077
0.002324
0.002597
0.003590
0.005194
0.007414
0.010293
0.013892
0.018277
0.023518
0.029688
0.036861
0.045109
0.054508
0.065131
0.077054
0.090349
0.105093
0.121360
0.139223
0.158759
0.180042
0.203146
0.228146
0.255117
0.284134
0.315270
0.348602
0.384203
0.422148
0.462512
0.505370
0.550796
0.598865
0.649651
0.703229
0.759675
0.819062
0.881464
0.946958
1.015617
0.002272
0.002539
0.003510
0.005079
0.007251
0.010067
0.013586
0.017875
0.023002
0.029037
0.036052
0.044120
0.053312
0.063703
0.075364
0.088368
0.102788
0.118698
0.136170
0.155278
0.176094
0.198691
0.223143
0.249523
0.277903
0.308357
0.340958
0.375778
0.412892
0.452371
0.494289
0.538718
0.585733
0.635406
0.687809
0.743017
0.801102
0.862137
0.926194
0.993348
0.002186
0.002443
0.003378
0.004890
0.006981
0.009693
0.013082
0.017212
0.022149
0.027961
0.034717
0.042486
0.051339
0.061345
0.072574
0.085097
0.098984
0.114306
0.131131
0.149532
0.169578
0.191339
0.214887
0.240290
0.267620
0.296947
0.328342
0.361874
0.397614
0.435632
0.475999
0.518785
0.564060
0.611895
0.662360
0.715525
0.771460
0.830237
0.891924
0.956594
0.002066
0.002310
0.003196
0.004628
0.006608
0.009177
0.012387
0.016298
0.020974
0.026478
0.032876
0.040233
0.048617
0.058092
0.068727
0.080586
0.093737
0.108246
0.124180
0.141606
0.160589
0.181197
0.203496
0.227553
0.253435
0.281207
0.310938
0.342693
0.376538
0.412541
0.450769
0.491287
0.534162
0.579461
0.627251
0.677599
0.730569
0.786230
0.844648
0.905890
0.001916
0.002143
0.002967
0.004298
0.006139
0.008527
0.011511
0.015146
0.019492
0.024608
0.030554
0.037393
0.045185
0.053992
0.063876
0.074899
0.087122
0.100608
0.115418
0.131614
0.149258
0.168412
0.189138
0.211498
0.235553
0.261367
0.288999
0.318514
0.349972
0.383435
0.418965
0.456624
0.496475
0.538578
0.582996
0.629791
0.679025
0.730759
0.785055
0.841976
0.001736
0.001944
0.002694
0.003905
0.005580
0.007752
0.010466
0.013773
0.017725
0.022378
0.027787
0.034007
0.041094
0.049105
0.058094
0.068120
0.079237
0.091503
0.104972
0.119703
0.135751
0.153171
0.172022
0.192358
0.214237
0.237715
0.262847
0.289691
0.318302
0.348737
0.381052
0.415303
0.451548
0.489841
0.530240
0.572800
0.617579
0.664631
0.714014
0.765784
0.001531
0.001715
0.002381
0.003454
0.004938
0.006863
0.009268
0.012198
0.015700
0.019822
0.024614
0.030125
0.036404
0.043501
0.051465
0.060347
0.070196
0.081063
0.092996
0.106046
0.120263
0.135697
0.152397
0.170414
0.189797
0.210596
0.232861
0.256643
0.281990
0.308953
0.337582
0.367926
0.400036
0.433961
0.469751
0.507457
0.547127
0.588812
0.632562
0.678426
0.001302
0.001461
0.002032
0.002952
0.004224
0.005873
0.007934
0.010444
0.013445
0.016977
0.021082
0.025803
0.031182
0.037262
0.044085
0.051694
0.060131
0.069440
0.079663
0.090843
0.103022
0.116243
0.130550
0.145984
0.162589
0.180406
0.199480
0.219853
0.241567
0.264665
0.289189
0.315184
0.342691
0.371753
0.402413
0.434713
0.468697
0.504407
0.541885
0.581175
0.001053
0.001184
0.001653
0.002406
0.003448
0.004798
0.006484
0.008538
0.010994
0.013883
0.017242
0.021105
0.025506
0.030480
0.036062
0.042287
0.049190
0.056805
0.065169
0.074315
0.084278
0.095095
0.106799
0.119425
0.133009
0.147586
0.163190
0.179856
0.197620
0.216516
0.236580
0.257846
0.280349
0.304124
0.329206
0.355631
0.383432
0.412646
0.443306
0.475448
0.000788
0.000890
0.001248
0.001825
0.002621
0.003652
0.004939
0.006507
0.008381
0.010587
0.013151
0.016098
0.019457
0.023253
0.027512
0.032263
0.037530
0.043342
0.049723
0.056703
0.064306
0.072559
0.081490
0.091125
0.101491
0.112613
0.124520
0.137238
0.150792
0.165211
0.180520
0.196747
0.213918
0.232060
0.251199
0.271362
0.292576
0.314867
0.338263
0.362789
0.000510
0.000581
0.000825
0.001216
0.001755
0.002452
0.003322
0.004381
0.005647
0.007136
0.008867
0.010857
0.013124
0.015686
0.018562
0.021768
0.025323
0.029246
0.033553
0.038264
0.043395
0.048966
0.054993
0.061496
0.068492
0.075998
0.084034
0.092617
0.101765
0.111497
0.121829
0.132780
0.144369
0.156612
0.169529
0.183137
0.197454
0.212498
0.228287
0.244839
0.000224
0.000264
0.000390
0.000589
0.000862
0.001215
0.001655
0.002190
0.002829
0.003581
0.004453
0.005457
0.006599
0.007891
0.009340
0.010955
0.012747
0.014723
0.016893
0.019266
0.021852
0.024658
0.027694
0.030970
0.034494
0.038275
0.042323
0.046647
0.051255
0.056156
0.061361
0.066877
0.072714
0.078881
0.085387
0.092241
0.099452
0.107030
0.114982
0.123320
-0.000066
-0.000059
-0.000053
-0.000048
-0.000043
-0.000039
-0.000036
-0.000033
-0.000030
-0.000028
-0.000025
-0.000023
-0.000022
-0.000020
-0.000018
-0.000017
-0.000016
-0.000014
-0.000013
-0.000012
-0.000011
-0.000010
-0.000009
-0.000008
-0.000007
-0.000006
-0.000005
-0.000004
-0.000004
-0.000003
-0.000002
-0.000002
-0.000001
-0.000001
-0.000000
0.000000
0.000000
0.000001
0.000001
0.000001
-0.000356
-0.000381
-0.000495
-0.000684
-0.000948
-0.001294
-0.001727
-0.002256
-0.002889
-0.003636
-0.004504
-0.005504
-0.006643
-0.007931
-0.009377
-0.010989
-0.012778
-0.014752
-0.016919
-0.019290
-0.021873
-0.024677
-0.027712
-0.030985
-0.034508
-0.038287
-0.042333
-0.046655
-0.051262
-0.056162
-0.061365
-0.066880
-0.072716
-0.078882
-0.085388
-0.092241
-0.099451
-0.107028
-0.114980
-0.123317
-0.000642
-0.000699
-0.000931
-0.001311
-0.001841
-0.002530
-0.003393
-0.004446
-0.005707
-0.007191
-0.008918
-0.010904
-0.013167
-0.015726
-0.018598
-0.021802
-0.025354
-0.029274
-0.033579
-0.038287
-0.043417
-0.048985
-0.055011
-0.061511
-0.068505
-0.076010
-0.084044
-0.092626
-0.101773
-0.111502
-0.121833
-0.132784
-0.144371
-0.156614
-0.169529
-0.183136
-0.197453
-0.212496
-0.228285
-0.244837
-0.000920
-0.001008
-0.001354
-0.001920
-0.002707
-0.003730
-0.005011
-0.006573
-0.008441
-0.010642
-0.013201
-0.016145
-0.019500
-0.023292
-0.027549
-0.032296
-0.037561
-0.043370
-0.049749
-0.056726
-0.064327
-0.072579
-0.081507
-0.091140
-0.101504
-0.112625
-0.124530
-0.137246
-0.150799
-0.165217
-0.180525
-0.196751
-0.213920
-0.232061
-0.251199
-0.271361
-0.292575
-0.314865
-0.338261
-0.362787
-0.001185
-0.001302
-0.001758
-0.002501
-0.003534
-0.004876
-0.006555
-0.008604
-0.011053
-0.013938
-0.017293
-0.021151
-0.025549
-0.030519
-0.036098
-0.042320
-0.049220
-0.056834
-0.065194
-0.074338
-0.084300
-0.095114
-0.106816
-0.119440
-0.133023
-0.147597
-0.163200
-0.179865
-0.197627
-0.216522
-0.236584
-0.257848
-0.280350
-0.304124
-0.329206
-0.355629
-0.383431
-0.412643
-0.443304
-0.475446
-0.001434
-0.001579
-0.002137
-0.003047
-0.004310
-0.005951
-0.008005
-0.010509
-0.013504
-0.017032
-0.021133
-0.025850
-0.031225
-0.037302
-0.044121
-0.051727
-0.060162
-0.069469
-0.079689
-0.090866
-0.103043
-0.116263
-0.130567
-0.145999
-0.162602
-0.180418
-0.199490
-0.219860
-0.241573
-0.264669
-0.289193
-0.315186
-0.342692
-0.371753
-0.402412
-0.434712
-0.468695
-0.504404
-0.541882
-0.581172
-0.001664
-0.001833
-0.002486
-0.003549
-0.005024
-0.006941
-0.009339
-0.012262
-0.015759
-0.019877
-0.024664
-0.030171
-0.036446
-0.043540
-0.051501
-0.060380
-0.070227
-0.081091
-0.093022
-0.106070
-0.120284
-0.135716
-0.152414
-0.170429
-0.189810
-0.210607
-0.232871
-0.256650
-0.281996
-0.308958
-0.337585
-0.367928
-0.400037
-0.433961
-0.469750
-0.507455
-0.547125
-0.588809
-0.632559
-0.678424
-0.001869
-0.002062
-0.002800
-0.004000
-0.005665
-0.007829
-0.010536
-0.013837
-0.017784
-0.022433
-0.027837
-0.034053
-0.041137
-0.049144
-0.058131
-0.068153
-0.079268
-0.091531
-0.104998
-0.119726
-0.135772
-0.153190
-0.172039
-0.192373
-0.214250
-0.237726
-0.262856
-0.289698
-0.318307
-0.348741
-0.381054
-0.415304
-0.451548
-0.489840
-0.530238
-0.572798
-0.617576
-0.664629
-0.714012
-0.765783
-0.002049
-0.002261
-0.003073
-0.004393
-0.006225
-0.008604
-0.011581
-0.015210
-0.019551
-0.024662
-0.030604
-0.037439
-0.045227
-0.054031
-0.063912
-0.074932
-0.087153
-0.100636
-0.115444
-0.131637
-0.149279
-0.168431
-0.189155
-0.211513
-0.235566
-0.261378
-0.289009
-0.318521
-0.349977
-0.383438
-0.418967
-0.456625
-0.496474
-0.538577
-0.582994
-0.629789
-0.679022
-0.730756
-0.785053
-0.841974
-0.002200
-0.002429
-0.003302
-0.004723
-0.006694
-0.009254
-0.012457
-0.016362
-0.021032
-0.026531
-0.032925
-0.040279
-0.048659
-0.058131
-0.068762
-0.080619
-0.093767
-0.108274
-0.124206
-0.141629
-0.160610
-0.181216
-0.203513
-0.227568
-0.253448
-0.281218
-0.310947
-0.342700
-0.376543
-0.412545
-0.450770
-0.491287
-0.534161
-0.579460
-0.627249
-0.677596
-0.730566
-0.786227
-0.844646
-0.905888
-0.002320
-0.002562
-0.003484
-0.004984
-0.007066
-0.009770
-0.013152
-0.017276
-0.022207
-0.028015
-0.034766
-0.042532
-0.051381
-0.061383
-0.072610
-0.085130
-0.099014
-0.114333
-0.131157
-0.149555
-0.169599
-0.191358
-0.214904
-0.240305
-0.267633
-0.296958
-0.328351
-0.361881
-0.397619
-0.435635
-0.476001
-0.518785
-0.564059
-0.611893
-0.662357
-0.715522
-0.771457
-0.830234
-0.891922
-0.956593
-0.002407
-0.002658
-0.003616
-0.005174
-0.007335
-0.010143
-0.013656
-0.017938
-0.023059
-0.029090
-0.036101
-0.044165
-0.053354
-0.063741
-0.075399
-0.088400
-0.102818
-0.118725
-0.136195
-0.155301
-0.176115
-0.198710
-0.223160
-0.249538
-0.277916
-0.308368
-0.340967
-0.375785
-0.412897
-0.452374
-0.494290
-0.538718
-0.585732
-0.635404
-0.687807
-0.743014
-0.801098
-0.862134
-0.926192
-0.993348
-0.002460
-0.002717
-0.003696
-0.005288
-0.007498
-0.010369
-0.013961
-0.018339
-0.023575
-0.029741
-0.036909
-0.045154
-0.054549
-0.065169
-0.077088
-0.090381
-0.105122
-0.121387
-0.139248
-0.158782
-0.180063
-0.203165
-0.228163
-0.255132
-0.284147
-0.315281
-0.348611
-0.384210
-0.422153
-0.462515
-0.505371
-0.550796
-0.598863
-0.649649
-0.703227
-0.759672
-0.819058
-0.881462
-0.946956
-1.015617
-0.002478
-0.002737
-0.003723
-0.005327
-0.007553
-0.010445
-0.014062
-0.018473
-0.023748
-0.029958
-0.037179
-0.045485
-0.054949
-0.065647
-0.077654
-0.091045
-0.105894
-0.122278
-0.140271
-0.159948
-0.181385
-0.204657
-0.229839
-0.257006
-0.286234
-0.317597
-0.351171
-0.387032
-0.425254
-0.465912
-0.509083
-0.554841
-0.603262
-0.654420
-0.708392
-0.765251
-0.825074
-0.887936
-0.953912
-1.023077
-0.002462
-0.002717
-0.003696
-0.005288
-0.007498
-0.010368
-0.013960
-0.018338
-0.023574
-0.029740
-0.036908
-0.045153
-0.054548
-0.065168
-0.077087
-0.090380
-0.105122
-0.121386
-0.139248
-0.158782
-0.180062
-0.203165
-0.228163
-0.255132
-0.284147
-0.315282
-0.348611
-0.384210
-0.422153
-0.462515
-0.505371
-0.550795
-0.598863
-0.649649
-0.703227
-0.759672
-0.819059
-0.881462
-0.946957
-1.015618
-0.002410
-0.002660
-0.003616
-0.005173
-0.007334
-0.010141
-0.013653
-0.017936
-0.023057
-0.029087
-0.036099
-0.044163
-0.053352
-0.063739
-0.075397
-0.088399
-0.102817
-0.118724
-0.136194
-0.155300
-0.176114
-0.198710
-0.223160
-0.249538
-0.277916
-0.308369
-0.340967
-0.375786
-0.412897
-0.452374
-0.494290
-0.538719
-0.585732
-0.635404
-0.687807
-0.743015
-0.801100
-0.862135
-0.926194
-0.993349
-0.002325
-0.002564
-0.003484
-0.004983
-0.007063
-0.009767
-0.013149
-0.017273
-0.022204
-0.028011
-0.034763
-0.042529
-0.051378
-0.061381
-0.072607
-0.085128
-0.099013
-0.114332
-0.131155
-0.149554
-0.169598
-0.191357
-0.214903
-0.240305
-0.267633
-0.296959
-0.328351
-0.361882
-0.397620
-0.435636
-0.476002
-0.518786
-0.564060
-0.611894
-0.662358
-0.715523
-0.771459
-0.830236
-0.891924
-0.956595
-0.002207
-0.002432
-0.003302
-0.004720
-0.006690
-0.009250
-0.012453
-0.016358
-0.021028
-0.026527
-0.032921
-0.040275
-0.048655
-0.058127
-0.068759
-0.080616
-0.093765
-0.108272
-0.124204
-0.141627
-0.160609
-0.181215
-0.203512
-0.227568
-0.253448
-0.281219
-0.310947
-0.342700
-0.376544
-0.412546
-0.450771
-0.491288
-0.534163
-0.579461
-0.627250
-0.677597
-0.730568
-0.786230
-0.844648
-0.905891
-0.002058
-0.002266
-0.003073
-0.004390
-0.006220
-0.008599
-0.011575
-0.015205
-0.019545
-0.024656
-0.030599
-0.037434
-0.045222
-0.054027
-0.063908
-0.074929
-0.087150
-0.100633
-0.115441
-0.131635
-0.149277
-0.168430
-0.189154
-0.211512
-0.235566
-0.261378
-0.289009
-0.318522
-0.349978
-0.383439
-0.418968
-0.456626
-0.496476
-0.538578
-0.582996
-0.629790
-0.679024
-0.730759
-0.785056
-0.841978
-0.001881
-0.002067
-0.002799
-0.003996
-0.005660
-0.007823
-0.010529
-0.013830
-0.017777
-0.022426
-0.027831
-0.034047
-0.041131
-0.049138
-0.058126
-0.068149
-0.079264
-0.091527
-0.104995
-0.119723
-0.135769
-0.153188
-0.172037
-0.192372
-0.214250
-0.237726
-0.262857
-0.289698
-0.318308
-0.348741
-0.381055
-0.415306
-0.451549
-0.489842
-0.530240
-0.572800
-0.617579
-0.664632
-0.714015
-0.765786
-0.001678
-0.001839
-0.002486
-0.003545
-0.005018
-0.006933
-0.009330
-0.012254
-0.015751
-0.019869
-0.024657
-0.030164
-0.036440
-0.043534
-0.051496
-0.060375
-0.070222
-0.081086
-0.093018
-0.106066
-0.120282
-0.135714
-0.152412
-0.170428
-0.189809
-0.210607
-0.232871
-0.256651
-0.281997
-0.308958
-0.337586
-0.367929
-0.400038
-0.433962
-0.469752
-0.507457
-0.547127
-0.588813
-0.632563
-0.678428
-0.001452
-0.001586
-0.002137
-0.003042
-0.004302
-0.005942
-0.007996
-0.010500
-0.013495
-0.017022
-0.021124
-0.025841
-0.031217
-0.037294
-0.044115
-0.051721
-0.060157
-0.069464
-0.079685
-0.090862
-0.103040
-0.116260
-0.130565
-0.145997
-0.162601
-0.180417
-0.199490
-0.219861
-0.241573
-0.264670
-0.289194
-0.315187
-0.342693
-0.371755
-0.402414
-0.434714
-0.468698
-0.504408
-0.541887
-0.581177
-0.001207
-0.001310
-0.001757
-0.002495
-0.003525
-0.004866
-0.006544
-0.008592
-0.011042
-0.013928
-0.017283
-0.021142
-0.025540
-0.030511
-0.036091
-0.042313
-0.049214
-0.056828
-0.065189
-0.074334
-0.084296
-0.095111
-0.106813
-0.119438
-0.133021
-0.147596
-0.163199
-0.179864
-0.197627
-0.216522
-0.236584
-0.257849
-0.280351
-0.304126
-0.329208
-0.355632
-0.383434
-0.412647
-0.443308
-0.475451
-0.000947
-0.001016
-0.001352
-0.001913
-0.002696
-0.003718
-0.004998
-0.006560
-0.008429
-0.010630
-0.013190
-0.016134
-0.019490
-0.023283
-0.027540
-0.032288
-0.037554
-0.043363
-0.049744
-0.056721
-0.064323
-0.072575
-0.081504
-0.091138
-0.101502
-0.112624
-0.124529
-0.137245
-0.150799
-0.165217
-0.180525
-0.196751
-0.213921
-0.232062
-0.251201
-0.271364
-0.292578
-0.314869
-0.338265
-0.362791
-0.000675
-0.000708
-0.000928
-0.001302
-0.001829
-0.002517
-0.003379
-0.004432
-0.005693
-0.007178
-0.008905
-0.010892
-0.013156
-0.015716
-0.018589
-0.021793
-0.025346
-0.029267
-0.033572
-0.038281
-0.043411
-0.048980
-0.055007
-0.061508
-0.068503
-0.076008
-0.084043
-0.092625
-0.101772
-0.111502
-0.121834
-0.132784
-0.144372
-0.156615
-0.169531
-0.183139
-0.197456
-0.212500
-0.228289
-0.244842
-0.000396
-0.000390
-0.000491
-0.000674
-0.000935
-0.001279
-0.001711
-0.002240
-0.002874
-0.003621
-0.004490
-0.005490
-0.006630
-0.007919
-0.009366
-0.010979
-0.012769
-0.014743
-0.016912
-0.019283
-0.021867
-0.024672
-0.027707
-0.030982
-0.034505
-0.038285
-0.042332
-0.046654
-0.051261
-0.056162
-0.061366
-0.066881
-0.072717
-0.078884
-0.085389
-0.092243
-0.099454
-0.107032
-0.114985
-0.123322
-0.000114
-0.000066
-0.000047
-0.000035
-0.000028
-0.000022
-0.000018
-0.000015
-0.000013
-0.000011
-0.000010
-0.000009
-0.000008
-0.000007
-0.000007
-0.000006
-0.000005
-0.000005
-0.000005
-0.000004
-0.000004
-0.000004
-0.000004
-0.000003
-0.000003
-0.000003
-0.000003
-0.000003
-0.000003
-0.000003
-0.000003
-0.000002
-0.000002
-0.000002
-0.000002
-0.000002
-0.000002
-0.000002
-0.000002
-0.000002
