0.001691
0.002157
0.003240
0.004890
0.007132
0.010021
0.013620
0.018000
0.023231
0.029385
0.036538
0.044761
0.054130
0.064718
0.076599
0.089848
0.104540
0.120748
0.138547
0.158011
0.179215
0.202232
0.227138
0.254007
0.282913
0.313931
0.347135
0.382599
0.420397
0.460605
0.503296
0.548545
0.596425
0.647013
0.700381
0.756605
0.815758
0.877915
0.943151
1.011539
0.001677
0.002140
0.003215
0.004852
0.007078
0.009946
0.013519
0.017867
0.023060
0.029170
0.036270
0.044433
0.053734
0.064244
0.076039
0.089192
0.103777
0.119866
0.137536
0.156858
0.177907
0.200757
0.225481
0.252154
0.280850
0.311641
0.344603
0.379808
0.417331
0.457246
0.499626
0.544545
0.592076
0.642295
0.695274
0.751088
0.809810
0.871514
0.936274
1.004163
0.001635
0.002087
0.003139
0.004740
0.006918
0.009723
0.013218
0.017470
0.022549
0.028525
0.035470
0.043455
0.052551
0.062832
0.074368
0.087233
0.101498
0.117235
0.134517
0.153415
0.174003
0.196352
0.220535
0.246623
0.274689
0.304806
0.337045
0.371479
0.408179
0.447219
0.488669
0.532603
0.579093
0.628210
0.680028
0.734618
0.792053
0.852404
0.915744
0.982145
0.001565
0.002001
0.003013
0.004556
0.006653
0.009354
0.012720
0.016816
0.021707
0.027462
0.034150
0.041840
0.050600
0.060500
0.071610
0.083999
0.097736
0.112892
0.129534
0.147734
0.167560
0.189083
0.212371
0.237494
0.264522
0.293525
0.324571
0.357731
0.393073
0.430669
0.470586
0.512894
0.557664
0.604965
0.654865
0.707436
0.762746
0.820864
0.881860
0.945805
0.001468
0.001881
0.002840
0.004301
0.006287
0.008846
0.012034
0.015913
0.020545
0.025996
0.032329
0.039612
0.047908
0.057284
0.067805
0.079538
0.092547
0.106900
0.122661
0.139896
0.158672
0.179054
0.201108
0.224900
0.250496
0.277961
0.307363
0.338765
0.372235
0.407838
0.445639
0.485706
0.528103
0.572897
0.620153
0.669937
0.722316
0.777354
0.835118
0.895673
0.001347
0.001730
0.002622
0.003980
0.005827
0.008205
0.011169
0.014774
0.019080
0.024147
0.030034
0.036803
0.044515
0.053230
0.063009
0.073914
0.086007
0.099347
0.113996
0.130016
0.147468
0.166413
0.186911
0.209025
0.232816
0.258344
0.285671
0.314859
0.345967
0.379059
0.414194
0.451434
0.490841
0.532475
0.576397
0.622669
0.671353
0.722508
0.776197
0.832480
0.001202
0.001551
0.002362
0.003598
0.005278
0.007441
0.010137
0.013417
0.017334
0.021943
0.027298
0.033455
0.040469
0.048396
0.057292
0.067211
0.078209
0.090343
0.103668
0.118239
0.134112
0.151343
0.169987
0.190101
0.211739
0.234958
0.259813
0.286360
0.314654
0.344751
0.376708
0.410579
0.446420
0.484287
0.524235
0.566321
0.610599
0.657126
0.705957
0.757148
0.001035
0.001345
0.002064
0.003159
0.004648
0.006566
0.008955
0.011861
0.015332
0.019415
0.024161
0.029616
0.035831
0.042855
0.050736
0.059524
0.069269
0.080020
0.091825
0.104735
0.118798
0.134064
0.150583
0.168403
0.187573
0.208144
0.230164
0.253684
0.278751
0.305416
0.333728
0.363735
0.395488
0.429036
0.464428
0.501714
0.540942
0.582162
0.625423
0.670775
0.000850
0.001116
0.001732
0.002671
0.003947
0.005591
0.007638
0.010129
0.013103
0.016602
0.020668
0.025342
0.030667
0.036685
0.043438
0.050968
0.059317
0.068527
0.078641
0.089702
0.101750
0.114829
0.128980
0.144247
0.160671
0.178294
0.197159
0.217307
0.238783
0.261626
0.285880
0.311587
0.338790
0.367529
0.397849
0.429790
0.463396
0.498708
0.535769
0.574620
0.000649
0.000866
0.001371
0.002140
0.003185
0.004531
0.006207
0.008245
0.010679
0.013543
0.016871
0.020696
0.025054
0.029978
0.035504
0.041665
0.048497
0.056033
0.064309
0.073358
0.083216
0.093917
0.105496
0.117986
0.131424
0.145842
0.161276
0.177761
0.195331
0.214020
0.233863
0.254895
0.277150
0.300662
0.325467
0.351599
0.379092
0.407982
0.438301
0.470086
0.000434
0.000601
0.000987
0.001574
0.002373
0.003401
0.004681
0.006238
0.008097
0.010284
0.012825
0.015745
0.019072
0.022831
0.027049
0.031753
0.036967
0.042720
0.049036
0.055943
0.063467
0.071634
0.080471
0.090004
0.100259
0.111262
0.123041
0.135622
0.149030
0.163292
0.178435
0.194485
0.211468
0.229411
0.248339
0.268281
0.289261
0.311306
0.334443
0.358697
0.000210
0.000322
0.000584
0.000982
0.001523
0.002218
0.003084
0.004137
0.005394
0.006872
0.008588
0.010562
0.012809
0.015349
0.018198
0.021374
0.024896
0.028781
0.033046
0.037710
0.042790
0.048305
0.054271
0.060707
0.067630
0.075059
0.083010
0.091503
0.100554
0.110182
0.120404
0.131238
0.142702
0.154813
0.167590
0.181050
0.195211
0.210091
0.225707
0.242078
-0.000022
0.000036
0.000169
0.000372
0.000646
0.000999
0.001439
0.001972
0.002608
0.003356
0.004224
0.005221
0.006357
0.007639
0.009078
0.010682
0.012459
0.014420
0.016572
0.018925
0.021487
0.024269
0.027277
0.030523
0.034014
0.037759
0.041768
0.046049
0.050612
0.055464
0.060616
0.066077
0.071854
0.077957
0.084396
0.091179
0.098314
0.105812
0.113680
0.121929
-0.000257
-0.000256
-0.000252
-0.000248
-0.000243
-0.000237
-0.000232
-0.000225
-0.000219
-0.000212
-0.000206
-0.000199
-0.000192
-0.000184
-0.000177
-0.000169
-0.000162
-0.000154
-0.000147
-0.000139
-0.000131
-0.000123
-0.000116
-0.000108
-0.000100
-0.000093
-0.000085
-0.000078
-0.000070
-0.000063
-0.000056
-0.000049
-0.000042
-0.000036
-0.000029
-0.000023
-0.000016
-0.000010
-0.000004
0.000001
-0.000492
-0.000547
-0.000673
-0.000867
-0.001132
-0.001474
-0.001902
-0.002423
-0.003046
-0.003781
-0.004635
-0.005619
-0.006740
-0.008008
-0.009432
-0.011021
-0.012783
-0.014728
-0.016865
-0.019203
-0.021750
-0.024516
-0.027509
-0.030739
-0.034215
-0.037945
-0.041939
-0.046205
-0.050753
-0.055591
-0.060729
-0.066175
-0.071939
-0.078029
-0.084454
-0.091224
-0.098347
-0.105833
-0.113689
-0.121926
-0.000724
-0.000834
-0.001089
-0.001478
-0.002009
-0.002693
-0.003548
-0.004588
-0.005832
-0.007297
-0.009000
-0.010960
-0.013193
-0.015718
-0.018553
-0.021714
-0.025221
-0.029090
-0.033340
-0.037989
-0.043054
-0.048552
-0.054503
-0.060924
-0.067832
-0.075245
-0.083182
-0.091659
-0.100696
-0.110309
-0.120517
-0.131337
-0.142787
-0.154885
-0.167648
-0.181095
-0.195244
-0.210111
-0.225716
-0.242076
-0.000949
-0.001113
-0.001492
-0.002071
-0.002860
-0.003877
-0.005146
-0.006690
-0.008537
-0.010711
-0.013238
-0.016145
-0.019457
-0.023202
-0.027406
-0.032094
-0.037294
-0.043031
-0.049332
-0.056224
-0.063732
-0.071884
-0.080705
-0.090222
-0.100462
-0.111450
-0.123214
-0.135779
-0.149172
-0.163420
-0.178549
-0.194584
-0.211553
-0.229483
-0.248398
-0.268326
-0.289294
-0.311327
-0.334452
-0.358695
-0.001165
-0.001379
-0.001877
-0.002638
-0.003673
-0.005007
-0.006672
-0.008699
-0.011120
-0.013971
-0.017285
-0.021097
-0.025441
-0.030351
-0.035862
-0.042009
-0.048825
-0.056346
-0.064607
-0.073641
-0.083483
-0.094169
-0.105732
-0.118207
-0.131629
-0.146032
-0.161451
-0.177920
-0.195475
-0.214149
-0.233978
-0.254995
-0.277236
-0.300735
-0.325526
-0.351645
-0.379126
-0.408003
-0.438310
-0.470084
-0.001367
-0.001629
-0.002239
-0.003169
-0.004436
-0.006069
-0.008105
-0.010583
-0.013545
-0.017032
-0.021084
-0.025745
-0.031057
-0.037060
-0.043799
-0.051314
-0.059648
-0.068843
-0.078942
-0.089987
-0.102020
-0.115083
-0.129219
-0.144470
-0.160878
-0.178486
-0.197335
-0.217469
-0.238929
-0.261757
-0.285996
-0.311689
-0.338877
-0.367602
-0.397908
-0.429837
-0.463430
-0.498729
-0.535778
-0.574618
-0.001553
-0.001860
-0.002572
-0.003659
-0.005138
-0.007045
-0.009423
-0.012318
-0.015776
-0.019847
-0.024579
-0.030022
-0.036223
-0.043233
-0.051100
-0.059874
-0.069604
-0.080339
-0.092130
-0.105024
-0.119072
-0.134322
-0.150825
-0.168629
-0.187784
-0.208339
-0.230344
-0.253848
-0.278900
-0.305549
-0.333846
-0.363839
-0.395577
-0.429111
-0.464489
-0.501761
-0.540976
-0.582183
-0.625432
-0.670773
-0.001721
-0.002067
-0.002872
-0.004099
-0.005769
-0.007923
-0.010608
-0.013876
-0.017781
-0.022377
-0.027719
-0.033863
-0.040864
-0.048778
-0.057659
-0.067564
-0.078548
-0.090667
-0.103976
-0.118532
-0.134390
-0.151605
-0.170234
-0.190331
-0.211954
-0.235157
-0.259996
-0.286527
-0.314806
-0.344887
-0.376829
-0.410684
-0.446510
-0.484363
-0.524297
-0.566369
-0.610634
-0.657148
-0.705967
-0.757146
-0.001867
-0.002248
-0.003133
-0.004483
-0.006320
-0.008689
-0.011641
-0.015235
-0.019530
-0.024584
-0.030459
-0.037215
-0.044913
-0.053615
-0.063380
-0.074272
-0.086349
-0.099675
-0.114310
-0.130315
-0.147751
-0.166680
-0.187163
-0.209261
-0.233035
-0.258548
-0.285859
-0.315030
-0.346123
-0.379198
-0.414318
-0.451542
-0.490934
-0.532552
-0.576460
-0.622718
-0.671388
-0.722531
-0.776207
-0.832479
-0.001991
-0.002400
-0.003353
-0.004806
-0.006783
-0.009332
-0.012509
-0.016377
-0.020998
-0.026436
-0.032758
-0.040027
-0.048311
-0.057674
-0.068181
-0.079900
-0.092895
-0.107233
-0.122980
-0.140200
-0.158961
-0.179327
-0.201366
-0.225142
-0.250721
-0.278170
-0.307555
-0.338942
-0.372395
-0.407981
-0.445767
-0.485818
-0.528199
-0.572978
-0.620219
-0.669989
-0.722353
-0.777377
-0.835128
-0.895672
-0.002089
-0.002522
-0.003528
-0.005062
-0.007150
-0.009842
-0.013198
-0.017283
-0.022163
-0.027907
-0.034583
-0.042260
-0.051007
-0.060895
-0.071991
-0.084367
-0.098090
-0.113231
-0.129859
-0.148044
-0.167856
-0.189363
-0.212635
-0.237742
-0.264754
-0.293740
-0.324770
-0.357913
-0.393239
-0.430817
-0.470718
-0.513010
-0.557764
-0.605049
-0.654934
-0.707490
-0.762784
-0.820889
-0.881872
-0.945804
-0.002161
-0.002610
-0.003655
-0.005249
-0.007418
-0.010214
-0.013699
-0.017941
-0.023009
-0.028974
-0.035907
-0.043880
-0.052964
-0.063232
-0.074755
-0.087607
-0.101858
-0.117581
-0.134849
-0.153733
-0.174306
-0.196640
-0.220807
-0.246879
-0.274929
-0.305029
-0.337251
-0.371668
-0.408351
-0.447373
-0.488807
-0.532724
-0.579197
-0.628299
-0.680100
-0.734675
-0.792094
-0.852430
-0.915756
-0.982144
-0.002206
-0.002665
-0.003734
-0.005363
-0.007581
-0.010440
-0.014004
-0.018341
-0.023523
-0.029622
-0.036711
-0.044863
-0.054152
-0.064651
-0.076433
-0.089573
-0.104144
-0.120220
-0.137876
-0.157183
-0.178218
-0.201053
-0.225762
-0.252419
-0.281098
-0.311873
-0.344817
-0.380005
-0.417511
-0.457408
-0.499770
-0.544671
-0.592186
-0.642388
-0.695350
-0.751148
-0.809853
-0.871542
-0.936287
-1.004163
-0.002223
-0.002685
-0.003761
-0.005403
-0.007637
-0.010518
-0.014108
-0.018478
-0.023699
-0.029843
-0.036984
-0.045197
-0.054554
-0.065130
-0.077000
-0.090237
-0.104915
-0.121110
-0.138895
-0.158345
-0.179535
-0.202538
-0.227428
-0.254281
-0.283171
-0.314172
-0.347359
-0.382805
-0.420585
-0.460775
-0.503448
-0.548678
-0.596541
-0.647111
-0.700462
-0.756668
-0.815805
-0.877945
-0.943165
-1.011539
-0.002211
-0.002670
-0.003739
-0.005369
-0.007587
-0.010446
-0.014011
-0.018349
-0.023532
-0.029632
-0.036722
-0.044875
-0.054165
-0.064664
-0.076447
-0.089588
-0.104161
-0.120238
-0.137894
-0.157202
-0.178238
-0.201073
-0.225782
-0.252440
-0.281119
-0.311894
-0.344838
-0.380026
-0.417530
-0.457426
-0.499787
-0.544687
-0.592200
-0.642400
-0.695361
-0.751156
-0.809860
-0.871547
-0.936290
-1.004164
-0.002172
-0.002620
-0.003665
-0.005260
-0.007429
-0.010226
-0.013713
-0.017957
-0.023027
-0.028993
-0.035928
-0.043903
-0.052989
-0.063259
-0.074784
-0.087638
-0.101891
-0.117616
-0.134885
-0.153771
-0.174345
-0.196680
-0.220848
-0.246921
-0.274971
-0.305071
-0.337293
-0.371708
-0.408390
-0.447411
-0.488842
-0.532756
-0.579227
-0.628324
-0.680122
-0.734693
-0.792108
-0.852440
-0.915762
-0.982146
-0.002105
-0.002536
-0.003543
-0.005078
-0.007168
-0.009862
-0.013220
-0.017307
-0.022189
-0.027936
-0.034615
-0.042295
-0.051045
-0.060936
-0.072035
-0.084413
-0.098139
-0.113283
-0.129914
-0.148101
-0.167914
-0.189423
-0.212697
-0.237806
-0.264818
-0.293804
-0.324833
-0.357975
-0.393299
-0.430875
-0.470772
-0.513060
-0.557810
-0.605089
-0.654969
-0.707518
-0.762806
-0.820904
-0.881881
-0.945806
-0.002012
-0.002420
-0.003373
-0.004827
-0.006806
-0.009357
-0.012538
-0.016408
-0.021033
-0.026475
-0.032800
-0.040074
-0.048361
-0.057728
-0.068239
-0.079962
-0.092961
-0.107303
-0.123052
-0.140276
-0.159040
-0.179409
-0.201449
-0.225227
-0.250808
-0.278257
-0.307641
-0.339026
-0.372477
-0.408060
-0.445841
-0.485887
-0.528262
-0.573034
-0.620267
-0.670028
-0.722383
-0.777399
-0.835140
-0.895674
-0.001895
-0.002272
-0.003157
-0.004509
-0.006349
-0.008721
-0.011677
-0.015275
-0.019574
-0.024632
-0.030512
-0.037273
-0.044976
-0.053682
-0.063453
-0.074349
-0.086432
-0.099762
-0.114401
-0.130410
-0.147850
-0.166783
-0.187268
-0.209369
-0.233145
-0.258658
-0.285968
-0.315138
-0.346228
-0.379300
-0.414414
-0.451633
-0.491016
-0.532626
-0.576524
-0.622771
-0.671429
-0.722559
-0.776223
-0.832482
-0.001754
-0.002096
-0.002900
-0.004130
-0.005804
-0.007961
-0.010650
-0.013923
-0.017833
-0.022435
-0.027783
-0.033932
-0.040939
-0.048858
-0.057745
-0.067656
-0.078646
-0.090771
-0.104086
-0.118647
-0.134510
-0.151729
-0.170362
-0.190463
-0.212088
-0.235292
-0.260131
-0.286661
-0.314937
-0.345015
-0.376950
-0.410799
-0.446616
-0.484457
-0.524379
-0.566437
-0.610687
-0.657185
-0.705987
-0.757150
-0.001592
-0.001893
-0.002605
-0.003695
-0.005178
-0.007089
-0.009472
-0.012372
-0.015837
-0.019914
-0.024653
-0.030101
-0.036309
-0.043326
-0.051200
-0.059981
-0.069718
-0.080461
-0.092258
-0.105158
-0.119212
-0.134468
-0.150976
-0.168785
-0.187943
-0.208501
-0.230506
-0.254010
-0.279059
-0.305705
-0.333996
-0.363981
-0.395710
-0.429230
-0.464593
-0.501848
-0.541044
-0.582231
-0.625458
-0.670777
-0.001412
-0.001667
-0.002277
-0.003210
-0.004481
-0.006119
-0.008161
-0.010646
-0.013614
-0.017107
-0.021167
-0.025836
-0.031155
-0.037166
-0.043913
-0.051436
-0.059778
-0.068982
-0.079089
-0.090141
-0.102182
-0.115252
-0.129394
-0.144651
-0.161064
-0.178675
-0.197527
-0.217661
-0.239120
-0.261946
-0.286180
-0.311864
-0.339042
-0.367754
-0.398042
-0.429950
-0.463518
-0.498791
-0.535811
-0.574622
-0.001217
-0.001420
-0.001919
-0.002683
-0.003723
-0.005063
-0.006734
-0.008768
-0.011197
-0.014056
-0.017378
-0.021198
-0.025551
-0.030470
-0.035990
-0.042145
-0.048971
-0.056502
-0.064771
-0.073815
-0.083666
-0.094360
-0.105931
-0.118413
-0.131842
-0.146251
-0.161674
-0.178146
-0.195702
-0.214375
-0.234200
-0.255211
-0.277441
-0.300926
-0.325698
-0.351793
-0.379243
-0.408086
-0.438355
-0.470089
-0.001009
-0.001157
-0.001537
-0.002120
-0.002915
-0.003938
-0.005214
-0.006767
-0.008621
-0.010804
-0.013340
-0.016256
-0.019578
-0.023333
-0.027546
-0.032245
-0.037455
-0.043203
-0.049515
-0.056417
-0.063935
-0.072097
-0.080928
-0.090455
-0.100703
-0.111700
-0.123470
-0.136041
-0.149438
-0.163688
-0.178816
-0.194847
-0.211809
-0.229725
-0.248622
-0.268523
-0.289456
-0.311444
-0.334515
-0.358700
-0.000792
-0.000882
-0.001138
-0.001532
-0.002068
-0.002760
-0.003622
-0.004671
-0.005924
-0.007398
-0.009111
-0.011081
-0.013325
-0.015861
-0.018706
-0.021879
-0.025397
-0.029279
-0.033541
-0.038201
-0.043278
-0.048789
-0.054751
-0.061183
-0.068103
-0.075527
-0.083473
-0.091960
-0.101004
-0.110623
-0.120835
-0.131656
-0.143104
-0.155194
-0.167943
-0.181366
-0.195477
-0.210289
-0.225817
-0.242081
-0.000570
-0.000596
-0.000725
-0.000925
-0.001196
-0.001546
-0.001982
-0.002512
-0.003145
-0.003890
-0.004755
-0.005749
-0.006882
-0.008162
-0.009598
-0.011199
-0.012974
-0.014932
-0.017083
-0.019434
-0.021994
-0.024774
-0.027781
-0.031025
-0.034515
-0.038259
-0.042266
-0.046545
-0.051105
-0.055955
-0.061104
-0.066559
-0.072329
-0.078422
-0.084845
-0.091603
-0.098700
-0.106133
-0.113889
-0.121931
-0.000346
-0.000306
-0.000307
-0.000309
-0.000311
-0.000314
-0.000317
-0.000321
-0.000325
-0.000329
-0.000333
-0.000338
-0.000343
-0.000348
-0.000354
-0.000360
-0.000367
-0.000373
-0.000380
-0.000388
-0.000396
-0.000404
-0.000412
-0.000420
-0.000429
-0.000439
-0.000448
-0.000458
-0.000468
-0.000479
-0.000490
-0.000501
-0.000513
-0.000524
-0.000537
-0.000549
-0.000562
-0.000575
-0.000586
-0.000004
