0.002408
0.002675
0.003670
0.005281
0.007513
0.010410
0.014031
0.018445
0.023723
0.029936
0.037159
0.045466
0.054932
0.065632
0.077640
0.091032
0.105883
0.122268
0.140262
0.159940
0.181378
0.204651
0.229833
0.257002
0.286230
0.317595
0.351170
0.387032
0.425256
0.465915
0.509087
0.554846
0.603267
0.654426
0.708397
0.765257
0.825079
0.887940
0.953914
1.023077
0.002390
0.002656
0.003643
0.005243
0.007458
0.010334
0.013929
0.018311
0.023550
0.029718
0.036888
0.045135
0.054532
0.065153
0.077074
0.090368
0.105111
0.121376
0.139239
0.158774
0.180055
0.203158
0.228158
0.255128
0.284143
0.315279
0.348610
0.384210
0.422155
0.462518
0.505375
0.550801
0.598869
0.649654
0.703232
0.759677
0.819063
0.881466
0.946959
1.015617
0.002338
0.002598
0.003563
0.005128
0.007295
0.010107
0.013624
0.017909
0.023033
0.029066
0.036079
0.044145
0.053336
0.063725
0.075384
0.088387
0.102806
0.118715
0.136186
0.155292
0.176107
0.198704
0.223155
0.249534
0.277913
0.308366
0.340966
0.375786
0.412898
0.452377
0.494294
0.538723
0.585737
0.635409
0.687812
0.743019
0.801104
0.862138
0.926195
0.993348
0.002251
0.002501
0.003431
0.004938
0.007025
0.009733
0.013120
0.017247
0.022181
0.027991
0.034744
0.042512
0.051363
0.061367
0.072595
0.085117
0.099002
0.114322
0.131147
0.149547
0.169591
0.191352
0.214898
0.240301
0.267630
0.296956
0.328350
0.361881
0.397621
0.435638
0.476005
0.518790
0.564064
0.611898
0.662362
0.715527
0.771462
0.830238
0.891925
0.956594
0.002132
0.002369
0.003250
0.004676
0.006653
0.009217
0.012424
0.016333
0.021005
0.026507
0.032903
0.040259
0.048640
0.058114
0.068747
0.080605
0.093755
0.108263
0.124196
0.141620
0.160602
0.181209
0.203508
0.227564
0.253444
0.281216
0.310946
0.342700
0.376545
0.412547
0.450774
0.491291
0.534166
0.579465
0.627254
0.677601
0.730571
0.786231
0.844649
0.905890
0.001982
0.002202
0.003020
0.004346
0.006183
0.008567
0.011548
0.015180
0.019523
0.024637
0.030581
0.037418
0.045209
0.054014
0.063897
0.074918
0.087140
0.100625
0.115433
0.131628
0.149271
0.168424
0.189149
0.211508
0.235563
0.261375
0.289008
0.318521
0.349978
0.383441
0.418970
0.456629
0.496479
0.538581
0.582999
0.629794
0.679027
0.730760
0.785056
0.841976
0.001802
0.002003
0.002747
0.003953
0.005624
0.007792
0.010503
0.013807
0.017757
0.022408
0.027814
0.034032
0.041118
0.049126
0.058115
0.068139
0.079255
0.091519
0.104988
0.119717
0.135764
0.153184
0.172033
0.192369
0.214247
0.237723
0.262855
0.289698
0.318308
0.348742
0.381057
0.415308
0.451552
0.489844
0.530243
0.572803
0.617580
0.664632
0.714015
0.765784
0.001597
0.001774
0.002434
0.003502
0.004982
0.006903
0.009305
0.012232
0.015731
0.019851
0.024641
0.030150
0.036427
0.043522
0.051485
0.060366
0.070214
0.081079
0.093011
0.106060
0.120276
0.135709
0.152408
0.170424
0.189806
0.210605
0.232869
0.256650
0.281997
0.308959
0.337587
0.367931
0.400040
0.433964
0.469754
0.507459
0.547129
0.588813
0.632562
0.678426
0.001368
0.001520
0.002085
0.003000
0.004268
0.005914
0.007971
0.010478
0.013476
0.017006
0.021109
0.025828
0.031206
0.037284
0.044105
0.051713
0.060149
0.069457
0.079678
0.090857
0.103035
0.116256
0.130561
0.145994
0.162598
0.180415
0.199488
0.219860
0.241573
0.264670
0.289195
0.315188
0.342695
0.371756
0.402415
0.434715
0.468699
0.504408
0.541885
0.581175
0.001119
0.001243
0.001706
0.002454
0.003492
0.004838
0.006521
0.008572
0.011025
0.013912
0.017269
0.021130
0.025529
0.030501
0.036082
0.042305
0.049207
0.056821
0.065184
0.074329
0.084291
0.095107
0.106810
0.119436
0.133019
0.147595
0.163198
0.179864
0.197627
0.216522
0.236585
0.257850
0.280352
0.304127
0.329209
0.355633
0.383434
0.412647
0.443306
0.475448
0.000854
0.000949
0.001302
0.001873
0.002664
0.003692
0.004976
0.006541
0.008413
0.010616
0.013177
0.016123
0.019480
0.023274
0.027532
0.032281
0.037547
0.043358
0.049738
0.056717
0.064319
0.072571
0.081501
0.091135
0.101500
0.112622
0.124528
0.137245
0.150799
0.165217
0.180525
0.196752
0.213922
0.232063
0.251202
0.271364
0.292578
0.314868
0.338263
0.362789
0.000576
0.000640
0.000878
0.001264
0.001798
0.002492
0.003358
0.004415
0.005678
0.007165
0.008893
0.010881
0.013147
0.015708
0.018581
0.021786
0.025340
0.029262
0.033568
0.038277
0.043408
0.048978
0.055004
0.061506
0.068501
0.076007
0.084042
0.092624
0.101772
0.111502
0.121834
0.132785
0.144372
0.156615
0.169532
0.183139
0.197455
0.212499
0.228288
0.244839
0.000290
0.000323
0.000443
0.000637
0.000906
0.001255
0.001692
0.002224
0.002860
0.003609
0.004480
0.005481
0.006622
0.007912
0.009359
0.010974
0.012764
0.014739
0.016908
0.019280
0.021864
0.024670
0.027705
0.030980
0.034503
0.038284
0.042331
0.046654
0.051261
0.056162
0.061366
0.066881
0.072718
0.078884
0.085389
0.092243
0.099454
0.107031
0.114983
0.123320
0.000000
0.000000
0.000000
0.000000
0.000000
0.000000
0.000000
0.000001
0.000001
0.000001
0.000001
0.000001
0.000001
0.000001
0.000001
0.000001
0.000001
0.000001
0.000002
0.000002
0.000002
0.000002
0.000002
0.000002
0.000002
0.000002
0.000002
0.000003
0.000003
0.000003
0.000003
0.000002
0.000002
0.000002
0.000002
0.000002
0.000002
0.000002
0.000002
0.000001
-0.000290
-0.000322
-0.000442
-0.000636
-0.000905
-0.001254
-0.001691
-0.002223
-0.002859
-0.003608
-0.004478
-0.005479
-0.006620
-0.007910
-0.009357
-0.010971
-0.012761
-0.014736
-0.016905
-0.019277
-0.021861
-0.024666
-0.027701
-0.030976
-0.034499
-0.038279
-0.042326
-0.046648
-0.051256
-0.056157
-0.061360
-0.066876
-0.072713
-0.078879
-0.085385
-0.092239
-0.099450
-0.107027
-0.114980
-0.123317
-0.000576
-0.000640
-0.000878
-0.001264
-0.001798
-0.002491
-0.003357
-0.004414
-0.005677
-0.007163
-0.008892
-0.010880
-0.013145
-0.015706
-0.018579
-0.021784
-0.025338
-0.029259
-0.033565
-0.038274
-0.043404
-0.048974
-0.055000
-0.061502
-0.068496
-0.076002
-0.084037
-0.092619
-0.101766
-0.111497
-0.121829
-0.132779
-0.144367
-0.156611
-0.169527
-0.183134
-0.197451
-0.212495
-0.228284
-0.244837
-0.000854
-0.000948
-0.001301
-0.001872
-0.002664
-0.003691
-0.004975
-0.006540
-0.008411
-0.010615
-0.013176
-0.016122
-0.019478
-0.023272
-0.027530
-0.032279
-0.037545
-0.043355
-0.049735
-0.056713
-0.064315
-0.072567
-0.081497
-0.091131
-0.101495
-0.112617
-0.124523
-0.137239
-0.150793
-0.165211
-0.180520
-0.196746
-0.213917
-0.232058
-0.251197
-0.271359
-0.292573
-0.314864
-0.338260
-0.362787
-0.001119
-0.001243
-0.001705
-0.002454
-0.003491
-0.004837
-0.006520
-0.008571
-0.011024
-0.013911
-0.017268
-0.021128
-0.025527
-0.030499
-0.036080
-0.042303
-0.049204
-0.056819
-0.065181
-0.074325
-0.084288
-0.095103
-0.106806
-0.119431
-0.133014
-0.147590
-0.163192
-0.179858
-0.197621
-0.216516
-0.236579
-0.257844
-0.280347
-0.304121
-0.329203
-0.355628
-0.383429
-0.412643
-0.443303
-0.475446
-0.001367
-0.001519
-0.002084
-0.003000
-0.004267
-0.005913
-0.007970
-0.010477
-0.013475
-0.017005
-0.021108
-0.025827
-0.031204
-0.037282
-0.044103
-0.051710
-0.060146
-0.069454
-0.079675
-0.090854
-0.103032
-0.116252
-0.130557
-0.145990
-0.162593
-0.180410
-0.199483
-0.219854
-0.241567
-0.264664
-0.289188
-0.315182
-0.342689
-0.371750
-0.402409
-0.434710
-0.468694
-0.504403
-0.541882
-0.581172
-0.001596
-0.001774
-0.002433
-0.003502
-0.004982
-0.006902
-0.009304
-0.012231
-0.015730
-0.019850
-0.024640
-0.030149
-0.036426
-0.043521
-0.051483
-0.060364
-0.070211
-0.081076
-0.093008
-0.106057
-0.120273
-0.135705
-0.152404
-0.170420
-0.189802
-0.210600
-0.232864
-0.256644
-0.281990
-0.308953
-0.337581
-0.367924
-0.400033
-0.433958
-0.469748
-0.507453
-0.547123
-0.588809
-0.632559
-0.678424
-0.001802
-0.002002
-0.002747
-0.003953
-0.005623
-0.007791
-0.010502
-0.013806
-0.017756
-0.022406
-0.027813
-0.034031
-0.041116
-0.049125
-0.058113
-0.068137
-0.079252
-0.091516
-0.104985
-0.119714
-0.135760
-0.153180
-0.172029
-0.192365
-0.214242
-0.237718
-0.262849
-0.289692
-0.318302
-0.348736
-0.381050
-0.415301
-0.451544
-0.489837
-0.530236
-0.572796
-0.617575
-0.664628
-0.714012
-0.765783
-0.001981
-0.002201
-0.003020
-0.004346
-0.006183
-0.008566
-0.011547
-0.015179
-0.019522
-0.024636
-0.030580
-0.037417
-0.045207
-0.054012
-0.063895
-0.074916
-0.087138
-0.100622
-0.115431
-0.131625
-0.149268
-0.168421
-0.189146
-0.211504
-0.235558
-0.261370
-0.289002
-0.318515
-0.349972
-0.383433
-0.418963
-0.456621
-0.496471
-0.538574
-0.582992
-0.629787
-0.679021
-0.730755
-0.785053
-0.841974
-0.002132
-0.002369
-0.003249
-0.004676
-0.006652
-0.009217
-0.012423
-0.016332
-0.021004
-0.026506
-0.032902
-0.040257
-0.048639
-0.058113
-0.068745
-0.080603
-0.093753
-0.108260
-0.124193
-0.141617
-0.160599
-0.181206
-0.203504
-0.227560
-0.253440
-0.281211
-0.310940
-0.342694
-0.376538
-0.412540
-0.450766
-0.491283
-0.534158
-0.579457
-0.627247
-0.677594
-0.730565
-0.786227
-0.844646
-0.905888
-0.002251
-0.002501
-0.003431
-0.004938
-0.007024
-0.009733
-0.013119
-0.017246
-0.022180
-0.027990
-0.034743
-0.042510
-0.051361
-0.061365
-0.072593
-0.085115
-0.099000
-0.114320
-0.131144
-0.149544
-0.169588
-0.191348
-0.214895
-0.240297
-0.267626
-0.296951
-0.328345
-0.361875
-0.397614
-0.435631
-0.475996
-0.518781
-0.564056
-0.611891
-0.662355
-0.715520
-0.771456
-0.830233
-0.891922
-0.956593
-0.002338
-0.002597
-0.003563
-0.005127
-0.007294
-0.010107
-0.013623
-0.017909
-0.023032
-0.029065
-0.036078
-0.044144
-0.053335
-0.063723
-0.075382
-0.088385
-0.102804
-0.118713
-0.136183
-0.155290
-0.176105
-0.198701
-0.223152
-0.249530
-0.277909
-0.308361
-0.340961
-0.375780
-0.412892
-0.452369
-0.494286
-0.538715
-0.585729
-0.635401
-0.687805
-0.743012
-0.801097
-0.862133
-0.926192
-0.993348
-0.002390
-0.002656
-0.003643
-0.005242
-0.007458
-0.010333
-0.013928
-0.018310
-0.023549
-0.029717
-0.036887
-0.045134
-0.054530
-0.065152
-0.077072
-0.090367
-0.105109
-0.121374
-0.139237
-0.158771
-0.180053
-0.203155
-0.228154
-0.255124
-0.284139
-0.315275
-0.348605
-0.384204
-0.422148
-0.462511
-0.505368
-0.550792
-0.598860
-0.649646
-0.703225
-0.759670
-0.819057
-0.881461
-0.946956
-1.015617
-0.002408
-0.002675
-0.003670
-0.005281
-0.007513
-0.010409
-0.014031
-0.018445
-0.023722
-0.029935
-0.037158
-0.045465
-0.054931
-0.065630
-0.077639
-0.091030
-0.105881
-0.122266
-0.140259
-0.159938
-0.181375
-0.204648
-0.229830
-0.256998
-0.286227
-0.317591
-0.351166
-0.387026
-0.425249
-0.465908
-0.509079
-0.554838
-0.603259
-0.654418
-0.708390
-0.765250
-0.825073
-0.887935
-0.953912
-1.023077
-0.002390
-0.002656
-0.003643
-0.005242
-0.007458
-0.010333
-0.013928
-0.018310
-0.023549
-0.029717
-0.036887
-0.045134
-0.054531
-0.065152
-0.077073
-0.090367
-0.105109
-0.121374
-0.139237
-0.158772
-0.180053
-0.203156
-0.228155
-0.255125
-0.284140
-0.315275
-0.348606
-0.384205
-0.422149
-0.462511
-0.505368
-0.550792
-0.598860
-0.649646
-0.703225
-0.759670
-0.819058
-0.881462
-0.946957
-1.015618
-0.002338
-0.002597
-0.003563
-0.005127
-0.007294
-0.010107
-0.013623
-0.017909
-0.023033
-0.029065
-0.036078
-0.044144
-0.053335
-0.063723
-0.075383
-0.088385
-0.102804
-0.118713
-0.136184
-0.155290
-0.176105
-0.198701
-0.223152
-0.249531
-0.277910
-0.308363
-0.340962
-0.375781
-0.412892
-0.452370
-0.494287
-0.538715
-0.585730
-0.635402
-0.687805
-0.743013
-0.801099
-0.862134
-0.926193
-0.993349
-0.002251
-0.002501
-0.003431
-0.004938
-0.007024
-0.009733
-0.013119
-0.017246
-0.022180
-0.027990
-0.034743
-0.042511
-0.051362
-0.061366
-0.072594
-0.085115
-0.099001
-0.114321
-0.131145
-0.149545
-0.169589
-0.191349
-0.214896
-0.240298
-0.267627
-0.296953
-0.328346
-0.361877
-0.397615
-0.435632
-0.475998
-0.518783
-0.564058
-0.611892
-0.662356
-0.715521
-0.771458
-0.830235
-0.891924
-0.956595
-0.002132
-0.002369
-0.003249
-0.004676
-0.006652
-0.009217
-0.012424
-0.016332
-0.021005
-0.026506
-0.032902
-0.040258
-0.048639
-0.058113
-0.068746
-0.080604
-0.093753
-0.108261
-0.124194
-0.141618
-0.160600
-0.181207
-0.203505
-0.227561
-0.253442
-0.281213
-0.310942
-0.342696
-0.376540
-0.412542
-0.450768
-0.491285
-0.534160
-0.579459
-0.627249
-0.677596
-0.730567
-0.786229
-0.844648
-0.905891
-0.001982
-0.002202
-0.003020
-0.004346
-0.006183
-0.008567
-0.011547
-0.015180
-0.019523
-0.024636
-0.030581
-0.037417
-0.045208
-0.054013
-0.063896
-0.074917
-0.087139
-0.100623
-0.115432
-0.131626
-0.149269
-0.168422
-0.189147
-0.211506
-0.235561
-0.261373
-0.289004
-0.318517
-0.349974
-0.383436
-0.418965
-0.456623
-0.496473
-0.538576
-0.582994
-0.629789
-0.679023
-0.730758
-0.785055
-0.841978
-0.001802
-0.002003
-0.002747
-0.003953
-0.005623
-0.007791
-0.010502
-0.013806
-0.017756
-0.022407
-0.027813
-0.034031
-0.041117
-0.049125
-0.058114
-0.068138
-0.079254
-0.091518
-0.104986
-0.119715
-0.135762
-0.153182
-0.172031
-0.192367
-0.214244
-0.237721
-0.262852
-0.289694
-0.318304
-0.348738
-0.381052
-0.415303
-0.451547
-0.489840
-0.530238
-0.572799
-0.617577
-0.664631
-0.714015
-0.765786
-0.001597
-0.001774
-0.002434
-0.003502
-0.004982
-0.006903
-0.009304
-0.012231
-0.015731
-0.019851
-0.024641
-0.030149
-0.036426
-0.043521
-0.051484
-0.060365
-0.070213
-0.081078
-0.093010
-0.106059
-0.120274
-0.135707
-0.152406
-0.170422
-0.189804
-0.210602
-0.232866
-0.256647
-0.281993
-0.308955
-0.337583
-0.367926
-0.400035
-0.433960
-0.469750
-0.507456
-0.547126
-0.588812
-0.632563
-0.678428
-0.001368
-0.001520
-0.002085
-0.003000
-0.004268
-0.005913
-0.007970
-0.010478
-0.013476
-0.017005
-0.021108
-0.025827
-0.031205
-0.037283
-0.044104
-0.051712
-0.060148
-0.069455
-0.079677
-0.090855
-0.103033
-0.116254
-0.130559
-0.145992
-0.162596
-0.180413
-0.199485
-0.219857
-0.241570
-0.264667
-0.289191
-0.315184
-0.342691
-0.371753
-0.402412
-0.434713
-0.468697
-0.504407
-0.541886
-0.581177
-0.001119
-0.001244
-0.001706
-0.002454
-0.003491
-0.004838
-0.006521
-0.008572
-0.011024
-0.013912
-0.017268
-0.021129
-0.025528
-0.030500
-0.036081
-0.042304
-0.049206
-0.056820
-0.065182
-0.074327
-0.084290
-0.095105
-0.106808
-0.119433
-0.133017
-0.147592
-0.163195
-0.179861
-0.197624
-0.216519
-0.236582
-0.257847
-0.280349
-0.304124
-0.329206
-0.355631
-0.383433
-0.412647
-0.443308
-0.475451
-0.000854
-0.000949
-0.001302
-0.001873
-0.002664
-0.003691
-0.004976
-0.006541
-0.008412
-0.010615
-0.013177
-0.016122
-0.019479
-0.023273
-0.027531
-0.032280
-0.037546
-0.043356
-0.049737
-0.056715
-0.064317
-0.072569
-0.081499
-0.091133
-0.101498
-0.112620
-0.124526
-0.137242
-0.150796
-0.165214
-0.180522
-0.196749
-0.213919
-0.232060
-0.251199
-0.271363
-0.292577
-0.314869
-0.338265
-0.362791
-0.000577
-0.000641
-0.000879
-0.001264
-0.001798
-0.002491
-0.003358
-0.004414
-0.005677
-0.007164
-0.008893
-0.010881
-0.013146
-0.015707
-0.018580
-0.021785
-0.025339
-0.029260
-0.033567
-0.038276
-0.043406
-0.048976
-0.055002
-0.061504
-0.068499
-0.076005
-0.084040
-0.092622
-0.101769
-0.111499
-0.121831
-0.132782
-0.144370
-0.156613
-0.169530
-0.183137
-0.197455
-0.212499
-0.228289
-0.244842
-0.000291
-0.000323
-0.000443
-0.000637
-0.000906
-0.001255
-0.001691
-0.002223
-0.002859
-0.003608
-0.004479
-0.005480
-0.006621
-0.007911
-0.009358
-0.010973
-0.012763
-0.014738
-0.016907
-0.019278
-0.021863
-0.024668
-0.027703
-0.030978
-0.034501
-0.038282
-0.042329
-0.046651
-0.051258
-0.056159
-0.061363
-0.066879
-0.072715
-0.078882
-0.085387
-0.092241
-0.099453
-0.107030
-0.114984
-0.123322
-0.000001
-0.000001
-0.000000
-0.000000
-0.000000
-0.000000
-0.000000
-0.000000
-0.000000
-0.000000
-0.000000
-0.000000
-0.000000
-0.000000
-0.000000
-0.000000
-0.000000
-0.000000
-0.000000
-0.000000
-0.000000
-0.000000
-0.000000
-0.000000
-0.000000
-0.000000
-0.000000
-0.000000
-0.000000
-0.000000
-0.000000
-0.000000
-0.000000
-0.000000
-0.000000
-0.000000
-0.000000
-0.000000
-0.000000
-0.000000
