34.799721
31.265038
28.415524
26.035406
23.996241
22.215658
20.637760
19.222982
17.942257
16.773651
15.700206
14.708532
13.787877
12.929494
12.126174
11.371897
10.661597
9.990975
9.356351
8.754554
8.182844
7.638829
7.120414
6.625760
6.153242
5.701416
5.269003
4.854859
4.457963
4.077397
3.712339
3.362048
3.025856
2.703159
2.393411
2.096116
1.810825
1.537129
1.274659
1.023077
34.797501
31.263039
28.413681
26.033676
23.994587
22.214050
20.636175
19.221405
17.940674
16.772055
15.698586
14.706880
13.786185
12.927756
12.124385
11.370048
10.659678
9.988978
9.354266
8.752373
8.180553
7.636416
7.117868
6.623069
6.150390
5.698387
5.265783
4.851431
4.454309
4.073500
3.708181
3.357608
3.021116
2.698096
2.388005
2.090346
1.804668
1.530562
1.267658
1.015617
34.790848
31.257042
28.408161
26.028492
23.989624
22.209225
20.631426
19.216677
17.935930
16.767267
15.693728
14.701928
13.781118
12.922555
12.119024
11.364508
10.653933
9.982999
9.348026
8.745840
8.173697
7.629200
7.110256
6.615019
6.141860
5.689332
5.256156
4.841185
4.443390
4.061857
3.695756
3.344345
3.006955
2.682976
2.371863
2.073116
1.786283
1.510954
1.246755
0.993348
34.779762
31.247053
28.398966
26.019857
23.981361
22.201195
20.623516
19.208801
17.928036
16.759298
15.685642
14.693689
13.772688
12.913901
12.110109
11.355295
10.644382
9.973070
9.337668
8.735003
8.162326
7.617237
7.097641
6.601685
6.127735
5.674344
5.240228
4.824235
4.425334
4.042605
3.675221
3.322430
2.983561
2.658003
2.345206
2.044667
1.755931
1.478586
1.212254
0.956594
34.764252
31.233076
28.386106
26.007780
23.969814
22.189972
20.612457
19.197800
17.917006
16.748161
15.674343
14.682179
13.760918
12.901821
12.097672
11.342445
10.631074
9.959239
9.323247
8.719925
8.146515
7.600618
7.080123
6.583179
6.108147
5.653573
5.218165
4.800768
4.400351
4.015983
3.646832
3.292145
2.951244
2.623514
2.308400
2.005396
1.714042
1.433920
1.164652
0.905890
34.744320
31.215122
28.369591
25.992289
23.954996
22.175566
20.598272
19.183689
17.902853
16.733881
15.659858
14.667424
13.745838
12.886353
12.081752
11.326015
10.614058
9.941564
9.304841
8.700697
8.126376
7.579463
7.057847
6.559668
6.083280
5.627223
5.190200
4.771049
4.368729
3.982306
3.610941
3.253875
2.910426
2.579970
2.261947
1.955847
1.661204
1.377596
1.104637
0.841976
34.719971
31.193199
28.349442
25.973394
23.936930
22.158009
20.580984
19.166498
17.885611
16.716484
15.642214
14.649460
13.727481
12.867531
12.062397
11.306049
10.593406
9.920141
9.282549
8.677438
8.102039
7.553930
7.030990
6.531354
6.053367
5.595560
5.156629
4.735402
4.330832
3.941976
3.567991
3.208109
2.861638
2.527952
2.206481
1.896709
1.598163
1.310416
1.033076
0.765784
34.691208
31.167315
28.325684
25.951118
23.915640
22.137325
20.560629
19.146242
17.865303
16.695997
15.621441
14.628317
13.705888
12.845413
12.039676
11.282635
10.569203
9.895061
9.256487
8.650278
8.073660
7.524197
6.999761
6.498477
6.018680
5.558891
5.117795
4.694214
4.287091
3.895474
3.518511
3.155426
2.805517
2.468153
2.142756
1.828801
1.525808
1.233341
0.951002
0.678426
34.658039
31.137486
28.298330
25.925499
23.891176
22.113556
20.537226
19.122967
17.841969
16.672447
15.597576
14.604037
13.681105
12.820046
12.013632
11.255831
10.541538
9.866432
9.226781
8.619373
8.041418
7.490473
6.964401
6.461310
5.979529
5.517565
5.074095
4.647928
4.237998
3.843345
3.463103
3.096489
2.742794
2.401373
2.071640
1.753063
1.445154
1.147468
0.859599
0.581175
34.620472
31.103729
28.267408
25.896564
23.863558
22.086737
20.510820
19.096704
17.815632
16.645882
15.570659
14.576666
13.653183
12.791492
11.984356
11.225731
10.510523
9.834384
9.193582
8.584891
8.005510
7.452988
6.925169
6.420152
5.936252
5.471970
5.025962
4.597033
4.184099
3.786190
3.402433
3.032032
2.674268
2.328486
1.994090
1.670537
1.357332
1.054020
0.760186
0.475448
34.578522
31.066057
28.232952
25.864353
23.832830
22.056908
20.481459
19.067497
17.786343
16.616346
15.540740
14.546251
13.622180
12.759812
11.951909
11.192426
10.476248
9.799026
9.157026
8.547004
7.966144
7.411983
6.882347
6.375329
5.889225
5.422524
4.973871
4.542055
4.125982
3.724669
3.337228
2.962856
2.600820
2.250453
1.911151
1.582359
1.263573
0.954326
0.654196
0.362789
34.532181
31.024488
28.194998
25.828920
23.799047
22.024122
20.449184
19.035387
17.754150
16.583876
15.507854
14.512845
13.588155
12.725071
11.916365
11.155994
10.438826
9.760501
9.117277
8.505898
7.923535
7.367705
6.836228
6.327175
5.838830
5.369666
4.918315
4.483552
4.064269
3.659471
3.268255
2.889803
2.523375
2.168289
1.823931
1.489734
1.165182
0.849800
0.543153
0.244839
34.481445
30.979040
28.153570
25.790312
23.762270
21.988432
20.414059
19.000437
17.719091
16.548521
15.472059
14.476490
13.551152
12.687332
11.877810
11.116531
10.398368
9.718940
9.074494
8.461763
7.877904
7.320420
6.787113
6.276037
5.785462
5.313848
4.859809
4.422101
3.999608
3.591315
3.196309
2.813756
2.442901
2.083055
1.733588
1.393921
1.063528
0.741921
0.428656
0.123320
34.426319
30.929739
28.108723
25.748579
23.722563
21.949913
20.376139
18.962687
17.681231
16.510338
15.433398
14.437245
13.511233
12.646659
11.836307
11.074125
10.354969
9.674462
9.028821
8.414777
7.829463
7.270378
6.735296
6.222260
5.729526
5.255526
4.798865
4.358285
3.932648
3.520929
3.122198
2.735607
2.360386
1.995835
1.641307
1.296214
0.960015
0.632212
0.312349
0.000001
34.366798
30.876608
28.060505
25.703793
23.679979
21.908623
20.335485
18.922213
17.640619
16.469376
15.391928
14.395155
13.468448
12.603104
11.791926
11.028852
10.308730
9.627178
8.980401
8.365109
7.778427
7.217824
6.681070
6.166185
5.671406
5.195148
4.735997
4.292681
3.864046
3.449049
3.046743
2.656265
2.276832
1.907726
1.548290
1.197921
0.856066
0.522215
0.195899
-0.123317
34.302872
30.819660
28.008968
25.656013
23.634609
21.864641
20.292177
18.879074
17.597313
16.425682
15.347689
14.350266
13.422844
12.556729
11.744728
10.980780
10.259743
9.577202
8.929365
8.312922
7.724979
7.162994
6.624709
6.108132
5.611478
5.133145
4.671705
4.225861
3.794443
3.376392
2.970744
2.576621
2.193222
1.819814
1.455728
1.100345
0.753101
0.413471
0.080973
-0.244837
34.234509
30.758909
27.954176
25.605335
23.586542
21.818060
20.246292
18.833344
17.551376
16.379311
15.300732
14.302628
13.374464
12.507571
11.694761
10.929976
10.208078
9.524632
8.875834
8.258360
7.669300
7.106093
6.566465
6.048398
5.550092
5.069931
4.606457
4.158361
3.724452
3.303653
2.894981
2.497542
2.110518
1.733162
1.364788
1.004765
0.652512
0.307492
-0.030788
-0.362787
34.161674
30.694372
27.896183
25.551851
23.535879
21.768969
20.197912
18.785091
17.502872
16.330317
15.251101
14.252273
13.323343
12.455671
11.642071
10.876495
10.153795
9.469535
8.819898
8.201540
7.611536
7.047306
6.506557
5.987253
5.487572
5.005877
4.540691
4.090684
3.654647
3.231481
2.820186
2.419850
2.029639
1.648787
1.276593
0.912411
0.555645
0.205746
-0.137795
-0.475446
34.084324
30.626070
27.835064
25.495657
23.482725
21.717480
20.147129
18.734398
17.451872
16.278755
15.198835
14.199238
13.269510
12.401047
11.586677
10.820355
10.096929
9.411966
8.761621
8.142545
7.551797
6.986776
6.445168
5.924920
5.424186
4.941309
4.474792
4.023282
3.585549
3.160475
2.747039
2.344313
1.951442
1.567642
1.192198
0.824446
0.463776
0.109624
-0.238531
-0.581172
34.002373
30.554014
27.770922
25.436882
23.427202
21.663691
20.094048
18.681349
17.398436
16.224680
15.143984
14.143556
13.212988
12.343720
11.528593
10.761570
10.037496
9.351933
8.701033
8.081424
7.490154
6.924603
6.382435
5.861574
5.360156
4.876499
4.409086
3.956540
3.517612
3.091160
2.676146
2.271618
1.876704
1.490602
1.112576
0.741948
0.378091
0.020427
-0.331579
-0.678424
33.915733
30.478212
27.703848
25.375660
23.369448
21.607740
20.038784
18.626041
17.342646
16.168148
15.086581
14.085245
13.153790
12.283689
11.467808
10.700126
9.975480
9.289435
8.638134
8.018195
7.426642
6.860837
6.318434
5.797328
5.295633
4.811646
4.343824
3.890772
3.451213
3.023983
2.608027
2.202367
1.806113
1.418442
1.038599
0.665889
0.299668
-0.060658
-0.415638
-0.765783
33.824287
30.398689
27.633959
25.312120
23.309624
21.549770
19.981453
18.568579
17.284575
16.109209
15.026663
14.024318
13.091905
12.220932
11.404294
10.635978
9.910839
9.224435
8.572892
7.952824
7.361241
6.795485
6.253190
5.732233
5.230702
4.746872
4.279179
3.826197
3.386631
2.959291
2.543099
2.137055
1.740244
1.351825
0.971022
0.597120
0.229457
-0.132576
-0.489546
-0.841974
33.727852
30.315447
27.561382
25.246452
23.247887
21.489929
19.922192
18.509060
17.224302
16.047918
14.964257
13.960786
13.027321
12.155419
11.338004
10.569073
9.843501
9.156839
8.505216
7.885226
7.293869
6.728471
6.186653
5.666261
5.165367
4.682218
4.215226
3.762943
3.324045
2.897322
2.481666
2.076054
1.679548
1.291284
0.910463
0.536349
0.168263
-0.194425
-0.552296
-0.905888
33.626225
30.228508
27.486267
25.178843
23.184435
21.428394
19.861135
18.447598
17.161911
15.984330
14.899384
13.894649
12.960016
12.087096
11.268860
10.499315
9.773353
9.086533
8.434970
7.815261
7.224391
6.659669
6.118697
5.599304
5.099535
4.617617
4.151937
3.701022
3.263517
2.838187
2.423899
2.019603
1.624334
1.237204
0.857389
0.484131
0.116728
-0.245468
-0.603056
-0.956593
33.519115
30.137888
27.408800
25.109512
23.119480
21.365347
19.798431
18.384302
17.097485
15.918503
14.832075
13.825901
12.889952
12.015902
11.196774
10.426593
9.700258
9.013347
8.361978
7.742737
7.152602
6.588864
6.049111
5.531155
5.033015
4.552898
4.089164
3.640314
3.204968
2.781858
2.369823
1.967786
1.574753
1.189808
0.812101
0.440847
0.075321
-0.285147
-0.641179
-0.993348
33.406143
30.043617
27.329193
25.038729
23.053261
21.300983
19.734249
18.319315
17.031116
15.850493
14.762348
13.754523
12.817078
11.941754
11.121623
10.350746
9.624036
8.937082
8.286008
7.667397
7.078221
6.515765
5.977595
5.461508
4.965507
4.487772
4.026635
3.580572
3.148176
2.728152
2.319302
1.920521
1.530784
1.149142
0.774716
0.406693
0.044318
-0.313104
-0.666217
-1.015617
33.286823
29.945726
27.247702
24.966774
22.986036
21.235527
19.668762
18.252747
16.962902
15.780357
14.690225
13.680496
12.741334
11.864556
11.043276
10.271599
9.544469
8.857480
8.206769
7.588924
7.000905
6.439996
5.903754
5.389956
4.896589
4.421810
3.963927
3.521387
3.092758
2.676712
2.272020
1.877539
1.492213
1.115057
0.745156
0.381664
0.023794
-0.329180
-0.677930
-1.023077
33.160549
29.844288
27.164644
24.893990
22.918112
21.169214
19.602163
18.184763
16.892944
15.708150
14.615718
13.603800
12.662655
11.784186
10.961568
10.188951
9.461302
8.774243
8.123921
7.506927
6.920224
6.361097
5.827090
5.315974
4.825713
4.354449
3.900470
3.462191
3.038154
2.627000
2.227464
1.838370
1.458620
1.087189
0.723124
0.365538
0.013606
-0.333436
-0.676293
-1.015618
33.026527
29.739412
27.080410
24.820753
22.849804
21.102306
19.534655
18.115515
16.821348
15.633938
14.538851
13.524395
12.580957
11.700521
10.876321
10.102562
9.374252
8.687032
8.037058
7.420948
6.835671
6.278506
5.747001
5.238911
4.752195
4.284976
3.835522
3.402228
2.983607
2.578265
2.184907
1.802315
1.429350
1.064941
0.708088
0.357858
0.013378
-0.326160
-0.661506
-0.993349
32.883724
29.631275
26.995462
24.747498
22.781452
21.035086
19.466454
18.045168
16.748236
15.557791
14.459635
13.442260
12.496159
11.613421
10.787337
10.012175
9.282987
8.595446
7.945729
7.330472
6.746660
6.191577
5.662770
5.157996
4.675207
4.212512
3.768168
3.340550
2.928145
2.529530
2.143375
1.768423
1.403487
1.047449
0.699254
0.357910
0.022489
-0.307877
-0.633991
-0.956595
32.730782
29.520159
26.910362
24.674706
22.713446
20.967850
19.397799
17.973894
16.673727
15.479775
14.378094
13.357353
12.408168
11.522730
10.694400
9.917508
9.187161
8.499066
7.849429
7.234916
6.652529
6.099564
5.573575
5.072329
4.593772
4.136014
3.697298
3.275990
2.870559
2.479557
2.101619
1.735451
1.379819
1.033550
0.695527
0.364690
0.040038
-0.279370
-0.594409
-0.905891
32.565929
29.406498
26.825811
24.602938
22.646198
20.900906
19.328924
17.901871
16.597950
15.399976
14.294264
13.269653
12.316901
11.428294
10.597279
9.818260
9.086387
8.397422
7.747607
7.133639
6.552544
6.001639
5.478494
4.980885
4.506771
4.054262
3.621606
3.207162
2.809390
2.426827
2.058082
1.701828
1.356788
1.021730
0.695467
0.376861
0.064819
-0.241697
-0.543661
-0.841978
32.386848
29.290962
26.742647
24.532822
22.580160
20.834593
19.260088
17.829311
16.521048
15.318484
14.208179
13.179138
12.222271
11.329960
10.495748
9.714116
8.980269
8.290026
7.639674
7.025946
6.445900
5.896883
5.376490
4.882510
4.412924
3.965858
3.539570
3.132426
2.742891
2.369499
2.010851
1.665597
1.332424
1.010047
0.697210
0.392679
0.095251
-0.196239
-0.482905
-0.765786
32.190483
29.174578
26.661903
24.465038
22.515791
20.769253
19.191547
17.756411
16.443178
15.235406
14.119884
13.085798
12.124196
11.227577
10.389579
9.604760
8.868394
8.176360
7.525006
6.911097
6.331738
5.784307
5.266432
4.775933
4.310814
3.869229
3.449460
3.049896
2.669021
2.305391
1.957615
1.624346
1.304258
0.996032
0.698348
0.409877
0.129282
-0.144772
-0.413593
-0.678428
31.972782
29.058886
26.584801
24.400326
22.453568
20.705221
19.123575
17.683378
16.364504
15.150855
14.029439
12.989634
12.022614
11.121009
10.278548
9.489876
8.750343
8.055902
7.402954
6.788317
6.209144
5.662854
5.147113
4.659779
4.198892
3.762641
3.349345
2.957434
2.585433
2.231939
1.895608
1.575129
1.269207
0.976530
0.695751
0.425466
0.164195
-0.089610
-0.337541
-0.581177
31.728334
28.946207
26.512785
24.339455
22.393970
20.642841
19.056438
17.610432
16.285196
15.064958
13.936932
12.890666
11.917480
11.010127
10.162443
9.369155
8.625709
7.928121
7.272861
6.656812
6.077175
5.531421
5.017260
4.532592
4.075502
3.644223
3.237122
2.852680
2.489485
2.146205
1.821579
1.514389
1.223433
0.947491
0.685277
0.435390
0.196257
-0.033906
-0.257097
-0.475451
31.449905
28.840000
26.447517
24.283216
22.337471
20.582447
18.990400
17.537798
16.205446
14.977859
13.842449
12.788939
11.808775
10.894835
10.041072
9.242309
8.494082
7.792487
7.134065
6.515775
5.934868
5.388878
4.875558
4.392861
3.938915
3.512005
3.110549
2.733088
2.378287
2.044908
1.731806
1.437914
1.162216
0.903709
0.661343
0.433928
0.220004
0.017671
-0.175557
-0.362791
31.127745
28.745407
26.390802
24.232355
22.284496
20.524363
18.925732
17.465708
16.125458
14.889732
13.746130
12.684529
11.696506
10.775064
9.914277
9.109076
8.355089
7.648498
6.985928
6.364412
5.781269
5.234087
4.720679
4.239048
3.787367
3.363967
2.967318
2.596020
2.248807
1.924540
1.622205
1.340919
1.079931
0.838600
0.616375
0.412690
0.226776
0.057279
-0.098379
-0.244842
30.748650
28.670033
26.344507
24.187553
22.235434
20.468885
18.862694
17.394402
16.045450
14.800771
13.648129
12.577538
11.580720
10.650789
9.781952
8.969240
8.208391
7.495684
6.827837
6.201955
5.615434
5.065928
4.551305
4.069623
3.619096
3.198097
2.805135
2.438851
2.098025
1.781583
1.488606
1.218364
0.970349
0.744335
0.540456
0.359282
0.201851
0.069436
-0.037559
-0.123322
30.294653
28.625107
26.310284
24.149317
22.190603
20.416281
18.801537
17.324135
15.965662
14.711198
13.548636
12.468124
11.461511
10.522038
9.644027
8.822638
8.053710
7.333634
6.659227
6.027678
5.436466
4.883317
4.366154
3.883098
3.432398
3.012459
2.621809
2.259104
1.923128
1.612806
1.327221
1.065648
0.827621
0.613044
0.422386
0.257088
0.120391
0.019167
-0.031847
-0.000004
