-2.215800
-1.989093
-1.804287
-1.648477
-1.513828
-1.395205
-1.289045
-1.192766
-1.104424
-1.022520
-0.945860
-0.873481
-0.804588
-0.738514
-0.674696
-0.612648
-0.551948
-0.492225
-0.433149
-0.374427
-0.315794
-0.257006
-0.197844
-0.138103
-0.077595
-0.016142
0.046422
0.110251
0.175495
0.242294
0.310782
0.381089
0.453338
0.527649
0.604137
0.682916
0.764095
0.847778
0.934072
1.023077
-2.215714
-1.989016
-1.804219
-1.648418
-1.513781
-1.395176
-1.289038
-1.192787
-1.104482
-1.022621
-0.946013
-0.873695
-0.804871
-0.738878
-0.675150
-0.613202
-0.552614
-0.493013
-0.434073
-0.375499
-0.317026
-0.258413
-0.199439
-0.139902
-0.079611
-0.018392
0.043922
0.107485
0.172445
0.238942
0.307111
0.377079
0.448970
0.522903
0.598994
0.677354
0.758092
0.841313
0.927121
1.015617
-2.215458
-1.988787
-1.804013
-1.648240
-1.513641
-1.395085
-1.289014
-1.192850
-1.104652
-1.022921
-0.946468
-0.874331
-0.805717
-0.739961
-0.676501
-0.614854
-0.554598
-0.495366
-0.436829
-0.378697
-0.320704
-0.262611
-0.204201
-0.145269
-0.085630
-0.025108
0.036459
0.099227
0.163340
0.228937
0.296152
0.365109
0.435932
0.508737
0.583639
0.660748
0.740170
0.822010
0.906370
0.993348
-2.215032
-1.988403
-1.803669
-1.647942
-1.513404
-1.394931
-1.288970
-1.192947
-1.104926
-1.023410
-0.947213
-0.875375
-0.807105
-0.741741
-0.678724
-0.617573
-0.557867
-0.499242
-0.441373
-0.383968
-0.326769
-0.269536
-0.212054
-0.154123
-0.095559
-0.036189
0.024147
0.085601
0.148316
0.212428
0.278066
0.345356
0.414415
0.485359
0.558299
0.633342
0.710593
0.790152
0.872120
0.956594
-2.214434
-1.987866
-1.803186
-1.647523
-1.513067
-1.394708
-1.288897
-1.193068
-1.105291
-1.024070
-0.948226
-0.876800
-0.809006
-0.744184
-0.681778
-0.621309
-0.562364
-0.504577
-0.447627
-0.391229
-0.335123
-0.279077
-0.222877
-0.166327
-0.109247
-0.051467
0.007170
0.066811
0.127596
0.189658
0.253123
0.318110
0.384736
0.453111
0.523344
0.595537
0.669792
0.746205
0.824874
0.905890
-2.213667
-1.987176
-1.802564
-1.646979
-1.512627
-1.394408
-1.288786
-1.193201
-1.105728
-1.024880
-0.949479
-0.878572
-0.811377
-0.747238
-0.685602
-0.625996
-0.568008
-0.511278
-0.455490
-0.400360
-0.345635
-0.291085
-0.236502
-0.181694
-0.126485
-0.070710
-0.014217
0.043138
0.101490
0.160967
0.221689
0.283774
0.347332
0.412469
0.479287
0.547887
0.618364
0.690811
0.765319
0.841976
-2.212729
-1.986331
-1.801800
-1.646307
-1.512076
-1.394023
-1.288623
-1.193326
-1.106215
-1.025809
-0.950935
-0.880647
-0.814165
-0.750840
-0.690124
-0.631546
-0.574700
-0.519232
-0.464828
-0.411212
-0.358134
-0.305370
-0.252717
-0.199987
-0.147011
-0.093628
-0.039691
0.014937
0.070386
0.126779
0.184232
0.242855
0.302753
0.364027
0.426775
0.491089
0.557061
0.624778
0.694325
0.765784
-2.211620
-1.985332
-1.800895
-1.645505
-1.511408
-1.393541
-1.288392
-1.193422
-1.106723
-1.026822
-0.952551
-0.882971
-0.817307
-0.754916
-0.695254
-0.637856
-0.582321
-0.528300
-0.475487
-0.423608
-0.372421
-0.321706
-0.271268
-0.220924
-0.170509
-0.119871
-0.068869
-0.017370
0.034749
0.087604
0.141305
0.195956
0.251655
0.308498
0.366576
0.425975
0.486780
0.549071
0.612927
0.678426
-2.210341
-1.984178
-1.799845
-1.644566
-1.510617
-1.392951
-1.288076
-1.193466
-1.107222
-1.027878
-0.954277
-0.885483
-0.820730
-0.759378
-0.700890
-0.644807
-0.590733
-0.538326
-0.487285
-0.437343
-0.388264
-0.339835
-0.291865
-0.244180
-0.196621
-0.149042
-0.101310
-0.053298
-0.004890
0.044023
0.093544
0.143770
0.194793
0.246700
0.299575
0.353499
0.408548
0.464796
0.522315
0.581175
-2.208894
-1.982871
-1.798649
-1.643488
-1.509691
-1.392238
-1.287654
-1.193429
-1.107674
-1.028933
-0.956056
-0.888116
-0.824351
-0.764129
-0.706919
-0.652267
-0.599784
-0.549135
-0.500023
-0.452191
-0.405407
-0.359466
-0.314184
-0.269394
-0.224944
-0.180697
-0.136523
-0.092306
-0.047937
-0.003314
0.041658
0.087069
0.133003
0.179539
0.226755
0.274722
0.323510
0.373185
0.423810
0.475448
-2.207278
-1.981409
-1.797306
-1.642264
-1.508623
-1.391387
-1.287105
-1.193281
-1.108040
-1.029936
-0.957828
-0.890794
-0.828081
-0.769064
-0.713216
-0.660091
-0.609307
-0.560533
-0.513483
-0.467903
-0.423570
-0.380286
-0.337874
-0.296174
-0.255044
-0.214351
-0.173976
-0.133809
-0.093750
-0.053704
-0.013584
0.026690
0.067196
0.108005
0.149185
0.190800
0.232910
0.275576
0.318851
0.362789
-2.205495
-1.979794
-1.795815
-1.640891
-1.507402
-1.390383
-1.286405
-1.192991
-1.108280
-1.030836
-0.959526
-0.893439
-0.831826
-0.774069
-0.719649
-0.668126
-0.619123
-0.572318
-0.527431
-0.484215
-0.442454
-0.401959
-0.362559
-0.324102
-0.286453
-0.249490
-0.213099
-0.177180
-0.141640
-0.106393
-0.071362
-0.036472
-0.001656
0.033150
0.068003
0.102961
0.138075
0.173395
0.208968
0.244839
-2.203546
-1.978026
-1.794173
-1.639365
-1.506019
-1.389208
-1.285530
-1.192525
-1.108348
-1.031575
-0.961082
-0.895965
-0.835483
-0.779025
-0.726077
-0.676208
-0.629046
-0.584275
-0.541623
-0.500850
-0.461747
-0.424133
-0.387845
-0.352738
-0.318686
-0.285574
-0.253297
-0.221764
-0.190889
-0.160596
-0.130815
-0.101481
-0.072536
-0.043925
-0.015597
0.012494
0.040392
0.068137
0.095767
0.123320
-2.201431
-1.976106
-1.792382
-1.637679
-1.504465
-1.387848
-1.284455
-1.191849
-1.108200
-1.032096
-0.962423
-0.898285
-0.838949
-0.783808
-0.732357
-0.684169
-0.638880
-0.596182
-0.555805
-0.517520
-0.481126
-0.446446
-0.413326
-0.381631
-0.351240
-0.322047
-0.293957
-0.266885
-0.240756
-0.215501
-0.191059
-0.167374
-0.144397
-0.122082
-0.100387
-0.079274
-0.058709
-0.038661
-0.019099
0.000001
-2.199153
-1.974037
-1.790440
-1.635833
-1.502730
-1.386284
-1.283154
-1.190927
-1.107788
-1.032339
-0.963476
-0.900310
-0.842115
-0.788292
-0.738339
-0.691838
-0.648429
-0.607810
-0.569720
-0.533935
-0.500260
-0.468527
-0.438589
-0.410318
-0.383603
-0.358343
-0.334453
-0.311857
-0.290487
-0.270284
-0.251195
-0.233173
-0.216176
-0.200169
-0.185119
-0.170997
-0.157777
-0.145436
-0.133956
-0.123317
-2.196713
-1.971821
-1.788350
-1.633821
-1.500806
-1.384501
-1.281603
-1.189723
-1.107065
-1.032244
-0.964166
-0.901949
-0.844874
-0.792347
-0.743874
-0.699040
-0.657492
-0.618933
-0.583108
-0.549800
-0.518820
-0.490007
-0.463220
-0.438341
-0.415263
-0.393897
-0.374163
-0.355994
-0.339331
-0.324122
-0.310323
-0.297897
-0.286810
-0.277034
-0.268547
-0.261327
-0.255359
-0.250628
-0.247123
-0.244837
-2.194114
-1.969460
-1.786112
-1.631643
-1.498684
-1.382483
-1.279776
-1.188201
-1.105983
-1.031750
-0.964416
-0.903110
-0.847116
-0.795847
-0.748814
-0.705604
-0.665872
-0.629325
-0.595714
-0.564825
-0.536479
-0.510518
-0.486811
-0.465243
-0.445717
-0.428150
-0.412471
-0.398619
-0.386544
-0.376203
-0.367558
-0.360582
-0.355249
-0.351540
-0.349440
-0.348938
-0.350025
-0.352697
-0.356951
-0.362787
-2.191357
-1.966958
-1.783731
-1.629298
-1.496358
-1.380216
-1.277650
-1.186328
-1.104496
-1.030797
-0.964154
-0.903703
-0.848735
-0.798666
-0.753009
-0.711359
-0.673374
-0.638764
-0.607284
-0.578727
-0.552917
-0.529704
-0.508962
-0.490581
-0.474472
-0.460559
-0.448777
-0.439074
-0.431406
-0.425737
-0.422040
-0.420291
-0.420477
-0.422584
-0.426607
-0.432541
-0.440388
-0.450150
-0.461833
-0.475446
-2.188446
-1.964320
-1.781210
-1.626788
-1.493824
-1.377686
-1.275201
-1.184068
-1.102558
-1.029326
-0.963307
-0.903641
-0.849625
-0.800679
-0.756319
-0.716142
-0.679809
-0.647035
-0.617577
-0.591232
-0.567829
-0.547223
-0.529290
-0.513931
-0.501059
-0.490605
-0.482510
-0.476730
-0.473226
-0.471971
-0.472944
-0.476131
-0.481522
-0.489113
-0.498907
-0.510907
-0.525122
-0.541561
-0.560239
-0.581172
-2.185381
-1.961551
-1.778557
-1.624115
-1.491077
-1.374882
-1.272408
-1.181391
-1.100125
-1.027282
-0.961803
-0.902838
-0.849685
-0.801768
-0.758605
-0.719794
-0.684998
-0.653933
-0.626361
-0.602080
-0.580923
-0.562748
-0.547436
-0.534892
-0.525034
-0.517798
-0.513132
-0.510996
-0.511358
-0.514198
-0.519501
-0.527259
-0.537471
-0.550139
-0.565272
-0.582880
-0.602981
-0.625590
-0.650730
-0.678424
-2.182164
-1.958657
-1.775779
-1.621287
-1.488118
-1.371795
-1.269252
-1.178266
-1.097156
-1.024609
-0.959576
-0.901212
-0.848819
-0.801821
-0.759737
-0.722166
-0.688771
-0.659268
-0.633421
-0.611030
-0.591929
-0.575979
-0.563065
-0.553093
-0.545987
-0.541687
-0.540145
-0.541327
-0.545205
-0.551766
-0.560999
-0.572904
-0.587485
-0.604751
-0.624716
-0.647399
-0.672821
-0.701007
-0.731984
-0.765783
-2.178796
-1.955647
-1.772888
-1.618308
-1.484947
-1.368417
-1.265716
-1.174666
-1.093611
-1.021256
-0.956562
-0.898687
-0.846935
-0.800731
-0.759593
-0.723118
-0.690969
-0.662862
-0.638559
-0.617860
-0.600600
-0.586642
-0.575872
-0.568199
-0.563549
-0.561865
-0.563103
-0.567232
-0.574231
-0.584089
-0.596801
-0.612372
-0.630811
-0.652133
-0.676358
-0.703509
-0.733615
-0.766704
-0.802813
-0.841974
-2.175275
-1.952529
-1.769896
-1.615191
-1.481570
-1.364744
-1.261787
-1.170566
-1.089455
-1.017176
-0.952701
-0.895189
-0.843949
-0.798400
-0.758060
-0.722524
-0.691451
-0.664554
-0.641595
-0.622371
-0.606717
-0.594494
-0.585590
-0.579914
-0.577394
-0.577975
-0.581614
-0.588285
-0.597968
-0.610656
-0.626350
-0.645057
-0.666792
-0.691574
-0.719427
-0.750380
-0.784465
-0.821719
-0.862180
-0.905888
-2.171601
-1.949314
-1.766819
-1.611950
-1.477993
-1.360776
-1.257453
-1.165943
-1.084653
-1.012324
-0.947937
-0.890653
-0.839781
-0.794737
-0.755037
-0.720268
-0.690087
-0.664202
-0.642371
-0.624389
-0.610087
-0.599324
-0.591988
-0.587986
-0.587246
-0.589714
-0.595348
-0.604123
-0.616022
-0.631040
-0.649180
-0.670453
-0.694878
-0.722477
-0.753278
-0.787314
-0.824622
-0.865243
-0.909218
-0.956593
-2.167767
-1.946014
-1.763678
-1.608603
-1.474228
-1.356514
-1.252705
-1.160780
-1.079178
-1.006661
-0.942219
-0.885018
-0.834360
-0.789662
-0.750431
-0.716249
-0.686765
-0.661684
-0.640754
-0.623768
-0.610551
-0.600960
-0.594877
-0.592210
-0.592882
-0.596839
-0.604041
-0.614460
-0.628081
-0.644900
-0.664922
-0.688160
-0.714634
-0.744371
-0.777401
-0.813761
-0.853491
-0.896634
-0.943237
-0.993348
-2.163764
-1.942644
-1.760497
-1.605172
-1.470290
-1.351964
-1.247540
-1.155060
-1.073003
-1.000150
-0.935503
-0.878228
-0.827625
-0.783103
-0.744163
-0.710380
-0.681392
-0.656896
-0.636634
-0.620390
-0.607983
-0.599265
-0.594112
-0.592428
-0.594134
-0.599171
-0.607498
-0.619085
-0.633918
-0.651990
-0.673309
-0.697888
-0.725748
-0.756918
-0.791431
-0.829325
-0.870643
-0.915431
-0.963739
-1.015617
-2.159575
-1.939220
-1.757303
-1.601684
-1.466199
-1.347136
-1.241956
-1.148772
-1.066106
-0.992761
-0.927748
-0.870235
-0.819517
-0.774998
-0.736166
-0.702586
-0.673888
-0.649757
-0.629924
-0.614165
-0.602289
-0.594141
-0.589592
-0.588536
-0.590891
-0.596595
-0.605598
-0.617871
-0.633396
-0.652166
-0.674185
-0.699468
-0.728036
-0.759918
-0.795149
-0.833768
-0.875822
-0.921357
-0.970424
-1.023077
-2.155179
-1.935762
-1.754133
-1.598172
-1.461979
-1.342044
-1.235956
-1.141909
-1.058469
-0.984465
-0.918918
-0.860996
-0.809990
-0.765292
-0.726381
-0.692810
-0.664194
-0.640205
-0.620563
-0.605032
-0.593411
-0.585533
-0.581261
-0.580482
-0.583105
-0.589060
-0.598295
-0.610772
-0.626471
-0.645381
-0.667504
-0.692852
-0.721446
-0.753315
-0.788493
-0.827022
-0.868948
-0.914321
-0.963192
-1.015618
-2.150543
-1.932296
-1.751026
-1.594674
-1.457659
-1.336706
-1.229548
-1.134467
-1.050079
-0.975241
-0.908982
-0.850474
-0.799000
-0.753942
-0.714764
-0.681004
-0.652264
-0.628198
-0.608513
-0.592959
-0.581321
-0.573420
-0.569109
-0.568262
-0.570781
-0.576586
-0.585616
-0.597828
-0.613193
-0.631696
-0.653335
-0.678118
-0.706064
-0.737200
-0.771560
-0.809186
-0.850125
-0.894429
-0.942151
-0.993349
-2.145622
-1.928852
-1.748032
-1.591233
-1.453274
-1.331145
-1.222744
-1.126446
-1.040926
-0.965067
-0.897914
-0.838637
-0.786513
-0.740910
-0.701278
-0.667136
-0.638069
-0.613714
-0.593760
-0.577940
-0.566026
-0.557823
-0.553169
-0.551927
-0.553986
-0.559256
-0.567665
-0.579160
-0.593704
-0.611274
-0.631862
-0.655469
-0.682111
-0.711811
-0.744604
-0.780530
-0.819637
-0.861979
-0.907612
-0.956595
-2.140348
-1.925469
-1.745209
-1.587902
-1.448864
-1.325390
-1.215559
-1.117851
-1.031003
-0.953930
-0.885691
-0.825458
-0.772498
-0.726166
-0.685894
-0.651182
-0.621594
-0.596747
-0.576310
-0.559997
-0.547562
-0.538795
-0.533516
-0.531573
-0.532842
-0.537218
-0.544617
-0.554974
-0.568241
-0.584383
-0.603383
-0.625235
-0.649948
-0.677540
-0.708042
-0.741496
-0.777950
-0.817460
-0.860086
-0.905891
-2.134631
-1.922198
-1.742627
-1.584740
-1.444474
-1.319473
-1.208013
-1.108690
-1.020307
-0.941817
-0.872294
-0.810912
-0.756930
-0.709687
-0.668594
-0.633131
-0.602836
-0.577307
-0.556188
-0.539173
-0.525995
-0.516424
-0.510263
-0.507343
-0.507522
-0.510680
-0.516717
-0.525555
-0.537129
-0.551392
-0.568313
-0.587875
-0.610077
-0.634929
-0.662458
-0.692703
-0.725714
-0.761552
-0.800283
-0.841978
-2.128343
-1.919106
-1.740367
-1.581815
-1.440157
-1.313434
-1.200132
-1.098975
-1.008839
-0.928718
-0.857707
-0.794979
-0.739787
-0.691451
-0.649362
-0.612975
-0.581804
-0.555417
-0.533437
-0.515532
-0.501412
-0.490826
-0.483558
-0.479418
-0.478245
-0.479902
-0.484273
-0.491258
-0.500778
-0.512767
-0.527177
-0.543975
-0.563143
-0.584680
-0.608604
-0.634950
-0.663769
-0.695129
-0.729106
-0.765786
-2.121312
-1.916285
-1.738526
-1.579202
-1.435973
-1.307316
-1.191946
-1.088722
-0.996602
-0.914627
-0.841913
-0.777639
-0.721047
-0.671442
-0.628190
-0.590717
-0.558510
-0.531111
-0.508111
-0.489153
-0.473922
-0.462143
-0.453576
-0.448013
-0.445271
-0.445194
-0.447645
-0.452506
-0.459675
-0.469066
-0.480608
-0.494244
-0.509935
-0.527659
-0.547416
-0.569230
-0.593153
-0.619259
-0.647646
-0.678428
-2.113303
-1.913862
-1.737217
-1.576986
-1.431984
-1.301167
-1.183489
-1.077952
-0.983603
-0.899539
-0.824900
-0.758873
-0.700691
-0.649642
-0.605065
-0.566359
-0.532976
-0.504428
-0.480275
-0.460129
-0.443649
-0.430533
-0.420518
-0.413372
-0.408893
-0.406901
-0.407241
-0.409771
-0.414369
-0.420922
-0.429332
-0.439512
-0.451389
-0.464906
-0.480031
-0.496763
-0.515138
-0.535239
-0.557196
-0.581177
-2.103991
-1.912014
-1.736571
-1.575257
-1.428262
-1.295042
-1.174801
-1.066688
-0.969852
-0.883448
-0.806651
-0.738658
-0.678696
-0.626031
-0.579979
-0.539902
-0.505222
-0.475411
-0.449998
-0.428561
-0.410728
-0.396171
-0.384599
-0.375758
-0.369422
-0.365394
-0.363495
-0.363564
-0.365454
-0.369028
-0.374156
-0.380713
-0.388581
-0.397651
-0.407829
-0.419053
-0.431310
-0.444666
-0.459288
-0.475451
-2.092934
-1.910993
-1.736736
-1.574113
-1.424883
-1.289003
-1.165925
-1.054959
-0.955359
-0.866352
-0.787152
-0.716972
-0.655034
-0.600586
-0.552914
-0.511346
-0.475264
-0.444103
-0.417351
-0.394553
-0.375301
-0.359237
-0.346044
-0.335442
-0.327186
-0.321056
-0.316856
-0.314406
-0.313540
-0.314098
-0.315921
-0.318846
-0.322702
-0.327307
-0.332469
-0.337999
-0.343745
-0.349647
-0.355843
-0.362791
-2.079528
-1.911158
-1.737874
-1.573656
-1.421927
-1.283114
-1.156914
-1.042797
-0.940139
-0.848247
-0.766385
-0.693786
-0.629672
-0.573274
-0.523847
-0.480681
-0.443116
-0.410541
-0.382404
-0.358208
-0.337509
-0.319916
-0.305082
-0.292703
-0.282511
-0.274270
-0.267767
-0.262810
-0.259220
-0.256824
-0.255446
-0.254900
-0.254971
-0.255408
-0.255898
-0.256048
-0.255387
-0.253406
-0.249761
-0.244842
-2.062944
-1.913028
-1.740156
-1.573989
-1.419479
-1.277450
-1.147823
-1.030241
-0.924208
-0.829129
-0.744326
-0.669064
-0.602568
-0.544053
-0.492743
-0.447886
-0.408776
-0.374753
-0.345216
-0.319624
-0.297490
-0.278388
-0.261939
-0.247812
-0.235719
-0.225407
-0.216652
-0.209254
-0.203033
-0.197817
-0.193437
-0.189715
-0.186444
-0.183364
-0.180115
-0.176152
-0.170598
-0.161966
-0.147675
-0.123322
-2.042046
-1.917354
-1.743744
-1.575212
-1.417630
-1.272090
-1.138718
-1.017334
-0.907587
-0.808992
-0.720948
-0.642761
-0.573666
-0.512865
-0.459550
-0.412925
-0.372230
-0.336752
-0.305836
-0.278887
-0.255374
-0.234828
-0.216836
-0.201038
-0.187124
-0.174825
-0.163907
-0.154171
-0.145441
-0.137562
-0.130397
-0.123816
-0.117694
-0.111894
-0.106256
-0.100552
-0.094398
-0.086981
-0.076166
-0.055204
