-0.512609
-0.508230
-0.499006
-0.486641
-0.471994
-0.455541
-0.437560
-0.418221
-0.397624
-0.375827
-0.352859
-0.328727
-0.303421
-0.276922
-0.249199
-0.220215
-0.189925
-0.158283
-0.125233
-0.090721
-0.054686
-0.017067
0.022202
0.063187
0.105957
0.150581
0.197130
0.245678
0.296297
0.349062
0.404048
0.461331
0.520987
0.583093
0.647727
0.714966
0.784888
0.857572
0.933096
1.011539
-0.512743
-0.508371
-0.499163
-0.486821
-0.472201
-0.455779
-0.437834
-0.418535
-0.397984
-0.376238
-0.353327
-0.329258
-0.304023
-0.277601
-0.249964
-0.221075
-0.190890
-0.159362
-0.126437
-0.092061
-0.056175
-0.018715
0.020380
0.061178
0.103745
0.148152
0.194469
0.242768
0.293122
0.345604
0.400289
0.457252
0.516569
0.578316
0.642571
0.709410
0.778912
0.851152
0.926210
1.004163
-0.513143
-0.508794
-0.499635
-0.487359
-0.472821
-0.456493
-0.438655
-0.419477
-0.399062
-0.377468
-0.354727
-0.330847
-0.305822
-0.279633
-0.252253
-0.223647
-0.193774
-0.162586
-0.130035
-0.096065
-0.060620
-0.023641
0.014936
0.055174
0.097139
0.140899
0.186522
0.234079
0.283640
0.335277
0.389064
0.445073
0.503379
0.564056
0.627179
0.692825
0.761068
0.831985
0.905652
0.982145
-0.513807
-0.509498
-0.500421
-0.488255
-0.473851
-0.457679
-0.440018
-0.421041
-0.400850
-0.379509
-0.357048
-0.333481
-0.308803
-0.282999
-0.256044
-0.227905
-0.198545
-0.167921
-0.135985
-0.102686
-0.067970
-0.031781
0.005940
0.045255
0.086227
0.128918
0.173397
0.219729
0.267982
0.318226
0.370531
0.424966
0.481603
0.540515
0.601772
0.665449
0.731617
0.800350
0.871721
0.945805
-0.514735
-0.510479
-0.501516
-0.489504
-0.475286
-0.459331
-0.441917
-0.423217
-0.403339
-0.382346
-0.360274
-0.337139
-0.312941
-0.287668
-0.261298
-0.233805
-0.205154
-0.175307
-0.144219
-0.111845
-0.078135
-0.043036
-0.006493
0.031549
0.071150
0.112370
0.155271
0.199915
0.246366
0.294689
0.344950
0.397216
0.451554
0.508031
0.566716
0.627677
0.690984
0.756706
0.824912
0.895673
-0.515921
-0.511735
-0.502917
-0.491102
-0.477122
-0.461442
-0.444341
-0.425994
-0.406511
-0.385959
-0.364380
-0.341792
-0.318199
-0.293596
-0.267967
-0.241288
-0.213531
-0.184662
-0.154644
-0.123435
-0.090991
-0.057265
-0.022208
0.014232
0.052108
0.091475
0.132388
0.174907
0.219089
0.264993
0.312682
0.362216
0.413657
0.467068
0.522512
0.580054
0.639757
0.701686
0.765905
0.832480
-0.517363
-0.513260
-0.504619
-0.493042
-0.479349
-0.464002
-0.447278
-0.429356
-0.410347
-0.390326
-0.369335
-0.347401
-0.324534
-0.300732
-0.275985
-0.250278
-0.223587
-0.195885
-0.167141
-0.137320
-0.106385
-0.074294
-0.041005
-0.006472
0.029350
0.066510
0.105058
0.145047
0.186527
0.229552
0.274178
0.320459
0.368451
0.418211
0.469797
0.523266
0.578677
0.636088
0.695559
0.757148
-0.519055
-0.515051
-0.506615
-0.495317
-0.481959
-0.466999
-0.450713
-0.433283
-0.414824
-0.395415
-0.375104
-0.353924
-0.331891
-0.309010
-0.285278
-0.260686
-0.235218
-0.208855
-0.181571
-0.153340
-0.124132
-0.093913
-0.062649
-0.030300
0.003171
0.037806
0.073648
0.110740
0.149127
0.188857
0.229977
0.272534
0.316578
0.362158
0.409326
0.458132
0.508628
0.560865
0.614897
0.670775
-0.520991
-0.517099
-0.508900
-0.497919
-0.484942
-0.470419
-0.454630
-0.437755
-0.419915
-0.401193
-0.381646
-0.361311
-0.340210
-0.318358
-0.295759
-0.272410
-0.248305
-0.223431
-0.197773
-0.171311
-0.144023
-0.115885
-0.086870
-0.056948
-0.026089
0.005741
0.038576
0.072451
0.107403
0.143472
0.180696
0.219116
0.258773
0.299709
0.341967
0.385590
0.430622
0.477107
0.525092
0.574620
-0.523163
-0.519399
-0.511464
-0.500837
-0.488284
-0.474249
-0.459008
-0.442746
-0.425589
-0.407624
-0.388914
-0.369504
-0.349424
-0.328696
-0.307332
-0.285338
-0.262715
-0.239461
-0.215569
-0.191028
-0.165825
-0.139945
-0.113370
-0.086080
-0.058053
-0.029265
0.000309
0.030696
0.061924
0.094023
0.127023
0.160956
0.195854
0.231751
0.268682
0.306682
0.345785
0.386029
0.427450
0.470086
-0.525566
-0.521942
-0.514299
-0.504061
-0.491974
-0.478470
-0.463827
-0.448232
-0.431813
-0.414666
-0.396859
-0.378444
-0.359460
-0.339936
-0.319892
-0.299346
-0.278306
-0.256778
-0.234767
-0.212270
-0.189285
-0.165806
-0.141825
-0.117331
-0.092313
-0.066756
-0.040646
-0.013964
0.013308
0.041189
0.069702
0.098867
0.128709
0.159252
0.190521
0.222543
0.255344
0.288951
0.323393
0.358697
-0.528189
-0.524718
-0.517394
-0.507580
-0.495995
-0.483065
-0.469065
-0.454183
-0.438554
-0.422276
-0.405427
-0.388066
-0.370240
-0.351985
-0.333331
-0.314305
-0.294925
-0.275207
-0.255164
-0.234805
-0.214138
-0.193166
-0.171892
-0.150316
-0.128437
-0.106251
-0.083752
-0.060934
-0.037789
-0.014306
0.009525
0.033717
0.058284
0.083239
0.108600
0.134381
0.160601
0.187278
0.214431
0.242078
-0.531023
-0.527720
-0.520740
-0.511381
-0.500335
-0.488016
-0.474698
-0.460571
-0.445773
-0.430410
-0.414565
-0.398304
-0.381683
-0.364746
-0.347535
-0.330081
-0.312415
-0.294564
-0.276548
-0.258389
-0.240104
-0.221708
-0.203213
-0.184632
-0.165973
-0.147244
-0.128450
-0.109595
-0.090681
-0.071709
-0.052679
-0.033588
-0.014434
0.004788
0.024084
0.043460
0.062923
0.082483
0.102148
0.121929
-0.534059
-0.530936
-0.524324
-0.515450
-0.504975
-0.493302
-0.480701
-0.467364
-0.453433
-0.439020
-0.424214
-0.409088
-0.393707
-0.378123
-0.362385
-0.346537
-0.330617
-0.314662
-0.298704
-0.282774
-0.266901
-0.251109
-0.235425
-0.219868
-0.204461
-0.189221
-0.174165
-0.159308
-0.144664
-0.130245
-0.116060
-0.102119
-0.088429
-0.074996
-0.061826
-0.048921
-0.036285
-0.023919
-0.011823
0.000001
-0.537285
-0.534355
-0.528135
-0.519775
-0.509901
-0.498903
-0.487050
-0.474532
-0.461497
-0.448060
-0.434317
-0.420350
-0.406228
-0.392014
-0.377765
-0.363533
-0.349368
-0.335314
-0.321415
-0.307712
-0.294244
-0.281048
-0.268159
-0.255611
-0.243435
-0.231662
-0.220319
-0.209433
-0.199030
-0.189131
-0.179759
-0.170933
-0.162672
-0.154993
-0.147912
-0.141443
-0.135598
-0.130390
-0.125829
-0.121926
-0.540689
-0.537965
-0.532161
-0.524340
-0.515093
-0.504798
-0.493717
-0.482043
-0.469924
-0.457482
-0.444818
-0.432020
-0.419165
-0.406323
-0.393560
-0.380936
-0.368509
-0.356335
-0.344467
-0.332956
-0.321851
-0.311202
-0.301053
-0.291450
-0.282436
-0.274052
-0.266338
-0.259332
-0.253071
-0.247589
-0.242919
-0.239092
-0.236139
-0.234087
-0.232962
-0.232789
-0.233593
-0.235395
-0.238216
-0.242076
-0.544260
-0.541754
-0.536388
-0.529130
-0.520536
-0.510967
-0.500679
-0.489864
-0.478676
-0.467239
-0.455659
-0.444030
-0.432436
-0.420954
-0.409655
-0.398611
-0.387886
-0.377546
-0.367654
-0.358269
-0.349452
-0.341262
-0.333756
-0.326989
-0.321015
-0.315889
-0.311662
-0.308382
-0.306099
-0.304857
-0.304703
-0.305678
-0.307824
-0.311179
-0.315781
-0.321666
-0.328868
-0.337420
-0.347352
-0.358695
-0.547984
-0.545709
-0.540803
-0.534132
-0.526212
-0.517387
-0.507908
-0.497966
-0.487717
-0.477287
-0.466787
-0.456317
-0.445965
-0.435814
-0.425945
-0.416433
-0.407354
-0.398778
-0.390778
-0.383425
-0.376787
-0.370933
-0.365931
-0.361847
-0.358748
-0.356696
-0.355756
-0.355988
-0.357451
-0.360205
-0.364304
-0.369804
-0.376756
-0.385211
-0.395217
-0.406821
-0.420068
-0.435000
-0.451659
-0.470084
-0.551846
-0.549817
-0.545391
-0.539330
-0.532103
-0.524038
-0.515380
-0.506318
-0.497008
-0.487581
-0.478149
-0.468817
-0.459677
-0.450819
-0.442328
-0.434286
-0.426774
-0.419872
-0.413658
-0.408213
-0.403615
-0.399940
-0.397267
-0.395673
-0.395233
-0.396023
-0.398117
-0.401588
-0.406506
-0.412941
-0.420961
-0.430632
-0.442017
-0.455177
-0.470173
-0.487062
-0.505898
-0.526736
-0.549626
-0.574618
-0.555832
-0.554063
-0.550141
-0.544709
-0.538192
-0.530900
-0.523070
-0.514891
-0.506516
-0.498080
-0.489697
-0.481473
-0.473507
-0.465890
-0.458712
-0.452060
-0.446022
-0.440683
-0.436128
-0.432445
-0.429718
-0.428035
-0.427482
-0.428144
-0.430109
-0.433462
-0.438288
-0.444670
-0.452690
-0.462431
-0.473970
-0.487385
-0.502752
-0.520142
-0.539627
-0.561274
-0.585150
-0.611318
-0.639839
-0.670773
-0.559925
-0.558434
-0.555036
-0.550253
-0.544462
-0.537953
-0.530956
-0.523656
-0.516208
-0.508745
-0.501384
-0.494233
-0.487391
-0.480954
-0.475014
-0.469662
-0.464989
-0.461086
-0.458043
-0.455952
-0.454907
-0.455000
-0.456325
-0.458979
-0.463056
-0.468651
-0.475859
-0.484776
-0.495493
-0.508103
-0.522697
-0.539363
-0.558187
-0.579255
-0.602647
-0.628442
-0.656717
-0.687546
-0.721000
-0.757146
-0.564110
-0.562914
-0.560064
-0.555949
-0.550896
-0.545177
-0.539013
-0.532587
-0.526053
-0.519541
-0.513171
-0.507049
-0.501277
-0.495950
-0.491163
-0.487010
-0.483582
-0.480973
-0.479280
-0.478596
-0.479020
-0.480651
-0.483590
-0.487940
-0.493803
-0.501284
-0.510486
-0.521515
-0.534473
-0.549465
-0.566591
-0.585952
-0.607645
-0.631767
-0.658409
-0.687663
-0.719613
-0.754346
-0.791942
-0.832479
-0.568367
-0.567487
-0.565210
-0.561780
-0.557478
-0.552553
-0.547221
-0.541661
-0.536022
-0.530436
-0.525020
-0.519880
-0.515117
-0.510825
-0.507101
-0.504036
-0.501724
-0.500261
-0.499742
-0.500265
-0.501933
-0.504847
-0.509113
-0.514840
-0.522137
-0.531116
-0.541889
-0.554571
-0.569273
-0.586111
-0.605197
-0.626641
-0.650554
-0.677043
-0.706211
-0.738160
-0.772988
-0.810789
-0.851655
-0.895672
-0.572678
-0.572139
-0.570460
-0.567735
-0.564192
-0.560065
-0.555561
-0.550853
-0.546091
-0.541402
-0.536900
-0.532691
-0.528872
-0.525537
-0.522779
-0.520690
-0.519360
-0.518885
-0.519360
-0.520883
-0.523557
-0.527487
-0.532780
-0.539549
-0.547907
-0.557974
-0.569868
-0.583711
-0.599625
-0.617735
-0.638163
-0.661032
-0.686463
-0.714575
-0.745485
-0.779303
-0.816141
-0.856104
-0.899293
-0.945804
-0.577022
-0.576852
-0.575800
-0.573797
-0.571024
-0.567696
-0.564012
-0.560144
-0.556236
-0.552412
-0.548784
-0.545452
-0.542512
-0.540054
-0.538166
-0.536936
-0.536453
-0.536808
-0.538094
-0.540406
-0.543846
-0.548517
-0.554529
-0.561994
-0.571030
-0.581759
-0.594304
-0.608795
-0.625362
-0.644138
-0.665257
-0.688851
-0.715054
-0.743998
-0.775810
-0.810616
-0.848537
-0.889692
-0.934192
-0.982144
-0.581376
-0.581612
-0.581218
-0.579956
-0.577960
-0.575430
-0.572560
-0.569515
-0.566438
-0.563447
-0.560650
-0.558143
-0.556016
-0.554354
-0.553240
-0.552757
-0.552987
-0.554016
-0.555931
-0.558824
-0.562791
-0.567933
-0.574355
-0.582171
-0.591496
-0.602453
-0.615172
-0.629784
-0.646427
-0.665242
-0.686371
-0.709960
-0.736153
-0.765095
-0.796927
-0.831789
-0.869816
-0.911139
-0.955881
-1.004163
-0.585717
-0.586401
-0.586701
-0.586199
-0.584986
-0.583253
-0.581187
-0.578950
-0.576678
-0.574488
-0.572480
-0.570746
-0.569369
-0.568426
-0.567995
-0.568149
-0.568964
-0.570518
-0.572890
-0.576163
-0.580428
-0.585777
-0.592311
-0.600137
-0.609369
-0.620127
-0.632541
-0.646745
-0.662880
-0.681093
-0.701538
-0.724368
-0.749741
-0.777816
-0.808749
-0.842695
-0.879804
-0.920223
-0.964090
-1.011539
-0.590015
-0.591204
-0.592237
-0.592513
-0.592091
-0.591152
-0.589880
-0.588433
-0.586944
-0.585522
-0.584263
-0.583252
-0.582564
-0.582269
-0.582434
-0.583125
-0.584408
-0.586349
-0.589016
-0.592485
-0.596833
-0.602143
-0.608506
-0.616021
-0.624794
-0.634940
-0.646584
-0.659858
-0.674907
-0.691880
-0.710938
-0.732245
-0.755971
-0.782288
-0.811372
-0.843394
-0.878524
-0.916925
-0.958756
-1.004164
-0.594242
-0.596005
-0.597815
-0.598890
-0.599263
-0.599114
-0.598626
-0.597952
-0.597221
-0.596538
-0.595991
-0.595657
-0.595602
-0.595889
-0.596574
-0.597712
-0.599357
-0.601562
-0.604384
-0.607883
-0.612122
-0.617172
-0.623110
-0.630020
-0.637996
-0.647144
-0.657578
-0.669426
-0.682829
-0.697937
-0.714914
-0.733933
-0.755176
-0.778832
-0.805093
-0.834153
-0.866205
-0.901436
-0.940026
-0.982146
-0.598361
-0.600788
-0.603426
-0.605320
-0.606493
-0.607130
-0.607414
-0.607496
-0.607501
-0.607527
-0.607657
-0.607959
-0.608490
-0.609302
-0.610440
-0.611948
-0.613866
-0.616233
-0.619089
-0.622479
-0.626450
-0.631052
-0.636345
-0.642395
-0.649280
-0.657085
-0.665913
-0.675878
-0.687111
-0.699759
-0.713984
-0.729964
-0.747892
-0.767973
-0.790421
-0.815455
-0.843297
-0.874164
-0.908267
-0.945806
-0.602332
-0.605540
-0.609062
-0.611795
-0.613771
-0.615189
-0.616233
-0.617055
-0.617775
-0.618486
-0.619262
-0.620163
-0.621238
-0.622528
-0.624066
-0.625883
-0.628003
-0.630451
-0.633250
-0.636424
-0.640001
-0.644009
-0.648486
-0.653474
-0.659025
-0.665203
-0.672088
-0.679772
-0.688369
-0.698012
-0.708857
-0.721079
-0.734879
-0.750476
-0.768108
-0.788025
-0.810484
-0.835746
-0.864062
-0.895674
-0.606108
-0.610248
-0.614717
-0.618308
-0.621090
-0.623281
-0.625076
-0.626622
-0.628038
-0.629409
-0.630805
-0.632276
-0.633862
-0.635593
-0.637491
-0.639571
-0.641845
-0.644319
-0.646998
-0.649886
-0.652987
-0.656305
-0.659850
-0.663636
-0.667684
-0.672026
-0.676710
-0.681798
-0.687375
-0.693547
-0.700452
-0.708254
-0.717151
-0.727374
-0.739182
-0.752862
-0.768719
-0.787067
-0.808221
-0.832482
-0.609631
-0.614904
-0.620388
-0.624853
-0.628441
-0.631400
-0.633933
-0.636189
-0.638283
-0.640296
-0.642289
-0.644307
-0.646379
-0.648526
-0.650756
-0.653074
-0.655474
-0.657946
-0.660477
-0.663047
-0.665637
-0.668224
-0.670787
-0.673306
-0.675765
-0.678158
-0.680488
-0.682776
-0.685061
-0.687410
-0.689922
-0.692732
-0.696022
-0.700020
-0.705003
-0.711295
-0.719260
-0.729290
-0.741788
-0.757150
-0.612834
-0.619504
-0.626074
-0.631427
-0.635819
-0.639538
-0.642798
-0.645751
-0.648508
-0.651145
-0.653719
-0.656267
-0.658809
-0.661356
-0.663907
-0.666453
-0.668974
-0.671444
-0.673831
-0.676094
-0.678188
-0.680063
-0.681665
-0.682937
-0.683821
-0.684264
-0.684217
-0.683642
-0.682519
-0.680850
-0.678672
-0.676065
-0.673164
-0.670168
-0.667354
-0.665076
-0.663765
-0.663917
-0.666072
-0.670777
-0.615630
-0.624051
-0.631778
-0.638028
-0.643219
-0.647688
-0.651664
-0.655301
-0.658707
-0.661957
-0.665099
-0.668165
-0.671169
-0.674112
-0.676986
-0.679767
-0.682425
-0.684920
-0.687200
-0.689207
-0.690871
-0.692115
-0.692852
-0.692989
-0.692422
-0.691045
-0.688749
-0.685426
-0.680975
-0.675312
-0.668377
-0.660152
-0.650681
-0.640084
-0.628587
-0.616544
-0.604445
-0.592919
-0.582711
-0.574622
-0.617912
-0.628560
-0.637506
-0.644652
-0.650634
-0.655844
-0.660525
-0.664835
-0.668879
-0.672730
-0.676432
-0.680012
-0.683476
-0.686822
-0.690030
-0.693070
-0.695901
-0.698470
-0.700713
-0.702552
-0.703900
-0.704653
-0.704697
-0.703902
-0.702121
-0.699196
-0.694952
-0.689203
-0.681754
-0.672407
-0.660970
-0.647275
-0.631201
-0.612702
-0.591858
-0.568923
-0.544384
-0.519001
-0.493817
-0.470089
-0.619547
-0.633063
-0.643269
-0.651301
-0.658061
-0.664001
-0.669376
-0.674347
-0.679020
-0.683464
-0.687722
-0.691814
-0.695745
-0.699506
-0.703073
-0.706408
-0.709464
-0.712179
-0.714477
-0.716272
-0.717457
-0.717914
-0.717503
-0.716065
-0.713419
-0.709357
-0.703647
-0.696024
-0.686194
-0.673831
-0.658582
-0.640073
-0.617931
-0.591814
-0.561474
-0.526846
-0.488183
-0.446227
-0.402369
-0.358700
-0.620357
-0.637616
-0.649080
-0.657972
-0.665495
-0.672151
-0.678209
-0.683833
-0.689126
-0.694158
-0.698969
-0.703578
-0.707987
-0.712182
-0.716138
-0.719815
-0.723160
-0.726107
-0.728576
-0.730472
-0.731682
-0.732077
-0.731503
-0.729784
-0.726714
-0.722053
-0.715524
-0.706803
-0.695511
-0.681205
-0.663367
-0.641395
-0.614595
-0.582186
-0.543334
-0.497235
-0.443312
-0.381597
-0.313383
-0.242081
-0.620117
-0.642313
-0.654953
-0.664665
-0.672930
-0.680290
-0.687020
-0.693286
-0.699194
-0.704810
-0.710175
-0.715306
-0.720206
-0.724860
-0.729243
-0.733313
-0.737019
-0.740294
-0.743059
-0.745218
-0.746660
-0.747252
-0.746841
-0.745247
-0.742257
-0.737623
-0.731050
-0.722187
-0.710612
-0.695814
-0.677167
-0.653893
-0.625014
-0.589286
-0.545112
-0.490451
-0.422785
-0.339335
-0.238169
-0.121931
-0.618524
-0.647300
-0.660901
-0.671377
-0.680363
-0.688411
-0.695802
-0.702703
-0.709219
-0.715416
-0.721337
-0.726999
-0.732405
-0.737544
-0.742392
-0.746910
-0.751051
-0.754753
-0.757942
-0.760530
-0.762412
-0.763468
-0.763553
-0.762502
-0.760117
-0.756166
-0.750373
-0.742408
-0.731870
-0.718266
-0.700983
-0.679238
-0.652007
-0.617903
-0.574959
-0.520214
-0.448855
-0.352360
-0.214238
-0.000004
