-12.152566
-10.915785
-9.915770
-9.078444
-8.359495
-7.730360
-7.171533
-6.669132
-6.212886
-5.794997
-5.409395
-5.051249
-4.716657
-4.402417
-4.105867
-3.824770
-3.557223
-3.301593
-3.056472
-2.820630
-2.592991
-2.372601
-2.158617
-1.950283
-1.746920
-1.547916
-1.352716
-1.160814
-0.971746
-0.785088
-0.600447
-0.417460
-0.235791
-0.055125
0.124831
0.304354
0.483701
0.663119
0.842837
1.023077
-12.151874
-10.915160
-9.915195
-9.077908
-8.358994
-7.729889
-7.171094
-6.668729
-6.212526
-5.794687
-5.409143
-5.051065
-4.716551
-4.402399
-4.105950
-3.824964
-3.557540
-3.302046
-3.057073
-2.821394
-2.593930
-2.373729
-2.159949
-1.951834
-1.748706
-1.549951
-1.355017
-1.163398
-0.974630
-0.788289
-0.603984
-0.421351
-0.240056
-0.059783
0.119760
0.298848
0.477741
0.656681
0.835900
1.015617
-12.149796
-10.913287
-9.913472
-9.076303
-8.357486
-7.728474
-7.169777
-6.667521
-6.211443
-5.793753
-5.408384
-5.050508
-4.716226
-4.402339
-4.106188
-3.825536
-3.558479
-3.303391
-3.058863
-2.823666
-2.596727
-2.377091
-2.163920
-1.956459
-1.754030
-1.556022
-1.361882
-1.171107
-0.983235
-0.797843
-0.614540
-0.432965
-0.252785
-0.073686
0.104622
0.282414
0.459947
0.637462
0.815190
0.993348
-12.146337
-10.910167
-9.910602
-9.073627
-8.354974
-7.726114
-7.167577
-6.665497
-6.209630
-5.792185
-5.407103
-5.049561
-4.715662
-4.402212
-4.106553
-3.826451
-3.560004
-3.305587
-3.061792
-2.827394
-2.601320
-2.382620
-2.170456
-1.964073
-1.762799
-1.566023
-1.373197
-1.183817
-0.997424
-0.813597
-0.631950
-0.452124
-0.273786
-0.096627
0.079643
0.255294
0.430582
0.605745
0.781011
0.956594
-12.141495
-10.905800
-9.906586
-9.069880
-8.351455
-7.722806
-7.164486
-6.662651
-6.207071
-5.789963
-5.405276
-5.048195
-4.714827
-4.401980
-4.106999
-3.827655
-3.562051
-3.308560
-3.065779
-2.832485
-2.607607
-2.390200
-2.179426
-1.974535
-1.774857
-1.579784
-1.388771
-1.201318
-1.016968
-0.835306
-0.655946
-0.478534
-0.302740
-0.128258
0.045197
0.217893
0.390080
0.561995
0.733861
0.905890
-12.135274
-10.900190
-9.901425
-9.065069
-8.346930
-7.718543
-7.160496
-6.658971
-6.203749
-5.787065
-5.402874
-5.046374
-4.713674
-4.401587
-4.107463
-3.829077
-3.564535
-3.312212
-3.070713
-2.838813
-2.615448
-2.399674
-2.190656
-1.987650
-1.789987
-1.597066
-1.408343
-1.223324
-1.041555
-0.862625
-0.686153
-0.511788
-0.339206
-0.168104
0.001798
0.170763
0.339039
0.506856
0.674433
0.841976
-12.127674
-10.893341
-9.895126
-9.059190
-8.341393
-7.713322
-7.155600
-6.654442
-6.199644
-5.783460
-5.399861
-5.044049
-4.712143
-4.400962
-4.107862
-3.830619
-3.567346
-3.316423
-3.076453
-2.846221
-2.624664
-2.410842
-2.203925
-2.003172
-1.807919
-1.617570
-1.431585
-1.249474
-1.070789
-0.895123
-0.722101
-0.551376
-0.382630
-0.215564
-0.049905
0.114607
0.278212
0.441137
0.603594
0.765784
-12.118698
-10.885252
-9.887692
-9.052246
-8.334847
-7.707137
-7.149786
-6.649038
-6.194723
-5.779111
-5.396183
-5.041158
-4.710164
-4.400023
-4.108099
-3.832170
-3.570354
-3.321040
-3.082832
-2.854518
-2.635042
-2.423466
-2.218967
-2.020807
-1.828328
-1.640937
-1.458101
-1.279335
-1.104197
-0.932285
-0.763228
-0.596687
-0.432349
-0.269922
-0.109136
0.050259
0.208499
0.365804
0.522382
0.678426
-12.108350
-10.875930
-9.879127
-9.044245
-8.327294
-7.699982
-7.143036
-6.642742
-6.188957
-5.773971
-5.391788
-5.037637
-4.707655
-4.398672
-4.108057
-3.833596
-3.573410
-3.325892
-3.089653
-2.863486
-2.646337
-2.437274
-2.235478
-2.040217
-1.850840
-1.666757
-1.487441
-1.312413
-1.141237
-0.973517
-0.808890
-0.647022
-0.487605
-0.330355
-0.175010
-0.021325
0.130930
0.281967
0.431986
0.581175
-12.096634
-10.865379
-9.869435
-9.035185
-8.318730
-7.691850
-7.135337
-6.635527
-6.182307
-5.767994
-5.386615
-5.033410
-4.704523
-4.396801
-4.107613
-3.834752
-3.576345
-3.330791
-3.096703
-2.872881
-2.658274
-2.451958
-2.253118
-2.061026
-1.875037
-1.694569
-1.519098
-1.348153
-1.181304
-1.018162
-0.858369
-0.701599
-0.547551
-0.395949
-0.246537
-0.099077
0.046653
0.190857
0.333729
0.475448
-12.083553
-10.853605
-9.858625
-9.025073
-8.309154
-7.682732
-7.126674
-6.627365
-6.174734
-5.761130
-5.380595
-5.028389
-4.700668
-4.394287
-4.106624
-3.835476
-3.578974
-3.335521
-3.103740
-2.882433
-2.670555
-2.467187
-2.271516
-2.082823
-1.900468
-1.723874
-1.552525
-1.385955
-1.223741
-1.065500
-0.910883
-0.759570
-0.611269
-0.465709
-0.322642
-0.181838
-0.043084
0.093817
0.229051
0.362789
-12.069110
-10.840614
-9.846705
-9.013919
-8.298568
-7.672624
-7.117028
-6.618226
-6.166197
-5.753317
-5.373654
-5.022488
-4.695984
-4.391005
-4.104939
-3.835592
-3.581095
-3.339858
-3.110510
-2.891857
-2.682858
-2.482599
-2.290273
-2.105167
-1.926644
-1.754136
-1.587133
-1.425174
-1.267844
-1.114767
-0.965600
-0.820031
-0.677776
-0.538572
-0.402178
-0.268373
-0.136952
-0.007725
0.119484
0.244839
-12.053306
-10.826413
-9.833685
-9.001730
-8.286980
-7.661520
-7.106383
-6.608085
-6.156649
-5.744497
-5.365717
-5.015607
-4.690350
-4.386816
-4.102400
-3.834915
-3.582499
-3.343564
-3.116743
-2.900848
-2.694843
-2.497818
-2.308972
-2.127594
-1.953056
-1.784796
-1.622306
-1.465136
-1.312877
-1.165158
-1.021644
-0.882032
-0.746044
-0.613426
-0.483945
-0.357387
-0.233557
-0.112272
0.006635
0.123320
-12.036143
-10.811012
-9.819576
-8.988515
-8.274395
-7.649416
-7.094725
-6.596906
-6.146049
-5.734608
-5.356701
-5.007649
-4.683647
-4.381575
-4.098837
-3.833252
-3.582963
-3.346386
-3.122155
-2.909091
-2.706157
-2.512452
-2.327176
-2.149625
-1.979175
-1.815269
-1.657406
-1.505142
-1.358075
-1.215841
-1.078112
-0.944592
-0.815011
-0.689123
-0.566703
-0.447546
-0.331462
-0.218281
-0.107842
0.000001
-12.017625
-10.794418
-9.804394
-8.974293
-8.260818
-7.636313
-7.082038
-6.584667
-6.134348
-5.723586
-5.346525
-4.998507
-4.675747
-4.375132
-4.094076
-3.830402
-3.582257
-3.348063
-3.126456
-2.916258
-2.716438
-2.526096
-2.344439
-2.170767
-2.004457
-1.844960
-1.691781
-1.544481
-1.402663
-1.265972
-1.134087
-1.006717
-0.883600
-0.764499
-0.649195
-0.537493
-0.429212
-0.324187
-0.222268
-0.123317
-11.997751
-10.776645
-9.788157
-8.959076
-8.246260
-7.622209
-7.068310
-6.571334
-6.121501
-5.711364
-5.335101
-4.988075
-4.666522
-4.367336
-4.087939
-3.826159
-3.580150
-3.348332
-3.129347
-2.922018
-2.725316
-2.538344
-2.360311
-2.190521
-2.028357
-1.873271
-1.724776
-1.582436
-1.445862
-1.314703
-1.188646
-1.067407
-0.950730
-0.838385
-0.730162
-0.625873
-0.525346
-0.428423
-0.334963
-0.244837
-11.976517
-10.757695
-9.770885
-8.942889
-8.230741
-7.607110
-7.053532
-6.556883
-6.107462
-5.697876
-5.322342
-4.976244
-4.655838
-4.358028
-4.080244
-3.820315
-3.576405
-3.346928
-3.130532
-2.926038
-2.732422
-2.548785
-2.374341
-2.208392
-2.050329
-1.899606
-1.755740
-1.618299
-1.486899
-1.361196
-1.240880
-1.125675
-1.015333
-0.909628
-0.808361
-0.711348
-0.618426
-0.529446
-0.444273
-0.362787
-11.953917
-10.737584
-9.752599
-8.925760
-8.214279
-7.591023
-7.037696
-6.541287
-6.092188
-5.683061
-5.308164
-4.962907
-4.643566
-4.347054
-4.070809
-3.812664
-3.570782
-3.343584
-3.129712
-2.927988
-2.737388
-2.557015
-2.386081
-2.223893
-2.069841
-1.923382
-1.784036
-1.651375
-1.525019
-1.404628
-1.289899
-1.180560
-1.076370
-0.977109
-0.882584
-0.792619
-0.707057
-0.625756
-0.548590
-0.475446
-11.929943
-10.716319
-9.733327
-8.907718
-8.196899
-7.573965
-7.020796
-6.524525
-6.075635
-5.666852
-5.292478
-4.947953
-4.629569
-4.334254
-4.059450
-3.802994
-3.563047
-3.338033
-3.126589
-2.927539
-2.739854
-2.562637
-2.395098
-2.236547
-2.086372
-1.944031
-1.809047
-1.680994
-1.559495
-1.444214
-1.334851
-1.231141
-1.132846
-1.039753
-0.951673
-0.868440
-0.789900
-0.715920
-0.646379
-0.581172
-11.904576
-10.693915
-9.713106
-8.888803
-8.178633
-7.555949
-7.002836
-6.506579
-6.057765
-5.649190
-5.275202
-4.931277
-4.613718
-4.319474
-4.045988
-3.791099
-3.552966
-3.330012
-3.120875
-2.924368
-2.739465
-2.565264
-2.400972
-2.245896
-2.099423
-1.961012
-1.830185
-1.706519
-1.589636
-1.479205
-1.374929
-1.276545
-1.183820
-1.096547
-1.014542
-0.937642
-0.865701
-0.798591
-0.736199
-0.678424
-11.877796
-10.670384
-9.691976
-8.869063
-8.159519
-7.537002
-6.983824
-6.487438
-6.038544
-5.630017
-5.256256
-4.912770
-4.595886
-4.302560
-4.030241
-3.776773
-3.540309
-3.319269
-3.112286
-2.918170
-2.735885
-2.564527
-2.403299
-2.251502
-2.108522
-1.973814
-1.846898
-1.727353
-1.614800
-1.508907
-1.409383
-1.315966
-1.228426
-1.146559
-1.070186
-0.999147
-0.933304
-0.872531
-0.816722
-0.765783
-11.849572
-10.645745
-9.669982
-8.848545
-8.139607
-7.517157
-6.963774
-6.467093
-6.017941
-5.609277
-5.235560
-4.892332
-4.575942
-4.283359
-4.012036
-3.759816
-3.524853
-3.305556
-3.100553
-2.908646
-2.728792
-2.560077
-2.401702
-2.252959
-2.113228
-1.981962
-1.858678
-1.742948
-1.634396
-1.532688
-1.437534
-1.348673
-1.265877
-1.188944
-1.117698
-1.051984
-0.991666
-0.936625
-0.886757
-0.841974
-11.819856
-10.620009
-9.647180
-8.827317
-8.118951
-7.496454
-6.942707
-6.445543
-5.995928
-5.586920
-5.213039
-4.869861
-4.553763
-4.261724
-3.991202
-3.740037
-3.506380
-3.288632
-3.085411
-2.895510
-2.717875
-2.551584
-2.395828
-2.249889
-2.113140
-1.985027
-1.865062
-1.752813
-1.647898
-1.549984
-1.458777
-1.374018
-1.295478
-1.222958
-1.156283
-1.095300
-1.039877
-0.989898
-0.945264
-0.905888
-11.788590
-10.593198
-9.623632
-8.805453
-8.097615
-7.474943
-6.920647
-6.422789
-5.972486
-5.562899
-5.188620
-4.845263
-4.529229
-4.237510
-3.967571
-3.717245
-3.484679
-3.268267
-3.066611
-2.878494
-2.702851
-2.538744
-2.385352
-2.241948
-2.107893
-1.982623
-1.865643
-1.756513
-1.654848
-1.560306
-1.472594
-1.391449
-1.316642
-1.247974
-1.185270
-1.128379
-1.077170
-1.031532
-0.991367
-0.956593
-11.755688
-10.565332
-9.599417
-8.783040
-8.075679
-7.452682
-6.897630
-6.398841
-5.947598
-5.537176
-5.162239
-4.818447
-4.502224
-4.210578
-3.940981
-3.691260
-3.459550
-3.244239
-3.043916
-2.857347
-2.683450
-2.521273
-2.369980
-2.228828
-2.097165
-1.974414
-1.860070
-1.753683
-1.654858
-1.563251
-1.478558
-1.400515
-1.328891
-1.263483
-1.204119
-1.150645
-1.102934
-1.060875
-1.024373
-0.993348
-11.721038
-10.536442
-9.574628
-8.760182
-8.053232
-7.429738
-6.873698
-6.373719
-5.921258
-5.509717
-5.133834
-4.789324
-4.472636
-4.180795
-3.911274
-3.661900
-3.430798
-3.216341
-3.017101
-2.831828
-2.659423
-2.498914
-2.349443
-2.210254
-2.080675
-1.960115
-1.848051
-1.744022
-1.647623
-1.558499
-1.476341
-1.400874
-1.331865
-1.269110
-1.212432
-1.161680
-1.116724
-1.077454
-1.043778
-1.015617
-11.684486
-10.506556
-9.549372
-8.736997
-8.030376
-7.406189
-6.848908
-6.347445
-5.893465
-5.480491
-5.103351
-4.757812
-4.440357
-4.148027
-3.878299
-3.628995
-3.398232
-3.184364
-2.985950
-2.801716
-2.630540
-2.471430
-2.323507
-2.185990
-2.058188
-1.939490
-1.829354
-1.727302
-1.632916
-1.545827
-1.465713
-1.392296
-1.325333
-1.264614
-1.209962
-1.161222
-1.118264
-1.080980
-1.049277
-1.023077
-11.645843
-10.475720
-9.523784
-8.713626
-8.007236
-7.382130
-6.823324
-6.320061
-5.864225
-5.449478
-5.070738
-4.723837
-4.405286
-4.112148
-3.841904
-3.592377
-3.361668
-3.148115
-2.950256
-2.766796
-2.596586
-2.438610
-2.291961
-2.155834
-2.029512
-1.912359
-1.803810
-1.703367
-1.610592
-1.525102
-1.446559
-1.374672
-1.309191
-1.249899
-1.196613
-1.149177
-1.107460
-1.071353
-1.040764
-1.015618
-11.604851
-10.443997
-9.498023
-8.690225
-7.983939
-7.357663
-6.797018
-6.291609
-5.833554
-5.416663
-5.035954
-4.687321
-4.367321
-4.073034
-3.801947
-3.551880
-3.320924
-3.107400
-2.909820
-2.726864
-2.557359
-2.400255
-2.254619
-2.119613
-1.994490
-1.878585
-1.771307
-1.672130
-1.580593
-1.496289
-1.418866
-1.348015
-1.283474
-1.225016
-1.172453
-1.125624
-1.084399
-1.048669
-1.018343
-0.993349
-11.561168
-10.411472
-9.472281
-8.666976
-7.960637
-7.332910
-6.770078
-6.262149
-5.801478
-5.382041
-4.998959
-4.648201
-4.326367
-4.030562
-3.758280
-3.507337
-3.275820
-3.062026
-2.864441
-2.681722
-2.512663
-2.356184
-2.211312
-2.077179
-1.953001
-1.838079
-1.731788
-1.633572
-1.542937
-1.459451
-1.382736
-1.312464
-1.248355
-1.190171
-1.137713
-1.090820
-1.049359
-1.013222
-0.982323
-0.956595
-11.514343
-10.378274
-9.446786
-8.644082
-7.937495
-7.307999
-6.742605
-6.231743
-5.768032
-5.345611
-4.959723
-4.606415
-4.282331
-3.984611
-3.710757
-3.458586
-3.226174
-3.011799
-2.813923
-2.631173
-2.462310
-2.306218
-2.161886
-2.028404
-1.904952
-1.790788
-1.685248
-1.587735
-1.497723
-1.414741
-1.338380
-1.268284
-1.204152
-1.145727
-1.092802
-1.045206
-1.002808
-0.965505
-0.933219
-0.905891
-11.463778
-10.344579
-9.421822
-8.621779
-7.914701
-7.283076
-6.714709
-6.200469
-5.733257
-5.307387
-4.918227
-4.561904
-4.235128
-3.935063
-3.659231
-3.405455
-3.171796
-2.956519
-2.758059
-2.575013
-2.406105
-2.250180
-2.106187
-1.973172
-1.850268
-1.736687
-1.631720
-1.534723
-1.445123
-1.362406
-1.286121
-1.215877
-1.151338
-1.092224
-1.038310
-0.989419
-0.945420
-0.906218
-0.871751
-0.841978
-11.408680
-10.310652
-9.397719
-8.600333
-7.892454
-7.258300
-6.686512
-6.168423
-5.697215
-5.267391
-4.874455
-4.514622
-4.184670
-3.881799
-3.603555
-3.347770
-3.112493
-2.895979
-2.696635
-2.513026
-2.343842
-2.187884
-2.044057
-1.911360
-1.788874
-1.675764
-1.571263
-1.474674
-1.385368
-1.302776
-1.226395
-1.155780
-1.090550
-1.030389
-0.975043
-0.924322
-0.878094
-0.836281
-0.798848
-0.765786
-11.348000
-10.276882
-9.374886
-8.580034
-7.870977
-7.233845
-6.658152
-6.135705
-5.659972
-5.225657
-4.828402
-4.464525
-4.130874
-3.824699
-3.543577
-3.285347
-3.048059
-2.829953
-2.629416
-2.444978
-2.275292
-2.119117
-1.975314
-1.842827
-1.720687
-1.608000
-1.503941
-1.407750
-1.318733
-1.236253
-1.159736
-1.088669
-1.022606
-0.961167
-0.904051
-0.851041
-0.801998
-0.756866
-0.715656
-0.678428
-11.280336
-10.243845
-9.353796
-8.561200
-7.850496
-7.209888
-6.629777
-6.102432
-5.621613
-5.182231
-4.780073
-4.411576
-4.073662
-3.763646
-3.479137
-3.217994
-2.978271
-2.758199
-2.556141
-2.370601
-2.200194
-2.043637
-1.899740
-1.767398
-1.645586
-1.533349
-1.429799
-1.334110
-1.245509
-1.163283
-1.086768
-1.015359
-0.948514
-0.885758
-0.826702
-0.771060
-0.718664
-0.669476
-0.623583
-0.581177
-11.203811
-10.212385
-9.335010
-8.544168
-7.831252
-7.186626
-6.601545
-6.068732
-5.582232
-5.137171
-4.729489
-4.355746
-4.012960
-3.698516
-3.410071
-3.145506
-2.902890
-2.680445
-2.476522
-2.289596
-2.118247
-1.961148
-1.817066
-1.684841
-1.563392
-1.451706
-1.348829
-1.253862
-1.165956
-1.084309
-1.008155
-0.936773
-0.869486
-0.805671
-0.744782
-0.686382
-0.630191
-0.576138
-0.524410
-0.475451
-11.115897
-10.183745
-9.319164
-8.529284
-7.813491
-7.164258
-6.573632
-6.034752
-5.541947
-5.090553
-4.676677
-4.297020
-3.948702
-3.629192
-3.336205
-3.067662
-2.821649
-2.596392
-2.390228
-2.201613
-2.029092
-1.871299
-1.726954
-1.594847
-1.473844
-1.362873
-1.260918
-1.167014
-1.080238
-0.999698
-0.924526
-0.853871
-0.786889
-0.722747
-0.660638
-0.599818
-0.539682
-0.479903
-0.420645
-0.362791
-11.013185
-10.159763
-9.306954
-8.516893
-7.797460
-7.142994
-6.546223
-6.000657
-5.500889
-5.042471
-4.621689
-4.235394
-3.880825
-3.555550
-3.257360
-2.984224
-2.734260
-2.505702
-2.296887
-2.106251
-1.932308
-1.773659
-1.628977
-1.497007
-1.376562
-1.266519
-1.165808
-1.073406
-0.988331
-0.909621
-0.836324
-0.767475
-0.702073
-0.639050
-0.577248
-0.515399
-0.452152
-0.386219
-0.316820
-0.244842
-10.891046
-10.143136
-9.299102
-8.507322
-7.783394
-7.123050
-6.519522
-5.966628
-5.459215
-4.993045
-4.564596
-4.170879
-3.809279
-3.477474
-3.173350
-2.894939
-2.640404
-2.408002
-2.196074
-2.003042
-1.827400
-1.667711
-1.522609
-1.390794
-1.271032
-1.162153
-1.063044
-0.972641
-0.889924
-0.813898
-0.743576
-0.677949
-0.615947
-0.556374
-0.497816
-0.438479
-0.375935
-0.306678
-0.225345
-0.123322
-10.743169
-10.137831
-9.296257
-8.500844
-7.771523
-7.104646
-6.493741
-5.932871
-5.417104
-4.942417
-4.505487
-4.103508
-3.734024
-3.394849
-3.083980
-2.799535
-2.539735
-2.302873
-2.087306
-1.891452
-1.713785
-1.552839
-1.407207
-1.275548
-1.156582
-1.049098
-0.951945
-0.864034
-0.784332
-0.711851
-0.645636
-0.584741
-0.528201
-0.474984
-0.423907
-0.373497
-0.321748
-0.265655
-0.200314
-0.117118
