-0.045987
-0.045169
-0.043358
-0.040751
-0.037401
-0.033301
-0.028416
-0.022697
-0.016086
-0.008523
0.000059
0.009724
0.020543
0.032584
0.045918
0.060614
0.076745
0.094381
0.113596
0.134461
0.157050
0.181434
0.207688
0.235884
0.266096
0.298398
0.332863
0.369566
0.408580
0.449979
0.493838
0.540231
0.589233
0.640917
0.695359
0.752633
0.812813
0.875974
0.942191
1.011539
-0.046012
-0.045198
-0.043395
-0.040801
-0.037468
-0.033390
-0.028532
-0.022846
-0.016275
-0.008757
-0.000228
0.009377
0.020127
0.032091
0.045338
0.059937
0.075961
0.093480
0.112565
0.133289
0.155724
0.179941
0.206014
0.234015
0.264017
0.296094
0.330318
0.366763
0.405502
0.446610
0.490159
0.536223
0.584877
0.636193
0.690247
0.747112
0.806862
0.869571
0.935314
1.004163
-0.046086
-0.045284
-0.043506
-0.040951
-0.037670
-0.033658
-0.028881
-0.023293
-0.016838
-0.009456
-0.001085
0.008340
0.018885
0.030618
0.043606
0.057917
0.073622
0.090789
0.109488
0.129789
0.151764
0.175482
0.201015
0.228434
0.257810
0.289214
0.322719
0.358395
0.396315
0.436551
0.479174
0.524256
0.571871
0.622090
0.674985
0.730630
0.789096
0.850455
0.914781
0.982145
-0.046209
-0.045425
-0.043690
-0.041198
-0.038003
-0.034100
-0.029457
-0.024031
-0.017768
-0.010610
-0.002499
0.006628
0.016834
0.028185
0.040746
0.054582
0.069759
0.086345
0.104407
0.124012
0.145228
0.168123
0.192765
0.219223
0.247565
0.277859
0.310176
0.344584
0.381151
0.419947
0.461042
0.504505
0.550405
0.598813
0.649797
0.703427
0.759773
0.818905
0.880892
0.945805
-0.046381
-0.045622
-0.043945
-0.041541
-0.038464
-0.034711
-0.030253
-0.025050
-0.019052
-0.012205
-0.004453
0.004263
0.014003
0.024827
0.036798
0.049978
0.064428
0.080213
0.097395
0.116039
0.136209
0.157968
0.181381
0.206513
0.233429
0.262193
0.292871
0.325528
0.360230
0.397041
0.436029
0.477257
0.520792
0.566700
0.615047
0.665899
0.719321
0.775380
0.834142
0.895673
-0.046598
-0.045872
-0.044269
-0.041976
-0.039047
-0.035483
-0.031260
-0.026339
-0.020675
-0.014219
-0.006920
0.001278
0.010429
0.020590
0.031818
0.044170
0.057704
0.072478
0.088552
0.105985
0.124835
0.145162
0.167026
0.190487
0.215605
0.242441
0.271054
0.301505
0.333855
0.368165
0.404495
0.442907
0.483462
0.526220
0.571243
0.618593
0.668330
0.720516
0.775212
0.832480
-0.046859
-0.046172
-0.044657
-0.042496
-0.039746
-0.036408
-0.032464
-0.027879
-0.022614
-0.016626
-0.009866
-0.002286
0.006163
0.015532
0.025874
0.037239
0.049680
0.063250
0.078003
0.093991
0.111269
0.129889
0.149907
0.171377
0.194352
0.218888
0.245040
0.272861
0.302409
0.333736
0.366900
0.401955
0.438956
0.477960
0.519022
0.562197
0.607541
0.655110
0.704961
0.757148
-0.047163
-0.046519
-0.045106
-0.043098
-0.040552
-0.037474
-0.033850
-0.029652
-0.024845
-0.019392
-0.013252
-0.006381
0.001262
0.009724
0.019049
0.029282
0.040470
0.052660
0.065897
0.080230
0.095704
0.112368
0.130269
0.149455
0.169974
0.191874
0.215204
0.240012
0.266346
0.294255
0.323789
0.354995
0.387924
0.422623
0.459143
0.497533
0.537841
0.580118
0.624413
0.670775
-0.047506
-0.046911
-0.045612
-0.043774
-0.041455
-0.038668
-0.035401
-0.031634
-0.027338
-0.022482
-0.017032
-0.010952
-0.004206
0.003245
0.011437
0.020410
0.030203
0.040855
0.052406
0.064895
0.078362
0.092848
0.108393
0.125038
0.142823
0.161790
0.181979
0.203432
0.226190
0.250294
0.275787
0.302710
0.331105
0.361014
0.392479
0.425542
0.460246
0.496631
0.534742
0.574620
-0.047885
-0.047344
-0.046168
-0.044516
-0.042446
-0.039975
-0.037098
-0.033800
-0.030061
-0.025855
-0.021156
-0.015937
-0.010167
-0.003816
0.003145
0.010748
0.019023
0.028004
0.037720
0.048205
0.059491
0.071609
0.084593
0.098475
0.113289
0.129067
0.145842
0.163649
0.182520
0.202490
0.223591
0.245859
0.269327
0.294029
0.320000
0.347273
0.375884
0.405867
0.437256
0.470086
-0.048296
-0.047814
-0.046770
-0.045317
-0.043513
-0.041380
-0.038920
-0.036123
-0.032978
-0.029466
-0.025570
-0.021268
-0.016539
-0.011362
-0.005714
0.000428
0.007086
0.014285
0.022047
0.030396
0.039357
0.048953
0.059208
0.070148
0.081796
0.094177
0.107316
0.121239
0.135970
0.151534
0.167958
0.185267
0.203486
0.222641
0.242759
0.263865
0.285986
0.309147
0.333376
0.358697
-0.048738
-0.048316
-0.047412
-0.046168
-0.044644
-0.042867
-0.040844
-0.038574
-0.036052
-0.033269
-0.030213
-0.026874
-0.023237
-0.019290
-0.015017
-0.010406
-0.005442
-0.000109
0.005606
0.011720
0.018246
0.025202
0.032601
0.040460
0.048795
0.057621
0.066955
0.076813
0.087211
0.098166
0.109694
0.121812
0.134538
0.147889
0.161881
0.176532
0.191860
0.207882
0.224615
0.242078
-0.049205
-0.048846
-0.048086
-0.047059
-0.045826
-0.044417
-0.042846
-0.041121
-0.039244
-0.037213
-0.035026
-0.032680
-0.030170
-0.027491
-0.024638
-0.021605
-0.018387
-0.014977
-0.011371
-0.007561
-0.003542
0.000694
0.005151
0.009838
0.014760
0.019925
0.025340
0.031012
0.036948
0.043155
0.049642
0.056416
0.063485
0.070858
0.078542
0.086545
0.094877
0.103546
0.112560
0.121929
-0.049694
-0.049399
-0.048788
-0.047982
-0.047045
-0.046012
-0.044903
-0.043733
-0.042512
-0.041248
-0.039945
-0.038609
-0.037244
-0.035855
-0.034443
-0.033014
-0.031569
-0.030112
-0.028647
-0.027175
-0.025700
-0.024225
-0.022752
-0.021283
-0.019822
-0.018371
-0.016931
-0.015505
-0.014095
-0.012702
-0.011328
-0.009975
-0.008643
-0.007334
-0.006048
-0.004787
-0.003551
-0.002341
-0.001157
0.000001
-0.050200
-0.049971
-0.049509
-0.048927
-0.048289
-0.047634
-0.046990
-0.046378
-0.045817
-0.045321
-0.044905
-0.044583
-0.044366
-0.044268
-0.044301
-0.044477
-0.044807
-0.045304
-0.045980
-0.046847
-0.047917
-0.049201
-0.050712
-0.052461
-0.054459
-0.056719
-0.059252
-0.062069
-0.065181
-0.068600
-0.072335
-0.076398
-0.080800
-0.085550
-0.090659
-0.096136
-0.101992
-0.108236
-0.114877
-0.121926
-0.050721
-0.050557
-0.050244
-0.049885
-0.049543
-0.049264
-0.049081
-0.049023
-0.049115
-0.049381
-0.049843
-0.050523
-0.051441
-0.052619
-0.054078
-0.055838
-0.057920
-0.060344
-0.063132
-0.066304
-0.069881
-0.073885
-0.078335
-0.083252
-0.088658
-0.094573
-0.101018
-0.108012
-0.115577
-0.123732
-0.132498
-0.141895
-0.151941
-0.162657
-0.174061
-0.186173
-0.199012
-0.212597
-0.226945
-0.242076
-0.051252
-0.051151
-0.050985
-0.050844
-0.050795
-0.050884
-0.051153
-0.051636
-0.052367
-0.053377
-0.054695
-0.056352
-0.058376
-0.060797
-0.063643
-0.066944
-0.070728
-0.075025
-0.079865
-0.085275
-0.091287
-0.097929
-0.105231
-0.113223
-0.121934
-0.131393
-0.141631
-0.152677
-0.164559
-0.177308
-0.190951
-0.205518
-0.221037
-0.237537
-0.255045
-0.273591
-0.293201
-0.313904
-0.335726
-0.358695
-0.051789
-0.051750
-0.051725
-0.051797
-0.052030
-0.052476
-0.053181
-0.054187
-0.055533
-0.057258
-0.059400
-0.061995
-0.065080
-0.068692
-0.072868
-0.077645
-0.083059
-0.089148
-0.095949
-0.103500
-0.111837
-0.121000
-0.131026
-0.141952
-0.153817
-0.166659
-0.180516
-0.195426
-0.211427
-0.228556
-0.246851
-0.266350
-0.287089
-0.309106
-0.332437
-0.357120
-0.383190
-0.410683
-0.439636
-0.470084
-0.052328
-0.052348
-0.052459
-0.052735
-0.053237
-0.054023
-0.055143
-0.056645
-0.058575
-0.060978
-0.063899
-0.067380
-0.071468
-0.076204
-0.081633
-0.087800
-0.094748
-0.102522
-0.111167
-0.120728
-0.131250
-0.142779
-0.155359
-0.169038
-0.183860
-0.199873
-0.217122
-0.235653
-0.255512
-0.276745
-0.299398
-0.323516
-0.349145
-0.376330
-0.405116
-0.435549
-0.467671
-0.501527
-0.537161
-0.574618
-0.052867
-0.052942
-0.053181
-0.053647
-0.054404
-0.055508
-0.057017
-0.058983
-0.061457
-0.064491
-0.068136
-0.072441
-0.077457
-0.083235
-0.089824
-0.097275
-0.105640
-0.114969
-0.125315
-0.136728
-0.149261
-0.162966
-0.177897
-0.194105
-0.211645
-0.230570
-0.250934
-0.272789
-0.296189
-0.321188
-0.347840
-0.376197
-0.406313
-0.438240
-0.472032
-0.507740
-0.545416
-0.585113
-0.626881
-0.670773
-0.053400
-0.053526
-0.053884
-0.054528
-0.055518
-0.056917
-0.058783
-0.061173
-0.064145
-0.067756
-0.072060
-0.077114
-0.082974
-0.089696
-0.097335
-0.105949
-0.115594
-0.126326
-0.138204
-0.151285
-0.165627
-0.181290
-0.198331
-0.216811
-0.236789
-0.258325
-0.281480
-0.306313
-0.332886
-0.361257
-0.391489
-0.423641
-0.457773
-0.493946
-0.532218
-0.572650
-0.615301
-0.660228
-0.707490
-0.757146
-0.053926
-0.054098
-0.054564
-0.055368
-0.056571
-0.058235
-0.060422
-0.063193
-0.066611
-0.070735
-0.075626
-0.081345
-0.087952
-0.095508
-0.104074
-0.113711
-0.124481
-0.136446
-0.149667
-0.164209
-0.180134
-0.197505
-0.216389
-0.236848
-0.258950
-0.282758
-0.308340
-0.335762
-0.365090
-0.396390
-0.429729
-0.465175
-0.502793
-0.542650
-0.584812
-0.629344
-0.676312
-0.725781
-0.777815
-0.832479
-0.054442
-0.054654
-0.055215
-0.056161
-0.057552
-0.059449
-0.061918
-0.065022
-0.068826
-0.073395
-0.078792
-0.085083
-0.092331
-0.100601
-0.109958
-0.120467
-0.132193
-0.145202
-0.159560
-0.175334
-0.192593
-0.211403
-0.231833
-0.253952
-0.277832
-0.303541
-0.331151
-0.360733
-0.392358
-0.426099
-0.462027
-0.500216
-0.540736
-0.583660
-0.629059
-0.677006
-0.727569
-0.780822
-0.836833
-0.895672
-0.054944
-0.055190
-0.055833
-0.056902
-0.058454
-0.060550
-0.063257
-0.066641
-0.070769
-0.075708
-0.081525
-0.088288
-0.096063
-0.104917
-0.114919
-0.126136
-0.138636
-0.152488
-0.167761
-0.184524
-0.202849
-0.222806
-0.244467
-0.267905
-0.293191
-0.320402
-0.349611
-0.380893
-0.414324
-0.449981
-0.487941
-0.528279
-0.571072
-0.616399
-0.664335
-0.714955
-0.768337
-0.824556
-0.883687
-0.945804
-0.055432
-0.055704
-0.056414
-0.057585
-0.059269
-0.061528
-0.064428
-0.068036
-0.072421
-0.077652
-0.083797
-0.090926
-0.099106
-0.108409
-0.118901
-0.130654
-0.143737
-0.158221
-0.174175
-0.191671
-0.210783
-0.231581
-0.254140
-0.278534
-0.304839
-0.333132
-0.363488
-0.395986
-0.430705
-0.467725
-0.507125
-0.548986
-0.593389
-0.640415
-0.690145
-0.742658
-0.798035
-0.856356
-0.917700
-0.982144
-0.055902
-0.056194
-0.056956
-0.058207
-0.059994
-0.062377
-0.065422
-0.069196
-0.073768
-0.079209
-0.085587
-0.092972
-0.101433
-0.111042
-0.121866
-0.133977
-0.147445
-0.162341
-0.178735
-0.196700
-0.216308
-0.237631
-0.260745
-0.285725
-0.312645
-0.341585
-0.372621
-0.405834
-0.441303
-0.479111
-0.519341
-0.562074
-0.607396
-0.655390
-0.706140
-0.759731
-0.816245
-0.875767
-0.938380
-1.004163
-0.056356
-0.056657
-0.057455
-0.058763
-0.060623
-0.063091
-0.066232
-0.070113
-0.074801
-0.080368
-0.086881
-0.094410
-0.103025
-0.112794
-0.123788
-0.136076
-0.149728
-0.164813
-0.181402
-0.199566
-0.219376
-0.240905
-0.264225
-0.289412
-0.316539
-0.345684
-0.376925
-0.410342
-0.446014
-0.484024
-0.524458
-0.567398
-0.612931
-0.661143
-0.712121
-0.765953
-0.822725
-0.882523
-0.945432
-1.011539
-0.056791
-0.057092
-0.057911
-0.059253
-0.061154
-0.063668
-0.066855
-0.070782
-0.075515
-0.081123
-0.087673
-0.095234
-0.103873
-0.113659
-0.124659
-0.136942
-0.150575
-0.165627
-0.182166
-0.200260
-0.219978
-0.241392
-0.264570
-0.289586
-0.316512
-0.345422
-0.376392
-0.409500
-0.444826
-0.482452
-0.522460
-0.564935
-0.609966
-0.657639
-0.708043
-0.761269
-0.817405
-0.876541
-0.938765
-1.004164
-0.057207
-0.057499
-0.058322
-0.059674
-0.061586
-0.064106
-0.067291
-0.071204
-0.075910
-0.081475
-0.087964
-0.095444
-0.103980
-0.113639
-0.124484
-0.136582
-0.149998
-0.164797
-0.181043
-0.198802
-0.218141
-0.239124
-0.261819
-0.286294
-0.312617
-0.340858
-0.371090
-0.403388
-0.437826
-0.474485
-0.513446
-0.554792
-0.598611
-0.644990
-0.694020
-0.745792
-0.800399
-0.857933
-0.918485
-0.982146
-0.057606
-0.057877
-0.058687
-0.060028
-0.061920
-0.064407
-0.067541
-0.071381
-0.075990
-0.081430
-0.087763
-0.095053
-0.103362
-0.112752
-0.123285
-0.135023
-0.148028
-0.162360
-0.178080
-0.195249
-0.213927
-0.234177
-0.256059
-0.279635
-0.304969
-0.332125
-0.361168
-0.392168
-0.425197
-0.460326
-0.497635
-0.537202
-0.579114
-0.623458
-0.670325
-0.719808
-0.772002
-0.827004
-0.884907
-0.945806
-0.057988
-0.058225
-0.059006
-0.060314
-0.062158
-0.064574
-0.067610
-0.071321
-0.075765
-0.081000
-0.087085
-0.094079
-0.102040
-0.111028
-0.121098
-0.132309
-0.144717
-0.158378
-0.173349
-0.189683
-0.207437
-0.226665
-0.247421
-0.269762
-0.293742
-0.319418
-0.346848
-0.376093
-0.407216
-0.440282
-0.475362
-0.512531
-0.551869
-0.593462
-0.637399
-0.683776
-0.732692
-0.784247
-0.838541
-0.895674
-0.058356
-0.058544
-0.059280
-0.060534
-0.062302
-0.064612
-0.067505
-0.071033
-0.075247
-0.080202
-0.085951
-0.092550
-0.100051
-0.108507
-0.117973
-0.128498
-0.140135
-0.152935
-0.166946
-0.182219
-0.198801
-0.216739
-0.236082
-0.256875
-0.279165
-0.302999
-0.328426
-0.355494
-0.384255
-0.414764
-0.447082
-0.481273
-0.517411
-0.555573
-0.595849
-0.638335
-0.683133
-0.730350
-0.780096
-0.832482
-0.058712
-0.058833
-0.059510
-0.060692
-0.062358
-0.064528
-0.067237
-0.070531
-0.074455
-0.079059
-0.084392
-0.090501
-0.097436
-0.105244
-0.113972
-0.123666
-0.134371
-0.146133
-0.158993
-0.172995
-0.188180
-0.204586
-0.222253
-0.241218
-0.261517
-0.283187
-0.306262
-0.330779
-0.356775
-0.384290
-0.413368
-0.444061
-0.476426
-0.510532
-0.546461
-0.584308
-0.624179
-0.666192
-0.710473
-0.757150
-0.059061
-0.059093
-0.059698
-0.060790
-0.062331
-0.064331
-0.066818
-0.069831
-0.073410
-0.077599
-0.082440
-0.087976
-0.094248
-0.101299
-0.109170
-0.117900
-0.127529
-0.138093
-0.149630
-0.162175
-0.175761
-0.190420
-0.206181
-0.223073
-0.241120
-0.260347
-0.280775
-0.302424
-0.325315
-0.349467
-0.374904
-0.401654
-0.429752
-0.459249
-0.490210
-0.522721
-0.556893
-0.592857
-0.630765
-0.670777
-0.059408
-0.059324
-0.059846
-0.060834
-0.062229
-0.064031
-0.066261
-0.068952
-0.072137
-0.075853
-0.080136
-0.085022
-0.090547
-0.096746
-0.103653
-0.111302
-0.119725
-0.128953
-0.139016
-0.149941
-0.161755
-0.174481
-0.188141
-0.202753
-0.218331
-0.234887
-0.252430
-0.270961
-0.290482
-0.310989
-0.332477
-0.354943
-0.378388
-0.402826
-0.428290
-0.454842
-0.482583
-0.511660
-0.542265
-0.574622
-0.059760
-0.059525
-0.059956
-0.060827
-0.062059
-0.063640
-0.065584
-0.067916
-0.070664
-0.073857
-0.077524
-0.081695
-0.086399
-0.091663
-0.097515
-0.103982
-0.111090
-0.118863
-0.127323
-0.136492
-0.146388
-0.157028
-0.168426
-0.180591
-0.193529
-0.207241
-0.221720
-0.236956
-0.252927
-0.269607
-0.286957
-0.304933
-0.323488
-0.342574
-0.362160
-0.382245
-0.402887
-0.424227
-0.446512
-0.470089
-0.060126
-0.059695
-0.060030
-0.060777
-0.061831
-0.063170
-0.064803
-0.066747
-0.069022
-0.071650
-0.074654
-0.078055
-0.081876
-0.086136
-0.090859
-0.096061
-0.101764
-0.107984
-0.114737
-0.122039
-0.129901
-0.138334
-0.147345
-0.156936
-0.167108
-0.177851
-0.189151
-0.200985
-0.213317
-0.226096
-0.239255
-0.252706
-0.266339
-0.280021
-0.293606
-0.306954
-0.319977
-0.332714
-0.345428
-0.358700
-0.060519
-0.059829
-0.060071
-0.060690
-0.061554
-0.062637
-0.063939
-0.065470
-0.067244
-0.069274
-0.071577
-0.074165
-0.077055
-0.080259
-0.083792
-0.087666
-0.091894
-0.096486
-0.101453
-0.106804
-0.112544
-0.118679
-0.125212
-0.132141
-0.139460
-0.147158
-0.155217
-0.163608
-0.172288
-0.181198
-0.190254
-0.199336
-0.208282
-0.216863
-0.224778
-0.231636
-0.236983
-0.240408
-0.241833
-0.242081
-0.060953
-0.059923
-0.060084
-0.060572
-0.061240
-0.062055
-0.063011
-0.064113
-0.065364
-0.066773
-0.068347
-0.070092
-0.072017
-0.074127
-0.076430
-0.078930
-0.081634
-0.084547
-0.087672
-0.091014
-0.094573
-0.098351
-0.102347
-0.106557
-0.110974
-0.115588
-0.120383
-0.125335
-0.130408
-0.135553
-0.140696
-0.145728
-0.150486
-0.154715
-0.158011
-0.159720
-0.158772
-0.153485
-0.141601
-0.121931
-0.061451
-0.059965
-0.060072
-0.060432
-0.060899
-0.061439
-0.062041
-0.062702
-0.063419
-0.064192
-0.065021
-0.065906
-0.066845
-0.067840
-0.068888
-0.069989
-0.071142
-0.072346
-0.073600
-0.074901
-0.076247
-0.077637
-0.079065
-0.080530
-0.082024
-0.083542
-0.085075
-0.086613
-0.088139
-0.089633
-0.091066
-0.092397
-0.093558
-0.094447
-0.094872
-0.094447
-0.092217
-0.085424
-0.065086
-0.000004
