18.357468
16.493719
14.992281
13.738883
12.665570
11.728826
10.899155
10.155712
9.483212
8.870128
8.307577
7.788546
7.307417
6.859631
6.441433
6.049699
5.681802
5.335521
5.008957
4.700485
4.408696
4.132369
3.870441
3.621979
3.386165
3.162275
2.949671
2.747787
2.556121
2.374224
2.201701
2.038195
1.883391
1.737005
1.598785
1.468506
1.345965
1.230984
1.123402
1.023077
18.356268
16.492638
14.991285
13.737947
12.664671
11.727946
10.898279
10.154830
9.482309
8.869200
8.306613
7.787537
7.306356
6.858508
6.440241
6.048428
5.680442
5.334062
5.007390
4.698797
4.406876
4.130404
3.868318
3.619684
3.383684
3.159591
2.946769
2.744652
2.552734
2.370568
2.197758
2.033946
1.878815
1.732082
1.593495
1.462827
1.339876
1.224461
1.116423
1.015617
18.352673
16.489397
14.988303
13.735139
12.661977
11.725310
10.895658
10.152184
9.479609
8.866420
8.303723
7.784515
7.303176
6.855146
6.436670
6.044624
5.676374
5.329700
5.002702
4.693749
4.401433
4.124527
3.861971
3.612825
3.376266
3.151572
2.938101
2.735285
2.542617
2.359649
2.185981
2.021253
1.865149
1.717383
1.577700
1.445872
1.321696
1.204988
1.095587
0.993348
18.346680
16.483997
14.983335
13.730468
12.657493
11.720923
10.891294
10.147780
9.475120
8.861794
8.298920
7.779493
7.297895
6.849564
6.430744
6.038310
5.669626
5.322470
4.994936
4.685389
4.392421
4.114804
3.851469
3.601477
3.364001
3.138314
2.923774
2.719805
2.525901
2.341609
2.166528
2.000292
1.842584
1.693113
1.551624
1.417883
1.291685
1.172845
1.061197
0.956594
18.338295
16.476442
14.976384
13.723935
12.651225
11.714795
10.885199
10.141635
9.468853
8.855341
8.292221
7.772493
7.290538
6.841792
6.422499
6.029529
5.660249
5.312426
4.984151
4.673790
4.379926
4.101329
3.836923
3.585765
3.347028
3.119975
2.903960
2.698407
2.502801
2.316688
2.139659
1.971348
1.811430
1.659613
1.515634
1.379259
1.250276
1.128496
1.013751
0.905890
18.327518
16.466740
14.967462
13.715558
12.643190
11.706936
10.877387
10.133764
9.460830
8.847084
8.283654
7.763546
7.281140
6.831872
6.411984
6.018342
5.648306
5.299642
4.970441
4.659055
4.364067
4.084238
3.818485
3.565865
3.325540
3.096771
2.878905
2.671360
2.473617
2.285213
2.105735
1.934814
1.772118
1.617347
1.470237
1.330546
1.198059
1.072581
0.953939
0.841976
18.314352
16.454891
14.956576
13.705344
12.633397
11.697366
10.867879
10.124192
9.451076
8.837050
8.273252
7.752690
7.269747
6.819856
6.399258
6.004814
5.633883
5.284224
4.953918
4.641315
4.344992
4.063698
3.796350
3.541993
3.299785
3.068978
2.848914
2.639003
2.438720
2.247594
2.065208
1.891185
1.725185
1.566905
1.416072
1.272439
1.135783
1.005906
0.882628
0.765784
18.298801
16.440903
14.943741
13.693307
12.621865
11.686104
10.856702
10.112938
9.439616
8.825273
8.261050
7.739967
7.256408
6.805807
6.384398
5.989037
5.617079
5.266281
4.934715
4.620724
4.322875
4.039913
3.770745
3.514408
3.270052
3.036921
2.814348
2.601738
2.398555
2.204324
2.018616
1.841049
1.671276
1.508986
1.353899
1.205760
1.064341
0.929433
0.800851
0.678426
18.280867
16.424782
14.928968
13.679469
12.608624
11.673179
10.843875
10.100035
9.426487
8.811786
8.247094
7.725430
7.241183
6.789790
6.367478
5.971101
5.598007
5.245946
4.912985
4.597456
4.297920
4.013112
3.741931
3.483403
3.236670
3.000969
2.775622
2.560023
2.353632
2.155962
1.966578
1.785085
1.611132
1.444398
1.284593
1.131456
0.984751
0.844263
0.709796
0.581175
18.260553
16.406538
14.912274
13.663850
12.593692
11.658618
10.829434
10.085517
9.411725
8.796636
8.231430
7.709134
7.224139
6.771884
6.348594
5.951115
5.576793
5.223368
4.888897
4.571709
4.270350
3.983550
3.710196
3.449305
3.200009
2.961535
2.733193
2.514371
2.304515
2.103131
1.909774
1.724041
1.545568
1.374028
1.209121
1.050578
0.898152
0.751621
0.610782
0.475448
18.237865
16.386179
14.893672
13.646469
12.577095
11.642448
10.813415
10.069422
9.395370
8.779870
8.214113
7.691141
7.205346
6.752173
6.327841
5.929194
5.553568
5.198692
4.862628
4.543685
4.240403
3.951501
3.675853
3.412467
3.160465
2.919063
2.687561
2.465333
2.251817
2.046508
1.848950
1.658730
1.475476
1.298848
1.128538
0.964267
0.805779
0.652842
0.505243
0.362789
18.212803
16.363712
14.873183
13.627359
12.558866
11.624707
10.795848
10.051788
9.377471
8.761535
8.195197
7.671513
7.184883
6.730743
6.305319
5.905455
5.528471
5.172091
4.834370
4.513608
4.208332
3.917252
3.639229
3.373262
3.118459
2.874025
2.639249
2.413494
2.196186
1.986809
1.784895
1.590020
1.401801
1.219889
1.043965
0.873739
0.708945
0.549343
0.394709
0.244839
18.185364
16.339149
14.850828
13.606550
12.539044
11.605432
10.776783
10.032662
9.358069
8.741683
8.174744
7.650320
7.162820
6.707685
6.281140
5.880022
5.501648
5.143733
4.804319
4.481702
4.174397
3.881100
3.600665
3.332073
3.074422
2.826908
2.588805
2.359463
2.138298
1.924779
1.718428
1.518810
1.325530
1.138227
0.956572
0.780264
0.609028
0.442610
0.280778
0.123320
18.155546
16.312500
14.826628
13.584069
12.517670
11.584667
10.756260
10.012088
9.337222
8.720372
8.152812
7.627629
7.139241
6.683092
6.255406
5.853018
5.473239
5.113781
4.772670
4.448195
4.138858
3.843348
3.560502
3.289292
3.028802
2.778212
2.536785
2.303860
2.078839
1.861180
1.650391
1.446024
1.247674
1.054967
0.867563
0.685150
0.507440
0.334171
0.165100
0.000001
18.123343
16.283777
14.800612
13.559961
12.494777
11.562461
10.734329
9.990122
9.314977
8.697660
8.129468
7.603511
7.114225
6.657051
6.228222
5.824567
5.443393
5.082404
4.739618
4.413313
4.101980
3.804296
3.519086
3.245309
2.982035
2.728431
2.483747
2.247310
2.018507
1.796783
1.581633
1.372598
1.169258
0.971229
0.778157
0.589720
0.405618
0.225577
0.049344
-0.123317
18.088747
16.252989
14.772809
13.534256
12.470417
11.538858
10.711041
9.966813
9.291392
8.673602
8.104771
7.578035
7.087848
6.629655
6.199692
5.794786
5.412247
5.049764
4.705350
4.377274
4.064013
3.764235
3.476748
3.200502
2.934553
2.678053
2.430240
2.190426
1.957984
1.732347
1.512996
1.299458
1.091299
0.888124
0.689567
0.495293
0.304991
0.118375
-0.064819
-0.244837
18.051743
16.220139
14.743251
13.507006
12.444645
11.513918
10.686453
9.942220
9.266522
8.648256
8.078783
7.551270
7.060185
6.600987
6.169914
5.763793
5.379934
5.016018
4.670051
4.340286
4.025199
3.723440
3.433809
3.155238
2.886771
2.627551
2.376796
2.133805
1.897938
1.668613
1.445298
1.227507
1.014791
0.806743
0.602984
0.403166
0.206967
0.014090
-0.175743
-0.362787
18.012308
16.185234
14.711968
13.478263
12.417518
11.487696
10.660621
9.916395
9.240429
8.621683
8.051568
7.523279
7.031311
6.571130
6.138980
5.731693
5.346576
4.981305
4.633879
4.302544
3.985761
3.682171
3.390565
3.109857
2.839082
2.577364
2.323912
2.078008
1.838998
1.606286
1.379323
1.157611
0.940690
0.728134
0.519555
0.314591
0.112908
-0.085804
-0.281833
-0.475446
17.970419
16.148279
14.679000
13.448078
12.389094
11.460260
10.633604
9.889400
9.213168
8.593942
8.023185
7.494127
7.001289
6.540154
6.106973
5.698580
5.312279
4.945753
4.596982
4.264212
3.945895
3.640659
3.347281
3.064668
2.791837
2.527900
2.272051
2.023558
1.781752
1.546021
1.315804
1.090587
0.869895
0.653290
0.440369
0.230757
0.024108
-0.179901
-0.381568
-0.581172
17.926022
16.109280
14.644393
13.416522
12.359442
11.431670
10.605473
9.861300
9.184803
8.565091
7.993691
7.463875
6.970183
6.508129
6.073965
5.664535
5.277139
4.909460
4.559483
4.225436
3.905770
3.599099
3.304190
3.019938
2.745347
2.479515
2.221622
1.970921
1.726728
1.488415
1.255409
1.027178
0.803234
0.583125
0.366432
0.152768
-0.058227
-0.266887
-0.473522
-0.678424
17.879070
16.068241
14.608200
13.383662
12.328639
11.402004
10.576297
9.832163
9.155392
8.535190
7.963143
7.432575
6.938052
6.475111
6.040016
5.629621
5.241227
4.872521
4.521481
4.186336
3.865522
3.557651
3.261479
2.975889
2.699872
2.432510
2.172973
1.920498
1.674385
1.433991
1.198728
0.968048
0.741449
0.518462
0.298655
0.081628
-0.132995
-0.345559
-0.556388
-0.765783
17.829496
16.025167
14.570475
13.349569
12.296769
11.371344
10.546149
9.802055
9.124999
8.504292
7.931594
7.400274
6.904939
6.441145
6.005172
5.593886
5.204599
4.834995
4.483051
4.146992
3.825254
3.516436
3.219291
2.932689
2.655609
2.387122
2.126383
1.872613
1.625099
1.383182
1.146257
0.913762
0.685176
0.460018
0.237839
0.018222
-0.199220
-0.414846
-0.628993
-0.841974
17.777201
15.980059
14.531281
13.314337
12.263921
11.339772
10.515113
9.771049
9.093686
8.472452
7.899095
7.367021
6.870886
6.406267
5.969471
5.557369
5.167288
4.796912
4.444226
4.107450
3.785015
3.475522
3.177711
2.890445
2.612693
2.343514
2.082049
1.827506
1.579156
1.336324
1.098390
0.864773
0.634938
0.408385
0.184650
-0.036700
-0.256067
-0.473825
-0.690324
-0.905888
17.722069
15.932918
14.490698
13.278063
12.230193
11.307384
10.483263
9.739211
9.061515
8.439728
7.865684
7.332849
6.835918
6.370500
5.932926
5.520079
5.129299
4.758282
4.405011
4.067714
3.744821
3.434924
3.136765
2.849197
2.571181
2.301766
2.040080
1.785317
1.536734
1.293641
1.055399
0.821411
0.591123
0.364018
0.139613
-0.082540
-0.302859
-0.521736
-0.739535
-0.956593
17.663939
15.883748
14.448812
13.240859
12.195698
11.274278
10.450686
9.706616
9.028547
8.406169
7.831410
7.297796
6.800063
6.333858
5.895544
5.482014
5.090623
4.719081
4.365380
4.027752
3.704629
3.394603
3.096414
2.808911
2.531048
2.261866
2.000482
1.746079
1.497897
1.255231
1.017424
0.783862
0.553972
0.327216
0.103094
-0.118863
-0.339092
-0.558000
-0.775967
-0.993348
17.602608
15.832561
14.405736
13.202861
12.160559
11.240559
10.417474
9.673342
8.994846
8.371830
7.796309
7.261883
6.763334
6.296345
5.857309
5.443143
5.051220
4.679260
4.325268
3.987485
3.664349
3.354458
3.056550
2.769474
2.492181
2.223707
1.963157
1.709704
1.462577
1.221054
0.984460
0.752162
0.523566
0.298114
0.075283
-0.145417
-0.364443
-0.582224
-0.799159
-1.015617
17.537813
15.779365
14.361592
13.164212
12.124906
11.206340
10.383720
9.639461
8.960479
8.336757
7.760419
7.225135
6.725738
6.257953
5.818201
5.403428
5.011027
4.638735
4.284572
3.946792
3.623841
3.314327
3.016993
2.730692
2.454373
2.187071
1.927884
1.675977
1.430568
1.190919
0.956339
0.726174
0.499808
0.276660
0.056182
-0.162141
-0.378792
-0.594223
-0.808854
-1.023077
17.469229
15.724191
14.316540
13.125083
12.088890
11.171742
10.349528
9.605062
8.925505
8.300999
7.723771
7.187570
6.687275
6.218661
5.778180
5.362809
4.969961
4.597397
4.243155
3.905505
3.582909
3.273987
2.977491
2.692284
2.417319
2.151630
1.894320
1.644543
1.401509
1.164471
0.932718
0.705576
0.482408
0.262603
0.045587
-0.169186
-0.382227
-0.594019
-0.805010
-1.015618
17.396427
15.667087
14.270775
13.085660
12.052669
11.136896
10.315000
9.570223
8.889992
8.264605
7.686399
7.149196
6.647940
6.178443
5.737195
5.321205
4.927916
4.555110
4.200845
3.863416
3.541305
3.233148
2.937716
2.653880
2.380608
2.116941
1.861983
1.614893
1.374875
1.141171
0.913058
0.689841
0.470858
0.255470
0.043069
-0.166925
-0.375063
-0.581862
-0.787807
-0.993349
17.318853
15.608138
14.224527
13.046161
12.016416
11.101942
10.280243
9.535036
8.854007
8.227622
7.648328
7.110028
6.607721
6.137268
5.695189
5.278529
4.884767
4.511711
4.157441
3.820280
3.498736
3.191468
2.897265
2.615023
2.343726
2.082431
1.830253
1.586360
1.349957
1.120282
0.896603
0.678208
0.464410
0.254539
0.047948
-0.155985
-0.357856
-0.558233
-0.757647
-0.956595
17.235788
15.547483
14.178086
13.006827
11.980318
11.067021
10.245374
9.499583
8.817616
8.190098
7.609590
7.070073
6.566602
6.095090
5.652089
5.234683
4.840381
4.467022
4.112715
3.775818
3.454864
3.148542
2.855670
2.575172
2.306058
2.047409
1.798363
1.558103
1.325849
1.100844
0.882353
0.669654
0.462037
0.258801
0.059256
-0.137271
-0.331436
-0.523870
-0.715168
-0.905891
17.146288
15.485340
14.131804
12.967937
11.944576
11.032285
10.210505
9.463952
8.780885
8.152081
7.570214
7.029340
6.524577
6.051874
5.607826
5.189558
4.794607
4.420848
4.066425
3.729725
3.409318
3.103926
2.812403
2.533710
2.266891
2.011062
1.765396
1.529106
1.301439
1.081658
0.869037
0.662856
0.462391
0.266912
0.075687
-0.112020
-0.296939
-0.479786
-0.661249
-0.841978
17.049124
15.422050
14.086110
12.929806
11.909409
10.997889
10.175756
9.428240
8.743882
8.113620
7.530233
6.987843
6.481627
6.007577
5.562329
5.143046
4.747296
4.372994
4.018312
3.681679
3.361700
3.057137
2.766886
2.489950
2.225420
1.972461
1.730290
1.498170
1.275390
1.061254
0.855070
0.656136
0.463734
0.277117
0.095514
-0.081877
-0.255880
-0.427325
-0.597032
-0.765786
16.942680
15.358146
14.041528
12.892768
11.875039
10.963990
10.141237
9.392537
8.706682
8.074771
7.489677
6.945590
6.437741
5.962162
5.515532
5.095044
4.698304
4.323257
3.968122
3.631353
3.311600
3.007670
2.718506
2.443159
2.180775
1.930578
1.691850
1.463918
1.246139
1.037884
0.838522
0.647406
0.463855
0.287139
0.116464
-0.049030
-0.210271
-0.368244
-0.523962
-0.678428
16.824816
15.294429
13.998687
12.857193
11.841687
10.930739
10.107072
9.356931
8.669353
8.035585
7.448581
6.902602
6.392915
5.915605
5.467377
5.045458
4.647489
4.271453
3.915599
3.578421
3.258611
2.955019
2.666638
2.392575
2.132038
1.884319
1.648777
1.424824
1.211910
1.009504
0.817081
0.634095
0.459960
0.294018
0.135514
-0.016430
-0.162842
-0.304894
-0.443886
-0.581177
16.692675
15.232108
13.958332
12.823462
11.809579
10.898286
10.073365
9.321505
8.631964
7.996116
7.406988
6.858899
6.347155
5.867880
5.417812
4.994206
4.594734
4.217410
3.860515
3.522585
3.202347
2.898697
2.610676
2.337448
2.078287
1.832560
1.599711
1.379252
1.170750
0.973807
0.788048
0.613095
0.448541
0.293904
0.148584
0.011800
-0.117480
-0.240605
-0.359267
-0.475451
16.542440
15.172998
13.921315
12.791960
11.778927
10.866771
10.040221
9.286344
8.594583
7.956419
7.364938
6.814511
6.300476
5.818985
5.366808
4.941226
4.539937
4.160982
3.802673
3.463580
3.142463
2.838261
2.550059
2.277075
2.018646
1.774211
1.543304
1.325541
1.120618
0.928298
0.748396
0.580770
0.425290
0.281806
0.150078
0.029689
-0.080105
-0.180580
-0.273792
-0.362791
16.368975
15.119796
13.888563
12.763053
11.749925
10.836321
10.007738
9.251530
8.557281
7.916557
7.322486
6.769481
6.252903
5.768928
5.314353
4.886479
4.483028
4.102060
3.741915
3.401190
3.078674
2.773338
2.484307
2.210844
1.952337
1.708290
1.478313
1.262121
1.059533
0.870468
0.694949
0.533104
0.385165
0.251459
0.132382
0.028332
-0.060446
-0.134187
-0.194308
-0.244842
16.165325
15.076500
13.861041
12.737066
11.722732
10.807047
9.976004
9.217137
8.520132
7.876593
7.279693
6.723857
6.204477
5.717738
5.260461
4.829959
4.423975
4.040582
3.678143
3.335268
3.010774
2.703652
2.413057
2.138280
1.878746
1.634004
1.403721
1.187678
0.985785
0.798080
0.624751
0.466156
0.322861
0.195690
0.085803
-0.005205
-0.075149
-0.121054
-0.138899
-0.123322
15.922031
15.049019
13.839590
12.714229
11.697473
10.779037
9.945091
9.183242
8.483201
7.836597
7.236618
6.677702
6.155252
5.665465
5.205171
4.771695
4.362787
3.976537
3.611316
3.265743
2.938651
2.629044
2.336085
2.059084
1.797480
1.550840
1.318851
1.101321
0.898191
0.709543
0.535622
0.376874
0.233996
0.108024
0.000464
-0.086473
-0.149498
-0.183553
-0.180573
-0.127144
