-1.277394
-1.266687
-1.244340
-1.214777
-1.180327
-1.142345
-1.101681
-1.058896
-1.014372
-0.968375
-0.921091
-0.872648
-0.823132
-0.772595
-0.721068
-0.668558
-0.615060
-0.560553
-0.505007
-0.448383
-0.390633
-0.331705
-0.271541
-0.210077
-0.147247
-0.082981
-0.017206
0.050153
0.119175
0.189937
0.262521
0.337009
0.413482
0.492026
0.572726
0.655665
0.740930
0.828606
0.918780
1.011539
-1.277720
-1.267027
-1.244708
-1.215181
-1.180770
-1.142832
-1.102214
-1.059479
-1.015007
-0.969065
-0.921841
-0.873462
-0.824015
-0.773554
-0.722109
-0.669689
-0.616289
-0.561889
-0.506459
-0.449962
-0.392350
-0.333572
-0.273570
-0.212283
-0.149643
-0.085581
-0.020026
0.047097
0.115866
0.186358
0.258653
0.332834
0.408981
0.487179
0.567512
0.650063
0.734918
0.822163
0.911883
1.004163
-1.278698
-1.268046
-1.245811
-1.216390
-1.182101
-1.144293
-1.103814
-1.061224
-1.016908
-0.971133
-0.924087
-0.875901
-0.826661
-0.776426
-0.725226
-0.673075
-0.619966
-0.565885
-0.510803
-0.454684
-0.397485
-0.339154
-0.279637
-0.218874
-0.156801
-0.093351
-0.028452
0.037967
0.105981
0.175667
0.247102
0.320366
0.395541
0.472706
0.551944
0.633338
0.716972
0.802928
0.891291
0.982145
-1.280324
-1.269742
-1.247647
-1.218404
-1.184315
-1.146724
-1.106475
-1.064129
-1.020071
-0.974572
-0.927821
-0.879952
-0.831056
-0.781193
-0.730400
-0.678690
-0.626064
-0.572509
-0.518001
-0.462506
-0.405986
-0.348393
-0.289676
-0.229778
-0.168639
-0.106194
-0.042378
0.022880
0.089650
0.158006
0.228023
0.299778
0.373347
0.448809
0.526243
0.605729
0.687347
0.771179
0.857304
0.945805
-1.282596
-1.272111
-1.250211
-1.221217
-1.187408
-1.150119
-1.110191
-1.068184
-1.024486
-0.979369
-0.933027
-0.885598
-0.837177
-0.787830
-0.737597
-0.686497
-0.634537
-0.581707
-0.527988
-0.473354
-0.417769
-0.361192
-0.303576
-0.244869
-0.185016
-0.123957
-0.061631
0.002028
0.067085
0.133611
0.201675
0.271349
0.342707
0.415823
0.490772
0.567629
0.646470
0.727373
0.810415
0.895673
-1.285505
-1.275147
-1.253498
-1.224823
-1.191374
-1.154472
-1.114954
-1.073381
-1.030140
-0.985509
-0.939686
-0.892814
-0.844996
-0.796300
-0.746773
-0.696443
-0.645321
-0.593403
-0.540680
-0.487128
-0.432720
-0.377420
-0.321188
-0.263978
-0.205741
-0.146425
-0.085972
-0.024324
0.038580
0.102803
0.168411
0.235470
0.304047
0.374211
0.446032
0.519580
0.594927
0.672145
0.751305
0.832480
-1.289047
-1.278842
-1.257501
-1.229216
-1.196205
-1.159773
-1.120753
-1.079704
-1.037016
-0.992971
-0.947773
-0.901571
-0.854472
-0.806555
-0.757873
-0.708461
-0.658337
-0.607507
-0.555966
-0.503701
-0.450692
-0.396910
-0.342322
-0.286891
-0.230575
-0.173328
-0.115101
-0.055842
0.004503
0.065991
0.128679
0.192628
0.257898
0.324552
0.392654
0.462267
0.533457
0.606290
0.680831
0.757148
-1.293210
-1.283187
-1.262210
-1.234386
-1.201890
-1.166012
-1.127575
-1.087138
-1.045095
-1.001732
-0.957257
-0.911829
-0.865562
-0.818542
-0.770831
-0.722472
-0.673492
-0.623906
-0.573718
-0.522925
-0.471513
-0.419465
-0.366755
-0.313355
-0.259232
-0.204347
-0.148661
-0.092129
-0.034706
0.023657
0.083010
0.143406
0.204897
0.267540
0.331390
0.396505
0.462941
0.530759
0.600017
0.670775
-1.297984
-1.288172
-1.267616
-1.240322
-1.208420
-1.173175
-1.135404
-1.095665
-1.054354
-1.011762
-0.968105
-0.923548
-0.878214
-0.832197
-0.785571
-0.738385
-0.690678
-0.642475
-0.593790
-0.544628
-0.494988
-0.444860
-0.394231
-0.343080
-0.291384
-0.239116
-0.186243
-0.132732
-0.078546
-0.023645
0.032013
0.088471
0.145774
0.203969
0.263103
0.323227
0.384389
0.446640
0.510034
0.574620
-1.303356
-1.293784
-1.273707
-1.247013
-1.215780
-1.181247
-1.144223
-1.105265
-1.064770
-1.023033
-0.980279
-0.936681
-0.892371
-0.847454
-0.802010
-0.756103
-0.709780
-0.663078
-0.616021
-0.568625
-0.520900
-0.472849
-0.424467
-0.375746
-0.326672
-0.277229
-0.227396
-0.177148
-0.126459
-0.075299
-0.023636
0.028564
0.081337
0.134720
0.188751
0.243472
0.298924
0.355147
0.412187
0.470086
-1.309310
-1.300010
-1.280468
-1.254445
-1.223956
-1.190214
-1.154016
-1.115916
-1.076314
-1.035511
-0.993739
-0.951179
-0.907974
-0.864237
-0.820061
-0.775519
-0.730671
-0.685564
-0.640235
-0.594713
-0.549017
-0.503163
-0.457159
-0.411006
-0.364706
-0.318250
-0.271630
-0.224833
-0.177842
-0.130640
-0.083204
-0.035511
0.012465
0.060751
0.109376
0.158370
0.207766
0.257597
0.307896
0.358697
-1.315832
-1.306833
-1.287885
-1.262602
-1.232933
-1.200057
-1.164761
-1.127594
-1.088959
-1.049162
-1.008443
-0.966991
-0.924959
-0.882471
-0.839631
-0.796523
-0.753219
-0.709779
-0.666252
-0.622679
-0.579093
-0.535522
-0.491984
-0.448498
-0.405072
-0.361714
-0.318427
-0.275209
-0.232056
-0.188960
-0.145912
-0.102900
-0.059908
-0.016920
0.026083
0.069121
0.112216
0.155391
0.198670
0.242078
-1.322902
-1.314236
-1.295941
-1.271471
-1.242694
-1.210760
-1.176437
-1.140274
-1.102675
-1.063950
-1.024346
-0.984063
-0.943262
-0.902077
-0.860624
-0.819001
-0.777290
-0.735564
-0.693885
-0.652307
-0.610876
-0.569634
-0.528612
-0.487841
-0.447345
-0.407142
-0.367249
-0.327677
-0.288433
-0.249524
-0.210951
-0.172712
-0.134807
-0.097228
-0.059968
-0.023018
0.013634
0.049999
0.086092
0.121929
-1.330500
-1.322200
-1.304619
-1.281031
-1.253222
-1.222301
-1.189024
-1.153932
-1.117432
-1.079838
-1.041406
-1.002341
-0.962815
-0.922975
-0.882946
-0.842838
-0.802746
-0.762757
-0.722944
-0.683375
-0.644111
-0.605206
-0.566706
-0.528655
-0.491090
-0.454045
-0.417548
-0.381623
-0.346294
-0.311577
-0.277486
-0.244034
-0.211230
-0.179080
-0.147588
-0.116755
-0.086583
-0.057069
-0.028209
0.000001
-1.338603
-1.330704
-1.313901
-1.291266
-1.264497
-1.234662
-1.202499
-1.168543
-1.133200
-1.096791
-1.059577
-1.021772
-0.983557
-0.945088
-0.906503
-0.867923
-0.829455
-0.791199
-0.753243
-0.715667
-0.678545
-0.641946
-0.605930
-0.570556
-0.535874
-0.501932
-0.468772
-0.436435
-0.404953
-0.374360
-0.344682
-0.315944
-0.288168
-0.261372
-0.235573
-0.210783
-0.187016
-0.164279
-0.142580
-0.121926
-1.347188
-1.339726
-1.323765
-1.302156
-1.276500
-1.247821
-1.216838
-1.184079
-1.149949
-1.114773
-1.078818
-1.042305
-1.005424
-0.968342
-0.931205
-0.894147
-0.857289
-0.820739
-0.784602
-0.748970
-0.713932
-0.679570
-0.645959
-0.613170
-0.581271
-0.550323
-0.520383
-0.491504
-0.463735
-0.437122
-0.411707
-0.387526
-0.364614
-0.343003
-0.322722
-0.303797
-0.286249
-0.270101
-0.255371
-0.242076
-1.356228
-1.349242
-1.334189
-1.313680
-1.289211
-1.261758
-1.232020
-1.200515
-1.167649
-1.133750
-1.099087
-1.063890
-1.028358
-0.992664
-0.956967
-0.921410
-0.886124
-0.851234
-0.816852
-0.783087
-0.750041
-0.717808
-0.686480
-0.656142
-0.626875
-0.598756
-0.571856
-0.546245
-0.521985
-0.499135
-0.477751
-0.457886
-0.439586
-0.422897
-0.407861
-0.394514
-0.382894
-0.373030
-0.364955
-0.358695
-1.365694
-1.359225
-1.345150
-1.325818
-1.302609
-1.276451
-1.248020
-1.217826
-1.186272
-1.153688
-1.120347
-1.086484
-1.052305
-1.017992
-0.983712
-0.949618
-0.915853
-0.882551
-0.849838
-0.817835
-0.786656
-0.756411
-0.727205
-0.699136
-0.672303
-0.646795
-0.622701
-0.600102
-0.579077
-0.559700
-0.542042
-0.526168
-0.512140
-0.500017
-0.489853
-0.481699
-0.475602
-0.471607
-0.469755
-0.470084
-1.375553
-1.369648
-1.356625
-1.338547
-1.316674
-1.291880
-1.264818
-1.235988
-1.205792
-1.174557
-1.142562
-1.110045
-1.077217
-1.044268
-1.011372
-0.978691
-0.946378
-0.914576
-0.883423
-0.853050
-0.823587
-0.795155
-0.767871
-0.741852
-0.717207
-0.694043
-0.672462
-0.652561
-0.634434
-0.618170
-0.603855
-0.591568
-0.581387
-0.573383
-0.567625
-0.564176
-0.563096
-0.564441
-0.568265
-0.574618
-1.385773
-1.380482
-1.368589
-1.351845
-1.331383
-1.308022
-1.282390
-1.254978
-1.226182
-1.196330
-1.165701
-1.134537
-1.103053
-1.071444
-1.039890
-1.008561
-0.977617
-0.947210
-0.917489
-0.888596
-0.860670
-0.833847
-0.808255
-0.784026
-0.761283
-0.740147
-0.720736
-0.703161
-0.687533
-0.673955
-0.662529
-0.653349
-0.646508
-0.642090
-0.640179
-0.640851
-0.644180
-0.650234
-0.659078
-0.670773
-1.396316
-1.391694
-1.381015
-1.365689
-1.346714
-1.324855
-1.300715
-1.274773
-1.247419
-1.218981
-1.189737
-1.159930
-1.129778
-1.099480
-1.069221
-1.039174
-1.009506
-0.980379
-0.951947
-0.924363
-0.897775
-0.872330
-0.848171
-0.825440
-0.804274
-0.784809
-0.767177
-0.751506
-0.737921
-0.726540
-0.717482
-0.710856
-0.706769
-0.705323
-0.706614
-0.710733
-0.717767
-0.727796
-0.740899
-0.757146
-1.407140
-1.403253
-1.393878
-1.380056
-1.362647
-1.342360
-1.319772
-1.295351
-1.269483
-1.242489
-1.214648
-1.186202
-1.157369
-1.128350
-1.099332
-1.070493
-1.042004
-1.014030
-0.986734
-0.960274
-0.934809
-0.910494
-0.887484
-0.865930
-0.845984
-0.827797
-0.811512
-0.797274
-0.785222
-0.775494
-0.768220
-0.763528
-0.761540
-0.762374
-0.766140
-0.772946
-0.782890
-0.796069
-0.812570
-0.832479
-1.418200
-1.415123
-1.407149
-1.394922
-1.379159
-1.360514
-1.339540
-1.316693
-1.292352
-1.266834
-1.240415
-1.213333
-1.185806
-1.158035
-1.130206
-1.102499
-1.075086
-1.048137
-1.021817
-0.996289
-0.971720
-0.948272
-0.926108
-0.905391
-0.886283
-0.868947
-0.853543
-0.840228
-0.829157
-0.820482
-0.814354
-0.810915
-0.810304
-0.812655
-0.818096
-0.826747
-0.838724
-0.854137
-0.873088
-0.895672
-1.429449
-1.427266
-1.420800
-1.410264
-1.396229
-1.379297
-1.359999
-1.338781
-1.316012
-1.292003
-1.267025
-1.241313
-1.215082
-1.188530
-1.161841
-1.135192
-1.108755
-1.082702
-1.057196
-1.032407
-1.008502
-0.985650
-0.964020
-0.943783
-0.925113
-0.908182
-0.893163
-0.880227
-0.869544
-0.861285
-0.855613
-0.852691
-0.852675
-0.855716
-0.861959
-0.871543
-0.884598
-0.901250
-0.921616
-0.945804
-1.440830
-1.439643
-1.434803
-1.426056
-1.413834
-1.398689
-1.381132
-1.361596
-1.340445
-1.317980
-1.294468
-1.270137
-1.245197
-1.219840
-1.194246
-1.168588
-1.143035
-1.117754
-1.092908
-1.068666
-1.045196
-1.022668
-1.001258
-0.981141
-0.962497
-0.945509
-0.930360
-0.917236
-0.906321
-0.897800
-0.891855
-0.888667
-0.888410
-0.891256
-0.897368
-0.906903
-0.920011
-0.936834
-0.957504
-0.982144
-1.452284
-1.452216
-1.449130
-1.442278
-1.431954
-1.418670
-1.402918
-1.385123
-1.365637
-1.344757
-1.322739
-1.299806
-1.276159
-1.251982
-1.227449
-1.202724
-1.177971
-1.153350
-1.129020
-1.105145
-1.081891
-1.059427
-1.037927
-1.017572
-0.998545
-0.981034
-0.965233
-0.951338
-0.939548
-0.930062
-0.923082
-0.918805
-0.917427
-0.919141
-0.924131
-0.932576
-0.944645
-0.960500
-0.980292
-1.004163
-1.463743
-1.464942
-1.463753
-1.458904
-1.450567
-1.439219
-1.425340
-1.409345
-1.391577
-1.372326
-1.351838
-1.330328
-1.307984
-1.284984
-1.261488
-1.237654
-1.213634
-1.189579
-1.165638
-1.141968
-1.118729
-1.096084
-1.074204
-1.053266
-1.033456
-1.014965
-0.997992
-0.982741
-0.969424
-0.958255
-0.949452
-0.943234
-0.939817
-0.939416
-0.942242
-0.948497
-0.958375
-0.972062
-0.989729
-1.011539
-1.475129
-1.477777
-1.478644
-1.475913
-1.469653
-1.460317
-1.448379
-1.434246
-1.418254
-1.400682
-1.381767
-1.361712
-1.340696
-1.318880
-1.296417
-1.273449
-1.250114
-1.226552
-1.202899
-1.179300
-1.155902
-1.132860
-1.110335
-1.088498
-1.067531
-1.047622
-1.028972
-1.011791
-0.996301
-0.982725
-0.971301
-0.962266
-0.955860
-0.952325
-0.951898
-0.954810
-0.961287
-0.971541
-0.985771
-1.004164
-1.486354
-1.490680
-1.493779
-1.493285
-1.489190
-1.481944
-1.472017
-1.459811
-1.445655
-1.429820
-1.412529
-1.393974
-1.374320
-1.353716
-1.332296
-1.310191
-1.287521
-1.264407
-1.240972
-1.217343
-1.193650
-1.170033
-1.146638
-1.123626
-1.101165
-1.079437
-1.058639
-1.038982
-1.020689
-1.003996
-0.989152
-0.976415
-0.966051
-0.958327
-0.953515
-0.951882
-0.953686
-0.959178
-0.968592
-0.982146
-1.497315
-1.503607
-1.509134
-1.510999
-1.509160
-1.504080
-1.496236
-1.486024
-1.473772
-1.459735
-1.444129
-1.427130
-1.408889
-1.389540
-1.369199
-1.347977
-1.325979
-1.303305
-1.280055
-1.256337
-1.232259
-1.207939
-1.183504
-1.159093
-1.134859
-1.110966
-1.087600
-1.064965
-1.043280
-1.022787
-1.003743
-0.986424
-0.971118
-0.958128
-0.947759
-0.940321
-0.936119
-0.935448
-0.938590
-0.945806
-1.507893
-1.516519
-1.524689
-1.529036
-1.529541
-1.526705
-1.521015
-1.512871
-1.502591
-1.490425
-1.476572
-1.461198
-1.444436
-1.426404
-1.407200
-1.386914
-1.365628
-1.343420
-1.320369
-1.296553
-1.272056
-1.246967
-1.221387
-1.195426
-1.169212
-1.142883
-1.116604
-1.090560
-1.064959
-1.040036
-1.016050
-0.993289
-0.972065
-0.952709
-0.935570
-0.921010
-0.909391
-0.901070
-0.896391
-0.895674
-1.517946
-1.529380
-1.540429
-1.547380
-1.550316
-1.549798
-1.546335
-1.540332
-1.532101
-1.521882
-1.509863
-1.496195
-1.480995
-1.464363
-1.446378
-1.427107
-1.406612
-1.384943
-1.362151
-1.338285
-1.313399
-1.287549
-1.260799
-1.233226
-1.204918
-1.175982
-1.146545
-1.116763
-1.086814
-1.056916
-1.027317
-0.998305
-0.970206
-0.943381
-0.918224
-0.895156
-0.874614
-0.857037
-0.842857
-0.832482
-1.527302
-1.542162
-1.556342
-1.566015
-1.571464
-1.573337
-1.572175
-1.568389
-1.562286
-1.554098
-1.544001
-1.532134
-1.518595
-1.503468
-1.486810
-1.468669
-1.449077
-1.428063
-1.405645
-1.381842
-1.356669
-1.330147
-1.302298
-1.273154
-1.242758
-1.211167
-1.178461
-1.144745
-1.110155
-1.074866
-1.039096
-1.003112
-0.967238
-0.931855
-0.897398
-0.864356
-0.833257
-0.804656
-0.779108
-0.757150
-1.535754
-1.554850
-1.572427
-1.584929
-1.592965
-1.597300
-1.598512
-1.597020
-1.593129
-1.587063
-1.578987
-1.569026
-1.557264
-1.543765
-1.528569
-1.511700
-1.493168
-1.472971
-1.451098
-1.427534
-1.402257
-1.375243
-1.346471
-1.315920
-1.283577
-1.249438
-1.213519
-1.175856
-1.136516
-1.095605
-1.053280
-1.009756
-0.965323
-0.920350
-0.875300
-0.830726
-0.787267
-0.745629
-0.706552
-0.670777
-1.543041
-1.567449
-1.588686
-1.604111
-1.614801
-1.621662
-1.625319
-1.626201
-1.624609
-1.620760
-1.614812
-1.606874
-1.597020
-1.585293
-1.571719
-1.556296
-1.539014
-1.519843
-1.498743
-1.475662
-1.450543
-1.423317
-1.393912
-1.362253
-1.328260
-1.291861
-1.252990
-1.211595
-1.167647
-1.121148
-1.072149
-1.020766
-0.967196
-0.911746
-0.854854
-0.797108
-0.739259
-0.682207
-0.626972
-0.574622
-1.548841
-1.579996
-1.605136
-1.623551
-1.636949
-1.646399
-1.652571
-1.655904
-1.656699
-1.655169
-1.651461
-1.645676
-1.637871
-1.628079
-1.616306
-1.602533
-1.586727
-1.568835
-1.548788
-1.526504
-1.501886
-1.474823
-1.445195
-1.412866
-1.377694
-1.339525
-1.298203
-1.253571
-1.205475
-1.153779
-1.098377
-1.039214
-0.976311
-0.909807
-0.840009
-0.767440
-0.692904
-0.617515
-0.542696
-0.470089
-1.552744
-1.592579
-1.621800
-1.643240
-1.659387
-1.671481
-1.680235
-1.686098
-1.689371
-1.690263
-1.688915
-1.685415
-1.679815
-1.672133
-1.662361
-1.650466
-1.636395
-1.620075
-1.601411
-1.580294
-1.556595
-1.530165
-1.500837
-1.468423
-1.432714
-1.393481
-1.350473
-1.303418
-1.252025
-1.195986
-1.134991
-1.068734
-0.996949
-0.919448
-0.836194
-0.747406
-0.653703
-0.556279
-0.457056
-0.358700
-1.554220
-1.605353
-1.638708
-1.663167
-1.682091
-1.696878
-1.708277
-1.716747
-1.722589
-1.726009
-1.727142
-1.726070
-1.722837
-1.717451
-1.709896
-1.700126
-1.688072
-1.673647
-1.656738
-1.637214
-1.614917
-1.589671
-1.561270
-1.529483
-1.494046
-1.454663
-1.411000
-1.362678
-1.309270
-1.250294
-1.185209
-1.113409
-1.034230
-0.946965
-0.850921
-0.745530
-0.630576
-0.506622
-0.375684
-0.242081
-1.552581
-1.618581
-1.655899
-1.683319
-1.705033
-1.722555
-1.736659
-1.747811
-1.756312
-1.762365
-1.766103
-1.767603
-1.766904
-1.764010
-1.758897
-1.751511
-1.741777
-1.729595
-1.714841
-1.697371
-1.677010
-1.653562
-1.626798
-1.596456
-1.562236
-1.523796
-1.480744
-1.432623
-1.378905
-1.318969
-1.252082
-1.177358
-1.093730
-0.999883
-0.894196
-0.774683
-0.639019
-0.484867
-0.311141
-0.121931
-1.546921
-1.632686
-1.673401
-1.703677
-1.728182
-1.748476
-1.765343
-1.779247
-1.790494
-1.799284
-1.805749
-1.809965
-1.811969
-1.811764
-1.809322
-1.804589
-1.797484
-1.787906
-1.775726
-1.760795
-1.742934
-1.721938
-1.697570
-1.669558
-1.637590
-1.601307
-1.560296
-1.514072
-1.462067
-1.403608
-1.337881
-1.263882
-1.180345
-1.085616
-0.977432
-0.852514
-0.705733
-0.528352
-0.304078
-0.000004
