-2.414719
-2.394228
-2.351624
-2.295586
-2.230737
-2.159813
-2.084549
-2.006113
-1.925318
-1.842744
-1.758813
-1.673830
-1.588016
-1.501531
-1.414486
-1.326950
-1.238966
-1.150549
-1.061696
-0.972387
-0.882588
-0.792255
-0.701332
-0.609758
-0.517465
-0.424376
-0.330414
-0.235496
-0.139534
-0.042440
0.055878
0.155512
0.256557
0.359110
0.463266
0.569124
0.676782
0.786338
0.897891
1.011539
-2.415343
-2.394874
-2.352315
-2.296330
-2.231539
-2.160673
-2.085468
-2.007091
-1.926355
-1.843840
-1.759970
-1.675050
-1.589303
-1.502888
-1.415917
-1.328463
-1.240566
-1.152244
-1.063495
-0.974298
-0.884623
-0.794423
-0.703647
-0.612233
-0.520112
-0.427211
-0.333452
-0.238752
-0.143026
-0.046184
0.051862
0.151207
0.251943
0.354166
0.457973
0.563460
0.670725
0.779864
0.890978
1.004163
-2.417215
-2.396813
-2.354385
-2.298560
-2.233942
-2.163252
-2.088223
-2.010023
-1.929463
-1.847127
-1.763440
-1.678708
-1.593159
-1.506954
-1.420206
-1.332993
-1.245357
-1.157318
-1.068878
-0.980018
-0.890710
-0.800911
-0.710572
-0.619633
-0.528028
-0.435686
-0.342531
-0.248483
-0.153458
-0.057370
0.039868
0.138349
0.238163
0.339405
0.442167
0.546547
0.652638
0.760537
0.870340
0.982145
-2.420329
-2.400039
-2.357831
-2.302274
-2.237943
-2.167547
-2.092813
-2.014905
-1.934640
-1.852600
-1.769215
-1.684797
-1.599574
-1.513715
-1.427337
-1.340521
-1.253315
-1.165744
-1.077811
-0.989506
-0.900803
-0.811664
-0.722044
-0.631887
-0.541131
-0.449709
-0.357549
-0.264574
-0.170705
-0.075859
0.020050
0.117107
0.215402
0.315026
0.416068
0.518622
0.622779
0.728633
0.836277
0.945805
-2.424680
-2.404548
-2.362647
-2.307466
-2.243539
-2.173555
-2.099231
-2.021734
-1.941877
-1.860251
-1.777286
-1.693302
-1.608533
-1.523152
-1.437284
-1.351015
-1.264401
-1.177472
-1.090239
-1.002697
-0.914825
-0.826593
-0.737960
-0.648877
-0.559288
-0.469130
-0.378337
-0.286838
-0.194558
-0.101419
-0.007341
0.087759
0.183965
0.281362
0.380037
0.480078
0.581573
0.684611
0.789281
0.895673
-2.430257
-2.410329
-2.368826
-2.314130
-2.250723
-2.181267
-2.107472
-2.030500
-1.951168
-1.870068
-1.787638
-1.704205
-1.620010
-1.535234
-1.450009
-1.364430
-1.278560
-1.192438
-1.106083
-1.019497
-0.932668
-0.845573
-0.758178
-0.670442
-0.582316
-0.493743
-0.404665
-0.315017
-0.224731
-0.133734
-0.041952
0.050690
0.144271
0.238871
0.334572
0.431455
0.529603
0.629101
0.730031
0.832480
-2.437048
-2.417371
-2.376358
-2.322256
-2.259485
-2.190678
-2.117528
-2.041196
-1.962500
-1.882038
-1.800255
-1.717485
-1.633978
-1.549925
-1.465467
-1.380709
-1.295724
-1.210561
-1.125247
-1.039794
-0.954200
-0.868451
-0.782522
-0.696380
-0.609985
-0.523289
-0.436242
-0.348787
-0.260862
-0.172404
-0.083346
0.006381
0.096849
0.188130
0.280300
0.373433
0.467607
0.562899
0.659386
0.757148
-2.445038
-2.425661
-2.385229
-2.331834
-2.269818
-2.201776
-2.129388
-2.053809
-1.975860
-1.896144
-1.815114
-1.733114
-1.650403
-1.567183
-1.483608
-1.399790
-1.315815
-1.231744
-1.147616
-1.063452
-0.979263
-0.895044
-0.810780
-0.726450
-0.642022
-0.557461
-0.472723
-0.387761
-0.302523
-0.216955
-0.130998
-0.044591
0.042328
0.129826
0.217969
0.306825
0.396463
0.486953
0.578367
0.670775
-2.454209
-2.435181
-2.395426
-2.342852
-2.281709
-2.214551
-2.143041
-2.068327
-1.991233
-1.912368
-1.832193
-1.751062
-1.669247
-1.586960
-1.504368
-1.421596
-1.338742
-1.255880
-1.173061
-1.090320
-1.007679
-0.925144
-0.842714
-0.760379
-0.678118
-0.595907
-0.513713
-0.431499
-0.349225
-0.266845
-0.184311
-0.101570
-0.018570
0.064746
0.148436
0.232559
0.317177
0.402351
0.488144
0.574620
-2.464540
-2.445912
-2.406931
-2.355293
-2.295146
-2.228992
-2.158475
-2.084738
-2.008605
-1.930691
-1.851467
-1.771298
-1.690469
-1.609205
-1.527686
-1.446049
-1.364410
-1.282852
-1.201443
-1.120231
-1.039251
-0.958524
-0.878062
-0.797866
-0.717930
-0.638240
-0.558777
-0.479515
-0.400425
-0.321472
-0.242620
-0.163826
-0.085047
-0.006237
0.072651
0.151670
0.230869
0.310302
0.390023
0.470086
-2.476006
-2.457832
-2.419726
-2.369143
-2.310113
-2.245084
-2.175677
-2.103026
-2.027956
-1.951091
-1.872910
-1.793789
-1.714028
-1.633865
-1.553492
-1.473067
-1.392713
-1.312533
-1.232611
-1.153007
-1.073772
-0.994942
-0.916542
-0.838589
-0.761089
-0.684044
-0.607445
-0.531282
-0.455536
-0.380186
-0.305206
-0.230566
-0.156235
-0.082175
-0.008351
0.065279
0.138754
0.212120
0.285419
0.358697
-2.488578
-2.470915
-2.433789
-2.384382
-2.326595
-2.262813
-2.194632
-2.123175
-2.049271
-1.973547
-1.896495
-1.818502
-1.739881
-1.660885
-1.581720
-1.502561
-1.423547
-1.344797
-1.266409
-1.188463
-1.111024
-1.034142
-0.957860
-0.882208
-0.807209
-0.732878
-0.659223
-0.586245
-0.513939
-0.442298
-0.371309
-0.300953
-0.231212
-0.162060
-0.093473
-0.025420
0.042127
0.109203
0.175842
0.242078
-2.502227
-2.485134
-2.449095
-2.400992
-2.344575
-2.282164
-2.215325
-2.145172
-2.072532
-1.998040
-1.922197
-1.845403
-1.767985
-1.690209
-1.612300
-1.534446
-1.456806
-1.379514
-1.302684
-1.226413
-1.150784
-1.075865
-1.001714
-0.928376
-0.855892
-0.784292
-0.713599
-0.643828
-0.574991
-0.507093
-0.440135
-0.374113
-0.309018
-0.244841
-0.181567
-0.119180
-0.057659
0.003017
0.062871
0.121929
-2.516918
-2.500456
-2.465620
-2.418948
-2.364033
-2.303119
-2.237741
-2.168999
-2.097722
-2.024548
-1.949990
-1.874461
-1.798299
-1.721787
-1.645166
-1.568641
-1.492386
-1.416556
-1.341280
-1.266673
-1.192835
-1.119853
-1.047801
-0.976744
-0.906737
-0.837827
-0.770053
-0.703447
-0.638036
-0.573841
-0.510875
-0.449149
-0.388670
-0.329440
-0.271457
-0.214717
-0.159212
-0.104932
-0.051866
0.000001
-2.532611
-2.516849
-2.483334
-2.438228
-2.384951
-2.325663
-2.261865
-2.194643
-2.124824
-2.053054
-1.979853
-1.905647
-1.830787
-1.755571
-1.680258
-1.605067
-1.530191
-1.455802
-1.382048
-1.309063
-1.236962
-1.165852
-1.095826
-1.026966
-0.959345
-0.893027
-0.828069
-0.764519
-0.702420
-0.641809
-0.582715
-0.525164
-0.469177
-0.414768
-0.361951
-0.310734
-0.261122
-0.213118
-0.166720
-0.121926
-2.549264
-2.534273
-2.502208
-2.458808
-2.407306
-2.349776
-2.287680
-2.222089
-2.153825
-2.083541
-2.011765
-1.938935
-1.865416
-1.791520
-1.717520
-1.643654
-1.570133
-1.497142
-1.424854
-1.353415
-1.282964
-1.213624
-1.145507
-1.078713
-1.013335
-0.949454
-0.887145
-0.826474
-0.767501
-0.710279
-0.654854
-0.601267
-0.549554
-0.499745
-0.451867
-0.405941
-0.361986
-0.320016
-0.280043
-0.242076
-2.566832
-2.552690
-2.522206
-2.480659
-2.431077
-2.375441
-2.315171
-2.251320
-2.184710
-2.115995
-2.045711
-1.974307
-1.902161
-1.829598
-1.756908
-1.684343
-1.612132
-1.540480
-1.469574
-1.399581
-1.330659
-1.262948
-1.196581
-1.131676
-1.068345
-1.006689
-0.946801
-0.888766
-0.832660
-0.778556
-0.726514
-0.676594
-0.628845
-0.583315
-0.540045
-0.499069
-0.460421
-0.424127
-0.390211
-0.358695
-2.585261
-2.572053
-2.543293
-2.503754
-2.456241
-2.402639
-2.344321
-2.282325
-2.217468
-2.150404
-2.081679
-2.011748
-1.941002
-1.869781
-1.798387
-1.727087
-1.656131
-1.585736
-1.516107
-1.447433
-1.379886
-1.313630
-1.248813
-1.185575
-1.124047
-1.064349
-1.006594
-0.950886
-0.897319
-0.845982
-0.796958
-0.750319
-0.706135
-0.664467
-0.625372
-0.588899
-0.555095
-0.524001
-0.495653
-0.470084
-2.604496
-2.592316
-2.565433
-2.528064
-2.482776
-2.431351
-2.375118
-2.315093
-2.252089
-2.186762
-2.119660
-2.051249
-1.981929
-1.912052
-1.841934
-1.771857
-1.702083
-1.632849
-1.564374
-1.496865
-1.430516
-1.365506
-1.302004
-1.240169
-1.180152
-1.122094
-1.066126
-1.012371
-0.960946
-0.911956
-0.865503
-0.821679
-0.780568
-0.742250
-0.706797
-0.674275
-0.644743
-0.618257
-0.594867
-0.574618
-2.624473
-2.613427
-2.588584
-2.553556
-2.510655
-2.461558
-2.407545
-2.349614
-2.288568
-2.225064
-2.159654
-2.092809
-2.024941
-1.956410
-1.887543
-1.818637
-1.749966
-1.681781
-1.614321
-1.547808
-1.482453
-1.418452
-1.355995
-1.295261
-1.236420
-1.179634
-1.125053
-1.072821
-1.023075
-0.975940
-0.931537
-0.889976
-0.851362
-0.815790
-0.783350
-0.754124
-0.728186
-0.705608
-0.686450
-0.670773
-2.645123
-2.635329
-2.612707
-2.580199
-2.539855
-2.493242
-2.441590
-2.385878
-2.326899
-2.265310
-2.201664
-2.136438
-2.070047
-2.002863
-1.935223
-1.867432
-1.799778
-1.732527
-1.665930
-1.600224
-1.535639
-1.472388
-1.410680
-1.350711
-1.292672
-1.236745
-1.183102
-1.131907
-1.083316
-1.037477
-0.994529
-0.954605
-0.917827
-0.884310
-0.854161
-0.827479
-0.804356
-0.784875
-0.769115
-0.757146
-2.666370
-2.657964
-2.637756
-2.607960
-2.570349
-2.526381
-2.477237
-2.423876
-2.367081
-2.307504
-2.245701
-2.182148
-2.117266
-2.051436
-1.984997
-1.918268
-1.851544
-1.785105
-1.719212
-1.654118
-1.590066
-1.527286
-1.466005
-1.406438
-1.348794
-1.293276
-1.240077
-1.189381
-1.141366
-1.096202
-1.054050
-1.015062
-0.979382
-0.947145
-0.918477
-0.893494
-0.872307
-0.855014
-0.841710
-0.832479
-2.688130
-2.681267
-2.663686
-2.636803
-2.602111
-2.560956
-2.514474
-2.463602
-2.409112
-2.351653
-2.291778
-2.229961
-2.166629
-2.102163
-2.036910
-1.971193
-1.905317
-1.839568
-1.774220
-1.709536
-1.645772
-1.583174
-1.521983
-1.462433
-1.404751
-1.349159
-1.295871
-1.245093
-1.197025
-1.151859
-1.109780
-1.070960
-1.035567
-1.003757
-0.975675
-0.951460
-0.931238
-0.915129
-0.903240
-0.895672
-2.710308
-2.705172
-2.690448
-2.666695
-2.635115
-2.596948
-2.553287
-2.505050
-2.452998
-2.397770
-2.339916
-2.279909
-2.218176
-2.155098
-2.091024
-2.026282
-1.961176
-1.896005
-1.831046
-1.766572
-1.702851
-1.640139
-1.578694
-1.518762
-1.460590
-1.404418
-1.350479
-1.299002
-1.250209
-1.204316
-1.161529
-1.122048
-1.086062
-1.053751
-1.025285
-1.000821
-0.980509
-0.964486
-0.952879
-0.945804
-2.732798
-2.729604
-2.717996
-2.697599
-2.669332
-2.634336
-2.593664
-2.548216
-2.498740
-2.445868
-2.390141
-2.332031
-2.271960
-2.210306
-2.147419
-2.083625
-2.019231
-1.954537
-1.889823
-1.825370
-1.761453
-1.698338
-1.636292
-1.575577
-1.516453
-1.459179
-1.404006
-1.351185
-1.300960
-1.253571
-1.209250
-1.168221
-1.130701
-1.096895
-1.066998
-1.041193
-1.019651
-1.002533
-0.989986
-0.982144
-2.755484
-2.754488
-2.746279
-2.729481
-2.704736
-2.673100
-2.635591
-2.593093
-2.546344
-2.495961
-2.442482
-2.386372
-2.328041
-2.267867
-2.206192
-2.143341
-2.079618
-2.015319
-1.950728
-1.886126
-1.821792
-1.757997
-1.695016
-1.633121
-1.572585
-1.513682
-1.456681
-1.401852
-1.349463
-1.299776
-1.253052
-1.209542
-1.169490
-1.133131
-1.100688
-1.072374
-1.048386
-1.028911
-1.014117
-1.004163
-2.778232
-2.779745
-2.775248
-2.762303
-2.741297
-2.713215
-2.679053
-2.639679
-2.595814
-2.548072
-2.496975
-2.442982
-2.386492
-2.327872
-2.267460
-2.205571
-2.142504
-2.078548
-2.013983
-1.949087
-1.884139
-1.819412
-1.755183
-1.691731
-1.629338
-1.568287
-1.508865
-1.451359
-1.396059
-1.343251
-1.293223
-1.246255
-1.202624
-1.162596
-1.126428
-1.094366
-1.066638
-1.043461
-1.025034
-1.011539
-2.800888
-2.805292
-2.804855
-2.796032
-2.778988
-2.754662
-2.724036
-2.687964
-2.647158
-2.602218
-2.553658
-2.501918
-2.447389
-2.390426
-2.331354
-2.270477
-2.208082
-2.144450
-2.079850
-2.014554
-1.948834
-1.882958
-1.817204
-1.751848
-1.687179
-1.623486
-1.561065
-1.500221
-1.441262
-1.384497
-1.330243
-1.278810
-1.230508
-1.185643
-1.144507
-1.107386
-1.074547
-1.046245
-1.022713
-1.004164
-2.823276
-2.831045
-2.835056
-2.830633
-2.817778
-2.797415
-2.770522
-2.737941
-2.700379
-2.658421
-2.612565
-2.563239
-2.510818
-2.455640
-2.398016
-2.338235
-2.276569
-2.213281
-2.148631
-2.082876
-2.016273
-1.949084
-1.881573
-1.814018
-1.746699
-1.679907
-1.613945
-1.549126
-1.485776
-1.424224
-1.364812
-1.307883
-1.253784
-1.202861
-1.155452
-1.111889
-1.072488
-1.037549
-1.007350
-0.982146
-2.845191
-2.856922
-2.865807
-2.866075
-2.857639
-2.841449
-2.818491
-2.789602
-2.755481
-2.716698
-2.673736
-2.627007
-2.576865
-2.523634
-2.467601
-2.409040
-2.348203
-2.285334
-2.220670
-2.154452
-2.086917
-2.018311
-1.948881
-1.878891
-1.808612
-1.738327
-1.668334
-1.598953
-1.530516
-1.463368
-1.397874
-1.334408
-1.273356
-1.215110
-1.160060
-1.108594
-1.061088
-1.017902
-0.979372
-0.945806
-2.866391
-2.882842
-2.897072
-2.902323
-2.898541
-2.886737
-2.867921
-2.842932
-2.812461
-2.777065
-2.737206
-2.693279
-2.645618
-2.594528
-2.540272
-2.483099
-2.423240
-2.360915
-2.296337
-2.229720
-2.161278
-2.091228
-2.019798
-1.947226
-1.873762
-1.799671
-1.725242
-1.650783
-1.576624
-1.503119
-1.430648
-1.359613
-1.290439
-1.223563
-1.159437
-1.098519
-1.041258
-0.988093
-0.939437
-0.895674
-2.886590
-2.908731
-2.928820
-2.939352
-2.940454
-2.933249
-2.918786
-2.897916
-2.871317
-2.839533
-2.803007
-2.762113
-2.717166
-2.668444
-2.616189
-2.560621
-2.501947
-2.440356
-2.376031
-2.309157
-2.239915
-2.168490
-2.095077
-2.019881
-1.943117
-1.865023
-1.785860
-1.705912
-1.625494
-1.544954
-1.464674
-1.385073
-1.306607
-1.229764
-1.155061
-1.083036
-1.014236
-0.949201
-0.888453
-0.832482
-2.905439
-2.934534
-2.961034
-2.977134
-2.983343
-2.980950
-2.971058
-2.954531
-2.932038
-2.904106
-2.871163
-2.833561
-2.791589
-2.745502
-2.695515
-2.641819
-2.584592
-2.523991
-2.460165
-2.393261
-2.323424
-2.250798
-2.175538
-2.097801
-2.017761
-1.935610
-1.851563
-1.765865
-1.678795
-1.590669
-1.501854
-1.412766
-1.323877
-1.235716
-1.148865
-1.063957
-0.981656
-0.902643
-0.827594
-0.757150
-2.922517
-2.960217
-2.993705
-3.015648
-3.027177
-3.029804
-3.024702
-3.012749
-2.994606
-2.970784
-2.941693
-2.907664
-2.868961
-2.825812
-2.778404
-2.726901
-2.671444
-2.612158
-2.549156
-2.482543
-2.412422
-2.338890
-2.262051
-2.182009
-2.098881
-2.012796
-1.923909
-1.832398
-1.738480
-1.642413
-1.544512
-1.445158
-1.344808
-1.244004
-1.143382
-1.043671
-0.945676
-0.850268
-0.758342
-0.670777
-2.937297
-2.985786
-3.026842
-3.054871
-3.071919
-3.079771
-3.079678
-3.072535
-3.058993
-3.039553
-3.014604
-2.984454
-2.949343
-2.909470
-2.864999
-2.816057
-2.762756
-2.705185
-2.643416
-2.577513
-2.507531
-2.433517
-2.355517
-2.273575
-2.187737
-2.098057
-2.004608
-1.907480
-1.806793
-1.702708
-1.595444
-1.485293
-1.372638
-1.257981
-1.141963
-1.025383
-0.909199
-0.794525
-0.682580
-0.574622
-2.949123
-3.011310
-3.060472
-3.094785
-3.117530
-3.130801
-3.135937
-3.133843
-3.125166
-3.110391
-3.089891
-3.063948
-3.032778
-2.996557
-2.955420
-2.909461
-2.858761
-2.803373
-2.743332
-2.678658
-2.609354
-2.535418
-2.456836
-2.373580
-2.285624
-2.192936
-2.095488
-1.993258
-1.886238
-1.774450
-1.657957
-1.536886
-1.411457
-1.282023
-1.149121
-1.013524
-0.876293
-0.738814
-0.602779
-0.470089
-2.957160
-3.036954
-3.094638
-3.135370
-3.163964
-3.182843
-3.193424
-3.196623
-3.193078
-3.183265
-3.167534
-3.146143
-3.119293
-3.087128
-3.049759
-3.007254
-2.959659
-2.906995
-2.849255
-2.786422
-2.718453
-2.645292
-2.566864
-2.483078
-2.393826
-2.298984
-2.198419
-2.091980
-1.979508
-1.860847
-1.735843
-1.604371
-1.466363
-1.321853
-1.171055
-1.014470
-0.853030
-0.688271
-0.522482
-0.358700
-2.960337
-3.063025
-3.129400
-3.176602
-3.211170
-3.235836
-3.252074
-3.260809
-3.262672
-3.258123
-3.247493
-3.231023
-3.208889
-3.181216
-3.148087
-3.109546
-3.065610
-3.016269
-2.961484
-2.901197
-2.835325
-2.763763
-2.686386
-2.603037
-2.513535
-2.417672
-2.315209
-2.205871
-2.089342
-1.965266
-1.833241
-1.692820
-1.543519
-1.384842
-1.216344
-1.037750
-0.849197
-0.651666
-0.447669
-0.242081
-2.957258
-3.090040
-3.164827
-3.218450
-3.259093
-3.289710
-3.311814
-3.326329
-3.333877
-3.334899
-3.329714
-3.318542
-3.301541
-3.278818
-3.250430
-3.216403
-3.176726
-3.131362
-3.080248
-3.023290
-2.960373
-2.891353
-2.816057
-2.734282
-2.645785
-2.550291
-2.447474
-2.336955
-2.218286
-2.090939
-1.954285
-1.807558
-1.649829
-1.479948
-1.296496
-1.097740
-0.881686
-0.646443
-0.391546
-0.121931
-2.946090
-3.118833
-3.200971
-3.260870
-3.307665
-3.344390
-3.372562
-3.393098
-3.406605
-3.413513
-3.414121
-3.408636
-3.397199
-3.379900
-3.356778
-3.327840
-3.293058
-3.252372
-3.205695
-3.152915
-3.093888
-3.028441
-2.956374
-2.877445
-2.791378
-2.697850
-2.596487
-2.486843
-2.368399
-2.240532
-2.102480
-1.953307
-1.791817
-1.616441
-1.425014
-1.214380
-0.979578
-0.712127
-0.396219
-0.000004
