0.289745
0.288816
0.286544
0.283266
0.279211
0.274542
0.269377
0.263800
0.257874
0.251647
0.245153
0.238418
0.231461
0.224294
0.216927
0.209364
0.201608
0.193661
0.185519
0.177181
0.168641
0.159895
0.150937
0.141760
0.132357
0.122720
0.112840
0.102711
0.092321
0.081664
0.070729
0.059507
0.047990
0.036167
0.024028
0.011565
-0.001232
-0.014374
-0.027870
-0.041729
-0.055962
-0.070578
-0.085587
-0.100998
-0.116823
-0.133069
-0.149748
-0.166869
-0.184441
-0.202475
-0.220979
-0.239964
-0.259440
-0.279416
-0.299902
-0.320907
-0.342441
-0.364514
-0.387135
-0.410314
-0.434061
-0.458384
-0.483294
-0.508801
-0.534912
-0.561639
-0.588990
-0.616976
-0.645605
-0.674887
-0.704831
-0.735448
-0.766746
-0.798734
-0.831423
-0.864821
-0.898938
-0.933783
-0.969366
-1.005696
0.289773
0.288845
0.286573
0.283295
0.279242
0.274574
0.269410
0.263835
0.257911
0.251686
0.245195
0.238462
0.231508
0.224344
0.216980
0.209421
0.201670
0.193727
0.185590
0.177258
0.168724
0.159985
0.151033
0.141864
0.132468
0.122840
0.112969
0.102849
0.092470
0.081823
0.070899
0.059689
0.048184
0.036374
0.024250
0.011801
-0.000981
-0.014107
-0.027586
-0.041428
-0.055642
-0.070239
-0.085229
-0.100620
-0.116423
-0.132647
-0.149303
-0.166400
-0.183947
-0.201955
-0.220433
-0.239391
-0.258838
-0.278785
-0.299240
-0.320214
-0.341715
-0.363755
-0.386341
-0.409485
-0.433195
-0.457480
-0.482352
-0.507818
-0.533888
-0.560573
-0.587880
-0.615821
-0.644404
-0.673639
-0.703535
-0.734102
-0.765349
-0.797286
-0.829921
-0.863264
-0.897325
-0.932113
-0.967637
-1.003907
0.289858
0.288930
0.286660
0.283385
0.279334
0.274670
0.269511
0.263940
0.258022
0.251803
0.245319
0.238594
0.231648
0.224494
0.217141
0.209594
0.201855
0.193926
0.185805
0.177488
0.168973
0.160252
0.151322
0.142174
0.132802
0.123198
0.113355
0.103263
0.092914
0.082299
0.071409
0.060235
0.048767
0.036997
0.024914
0.012508
-0.000228
-0.013306
-0.026736
-0.040525
-0.054686
-0.069226
-0.084156
-0.099486
-0.115225
-0.131383
-0.147969
-0.164994
-0.182468
-0.200398
-0.218797
-0.237672
-0.257034
-0.276892
-0.297256
-0.318136
-0.339540
-0.361479
-0.383962
-0.406999
-0.430599
-0.454771
-0.479526
-0.504873
-0.530820
-0.557377
-0.584555
-0.612362
-0.640807
-0.669901
-0.699653
-0.730071
-0.761166
-0.792946
-0.825421
-0.858601
-0.892494
-0.927110
-0.962458
-0.998548
0.289999
0.289073
0.286805
0.283534
0.279488
0.274830
0.269678
0.264115
0.258207
0.251998
0.245525
0.238814
0.231883
0.224744
0.217409
0.209881
0.202164
0.194258
0.186162
0.177872
0.169386
0.160698
0.151801
0.142690
0.133357
0.123796
0.113996
0.103952
0.093653
0.083091
0.072257
0.061142
0.049737
0.038032
0.026017
0.013685
0.001023
-0.011975
-0.025321
-0.039025
-0.053094
-0.067540
-0.082372
-0.097600
-0.113232
-0.129280
-0.145752
-0.162658
-0.180007
-0.197810
-0.216076
-0.234814
-0.254034
-0.273745
-0.293957
-0.314680
-0.335923
-0.357695
-0.380006
-0.402866
-0.426283
-0.450267
-0.474829
-0.499975
-0.525718
-0.552064
-0.579025
-0.606610
-0.634827
-0.663686
-0.693197
-0.723368
-0.754209
-0.785730
-0.817939
-0.850846
-0.884460
-0.918790
-0.953846
-0.989636
0.290197
0.289272
0.287008
0.283742
0.279704
0.275054
0.269911
0.264361
0.258465
0.252271
0.245814
0.239121
0.232210
0.225094
0.217783
0.210282
0.202595
0.194721
0.186660
0.178409
0.169964
0.161319
0.152471
0.143411
0.134133
0.124629
0.114892
0.104913
0.094684
0.084196
0.073440
0.062408
0.051089
0.039476
0.027558
0.015326
0.002770
-0.010118
-0.023348
-0.036931
-0.050874
-0.065189
-0.079884
-0.094969
-0.110453
-0.126346
-0.142658
-0.159398
-0.176575
-0.194199
-0.212280
-0.230826
-0.249848
-0.269355
-0.289356
-0.309860
-0.330877
-0.352416
-0.374487
-0.397099
-0.420262
-0.443984
-0.468275
-0.493143
-0.518600
-0.544653
-0.571312
-0.598586
-0.626484
-0.655016
-0.684191
-0.714018
-0.744506
-0.775665
-0.807503
-0.840029
-0.873253
-0.907185
-0.941832
-0.977204
0.290451
0.289528
0.287269
0.284010
0.279981
0.275342
0.270212
0.264675
0.258796
0.252621
0.246185
0.239515
0.232629
0.225542
0.218262
0.210796
0.203147
0.195314
0.187298
0.179096
0.170703
0.162116
0.153328
0.144333
0.135125
0.125696
0.116038
0.106144
0.096004
0.085611
0.074955
0.064028
0.052821
0.041324
0.029529
0.017426
0.005006
-0.007741
-0.020823
-0.034251
-0.048033
-0.062179
-0.076699
-0.091601
-0.106896
-0.122592
-0.138698
-0.155226
-0.172182
-0.189578
-0.207422
-0.225724
-0.244492
-0.263737
-0.283467
-0.303691
-0.324420
-0.345662
-0.367425
-0.389721
-0.412557
-0.435943
-0.459888
-0.484402
-0.509492
-0.535169
-0.561441
-0.588318
-0.615809
-0.643923
-0.672668
-0.702054
-0.732089
-0.762784
-0.794147
-0.826187
-0.858913
-0.892334
-0.926459
-0.961296
0.290761
0.289841
0.287587
0.284337
0.280319
0.275693
0.270578
0.265060
0.259200
0.253048
0.246637
0.239995
0.233141
0.226088
0.218847
0.211423
0.203819
0.196037
0.188075
0.179932
0.171604
0.163085
0.154371
0.145456
0.136333
0.126994
0.117433
0.107640
0.097609
0.087331
0.076797
0.065998
0.054926
0.043571
0.031926
0.019979
0.007723
-0.004851
-0.017754
-0.030994
-0.044580
-0.058522
-0.072828
-0.087509
-0.102573
-0.118029
-0.133887
-0.150156
-0.166845
-0.183963
-0.201519
-0.219524
-0.237984
-0.256910
-0.276311
-0.296196
-0.316574
-0.337454
-0.358845
-0.380756
-0.403196
-0.426174
-0.449699
-0.473780
-0.498426
-0.523646
-0.549449
-0.575844
-0.602839
-0.630443
-0.658667
-0.687517
-0.717004
-0.747135
-0.777921
-0.809370
-0.841490
-0.874291
-0.907781
-0.941969
0.291128
0.290210
0.287964
0.284723
0.280718
0.276108
0.271011
0.265513
0.259677
0.253551
0.247169
0.240561
0.233743
0.226731
0.219535
0.212160
0.204610
0.196887
0.188989
0.180915
0.172662
0.164224
0.155597
0.146775
0.137751
0.128519
0.119070
0.109398
0.099494
0.089351
0.078959
0.068311
0.057397
0.046210
0.034739
0.022976
0.010913
-0.001460
-0.014152
-0.027171
-0.040527
-0.054229
-0.068286
-0.082706
-0.097500
-0.112675
-0.128241
-0.144207
-0.160581
-0.177374
-0.194593
-0.212248
-0.230347
-0.248900
-0.267915
-0.287401
-0.307368
-0.327823
-0.348776
-0.370236
-0.392211
-0.414711
-0.437743
-0.461317
-0.485442
-0.510125
-0.535377
-0.561206
-0.587619
-0.614627
-0.642238
-0.670460
-0.699302
-0.728774
-0.758882
-0.789637
-0.821046
-0.853119
-0.885865
-0.919291
0.291550
0.290636
0.288397
0.285168
0.281177
0.276585
0.271509
0.266035
0.260226
0.254129
0.247782
0.241211
0.234435
0.227470
0.220325
0.213006
0.205518
0.197862
0.190038
0.182043
0.173875
0.165530
0.157002
0.148286
0.139376
0.130265
0.120946
0.111412
0.101654
0.091664
0.081436
0.070960
0.060227
0.049230
0.037960
0.026407
0.014565
0.002422
-0.010028
-0.022795
-0.035888
-0.049316
-0.063087
-0.077210
-0.091693
-0.106547
-0.121779
-0.137398
-0.153413
-0.169833
-0.186666
-0.203921
-0.221607
-0.239733
-0.258307
-0.277337
-0.296833
-0.316803
-0.337255
-0.358198
-0.379642
-0.401593
-0.424062
-0.447056
-0.470584
-0.494655
-0.519276
-0.544457
-0.570206
-0.596530
-0.623440
-0.650944
-0.679049
-0.707764
-0.737098
-0.767059
-0.797656
-0.828896
-0.860789
-0.893343
0.292028
0.291117
0.288888
0.285672
0.281698
0.277125
0.272073
0.266625
0.260846
0.254783
0.248474
0.241945
0.235217
0.228304
0.221216
0.213960
0.206542
0.198961
0.191218
0.183313
0.175241
0.166999
0.158583
0.149986
0.141204
0.132229
0.123055
0.113675
0.104080
0.094264
0.084218
0.073935
0.063406
0.052623
0.041578
0.030261
0.018666
0.006783
-0.005397
-0.017881
-0.030679
-0.043799
-0.057249
-0.071038
-0.085174
-0.099666
-0.114523
-0.129753
-0.145365
-0.161366
-0.177766
-0.194573
-0.211796
-0.229442
-0.247520
-0.266039
-0.285006
-0.304431
-0.324321
-0.344686
-0.365532
-0.386869
-0.408705
-0.431048
-0.453907
-0.477289
-0.501202
-0.525657
-0.550659
-0.576218
-0.602341
-0.629038
-0.656315
-0.684182
-0.712647
-0.741717
-0.771401
-0.801706
-0.832642
-0.864217
0.292562
0.291655
0.289435
0.286234
0.282278
0.277728
0.272701
0.267282
0.261537
0.255512
0.249245
0.242762
0.236086
0.229230
0.222206
0.215020
0.207677
0.200180
0.192528
0.184721
0.176755
0.168628
0.160334
0.151870
0.143228
0.134404
0.125390
0.116180
0.106766
0.097142
0.087298
0.077228
0.066924
0.056378
0.045581
0.034525
0.023203
0.011606
-0.000274
-0.012446
-0.024917
-0.037696
-0.050792
-0.064211
-0.077964
-0.092057
-0.106500
-0.121300
-0.136465
-0.152004
-0.167926
-0.184237
-0.200946
-0.218062
-0.235593
-0.253546
-0.271929
-0.290752
-0.310021
-0.329745
-0.349931
-0.370589
-0.391726
-0.413349
-0.435468
-0.458089
-0.481220
-0.504871
-0.529048
-0.553760
-0.579014
-0.604819
-0.631182
-0.658111
-0.685614
-0.713699
-0.742374
-0.771647
-0.801525
-0.832017
0.293151
0.292248
0.290039
0.286854
0.282918
0.278392
0.273394
0.268007
0.262298
0.256314
0.250092
0.243661
0.237041
0.230248
0.223293
0.216183
0.208924
0.201517
0.193964
0.186264
0.178414
0.170411
0.162252
0.153931
0.145444
0.136784
0.127945
0.118921
0.109704
0.100288
0.090665
0.080828
0.070769
0.060481
0.049955
0.039185
0.028161
0.016876
0.005323
-0.006507
-0.018622
-0.031030
-0.043738
-0.056755
-0.070088
-0.083745
-0.097735
-0.112066
-0.126744
-0.141779
-0.157177
-0.172948
-0.189097
-0.205635
-0.222567
-0.239902
-0.257649
-0.275813
-0.294404
-0.313429
-0.332895
-0.352811
-0.373184
-0.394022
-0.415333
-0.437123
-0.459401
-0.482174
-0.505450
-0.529237
-0.553542
-0.578373
-0.603737
-0.629643
-0.656096
-0.683106
-0.710680
-0.738824
-0.767548
-0.796857
0.293795
0.292897
0.290700
0.287532
0.283618
0.279118
0.274150
0.268798
0.263128
0.257188
0.251016
0.244640
0.238081
0.231356
0.224475
0.217447
0.210277
0.202969
0.195522
0.187937
0.180212
0.172345
0.164330
0.156165
0.147843
0.139361
0.130711
0.121887
0.112884
0.103693
0.094309
0.084723
0.074930
0.064920
0.054688
0.044224
0.033523
0.022576
0.011376
-0.000085
-0.011815
-0.023821
-0.036111
-0.048693
-0.061573
-0.074760
-0.088261
-0.102084
-0.116236
-0.130726
-0.145559
-0.160745
-0.176290
-0.192202
-0.208488
-0.225157
-0.242214
-0.259668
-0.277526
-0.295795
-0.314484
-0.333598
-0.353146
-0.373135
-0.393572
-0.414465
-0.435821
-0.457646
-0.479949
-0.502736
-0.526016
-0.549795
-0.574080
-0.598878
-0.624198
-0.650046
-0.676429
-0.703355
-0.730831
-0.758863
0.294493
0.293601
0.291416
0.288267
0.284377
0.279905
0.274970
0.269655
0.264027
0.258135
0.252015
0.245698
0.239204
0.232551
0.225750
0.218810
0.211736
0.204532
0.197199
0.189738
0.182147
0.174423
0.166564
0.158564
0.150421
0.142128
0.133680
0.125072
0.116296
0.107347
0.098218
0.088901
0.079391
0.069681
0.059762
0.049628
0.039272
0.028686
0.017864
0.006798
-0.004520
-0.016096
-0.027938
-0.040053
-0.052448
-0.065131
-0.078109
-0.091389
-0.104978
-0.118883
-0.133112
-0.147672
-0.162569
-0.177812
-0.193406
-0.209360
-0.225679
-0.242372
-0.259446
-0.276906
-0.294761
-0.313018
-0.331682
-0.350762
-0.370264
-0.390196
-0.410563
-0.431374
-0.452634
-0.474352
-0.496533
-0.519185
-0.542314
-0.565928
-0.590033
-0.614637
-0.639745
-0.665366
-0.691505
-0.718170
0.295247
0.294359
0.292188
0.289059
0.285194
0.280753
0.275852
0.270577
0.264994
0.259151
0.253088
0.246833
0.240409
0.233832
0.227116
0.220268
0.213296
0.206203
0.198991
0.191661
0.184212
0.176641
0.168946
0.161123
0.153168
0.145077
0.136844
0.128463
0.119930
0.111237
0.102379
0.093349
0.084140
0.074747
0.065161
0.055377
0.045388
0.035186
0.024766
0.014119
0.003239
-0.007880
-0.019246
-0.030866
-0.042746
-0.054893
-0.067315
-0.080017
-0.093008
-0.106292
-0.119879
-0.133773
-0.147983
-0.162513
-0.177373
-0.192567
-0.208103
-0.223988
-0.240227
-0.256828
-0.273798
-0.291142
-0.308868
-0.326982
-0.345491
-0.364400
-0.383718
-0.403450
-0.423603
-0.444184
-0.465198
-0.486652
-0.508554
-0.530908
-0.553723
-0.577004
-0.600758
-0.624991
-0.649711
-0.674922
0.296054
0.295172
0.293016
0.289908
0.286070
0.281661
0.276797
0.271564
0.266028
0.260238
0.254233
0.248044
0.241693
0.235197
0.228569
0.221819
0.214954
0.207979
0.200894
0.193702
0.186402
0.178992
0.171471
0.163834
0.156078
0.148199
0.140192
0.132052
0.123774
0.115352
0.106779
0.098051
0.089161
0.080102
0.070868
0.061453
0.051851
0.042054
0.032058
0.021854
0.011436
0.000799
-0.010065
-0.021162
-0.032498
-0.044080
-0.055915
-0.068008
-0.080367
-0.092997
-0.105905
-0.119098
-0.132581
-0.146361
-0.160445
-0.174838
-0.189547
-0.204578
-0.219937
-0.235632
-0.251667
-0.268049
-0.284784
-0.301879
-0.319339
-0.337171
-0.355381
-0.373975
-0.392959
-0.412339
-0.432121
-0.452312
-0.472918
-0.493944
-0.515397
-0.537282
-0.559606
-0.582376
-0.605596
-0.629273
0.296915
0.296040
0.293899
0.290813
0.287003
0.282628
0.277802
0.272614
0.267127
0.261392
0.255450
0.249330
0.243055
0.236643
0.230108
0.223461
0.216708
0.209854
0.202903
0.195856
0.188712
0.181471
0.174131
0.166688
0.159141
0.151485
0.143715
0.135828
0.127817
0.119678
0.111406
0.102994
0.094437
0.085728
0.076864
0.067836
0.058639
0.049268
0.039715
0.029976
0.020043
0.009911
-0.000426
-0.010974
-0.021740
-0.032730
-0.043949
-0.055403
-0.067099
-0.079043
-0.091240
-0.103696
-0.116418
-0.129411
-0.142681
-0.156234
-0.170075
-0.184212
-0.198648
-0.213391
-0.228446
-0.243819
-0.259515
-0.275541
-0.291902
-0.308603
-0.325651
-0.343051
-0.360809
-0.378930
-0.397421
-0.416287
-0.435533
-0.455165
-0.475190
-0.495612
-0.516436
-0.537670
-0.559318
-0.581386
0.297829
0.296961
0.294836
0.291774
0.287994
0.283654
0.278869
0.273726
0.268291
0.262614
0.256736
0.250687
0.244492
0.238167
0.231729
0.225188
0.218552
0.211826
0.205013
0.198116
0.191135
0.184070
0.176919
0.169680
0.162350
0.154925
0.147403
0.139778
0.132046
0.124203
0.116243
0.108161
0.099951
0.091609
0.083128
0.074504
0.065731
0.056802
0.047714
0.038458
0.029031
0.019426
0.009639
-0.000338
-0.010510
-0.020881
-0.031458
-0.042246
-0.053251
-0.064479
-0.075934
-0.087623
-0.099550
-0.111722
-0.124144
-0.136820
-0.149757
-0.162960
-0.176434
-0.190185
-0.204218
-0.218538
-0.233151
-0.248062
-0.263275
-0.278798
-0.294634
-0.310789
-0.327268
-0.344077
-0.361220
-0.378703
-0.396532
-0.414711
-0.433245
-0.452140
-0.471401
-0.491033
-0.511041
-0.531430
0.298796
0.297935
0.295827
0.292790
0.289041
0.284738
0.279995
0.274900
0.269519
0.263902
0.258090
0.252116
0.246002
0.239769
0.233431
0.227000
0.220484
0.213889
0.207220
0.200479
0.193667
0.186783
0.179828
0.172799
0.165694
0.158510
0.151243
0.143891
0.136449
0.128912
0.121275
0.113535
0.105686
0.097723
0.089642
0.081436
0.073102
0.064633
0.056025
0.047272
0.038370
0.029312
0.020094
0.010710
0.001156
-0.008574
-0.018485
-0.028582
-0.038871
-0.049355
-0.060041
-0.070933
-0.082037
-0.093356
-0.104897
-0.116665
-0.128663
-0.140898
-0.153374
-0.166095
-0.179067
-0.192295
-0.205784
-0.219538
-0.233562
-0.247861
-0.262439
-0.277302
-0.292455
-0.307901
-0.323646
-0.339696
-0.356053
-0.372724
-0.389712
-0.407023
-0.424661
-0.442631
-0.460937
-0.479585
0.299816
0.298962
0.296872
0.293861
0.290145
0.285880
0.281181
0.276136
0.270809
0.265254
0.259511
0.253613
0.247584
0.241444
0.235209
0.228891
0.222499
0.216040
0.209519
0.202938
0.196299
0.189603
0.182849
0.176037
0.169164
0.162228
0.155226
0.148155
0.141011
0.133790
0.126488
0.119100
0.111624
0.104053
0.096383
0.088609
0.080728
0.072734
0.064622
0.056388
0.048027
0.039534
0.030904
0.022133
0.013216
0.004148
-0.005075
-0.014459
-0.024007
-0.033724
-0.043615
-0.053685
-0.063938
-0.074378
-0.085010
-0.095838
-0.106868
-0.118102
-0.129547
-0.141206
-0.153083
-0.165183
-0.177511
-0.190070
-0.202865
-0.215901
-0.229181
-0.242710
-0.256492
-0.270532
-0.284834
-0.299402
-0.314240
-0.329353
-0.344745
-0.360419
-0.376381
-0.392635
-0.409184
-0.426033
0.300888
0.300041
0.297970
0.294986
0.291304
0.287079
0.282425
0.277431
0.272161
0.266670
0.260997
0.255177
0.249234
0.243190
0.237060
0.230858
0.224594
0.218274
0.211903
0.205487
0.199026
0.192522
0.185976
0.179386
0.172751
0.166069
0.159339
0.152556
0.145718
0.138822
0.131863
0.124839
0.117744
0.110576
0.103329
0.096000
0.088585
0.081078
0.073477
0.065776
0.057971
0.050059
0.042034
0.033892
0.025630
0.017243
0.008726
0.000077
-0.008711
-0.017639
-0.026714
-0.035938
-0.045316
-0.054852
-0.064550
-0.074413
-0.084446
-0.094653
-0.105038
-0.115604
-0.126356
-0.137296
-0.148431
-0.159762
-0.171294
-0.183031
-0.194976
-0.207134
-0.219508
-0.232102
-0.244919
-0.257965
-0.271241
-0.284752
-0.298503
-0.312495
-0.326735
-0.341224
-0.355966
-0.370966
0.302011
0.301173
0.299121
0.296165
0.292518
0.288334
0.283727
0.278785
0.273574
0.268147
0.262547
0.256806
0.250952
0.245005
0.238982
0.232899
0.226763
0.220585
0.214369
0.208120
0.201841
0.195534
0.189198
0.182835
0.176444
0.170022
0.163569
0.157081
0.150557
0.143993
0.137386
0.130732
0.124029
0.117272
0.110458
0.103584
0.096645
0.089638
0.082559
0.075404
0.068169
0.060850
0.053444
0.045947
0.038355
0.030665
0.022872
0.014973
0.006965
-0.001157
-0.009395
-0.017754
-0.026237
-0.034847
-0.043589
-0.052464
-0.061478
-0.070633
-0.079932
-0.089380
-0.098979
-0.108734
-0.118646
-0.128721
-0.138960
-0.149367
-0.159947
-0.170700
-0.181633
-0.192746
-0.204045
-0.215531
-0.227209
-0.239081
-0.251151
-0.263422
-0.275897
-0.288580
-0.301473
-0.314579
0.303186
0.302356
0.300325
0.297398
0.293787
0.289645
0.285086
0.280198
0.275046
0.269685
0.264158
0.258498
0.252733
0.246885
0.240972
0.235008
0.229004
0.222969
0.216910
0.210832
0.204737
0.198629
0.192509
0.186377
0.180233
0.174076
0.167905
0.161718
0.155513
0.149287
0.143037
0.136762
0.130457
0.124120
0.117748
0.111336
0.104883
0.098385
0.091838
0.085239
0.078585
0.071872
0.065097
0.058257
0.051348
0.044368
0.037313
0.030180
0.022965
0.015667
0.008280
0.000804
-0.006766
-0.014433
-0.022199
-0.030068
-0.038042
-0.046125
-0.054318
-0.062626
-0.071051
-0.079595
-0.088263
-0.097056
-0.105977
-0.115029
-0.124215
-0.133538
-0.143000
-0.152605
-0.162354
-0.172251
-0.182299
-0.192500
-0.202857
-0.213372
-0.224049
-0.234890
-0.245897
-0.257074
0.304411
0.303590
0.301580
0.298683
0.295110
0.291011
0.286502
0.281667
0.276577
0.271283
0.265829
0.260251
0.254577
0.248829
0.243025
0.237182
0.231311
0.225422
0.219521
0.213615
0.207707
0.201801
0.195898
0.190000
0.184107
0.178219
0.172334
0.166451
0.160570
0.154687
0.148801
0.142909
0.137008
0.131097
0.125173
0.119232
0.113272
0.107291
0.101284
0.095250
0.089185
0.083087
0.076953
0.070780
0.064566
0.058307
0.052000
0.045645
0.039236
0.032773
0.026252
0.019672
0.013028
0.006320
-0.000457
-0.007303
-0.014221
-0.021215
-0.028285
-0.035435
-0.042667
-0.049984
-0.057386
-0.064878
-0.072460
-0.080136
-0.087908
-0.095778
-0.103747
-0.111819
-0.119996
-0.128279
-0.136671
-0.145175
-0.153792
-0.162525
-0.171375
-0.180345
-0.189437
-0.198654
0.305686
0.304874
0.302886
0.300021
0.296486
0.292432
0.287972
0.283194
0.278164
0.272938
0.267559
0.262063
0.256480
0.250832
0.245140
0.239418
0.233681
0.227937
0.222196
0.216464
0.210744
0.205041
0.199358
0.193696
0.188056
0.182438
0.176842
0.171268
0.165713
0.160177
0.154658
0.149154
0.143662
0.138182
0.132711
0.127246
0.121785
0.116325
0.110866
0.105403
0.099935
0.094459
0.088973
0.083475
0.077962
0.072432
0.066884
0.061315
0.055722
0.050104
0.044459
0.038784
0.033078
0.027339
0.021564
0.015753
0.009902
0.004010
-0.001924
-0.007903
-0.013929
-0.020002
-0.026126
-0.032301
-0.038529
-0.044813
-0.051154
-0.057553
-0.064013
-0.070534
-0.077119
-0.083770
-0.090488
-0.097274
-0.104131
-0.111059
-0.118062
-0.125139
-0.132294
-0.139527
0.307011
0.306208
0.304243
0.301410
0.297915
0.293906
0.289498
0.284775
0.279807
0.274649
0.269345
0.263933
0.258440
0.252893
0.247311
0.241712
0.236108
0.230511
0.224930
0.219371
0.213840
0.208342
0.202879
0.197454
0.192069
0.186723
0.181418
0.176153
0.170927
0.165740
0.160590
0.155477
0.150398
0.145351
0.140336
0.135350
0.130392
0.125460
0.120551
0.115664
0.110797
0.105948
0.101115
0.096297
0.091492
0.086698
0.081913
0.077136
0.072366
0.067600
0.062837
0.058076
0.053314
0.048552
0.043787
0.039018
0.034243
0.029462
0.024672
0.019874
0.015065
0.010244
0.005409
0.000561
-0.004303
-0.009183
-0.014082
-0.018999
-0.023936
-0.028895
-0.033877
-0.038881
-0.043911
-0.048967
-0.054049
-0.059159
-0.064299
-0.069469
-0.074670
-0.079904
0.308385
0.307592
0.305650
0.302850
0.299396
0.295434
0.291077
0.286411
0.281506
0.276416
0.271187
0.265857
0.260455
0.255009
0.249537
0.244059
0.238589
0.233138
0.227716
0.222331
0.216989
0.211694
0.206452
0.201265
0.196134
0.191061
0.186047
0.181092
0.176197
0.171360
0.166581
0.161859
0.157193
0.152582
0.148025
0.143521
0.139067
0.134663
0.130308
0.125999
0.121736
0.117516
0.113340
0.109205
0.105110
0.101054
0.097037
0.093056
0.089111
0.085200
0.081323
0.077479
0.073667
0.069886
0.066134
0.062412
0.058718
0.055052
0.051412
0.047799
0.044211
0.040648
0.037108
0.033592
0.030099
0.026627
0.023178
0.019748
0.016339
0.012950
0.009579
0.006227
0.002893
-0.000424
-0.003724
-0.007009
-0.010278
-0.013532
-0.016771
-0.019997
0.309808
0.309024
0.307107
0.304341
0.300928
0.297013
0.292709
0.288101
0.283258
0.278236
0.273082
0.267834
0.262523
0.257176
0.251814
0.246456
0.241118
0.235812
0.230549
0.225336
0.220182
0.215091
0.210068
0.205117
0.200240
0.195440
0.190717
0.186072
0.181506
0.177018
0.172610
0.168280
0.164027
0.159852
0.155753
0.151730
0.147782
0.143907
0.140104
0.136374
0.132715
0.129125
0.125605
0.122154
0.118770
0.115453
0.112203
0.109019
0.105900
0.102845
0.099855
0.096929
0.094066
0.091266
0.088529
0.085854
0.083242
0.080691
0.078202
0.075774
0.073408
0.071103
0.068859
0.066677
0.064555
0.062493
0.060492
0.058552
0.056673
0.054854
0.053095
0.051397
0.049759
0.048181
0.046664
0.045207
0.043810
0.042474
0.041198
0.039982
0.311278
0.310505
0.308612
0.305882
0.302512
0.298645
0.294393
0.289843
0.285063
0.280109
0.275029
0.269862
0.264641
0.259391
0.254138
0.248899
0.243692
0.238530
0.233423
0.228381
0.223413
0.218523
0.213718
0.209002
0.204378
0.199847
0.195413
0.191077
0.186838
0.182699
0.178660
0.174720
0.170879
0.167138
0.163496
0.159952
0.156507
0.153159
0.149909
0.146755
0.143698
0.140737
0.137871
0.135101
0.132426
0.129847
0.127362
0.124971
0.122676
0.120475
0.118369
0.116357
0.114441
0.112619
0.110893
0.109263
0.107729
0.106290
0.104948
0.103703
0.102555
0.101505
0.100552
0.099698
0.098943
0.098288
0.097732
0.097276
0.096922
0.096668
0.096517
0.096467
0.096521
0.096678
0.096938
0.097303
0.097773
0.098349
0.099030
0.099818
0.312795
0.312033
0.310166
0.307472
0.304145
0.300328
0.296130
0.291637
0.286919
0.282033
0.277027
0.271940
0.266806
0.261653
0.256506
0.251384
0.246306
0.241284
0.236332
0.231459
0.226674
0.221983
0.217393
0.212909
0.208534
0.204271
0.200124
0.196092
0.192179
0.188385
0.184712
0.181159
0.177727
0.174417
0.171228
0.168161
0.165215
0.162391
0.159689
0.157108
0.154649
0.152312
0.150097
0.148004
0.146033
0.144185
0.142460
0.140859
0.139381
0.138028
0.136800
0.135698
0.134722
0.133873
0.133151
0.132558
0.132094
0.131761
0.131558
0.131487
0.131549
0.131745
0.132075
0.132542
0.133145
0.133885
0.134765
0.135784
0.136944
0.138246
0.139690
0.141279
0.143013
0.144893
0.146920
0.149095
0.151419
0.153894
0.156520
0.159299
0.314359
0.313608
0.311768
0.309111
0.305829
0.302061
0.297917
0.293482
0.288826
0.284007
0.279073
0.274065
0.269017
0.263959
0.258916
0.253908
0.248956
0.244072
0.239271
0.234563
0.229958
0.225462
0.221084
0.216828
0.212699
0.208700
0.204834
0.201104
0.197512
0.194059
0.190747
0.187577
0.184550
0.181665
0.178925
0.176329
0.173878
0.171573
0.169413
0.167399
0.165532
0.163812
0.162241
0.160818
0.159545
0.158421
0.157449
0.156628
0.155961
0.155447
0.155088
0.154885
0.154840
0.154952
0.155225
0.155659
0.156255
0.157014
0.157939
0.159031
0.160290
0.161719
0.163319
0.165092
0.167039
0.169161
0.171461
0.173939
0.176598
0.179439
0.182464
0.185674
0.189071
0.192656
0.196431
0.200398
0.204558
0.208913
0.213464
0.218213
0.315969
0.315229
0.313417
0.310799
0.307562
0.303844
0.299755
0.295377
0.290783
0.286030
0.281166
0.276235
0.271271
0.266305
0.261363
0.256467
0.251637
0.246888
0.242234
0.237687
0.233257
0.228953
0.224782
0.220750
0.216861
0.213121
0.209533
0.206099
0.202822
0.199705
0.196749
0.193956
0.191326
0.188862
0.186563
0.184432
0.182469
0.180674
0.179049
0.177594
0.176311
0.175201
0.174264
0.173502
0.172916
0.172507
0.172277
0.172226
0.172357
0.172671
0.173169
0.173853
0.174725
0.175787
0.177040
0.178485
0.180126
0.181964
0.184000
0.186238
0.188678
0.191322
0.194174
0.197235
0.200506
0.203991
0.207691
0.211609
0.215746
0.220104
0.224687
0.229495
0.234532
0.239798
0.245297
0.251031
0.257001
0.263209
0.269659
0.276352
0.317624
0.316896
0.315113
0.312534
0.309343
0.305677
0.301642
0.297322
0.292789
0.288100
0.283306
0.278449
0.273567
0.268690
0.263846
0.259057
0.254345
0.249726
0.245215
0.240825
0.236566
0.232447
0.228478
0.224664
0.221010
0.217523
0.214205
0.211061
0.208094
0.205305
0.202698
0.200274
0.198036
0.195983
0.194118
0.192443
0.190958
0.189665
0.188566
0.187660
0.186951
0.186439
0.186126
0.186013
0.186103
0.186396
0.186895
0.187601
0.188516
0.189643
0.190983
0.192538
0.194312
0.196305
0.198520
0.200960
0.203627
0.206523
0.209652
0.213014
0.216613
0.220452
0.224533
0.228858
0.233431
0.238254
0.243329
0.248659
0.254248
0.260097
0.266209
0.272587
0.279234
0.286152
0.293344
0.300813
0.308561
0.316591
0.324905
0.333507
0.319323
0.318608
0.316854
0.314316
0.311173
0.307558
0.303578
0.299316
0.294843
0.290217
0.285490
0.280706
0.275902
0.271111
0.266360
0.261675
0.257077
0.252583
0.248210
0.243970
0.239876
0.235937
0.232163
0.228560
0.225135
0.221893
0.218840
0.215978
0.213312
0.210844
0.208578
0.206515
0.204657
0.203007
0.201567
0.200337
0.199321
0.198519
0.197933
0.197565
0.197417
0.197491
0.197788
0.198311
0.199061
0.200041
0.201253
0.202700
0.204383
0.206305
0.208469
0.210876
0.213531
0.216436
0.219593
0.223006
0.226676
0.230608
0.234804
0.239267
0.244000
0.249007
0.254290
0.259852
0.265698
0.271829
0.278250
0.284962
0.291970
0.299277
0.306885
0.314799
0.323021
0.331555
0.340403
0.349569
0.359056
0.368868
0.379006
0.389476
0.321066
0.320364
0.318641
0.316144
0.313050
0.309488
0.305563
0.301358
0.296943
0.292379
0.287717
0.283003
0.278274
0.273565
0.268904
0.264318
0.259828
0.255454
0.251212
0.247117
0.243181
0.239415
0.235829
0.232430
0.229225
0.226221
0.223423
0.220835
0.218461
0.216305
0.214369
0.212657
0.211171
0.209913
0.208885
0.208090
0.207530
0.207206
0.207121
0.207277
0.207676
0.208320
0.209212
0.210354
0.211749
0.213399
0.215306
0.217474
0.219904
0.222602
0.225568
0.228806
0.232320
0.236113
0.240187
0.244547
0.249196
0.254136
0.259372
0.264907
0.270744
0.276888
0.283342
0.290110
0.297194
0.304600
0.312330
0.320389
0.328779
0.337506
0.346572
0.355981
0.365738
0.375845
0.386306
0.397126
0.408307
0.419854
0.431770
0.444059
0.322852
0.322163
0.320472
0.318019
0.314974
0.311466
0.307596
0.303447
0.299091
0.294586
0.289987
0.285340
0.280682
0.276050
0.271474
0.266981
0.262594
0.258334
0.254217
0.250259
0.246474
0.242873
0.239467
0.236264
0.233271
0.230496
0.227943
0.225619
0.223527
0.221672
0.220056
0.218684
0.217557
0.216678
0.216051
0.215677
0.215559
0.215699
0.216100
0.216764
0.217694
0.218892
0.220361
0.222105
0.224124
0.226424
0.229005
0.231873
0.235030
0.238479
0.242224
0.246268
0.250615
0.255269
0.260233
0.265511
0.271108
0.277026
0.283270
0.289844
0.296753
0.303999
0.311589
0.319524
0.327811
0.336452
0.345452
0.354816
0.364547
0.374650
0.385130
0.395989
0.407233
0.418866
0.430892
0.443315
0.456139
0.469370
0.483009
0.497063
0.324680
0.324005
0.322347
0.319939
0.316945
0.313491
0.309676
0.305584
0.301284
0.296838
0.292299
0.287714
0.283124
0.278565
0.274069
0.269663
0.265373
0.261219
0.257219
0.253391
0.249749
0.246305
0.243069
0.240052
0.237262
0.234705
0.232388
0.230317
0.228496
0.226930
0.225622
0.224576
0.223796
0.223283
0.223042
0.223074
0.223383
0.223971
0.224841
0.225996
0.227439
0.229173
0.231200
0.233523
0.236147
0.239074
0.242307
0.245851
0.249709
0.253884
0.258381
0.263203
0.268354
0.273839
0.279662
0.285827
0.292339
0.299201
0.306418
0.313995
0.321937
0.330248
0.338932
0.347995
0.357441
0.367274
0.377500
0.388123
0.399148
0.410580
0.422423
0.434682
0.447361
0.460467
0.474002
0.487973
0.502383
0.517238
0.532542
0.548299
0.326549
0.325889
0.324266
0.321903
0.318962
0.315563
0.311803
0.307767
0.303522
0.299132
0.294650
0.290126
0.285599
0.281107
0.276685
0.272360
0.268160
0.264104
0.260215
0.256508
0.253000
0.249703
0.246628
0.243787
0.241188
0.238839
0.236746
0.234916
0.233354
0.232064
0.231050
0.230318
0.229869
0.229708
0.229836
0.230259
0.230978
0.231997
0.233318
0.234945
0.236881
0.239129
0.241692
0.244574
0.247778
0.251308
0.255168
0.259362
0.263893
0.268766
0.273985
0.279555
0.285479
0.291762
0.298410
0.305427
0.312817
0.320585
0.328737
0.337277
0.346211
0.355543
0.365279
0.375424
0.385983
0.396961
0.408363
0.420194
0.432461
0.445168
0.458320
0.471923
0.485981
0.500500
0.515485
0.530942
0.546875
0.563290
0.580191
0.597584
0.328458
0.327814
0.326227
0.323912
0.321025
0.317682
0.313978
0.309996
0.305806
0.301470
0.297042
0.292573
0.288104
0.283675
0.279320
0.275070
0.270951
0.266987
0.263199
0.259604
0.256220
0.253060
0.250136
0.247460
0.245040
0.242887
0.241006
0.239404
0.238087
0.237059
0.236326
0.235891
0.235759
0.235932
0.236414
0.237209
0.238320
0.239750
0.241503
0.243582
0.245989
0.248729
0.251805
0.255221
0.258981
0.263088
0.267547
0.272361
0.277537
0.283077
0.288986
0.295270
0.301932
0.308979
0.316414
0.324244
0.332473
0.341107
0.350151
0.359611
0.369492
0.379799
0.390539
0.401717
0.413338
0.425408
0.437933
0.450919
0.464371
0.478295
0.492696
0.507582
0.522956
0.538825
0.555194
0.572069
0.589456
0.607361
0.625788
0.644744
0.330406
0.329779
0.328229
0.325965
0.323133
0.319847
0.316199
0.312272
0.308134
0.303849
0.299472
0.295054
0.290639
0.286267
0.281973
0.277790
0.273745
0.269864
0.266167
0.262675
0.259404
0.256370
0.253585
0.251062
0.248810
0.246839
0.245156
0.243768
0.242682
0.241901
0.241433
0.241280
0.241447
0.241938
0.242755
0.243904
0.245387
0.247209
0.249371
0.251879
0.254735
0.257943
0.261507
0.265431
0.269718
0.274374
0.279403
0.284808
0.290596
0.296770
0.303335
0.310297
0.317661
0.325432
0.333616
0.342218
0.351243
0.360699
0.370589
0.380922
0.391701
0.402934
0.414626
0.426783
0.439412
0.452519
0.466109
0.480189
0.494766
0.509845
0.525432
0.541534
0.558156
0.575306
0.592988
0.611210
0.629977
0.649296
0.669171
0.689610
0.332393
0.331783
0.330273
0.328061
0.325286
0.322058
0.318467
0.314593
0.310507
0.306271
0.301941
0.297571
0.293204
0.288882
0.284642
0.280518
0.276539
0.272730
0.269115
0.265715
0.262547
0.259627
0.256969
0.254586
0.252488
0.250686
0.249187
0.247998
0.247127
0.246578
0.246357
0.246469
0.246917
0.247707
0.248840
0.250323
0.252158
0.254348
0.256899
0.259812
0.263092
0.266742
0.270767
0.275171
0.279958
0.285132
0.290699
0.296662
0.303028
0.309801
0.316985
0.324587
0.332613
0.341068
0.349958
0.359288
0.369065
0.379294
0.389983
0.401138
0.412764
0.424869
0.437458
0.450539
0.464117
0.478200
0.492794
0.507905
0.523541
0.539708
0.556412
0.573660
0.591459
0.609816
0.628736
0.648227
0.668294
0.688946
0.710187
0.732024
0.334418
0.333825
0.332357
0.330199
0.327484
0.324315
0.320781
0.316961
0.312924
0.308734
0.304448
0.300121
0.295796
0.291518
0.287325
0.283252
0.279329
0.275584
0.272040
0.268720
0.265643
0.262824
0.260280
0.258024
0.256067
0.254418
0.253088
0.252082
0.251410
0.251075
0.251084
0.251442
0.252154
0.253222
0.254651
0.256446
0.258611
0.261148
0.264061
0.267355
0.271033
0.275099
0.279557
0.284411
0.289667
0.295328
0.301400
0.307887
0.314795
0.322129
0.329894
0.338096
0.346742
0.355837
0.365387
0.375399
0.385879
0.396833
0.408269
0.420193
0.432611
0.445531
0.458959
0.472903
0.487369
0.502364
0.517896
0.533971
0.550597
0.567781
0.585529
0.603850
0.622749
0.642233
0.662311
0.682988
0.704272
0.726170
0.748688
0.771833
0.336478
0.335905
0.334481
0.332379
0.329726
0.326618
0.323141
0.319374
0.315386
0.311239
0.306994
0.302704
0.298416
0.294175
0.290021
0.285990
0.282114
0.278422
0.274938
0.271687
0.268687
0.265958
0.263514
0.261369
0.259537
0.258027
0.256849
0.256011
0.255519
0.255381
0.255602
0.256187
0.257141
0.258467
0.260171
0.262257
0.264727
0.267587
0.270838
0.274487
0.278535
0.282988
0.287849
0.293124
0.298816
0.304930
0.311472
0.318446
0.325859
0.333715
0.342020
0.350780
0.360002
0.369692
0.379856
0.390500
0.401632
0.413259
0.425387
0.438024
0.451176
0.464852
0.479057
0.493801
0.509089
0.524930
0.541330
0.558299
0.575842
0.593968
0.612684
0.631997
0.651915
0.672445
0.693595
0.715372
0.737783
0.760836
0.784539
0.808897
0.338574
0.338021
0.336643
0.334601
0.332011
0.328966
0.325548
0.321833
0.317892
0.313787
0.309578
0.305320
0.301063
0.296852
0.292729
0.288731
0.284892
0.281241
0.277806
0.274611
0.271676
0.269021
0.266663
0.264616
0.262893
0.261505
0.260462
0.259773
0.259445
0.259484
0.259897
0.260689
0.261864
0.263428
0.265384
0.267736
0.270488
0.273645
0.277209
0.281185
0.285575
0.290386
0.295620
0.301282
0.307377
0.313910
0.320886
0.328309
0.336187
0.344524
0.353326
0.362600
0.372352
0.382589
0.393317
0.404543
0.416274
0.428518
0.441282
0.454573
0.468399
0.482768
0.497686
0.513163
0.529205
0.545821
0.563018
0.580805
0.599189
0.618179
0.637781
0.658004
0.678857
0.700345
0.722478
0.745264
0.768710
0.792823
0.817612
0.843083
0.340703
0.340172
0.338844
0.336864
0.334341
0.331360
0.328001
0.324339
0.320443
0.316376
0.312200
0.307970
0.303737
0.299548
0.295448
0.291474
0.287661
0.284040
0.280641
0.277489
0.274606
0.272011
0.269722
0.267757
0.266126
0.264843
0.263918
0.263360
0.263175
0.263373
0.263957
0.264935
0.266311
0.268089
0.270273
0.272868
0.275878
0.279306
0.283155
0.287429
0.292133
0.297270
0.302845
0.308862
0.315325
0.322240
0.329612
0.337446
0.345748
0.354524
0.363779
0.373521
0.383755
0.394489
0.405730
0.417484
0.429760
0.442564
0.455904
0.469789
0.484225
0.499222
0.514786
0.530927
0.547652
0.564969
0.582887
0.601415
0.620560
0.640331
0.660736
0.681783
0.703481
0.725838
0.748862
0.772561
0.796943
0.822017
0.847791
0.874271
0.342865
0.342357
0.341081
0.339168
0.336714
0.333800
0.330501
0.326892
0.323040
0.319009
0.314860
0.310653
0.306438
0.302265
0.298177
0.294217
0.290419
0.286817
0.283442
0.280319
0.277472
0.274922
0.272688
0.270786
0.269231
0.268035
0.267209
0.266762
0.266702
0.267037
0.267773
0.268915
0.270468
0.272437
0.274826
0.277639
0.280879
0.284551
0.288657
0.293201
0.298188
0.303620
0.309503
0.315840
0.322637
0.329897
0.337626
0.345830
0.354515
0.363685
0.373348
0.383510
0.394178
0.405358
0.417058
0.429285
0.442048
0.455353
0.469209
0.483623
0.498605
0.514162
0.530303
0.547035
0.564369
0.582311
0.600872
0.620060
0.639883
0.660351
0.681471
0.703252
0.725704
0.748835
0.772652
0.797166
0.822384
0.848315
0.874967
0.902349
0.345058
0.344575
0.343354
0.341511
0.339130
0.336286
0.333049
0.329492
0.325682
0.321684
0.317561
0.313371
0.309167
0.305001
0.300918
0.296960
0.293166
0.289570
0.286205
0.283097
0.280271
0.277750
0.275554
0.273699
0.272202
0.271074
0.270328
0.269972
0.270016
0.270468
0.271332
0.272616
0.274323
0.276459
0.279028
0.282033
0.285478
0.289366
0.293701
0.298485
0.303723
0.309419
0.315576
0.322199
0.329291
0.336859
0.344906
0.353438
0.362461
0.371982
0.382006
0.392539
0.403590
0.415163
0.427268
0.439912
0.453103
0.466848
0.481156
0.496035
0.511495
0.527543
0.544187
0.561438
0.579303
0.597792
0.616915
0.636679
0.657095
0.678171
0.699916
0.722339
0.745450
0.769257
0.793768
0.818994
0.844944
0.871625
0.899046
0.927217
0.347280
0.346824
0.345663
0.343894
0.341590
0.338817
0.335644
0.332140
0.328372
0.324405
0.320302
0.316123
0.311924
0.307756
0.303668
0.299703
0.295902
0.292299
0.288929
0.285821
0.283001
0.280492
0.278316
0.276491
0.275032
0.273954
0.273267
0.272983
0.273110
0.273655
0.274626
0.276028
0.277866
0.280145
0.282868
0.286039
0.289661
0.293738
0.298271
0.303266
0.308724
0.314650
0.321047
0.327919
0.335270
0.343106
0.351430
0.360249
0.369568
0.379392
0.389729
0.400584
0.411965
0.423879
0.436333
0.449335
0.462893
0.477016
0.491711
0.506989
0.522856
0.539323
0.556398
0.574091
0.592409
0.611364
0.630964
0.651220
0.672140
0.693734
0.716010
0.738980
0.762652
0.787035
0.812138
0.837971
0.864543
0.891864
0.919942
0.948786
0.349531
0.349104
0.348006
0.346316
0.344093
0.341396
0.338288
0.334837
0.331109
0.327170
0.323084
0.318912
0.314710
0.310533
0.306430
0.302447
0.298625
0.295002
0.291614
0.288490
0.285659
0.283146
0.280972
0.279157
0.277718
0.276668
0.276021
0.275786
0.275974
0.276592
0.277646
0.279143
0.281087
0.283483
0.286335
0.289645
0.293416
0.297653
0.302356
0.307529
0.313175
0.319298
0.325900
0.332986
0.340558
0.348623
0.357183
0.366245
0.375815
0.385897
0.396498
0.407625
0.419283
0.431482
0.444228
0.457529
0.471394
0.485830
0.500847
0.516453
0.532659
0.549472
0.566901
0.584957
0.603648
0.622986
0.642978
0.663637
0.684971
0.706989
0.729703
0.753120
0.777252
0.802108
0.827697
0.854030
0.881115
0.908963
0.937582
0.966981
0.351807
0.351412
0.350382
0.348776
0.346639
0.344020
0.340980
0.337584
0.333896
0.329983
0.325910
0.321738
0.317527
0.313332
0.309204
0.305191
0.301336
0.297680
0.294258
0.291103
0.288244
0.285708
0.283518
0.281695
0.280254
0.279213
0.278583
0.278377
0.278602
0.279269
0.280383
0.281951
0.283976
0.286464
0.289418
0.292840
0.296733
0.301100
0.305943
0.311264
0.317066
0.323352
0.330124
0.337386
0.345142
0.353396
0.362151
0.371414
0.381188
0.391481
0.402297
0.413644
0.425527
0.437955
0.450935
0.464476
0.478584
0.493269
0.508540
0.524406
0.540877
0.557961
0.575668
0.594007
0.612989
0.632624
0.652922
0.673894
0.695549
0.717898
0.740949
0.764715
0.789205
0.814429
0.840396
0.867117
0.894602
0.922861
0.951902
0.981736
0.354108
0.353746
0.352791
0.351274
0.349228
0.346692
0.343723
0.340381
0.336733
0.332844
0.328779
0.324603
0.320376
0.316154
0.311992
0.307937
0.304037
0.300332
0.296861
0.293658
0.290754
0.288178
0.285952
0.284099
0.282637
0.281582
0.280949
0.280748
0.280989
0.281681
0.282831
0.284444
0.286526
0.289080
0.292108
0.295615
0.299601
0.304070
0.309022
0.314460
0.320385
0.326800
0.333708
0.341111
0.349012
0.357414
0.366323
0.375742
0.385677
0.396133
0.407115
0.418630
0.430685
0.443286
0.456442
0.470160
0.484449
0.499318
0.514775
0.530830
0.547492
0.564771
0.582677
0.601220
0.620408
0.640255
0.660769
0.681962
0.703845
0.726426
0.749717
0.773729
0.798472
0.823956
0.850192
0.877189
0.904958
0.933510
0.962854
0.992999
0.356431
0.356106
0.355230
0.353810
0.351860
0.349412
0.346516
0.343231
0.339622
0.335754
0.331695
0.327509
0.323259
0.319001
0.314794
0.310686
0.306727
0.302960
0.299424
0.296156
0.293189
0.290552
0.288271
0.286368
0.284864
0.283774
0.283114
0.282895
0.283128
0.283821
0.284982
0.286616
0.288728
0.291321
0.294398
0.297962
0.302014
0.306554
0.311586
0.317109
0.323125
0.329636
0.336644
0.344151
0.352158
0.360671
0.369692
0.379225
0.389275
0.399846
0.410945
0.422576
0.434748
0.447467
0.460739
0.474575
0.488981
0.503966
0.519541
0.535713
0.552493
0.569891
0.587917
0.606579
0.625891
0.645861
0.666502
0.687824
0.709838
0.732554
0.755983
0.780138
0.805027
0.830663
0.857054
0.884213
0.912150
0.940875
0.970399
1.000730
0.358774
0.358490
0.357700
0.356383
0.354536
0.352180
0.349360
0.346134
0.342564
0.338717
0.334660
0.330459
0.326177
0.321876
0.317613
0.313440
0.309408
0.305563
0.301947
0.298597
0.295548
0.292831
0.290474
0.288500
0.286931
0.285783
0.285073
0.284813
0.285013
0.285684
0.286831
0.288460
0.290576
0.293182
0.296281
0.299874
0.303962
0.308546
0.313627
0.319204
0.325279
0.331853
0.338926
0.346500
0.354578
0.363161
0.372252
0.381856
0.391976
0.402616
0.413782
0.425479
0.437714
0.450494
0.463825
0.477717
0.492176
0.507212
0.522834
0.539052
0.555876
0.573315
0.591380
0.610081
0.629428
0.649435
0.670111
0.691467
0.713516
0.736267
0.759733
0.783924
0.808853
0.834529
0.860963
0.888169
0.916154
0.944932
0.974510
1.004901
0.361135
0.360895
0.360198
0.358992
0.357255
0.354997
0.352258
0.349093
0.345562
0.341734
0.337675
0.333454
0.329135
0.324781
0.320451
0.316201
0.312083
0.308145
0.304431
0.300980
0.297831
0.295014
0.292560
0.290494
0.288836
0.287608
0.286824
0.286498
0.286642
0.287264
0.288371
0.289970
0.292064
0.294657
0.297750
0.301345
0.305441
0.310040
0.315140
0.320741
0.326843
0.333446
0.340551
0.348157
0.356267
0.364882
0.374004
0.383636
0.393782
0.404444
0.415629
0.427340
0.439585
0.452370
0.465702
0.479588
0.494037
0.509057
0.524659
0.540850
0.557643
0.575045
0.593069
0.611724
0.631023
0.650976
0.671595
0.692891
0.714877
0.737563
0.760962
0.785085
0.809943
0.835548
0.861911
0.889045
0.916959
0.945666
0.975175
1.005497
0.363510
0.363319
0.362724
0.361638
0.360019
0.357865
0.355210
0.352108
0.348618
0.344807
0.340744
0.336498
0.332134
0.327719
0.323312
0.318973
0.314754
0.310707
0.306878
0.303309
0.300039
0.297102
0.294529
0.292347
0.290579
0.289246
0.288364
0.287948
0.288009
0.288557
0.289600
0.291142
0.293188
0.295741
0.298801
0.302370
0.306446
0.311030
0.316120
0.321715
0.327813
0.334413
0.341516
0.349120
0.357227
0.365835
0.374948
0.384567
0.394695
0.405335
0.416490
0.428166
0.440368
0.453103
0.466377
0.480198
0.494573
0.509512
0.525023
0.541117
0.557803
0.575092
0.592995
0.611521
0.630683
0.650494
0.670963
0.692104
0.713929
0.736449
0.759676
0.783624
0.808302
0.833724
0.859901
0.886844
0.914567
0.943079
0.972392
1.002517
0.365897
0.365760
0.365276
0.364320
0.362826
0.360783
0.358218
0.355182
0.351734
0.347940
0.343870
0.339593
0.335179
0.330693
0.326199
0.321757
0.317424
0.313253
0.309291
0.305584
0.302173
0.299094
0.296380
0.294059
0.292157
0.290695
0.289690
0.289158
0.289112
0.289560
0.290511
0.291971
0.293942
0.296428
0.299429
0.302944
0.306973
0.311515
0.316566
0.322124
0.328188
0.334755
0.341823
0.349391
0.357459
0.366025
0.375090
0.384656
0.394724
0.405296
0.416376
0.427967
0.440075
0.452706
0.465865
0.479561
0.493800
0.508592
0.523946
0.539870
0.556376
0.573474
0.591174
0.609489
0.628428
0.648006
0.668233
0.689124
0.710689
0.732942
0.755893
0.779557
0.803946
0.829071
0.854945
0.881581
0.908990
0.937183
0.966174
0.995971
0.368293
0.368215
0.367853
0.367036
0.365678
0.363753
0.361284
0.358317
0.354912
0.351135
0.347055
0.342744
0.338273
0.333708
0.329116
0.324559
0.320097
0.315784
0.311672
0.307808
0.304236
0.300993
0.298115
0.295632
0.293570
0.291953
0.290800
0.290127
0.289947
0.290269
0.291103
0.292453
0.294323
0.296715
0.299629
0.303065
0.307019
0.311490
0.316474
0.321968
0.327968
0.334471
0.341474
0.348973
0.356968
0.365457
0.374437
0.383911
0.393879
0.404340
0.415299
0.426758
0.438722
0.451196
0.464186
0.477698
0.491741
0.506321
0.521449
0.537134
0.553387
0.570216
0.587635
0.605654
0.624285
0.643540
0.663433
0.683977
0.705184
0.727067
0.749638
0.772912
0.796900
0.821615
0.847070
0.873278
0.900251
0.928002
0.956542
0.985882
0.370694
0.370683
0.370453
0.369788
0.368574
0.366775
0.364408
0.361515
0.358156
0.354395
0.350304
0.345955
0.341419
0.336767
0.332067
0.327383
0.322776
0.318306
0.314026
0.309985
0.306229
0.302800
0.299734
0.297064
0.294819
0.293022
0.291694
0.290853
0.290512
0.290682
0.291371
0.292585
0.294327
0.296599
0.299400
0.302729
0.306582
0.310956
0.315846
0.321247
0.327155
0.333565
0.340472
0.347873
0.355763
0.364140
0.373002
0.382347
0.392174
0.402485
0.413279
0.424561
0.436332
0.448599
0.461365
0.474637
0.488422
0.502729
0.517565
0.532942
0.548868
0.565354
0.582411
0.600052
0.618289
0.637134
0.656600
0.676702
0.697453
0.718864
0.740950
0.763725
0.787201
0.811393
0.836312
0.861973
0.888388
0.915571
0.943533
0.972286
0.373096
0.373159
0.373076
0.372575
0.371516
0.369852
0.367593
0.364779
0.361468
0.357725
0.353621
0.349229
0.344624
0.339876
0.335056
0.330232
0.325467
0.320823
0.316355
0.312117
0.308157
0.304518
0.301241
0.298359
0.295903
0.293899
0.292370
0.291334
0.290805
0.290795
0.291313
0.292363
0.293951
0.296077
0.298739
0.301934
0.305660
0.309910
0.314680
0.319962
0.325752
0.332041
0.338825
0.346097
0.353853
0.362087
0.370796
0.379977
0.389629
0.399749
0.410339
0.421399
0.432932
0.444942
0.457433
0.470410
0.483880
0.497852
0.512333
0.527332
0.542861
0.558929
0.575547
0.592729
0.610486
0.628832
0.647781
0.667346
0.687541
0.708380
0.729876
0.752044
0.774899
0.798452
0.822720
0.847715
0.873450
0.899940
0.927196
0.955231
0.375494
0.375641
0.375719
0.375396
0.374504
0.372984
0.370841
0.368111
0.364851
0.361127
0.357009
0.352572
0.347891
0.343040
0.338091
0.333114
0.328176
0.323340
0.318666
0.314210
0.310023
0.306151
0.302637
0.299517
0.296824
0.294586
0.292828
0.291569
0.290824
0.290607
0.290926
0.291787
0.293193
0.295145
0.297642
0.300679
0.304251
0.308353
0.312978
0.318116
0.323761
0.329905
0.336539
0.343656
0.351249
0.359311
0.367837
0.376823
0.386264
0.396159
0.406505
0.417303
0.428555
0.440261
0.452427
0.465057
0.478157
0.491735
0.505797
0.520355
0.535416
0.550992
0.567096
0.583738
0.600932
0.618693
0.637032
0.655966
0.675508
0.695673
0.716475
0.737930
0.760051
0.782854
0.806353
0.830562
0.855496
0.881168
0.907591
0.934779
0.377883
0.378125
0.378381
0.378251
0.377539
0.376174
0.374154
0.371515
0.368310
0.364606
0.360474
0.355989
0.351227
0.346265
0.341175
0.336033
0.330907
0.325862
0.320963
0.316268
0.311831
0.307702
0.303925
0.300541
0.297583
0.295084
0.293069
0.291558
0.290569
0.290116
0.290208
0.290851
0.292050
0.293802
0.296108
0.298961
0.302356
0.306285
0.310741
0.315712
0.321189
0.327163
0.333623
0.340561
0.347966
0.355830
0.364145
0.372906
0.382106
0.391742
0.401809
0.412308
0.423237
0.434597
0.446392
0.458626
0.471302
0.484429
0.498014
0.512065
0.526592
0.541606
0.557119
0.573143
0.589692
0.606780
0.624421
0.642630
0.661423
0.680814
0.700818
0.721451
0.742730
0.764668
0.787282
0.810587
0.834597
0.859327
0.884791
0.911001
0.380257
0.380608
0.381060
0.381140
0.380621
0.379422
0.377534
0.374992
0.371847
0.368166
0.364020
0.359484
0.354637
0.349556
0.344317
0.338997
0.333668
0.328398
0.323254
0.318298
0.313588
0.309176
0.305111
0.301434
0.298184
0.295394
0.293092
0.291300
0.290038
0.289320
0.289157
0.289555
0.290518
0.292045
0.294134
0.296779
0.299973
0.303706
0.307970
0.312752
0.318040
0.323823
0.330088
0.336823
0.344017
0.351660
0.359740
0.368250
0.377182
0.386529
0.396287
0.406451
0.417021
0.427996
0.439377
0.451168
0.463371
0.475994
0.489043
0.502528
0.516456
0.530839
0.545689
0.561018
0.576841
0.593172
0.610026
0.627418
0.645365
0.663882
0.682985
0.702691
0.723017
0.743979
0.765592
0.787873
0.810838
0.834502
0.858879
0.883983
0.382611
0.383086
0.383755
0.384063
0.383752
0.382730
0.380984
0.378546
0.375467
0.371812
0.367652
0.363065
0.358128
0.352922
0.347524
0.342014
0.336466
0.330953
0.325545
0.320307
0.315299
0.310579
0.306197
0.302200
0.298629
0.295518
0.292899
0.290796
0.289231
0.288219
0.287771
0.287896
0.288596
0.289871
0.291718
0.294131
0.297100
0.300617
0.304668
0.309240
0.314319
0.319892
0.325942
0.332457
0.339422
0.346822
0.354647
0.362884
0.371524
0.380558
0.389978
0.399778
0.409956
0.420510
0.431439
0.442744
0.454428
0.466498
0.478958
0.491817
0.505084
0.518770
0.532887
0.547447
0.562465
0.577956
0.593935
0.610420
0.627426
0.644971
0.663070
0.681743
0.701007
0.720879
0.741376
0.762515
0.784313
0.806787
0.829951
0.853821
0.384935
0.385555
0.386465
0.387021
0.386933
0.386099
0.384506
0.382180
0.379173
0.375549
0.371378
0.366738
0.361708
0.356369
0.350803
0.345091
0.339310
0.333537
0.327844
0.322301
0.316972
0.311917
0.307191
0.302844
0.298921
0.295459
0.292492
0.290047
0.288147
0.286810
0.286048
0.285871
0.286281
0.287278
0.288858
0.291015
0.293738
0.297016
0.300835
0.305179
0.310033
0.315378
0.321199
0.327477
0.334196
0.341339
0.348891
0.356838
0.365167
0.373865
0.382925
0.392337
0.402095
0.412196
0.422638
0.433420
0.444545
0.456015
0.467836
0.480016
0.492564
0.505490
0.518805
0.532524
0.546661
0.561231
0.576251
0.591738
0.607709
0.624183
0.641178
0.658712
0.676805
0.695475
0.714740
0.734619
0.755129
0.776289
0.798114
0.820621
0.387222
0.388009
0.389189
0.390013
0.390164
0.389533
0.388102
0.385899
0.382971
0.379381
0.375201
0.370508
0.365382
0.359907
0.354164
0.348238
0.342210
0.336158
0.330160
0.324290
0.318614
0.313198
0.308099
0.303372
0.299065
0.295219
0.291872
0.289052
0.286786
0.285092
0.283986
0.283477
0.283569
0.284261
0.285550
0.287428
0.289883
0.292903
0.296472
0.300573
0.305185
0.310290
0.315868
0.321898
0.328359
0.335233
0.342500
0.350144
0.358147
0.366496
0.375177
0.384180
0.393496
0.403119
0.413045
0.423271
0.433799
0.444629
0.455766
0.467217
0.478991
0.491097
0.503548
0.516357
0.529538
0.543108
0.557084
0.571486
0.586330
0.601637
0.617425
0.633716
0.650529
0.667885
0.685803
0.704303
0.723404
0.743127
0.763487
0.784503
0.389461
0.390446
0.391924
0.393039
0.393447
0.393033
0.391777
0.389705
0.386864
0.383315
0.379129
0.374384
0.369160
0.363542
0.357615
0.351464
0.345174
0.338827
0.332504
0.326282
0.320234
0.314428
0.308927
0.303789
0.299066
0.294803
0.291041
0.287813
0.285147
0.283065
0.281583
0.280712
0.280456
0.280817
0.281789
0.283365
0.285533
0.288277
0.291580
0.295422
0.299781
0.304635
0.309960
0.315733
0.321930
0.328527
0.335502
0.342835
0.350504
0.358493
0.366784
0.375365
0.384222
0.393348
0.402735
0.412378
0.422277
0.432432
0.442845
0.453523
0.464473
0.475704
0.487229
0.499061
0.511216
0.523710
0.536562
0.549791
0.563417
0.577460
0.591942
0.606884
0.622309
0.638239
0.654694
0.671697
0.689268
0.707428
0.726197
0.745593
0.391640
0.392859
0.394671
0.396101
0.396784
0.396600
0.395531
0.393602
0.390856
0.387355
0.383168
0.378373
0.373051
0.367286
0.361167
0.354780
0.348214
0.341554
0.334886
0.328290
0.321843
0.315619
0.309684
0.304102
0.298929
0.294215
0.290004
0.286332
0.283231
0.280726
0.278835
0.277570
0.276938
0.276940
0.277571
0.278823
0.280682
0.283133
0.286155
0.289726
0.293822
0.298418
0.303485
0.308997
0.314927
0.321245
0.327927
0.334947
0.342280
0.349905
0.357802
0.365953
0.374342
0.382957
0.391789
0.400830
0.410076
0.419526
0.429181
0.439046
0.449127
0.459433
0.469976
0.480770
0.491830
0.503174
0.514822
0.526794
0.539111
0.551796
0.564871
0.578361
0.592290
0.606680
0.621556
0.636942
0.652860
0.669334
0.686384
0.704032
0.393745
0.395243
0.397429
0.399200
0.400175
0.400237
0.399369
0.397594
0.394954
0.391509
0.387326
0.382484
0.377062
0.371148
0.364829
0.358197
0.351341
0.344352
0.337317
0.330323
0.323451
0.316779
0.310379
0.304320
0.298662
0.293460
0.288762
0.284610
0.281038
0.278074
0.275739
0.274049
0.273010
0.272624
0.272888
0.273793
0.275325
0.277466
0.280194
0.283485
0.287311
0.291644
0.296451
0.301703
0.307367
0.313410
0.319803
0.326515
0.333517
0.340782
0.348287
0.356008
0.363927
0.372028
0.380296
0.388721
0.397298
0.406021
0.414891
0.423910
0.433082
0.442418
0.451928
0.461625
0.471527
0.481652
0.492019
0.502651
0.513571
0.524803
0.536372
0.548304
0.560626
0.573364
0.586544
0.600192
0.614334
0.628995
0.644198
0.659966
0.395759
0.397595
0.400197
0.402335
0.403622
0.403947
0.403294
0.401685
0.399162
0.395781
0.391610
0.386724
0.381205
0.375138
0.368615
0.361728
0.354569
0.347233
0.339812
0.332396
0.325071
0.317921
0.311023
0.304451
0.298271
0.292543
0.287320
0.282649
0.278567
0.275106
0.272292
0.270141
0.268663
0.267862
0.267733
0.268268
0.269453
0.271269
0.273692
0.276694
0.280246
0.284314
0.288864
0.293861
0.299267
0.305045
0.311160
0.317575
0.324258
0.331176
0.338299
0.345601
0.353057
0.360646
0.368351
0.376157
0.384056
0.392039
0.400103
0.408250
0.416483
0.424809
0.433240
0.441788
0.450472
0.459309
0.468321
0.477533
0.486968
0.496653
0.506616
0.516886
0.527491
0.538461
0.549825
0.561613
0.573852
0.586571
0.599796
0.613553
0.397662
0.399910
0.402977
0.405510
0.407128
0.407731
0.407307
0.405879
0.403485
0.400179
0.396027
0.391103
0.385488
0.379269
0.372536
0.365385
0.357912
0.350212
0.342384
0.334521
0.326716
0.319057
0.311627
0.304507
0.297766
0.291472
0.285683
0.280451
0.275818
0.271822
0.268490
0.265842
0.263892
0.262643
0.262094
0.262236
0.263056
0.264531
0.266638
0.269345
0.272621
0.276428
0.280728
0.285479
0.290640
0.296169
0.302024
0.308163
0.314548
0.321139
0.327901
0.334802
0.341811
0.348903
0.356055
0.363249
0.370471
0.377709
0.384957
0.392215
0.399484
0.406769
0.414081
0.421434
0.428843
0.436330
0.443916
0.451628
0.459492
0.467538
0.475795
0.484295
0.493071
0.502156
0.511583
0.521384
0.531590
0.542235
0.553348
0.564957
0.399427
0.402184
0.405770
0.408725
0.410694
0.411592
0.411414
0.410180
0.407928
0.404709
0.400586
0.395631
0.389924
0.383551
0.376606
0.369184
0.361383
0.353304
0.345048
0.336715
0.328402
0.320201
0.312205
0.304497
0.297156
0.290254
0.283856
0.278019
0.272793
0.268218
0.264327
0.261144
0.258685
0.256956
0.255959
0.255684
0.256117
0.257238
0.259019
0.261428
0.264429
0.267980
0.272040
0.276561
0.281498
0.286800
0.292421
0.298313
0.304429
0.310724
0.317156
0.323685
0.330276
0.336896
0.343518
0.350116
0.356673
0.363172
0.369605
0.375967
0.382256
0.388477
0.394638
0.400754
0.406840
0.412917
0.419010
0.425146
0.431354
0.437666
0.444115
0.450738
0.457571
0.464650
0.472013
0.479696
0.487737
0.496170
0.505031
0.514352
0.401025
0.404414
0.408577
0.411983
0.414321
0.415532
0.415615
0.414592
0.412497
0.409378
0.405295
0.400317
0.394523
0.387999
0.380839
0.373138
0.365000
0.356526
0.347823
0.338995
0.330144
0.321370
0.312770
0.304435
0.296451
0.288897
0.281845
0.275357
0.269491
0.264292
0.259798
0.256038
0.253031
0.250788
0.249311
0.248594
0.248621
0.249372
0.250819
0.252926
0.255655
0.258960
0.262795
0.267108
0.271845
0.276952
0.282374
0.288055
0.293943
0.299983
0.306127
0.312327
0.318541
0.324727
0.330852
0.336886
0.342803
0.348583
0.354212
0.359681
0.364986
0.370128
0.375116
0.379962
0.384681
0.389295
0.393830
0.398316
0.402783
0.407269
0.411809
0.416443
0.421214
0.426161
0.431329
0.436758
0.442491
0.448570
0.455032
0.461916
0.402416
0.406600
0.411404
0.415287
0.418013
0.419553
0.419916
0.419120
0.417198
0.414193
0.410162
0.405171
0.399297
0.392625
0.385249
0.377266
0.368779
0.359896
0.350727
0.341379
0.331961
0.322580
0.313338
0.304336
0.295665
0.287412
0.279657
0.272469
0.265912
0.260040
0.254896
0.250514
0.246918
0.244123
0.242134
0.240945
0.240545
0.240911
0.242014
0.243818
0.246281
0.249353
0.252982
0.257112
0.261683
0.266632
0.271898
0.277418
0.283128
0.288968
0.294879
0.300805
0.306695
0.312501
0.318180
0.323694
0.329010
0.334104
0.338955
0.343548
0.347877
0.351939
0.355740
0.359291
0.362607
0.365711
0.368629
0.371392
0.374037
0.376602
0.379128
0.381660
0.384244
0.386929
0.389762
0.392793
0.396069
0.399639
0.403547
0.407838
0.403553
0.408746
0.414254
0.418638
0.421771
0.423658
0.424318
0.423768
0.422035
0.419161
0.415196
0.410204
0.404259
0.397445
0.389853
0.381583
0.372740
0.363434
0.353778
0.343887
0.333873
0.323850
0.313929
0.304216
0.294811
0.285810
0.277299
0.269359
0.262059
0.255461
0.249615
0.244562
0.240331
0.236942
0.234403
0.232713
0.231861
0.231826
0.232577
0.234076
0.236279
0.239134
0.242582
0.246561
0.251004
0.255843
0.261006
0.266422
0.272018
0.277724
0.283472
0.289195
0.294833
0.300327
0.305626
0.310682
0.315456
0.319913
0.324027
0.327777
0.331152
0.334145
0.336758
0.339000
0.340886
0.342439
0.343685
0.344659
0.345400
0.345949
0.346354
0.346664
0.346933
0.347215
0.347566
0.348043
0.348701
0.349596
0.350781
0.352309
0.404373
0.410860
0.417136
0.422041
0.425596
0.427848
0.428824
0.428538
0.427016
0.424290
0.420408
0.415428
0.409423
0.402472
0.394668
0.386109
0.376903
0.367161
0.357001
0.346541
0.335902
0.325203
0.314562
0.304092
0.293905
0.284103
0.274783
0.266032
0.257932
0.250550
0.243946
0.238168
0.233252
0.229223
0.226095
0.223870
0.222539
0.222082
0.222471
0.223665
0.225617
0.228272
0.231566
0.235431
0.239794
0.244577
0.249701
0.255083
0.260641
0.266295
0.271965
0.277573
0.283046
0.288317
0.293321
0.298002
0.302309
0.306199
0.309636
0.312595
0.315055
0.317005
0.318443
0.319376
0.319816
0.319785
0.319312
0.318432
0.317188
0.315627
0.313800
0.311764
0.309580
0.307310
0.305019
0.302771
0.300634
0.298672
0.296950
0.295527
0.404798
0.412957
0.420056
0.425498
0.429491
0.432126
0.433437
0.433437
0.432144
0.429586
0.425805
0.420854
0.414801
0.407723
0.399711
0.390863
0.381288
0.371099
0.360417
0.349367
0.338073
0.326661
0.315258
0.303986
0.292965
0.282307
0.272118
0.262497
0.253533
0.245305
0.237882
0.231320
0.225663
0.220943
0.217179
0.214380
0.212539
0.211640
0.211654
0.212540
0.214250
0.216725
0.219896
0.223691
0.228026
0.232818
0.237975
0.243406
0.249018
0.254717
0.260411
0.266010
0.271428
0.276584
0.281401
0.285810
0.289749
0.293163
0.296008
0.298246
0.299851
0.300804
0.301098
0.300735
0.299726
0.298090
0.295858
0.293066
0.289760
0.285992
0.281819
0.277306
0.272521
0.267536
0.262426
0.257267
0.252138
0.247116
0.242276
0.237694
0.404726
0.415066
0.423026
0.429013
0.433457
0.436492
0.438159
0.438467
0.437426
0.435058
0.431398
0.426494
0.420407
0.413214
0.405002
0.395867
0.385919
0.375273
0.364054
0.352389
0.340410
0.328251
0.316043
0.303921
0.292011
0.280438
0.269318
0.258761
0.248866
0.239724
0.231414
0.224002
0.217541
0.212072
0.207622
0.204204
0.201818
0.200450
0.200073
0.200648
0.202124
0.204440
0.207523
0.211293
0.215662
0.220534
0.225810
0.231387
0.237158
0.243016
0.248856
0.254574
0.260067
0.265240
0.270002
0.274269
0.277965
0.281021
0.283381
0.284997
0.285830
0.285855
0.285057
0.283431
0.280985
0.277737
0.273716
0.268960
0.263518
0.257446
0.250809
0.243679
0.236134
0.228256
0.220132
0.211853
0.203509
0.195194
0.186999
0.179015
0.404025
0.417228
0.426057
0.432588
0.437496
0.440949
0.442994
0.443631
0.442867
0.440713
0.437197
0.432360
0.426258
0.418963
0.410560
0.401143
0.390821
0.379710
0.367938
0.355638
0.342945
0.330000
0.316945
0.303921
0.291067
0.278516
0.266398
0.254834
0.243935
0.233805
0.224533
0.216198
0.208863
0.202580
0.197384
0.193296
0.190322
0.188454
0.187667
0.187923
0.189172
0.191350
0.194381
0.198179
0.202647
0.207681
0.213172
0.219003
0.225055
0.231206
0.237335
0.243321
0.249046
0.254396
0.259264
0.263548
0.267155
0.270002
0.272016
0.273135
0.273310
0.272502
0.270688
0.267856
0.264007
0.259155
0.253328
0.246566
0.238918
0.230447
0.221224
0.211329
0.200851
0.189884
0.178530
0.166893
0.155080
0.143203
0.131372
0.119700
0.402519
0.419514
0.429161
0.436226
0.441607
0.445498
0.447942
0.448935
0.448472
0.446558
0.443210
0.438464
0.432366
0.424989
0.416406
0.406714
0.396019
0.384438
0.372100
0.359143
0.345708
0.331942
0.317994
0.304017
0.290158
0.276565
0.263377
0.250729
0.238747
0.227546
0.217231
0.207891
0.199605
0.192434
0.186424
0.181606
0.177994
0.175586
0.174362
0.174289
0.175314
0.177374
0.180390
0.184269
0.188908
0.194195
0.200008
0.206217
0.212689
0.219286
0.225869
0.232300
0.238440
0.244157
0.249322
0.253815
0.257523
0.260344
0.262187
0.262973
0.262636
0.261124
0.258402
0.254447
0.249252
0.242827
0.235196
0.226397
0.216482
0.205519
0.193584
0.180768
0.167171
0.152900
0.138072
0.122807
0.107233
0.091477
0.075673
0.059958
0.399978
0.422027
0.432348
0.439928
0.445790
0.450138
0.453006
0.454380
0.454247
0.452600
0.449450
0.444819
0.438750
0.431308
0.422563
0.412606
0.401541
0.389486
0.376573
0.362939
0.348734
0.334110
0.319225
0.304240
0.289315
0.274609
0.260275
0.246462
0.233310
0.220949
0.209499
0.199065
0.189739
0.181595
0.174693
0.169075
0.164766
0.161770
0.160076
0.159653
0.160454
0.162412
0.165449
0.169466
0.174354
0.179991
0.186243
0.192969
0.200017
0.207234
0.214462
0.221540
0.228310
0.234617
0.240308
0.245242
0.249281
0.252301
0.254188
0.254844
0.254183
0.252136
0.248651
0.243692
0.237242
0.229301
0.219889
0.209041
0.196810
0.183265
0.168493
0.152591
0.135672
0.117860
0.099287
0.080094
0.060426
0.040430
0.020246
0.000004
