-0.001800
-0.001916
-0.002211
-0.002657
-0.003245
-0.003971
-0.004836
-0.005844
-0.007002
-0.008315
-0.009792
-0.011440
-0.013267
-0.015282
-0.017492
-0.019907
-0.022535
-0.025386
-0.028466
-0.031787
-0.035355
-0.039181
-0.043272
-0.047639
-0.052289
-0.057232
-0.062476
-0.068031
-0.073905
-0.080107
-0.086646
-0.093531
-0.100771
-0.108375
-0.116352
-0.124710
-0.133459
-0.142607
-0.152164
-0.162138
-0.172538
-0.183374
-0.194653
-0.206386
-0.218580
-0.231245
-0.244390
-0.258024
-0.272155
-0.286793
-0.301946
-0.317623
-0.333834
-0.350587
-0.367891
-0.385755
-0.404189
-0.423199
-0.442797
-0.462991
-0.483789
-0.505200
-0.527235
-0.549900
-0.573206
-0.597161
-0.621774
-0.647055
-0.673011
-0.699652
-0.726987
-0.755025
-0.783774
-0.813244
-0.843444
-0.874382
-0.906067
-0.938509
-0.971715
-1.005696
-0.001796
-0.001913
-0.002207
-0.002652
-0.003239
-0.003963
-0.004827
-0.005833
-0.006989
-0.008300
-0.009774
-0.011419
-0.013243
-0.015254
-0.017461
-0.019872
-0.022495
-0.025340
-0.028415
-0.031730
-0.035292
-0.039111
-0.043195
-0.047554
-0.052196
-0.057130
-0.062365
-0.067909
-0.073773
-0.079964
-0.086492
-0.093365
-0.100592
-0.108182
-0.116145
-0.124488
-0.133221
-0.142354
-0.151893
-0.161850
-0.172231
-0.183048
-0.194307
-0.206019
-0.218191
-0.230834
-0.243956
-0.257565
-0.271671
-0.286283
-0.301409
-0.317058
-0.333240
-0.349964
-0.367237
-0.385069
-0.403469
-0.422447
-0.442009
-0.462167
-0.482928
-0.504302
-0.526297
-0.548922
-0.572187
-0.596099
-0.620668
-0.645903
-0.671813
-0.698407
-0.725693
-0.753682
-0.782380
-0.811798
-0.841944
-0.872827
-0.904456
-0.936839
-0.969987
-1.003907
-0.001785
-0.001901
-0.002194
-0.002637
-0.003221
-0.003941
-0.004800
-0.005801
-0.006951
-0.008255
-0.009721
-0.011358
-0.013172
-0.015172
-0.017367
-0.019765
-0.022374
-0.025204
-0.028263
-0.031560
-0.035103
-0.038901
-0.042964
-0.047299
-0.051916
-0.056824
-0.062031
-0.067546
-0.073378
-0.079537
-0.086029
-0.092866
-0.100054
-0.107604
-0.115524
-0.123823
-0.132510
-0.141593
-0.151082
-0.160985
-0.171311
-0.182070
-0.193269
-0.204918
-0.217026
-0.229601
-0.242653
-0.256189
-0.270220
-0.284754
-0.299799
-0.315365
-0.331461
-0.348095
-0.365276
-0.383013
-0.401315
-0.420191
-0.439649
-0.459699
-0.480349
-0.501609
-0.523486
-0.545991
-0.569131
-0.592916
-0.617354
-0.642454
-0.668226
-0.694678
-0.721819
-0.749657
-0.778202
-0.807463
-0.837448
-0.868166
-0.899626
-0.931837
-0.964808
-0.998548
-0.001768
-0.001883
-0.002172
-0.002612
-0.003190
-0.003904
-0.004755
-0.005748
-0.006887
-0.008180
-0.009633
-0.011255
-0.013053
-0.015035
-0.017210
-0.019587
-0.022173
-0.024978
-0.028010
-0.031277
-0.034788
-0.038553
-0.042579
-0.046876
-0.051452
-0.056316
-0.061476
-0.066942
-0.072723
-0.078826
-0.085261
-0.092036
-0.099160
-0.106643
-0.114492
-0.122717
-0.131326
-0.140329
-0.149733
-0.159548
-0.169782
-0.180444
-0.191544
-0.203089
-0.215088
-0.227551
-0.240486
-0.253902
-0.267808
-0.282212
-0.297123
-0.312550
-0.328502
-0.344987
-0.362015
-0.379594
-0.397733
-0.416440
-0.435725
-0.455596
-0.476062
-0.497131
-0.518814
-0.541117
-0.564051
-0.587623
-0.611843
-0.636720
-0.662262
-0.688477
-0.715376
-0.742966
-0.771256
-0.800256
-0.829973
-0.860417
-0.891597
-0.923520
-0.956197
-0.989636
-0.001743
-0.001856
-0.002143
-0.002577
-0.003148
-0.003853
-0.004693
-0.005673
-0.006798
-0.008075
-0.009510
-0.011111
-0.012887
-0.014844
-0.016992
-0.019339
-0.021893
-0.024662
-0.027656
-0.030882
-0.034350
-0.038067
-0.042043
-0.046286
-0.050804
-0.055607
-0.060703
-0.066100
-0.071808
-0.077834
-0.084188
-0.090878
-0.097913
-0.105302
-0.113053
-0.121174
-0.129675
-0.138565
-0.147851
-0.157542
-0.167648
-0.178176
-0.189136
-0.200537
-0.212385
-0.224692
-0.237465
-0.250712
-0.264443
-0.278666
-0.293390
-0.308623
-0.324375
-0.340653
-0.357467
-0.374825
-0.392736
-0.411208
-0.430250
-0.449871
-0.470080
-0.490885
-0.512295
-0.534319
-0.556964
-0.580240
-0.604156
-0.628720
-0.653941
-0.679828
-0.706388
-0.733632
-0.761567
-0.790202
-0.819547
-0.849608
-0.880396
-0.911919
-0.944186
-0.977204
-0.001711
-0.001823
-0.002105
-0.002531
-0.003093
-0.003787
-0.004614
-0.005578
-0.006685
-0.007941
-0.009352
-0.010928
-0.012674
-0.014600
-0.016713
-0.019022
-0.021534
-0.024258
-0.027203
-0.030377
-0.033788
-0.037445
-0.041356
-0.045530
-0.049975
-0.054700
-0.059713
-0.065022
-0.070637
-0.076565
-0.082816
-0.089397
-0.096318
-0.103586
-0.111211
-0.119200
-0.127563
-0.136308
-0.145442
-0.154976
-0.164917
-0.175275
-0.186056
-0.197271
-0.208927
-0.221033
-0.233598
-0.246629
-0.260137
-0.274128
-0.288613
-0.303598
-0.319093
-0.335107
-0.351647
-0.368722
-0.386342
-0.404513
-0.423245
-0.442547
-0.462427
-0.482893
-0.503954
-0.525619
-0.547896
-0.570793
-0.594320
-0.618484
-0.643295
-0.668760
-0.694888
-0.721688
-0.749168
-0.777337
-0.806204
-0.835777
-0.866064
-0.897073
-0.928815
-0.961296
-0.001673
-0.001782
-0.002058
-0.002477
-0.003027
-0.003707
-0.004517
-0.005462
-0.006547
-0.007777
-0.009161
-0.010704
-0.012416
-0.014303
-0.016374
-0.018636
-0.021098
-0.023768
-0.026654
-0.029764
-0.033106
-0.036690
-0.040522
-0.044612
-0.048968
-0.053598
-0.058510
-0.063713
-0.069214
-0.075024
-0.081149
-0.087598
-0.094379
-0.101502
-0.108973
-0.116802
-0.124996
-0.133565
-0.142517
-0.151859
-0.161600
-0.171749
-0.182314
-0.193303
-0.204725
-0.216588
-0.228900
-0.241669
-0.254905
-0.268616
-0.282809
-0.297493
-0.312677
-0.328368
-0.344576
-0.361308
-0.378572
-0.396379
-0.414735
-0.433648
-0.453128
-0.473183
-0.493821
-0.515050
-0.536879
-0.559316
-0.582370
-0.606048
-0.630359
-0.655312
-0.680915
-0.707176
-0.734104
-0.761707
-0.789993
-0.818971
-0.848649
-0.879036
-0.910140
-0.941969
-0.001628
-0.001735
-0.002004
-0.002412
-0.002950
-0.003613
-0.004404
-0.005326
-0.006385
-0.007586
-0.008936
-0.010443
-0.012113
-0.013955
-0.015976
-0.018184
-0.020586
-0.023192
-0.026008
-0.029044
-0.032306
-0.035803
-0.039544
-0.043535
-0.047786
-0.052304
-0.057098
-0.062176
-0.067545
-0.073215
-0.079193
-0.085487
-0.092105
-0.099056
-0.106347
-0.113988
-0.121985
-0.130348
-0.139084
-0.148201
-0.157708
-0.167612
-0.177923
-0.188648
-0.199795
-0.211372
-0.223387
-0.235850
-0.248767
-0.262147
-0.275999
-0.290330
-0.305148
-0.320461
-0.336279
-0.352608
-0.369457
-0.386835
-0.404749
-0.423207
-0.442218
-0.461790
-0.481931
-0.502649
-0.523952
-0.545849
-0.568347
-0.591455
-0.615181
-0.639533
-0.664520
-0.690149
-0.716429
-0.743367
-0.770972
-0.799253
-0.828217
-0.857872
-0.888228
-0.919291
-0.001576
-0.001680
-0.001942
-0.002339
-0.002861
-0.003506
-0.004275
-0.005171
-0.006200
-0.007367
-0.008679
-0.010143
-0.011767
-0.013556
-0.015520
-0.017666
-0.020001
-0.022533
-0.025270
-0.028220
-0.031390
-0.034789
-0.038424
-0.042303
-0.046434
-0.050825
-0.055483
-0.060418
-0.065636
-0.071145
-0.076954
-0.083071
-0.089502
-0.096257
-0.103343
-0.110768
-0.118540
-0.126666
-0.135156
-0.144016
-0.153254
-0.162879
-0.172899
-0.183321
-0.194153
-0.205404
-0.217080
-0.229191
-0.241744
-0.254746
-0.268207
-0.282133
-0.296533
-0.311414
-0.326785
-0.342654
-0.359027
-0.375915
-0.393323
-0.411260
-0.429734
-0.448754
-0.468326
-0.488459
-0.509161
-0.530440
-0.552303
-0.574759
-0.597815
-0.621480
-0.645761
-0.670667
-0.696205
-0.722383
-0.749210
-0.776692
-0.804839
-0.833658
-0.863156
-0.893343
-0.001519
-0.001619
-0.001872
-0.002256
-0.002762
-0.003385
-0.004129
-0.004996
-0.005992
-0.007121
-0.008390
-0.009807
-0.011378
-0.013109
-0.015009
-0.017085
-0.019344
-0.021794
-0.024442
-0.027295
-0.030363
-0.033650
-0.037167
-0.040920
-0.044916
-0.049164
-0.053671
-0.058444
-0.063492
-0.068822
-0.074442
-0.080359
-0.086581
-0.093116
-0.099971
-0.107154
-0.114672
-0.122534
-0.130747
-0.139318
-0.148255
-0.157567
-0.167260
-0.177342
-0.187821
-0.198705
-0.210001
-0.221717
-0.233860
-0.246439
-0.259461
-0.272933
-0.286863
-0.301260
-0.316130
-0.331481
-0.347320
-0.363657
-0.380498
-0.397850
-0.415722
-0.434121
-0.453055
-0.472532
-0.492559
-0.513144
-0.534295
-0.556019
-0.578323
-0.601217
-0.624706
-0.648800
-0.673506
-0.698830
-0.724782
-0.751369
-0.778598
-0.806477
-0.835014
-0.864217
-0.001455
-0.001551
-0.001795
-0.002165
-0.002651
-0.003252
-0.003968
-0.004803
-0.005762
-0.006849
-0.008071
-0.009435
-0.010947
-0.012615
-0.014444
-0.016443
-0.018618
-0.020976
-0.023526
-0.026273
-0.029226
-0.032392
-0.035777
-0.039390
-0.043238
-0.047328
-0.051667
-0.056263
-0.061123
-0.066254
-0.071665
-0.077361
-0.083352
-0.089643
-0.096243
-0.103158
-0.110396
-0.117965
-0.125872
-0.134124
-0.142729
-0.151693
-0.161025
-0.170732
-0.180821
-0.191299
-0.202174
-0.213454
-0.225145
-0.237255
-0.249792
-0.262762
-0.276173
-0.290033
-0.304349
-0.319128
-0.334378
-0.350106
-0.366319
-0.383025
-0.400231
-0.417944
-0.436173
-0.454924
-0.474205
-0.494023
-0.514386
-0.535300
-0.556774
-0.578815
-0.601429
-0.624625
-0.648410
-0.672791
-0.697776
-0.723373
-0.749587
-0.776428
-0.803902
-0.832017
-0.001385
-0.001477
-0.001711
-0.002065
-0.002531
-0.003107
-0.003793
-0.004593
-0.005511
-0.006552
-0.007723
-0.009029
-0.010478
-0.012075
-0.013827
-0.015741
-0.017825
-0.020084
-0.022526
-0.025157
-0.027985
-0.031017
-0.034260
-0.037721
-0.041406
-0.045323
-0.049479
-0.053881
-0.058535
-0.063450
-0.068632
-0.074088
-0.079826
-0.085851
-0.092172
-0.098795
-0.105728
-0.112977
-0.120550
-0.128453
-0.136694
-0.145280
-0.154218
-0.163515
-0.173177
-0.183213
-0.193628
-0.204431
-0.215628
-0.227227
-0.239234
-0.251656
-0.264500
-0.277775
-0.291485
-0.305640
-0.320246
-0.335309
-0.350837
-0.366837
-0.383316
-0.400281
-0.417740
-0.435699
-0.454165
-0.473145
-0.492647
-0.512678
-0.533244
-0.554353
-0.576012
-0.598228
-0.621008
-0.644359
-0.668289
-0.692803
-0.717910
-0.743617
-0.769930
-0.796857
-0.001309
-0.001397
-0.001620
-0.001957
-0.002401
-0.002950
-0.003603
-0.004365
-0.005239
-0.006231
-0.007347
-0.008591
-0.009970
-0.011491
-0.013160
-0.014984
-0.016968
-0.019119
-0.021445
-0.023951
-0.026645
-0.029532
-0.032621
-0.035916
-0.039426
-0.043156
-0.047114
-0.051306
-0.055739
-0.060420
-0.065355
-0.070551
-0.076015
-0.081753
-0.087773
-0.094081
-0.100683
-0.107587
-0.114799
-0.122325
-0.130173
-0.138350
-0.146862
-0.155715
-0.164917
-0.174474
-0.184394
-0.194681
-0.205345
-0.216390
-0.227825
-0.239655
-0.251887
-0.264528
-0.277585
-0.291065
-0.304974
-0.319319
-0.334107
-0.349344
-0.365037
-0.381194
-0.397820
-0.414923
-0.432508
-0.450584
-0.469156
-0.488232
-0.507818
-0.527920
-0.548546
-0.569703
-0.591397
-0.613635
-0.636423
-0.659769
-0.683680
-0.708161
-0.733220
-0.758863
-0.001228
-0.001312
-0.001523
-0.001842
-0.002262
-0.002781
-0.003400
-0.004121
-0.004949
-0.005888
-0.006943
-0.008121
-0.009427
-0.010867
-0.012446
-0.014172
-0.016050
-0.018086
-0.020287
-0.022659
-0.025209
-0.027942
-0.030864
-0.033984
-0.037305
-0.040836
-0.044582
-0.048549
-0.052745
-0.057175
-0.061845
-0.066763
-0.071934
-0.077365
-0.083062
-0.089031
-0.095280
-0.101813
-0.108639
-0.115762
-0.123189
-0.130928
-0.138983
-0.147362
-0.156070
-0.165115
-0.174503
-0.184239
-0.194331
-0.204784
-0.215605
-0.226801
-0.238377
-0.250341
-0.262698
-0.275455
-0.288618
-0.302194
-0.316188
-0.330608
-0.345460
-0.360751
-0.376485
-0.392671
-0.409313
-0.426420
-0.443996
-0.462049
-0.480585
-0.499610
-0.519130
-0.539152
-0.559683
-0.580728
-0.602295
-0.624389
-0.647017
-0.670186
-0.693901
-0.718170
-0.001142
-0.001221
-0.001419
-0.001719
-0.002115
-0.002602
-0.003184
-0.003862
-0.004640
-0.005523
-0.006515
-0.007622
-0.008849
-0.010202
-0.011687
-0.013309
-0.015074
-0.016988
-0.019057
-0.021286
-0.023683
-0.026251
-0.028998
-0.031930
-0.035051
-0.038370
-0.041890
-0.045619
-0.049562
-0.053725
-0.058115
-0.062737
-0.067597
-0.072701
-0.078055
-0.083665
-0.089537
-0.095678
-0.102092
-0.108787
-0.115767
-0.123039
-0.130610
-0.138484
-0.146668
-0.155169
-0.163991
-0.173141
-0.182625
-0.192449
-0.202619
-0.213140
-0.224020
-0.235263
-0.246875
-0.258864
-0.271235
-0.283993
-0.297145
-0.310697
-0.324655
-0.339024
-0.353811
-0.369022
-0.384662
-0.400739
-0.417257
-0.434223
-0.451642
-0.469522
-0.487867
-0.506683
-0.525978
-0.545756
-0.566024
-0.586788
-0.608053
-0.629827
-0.652115
-0.674922
-0.001052
-0.001125
-0.001310
-0.001590
-0.001958
-0.002414
-0.002956
-0.003588
-0.004314
-0.005137
-0.006062
-0.007095
-0.008240
-0.009501
-0.010886
-0.012399
-0.014045
-0.015829
-0.017758
-0.019837
-0.022072
-0.024467
-0.027028
-0.029762
-0.032673
-0.035767
-0.039049
-0.042526
-0.046203
-0.050085
-0.054178
-0.058487
-0.063018
-0.067777
-0.072770
-0.078001
-0.083476
-0.089201
-0.095182
-0.101424
-0.107932
-0.114713
-0.121772
-0.129114
-0.136745
-0.144670
-0.152896
-0.161427
-0.170270
-0.179429
-0.188911
-0.198721
-0.208865
-0.219348
-0.230175
-0.241353
-0.252887
-0.264783
-0.277045
-0.289680
-0.302694
-0.316092
-0.329878
-0.344061
-0.358643
-0.373632
-0.389033
-0.404852
-0.421093
-0.437764
-0.454868
-0.472412
-0.490402
-0.508842
-0.527740
-0.547099
-0.566927
-0.587228
-0.608008
-0.629273
-0.000957
-0.001024
-0.001195
-0.001454
-0.001795
-0.002215
-0.002717
-0.003301
-0.003972
-0.004733
-0.005588
-0.006542
-0.007600
-0.008766
-0.010046
-0.011443
-0.012964
-0.014614
-0.016396
-0.018317
-0.020382
-0.022595
-0.024962
-0.027487
-0.030177
-0.033036
-0.036069
-0.039282
-0.042679
-0.046266
-0.050047
-0.054029
-0.058216
-0.062613
-0.067225
-0.072059
-0.077118
-0.082407
-0.087933
-0.093700
-0.099714
-0.105979
-0.112500
-0.119284
-0.126334
-0.133657
-0.141256
-0.149139
-0.157309
-0.165771
-0.174532
-0.183595
-0.192967
-0.202652
-0.212656
-0.222983
-0.233640
-0.244630
-0.255960
-0.267633
-0.279657
-0.292035
-0.304773
-0.317876
-0.331349
-0.345197
-0.359426
-0.374041
-0.389047
-0.404449
-0.420251
-0.436460
-0.453081
-0.470119
-0.487578
-0.505465
-0.523784
-0.542540
-0.561739
-0.581386
-0.000857
-0.000919
-0.001075
-0.001312
-0.001624
-0.002009
-0.002467
-0.003002
-0.003615
-0.004311
-0.005093
-0.005965
-0.006933
-0.007999
-0.009169
-0.010447
-0.011837
-0.013345
-0.014975
-0.016731
-0.018619
-0.020642
-0.022806
-0.025115
-0.027574
-0.030188
-0.032960
-0.035897
-0.039003
-0.042282
-0.045739
-0.049379
-0.053206
-0.057225
-0.061442
-0.065860
-0.070485
-0.075320
-0.080371
-0.085643
-0.091140
-0.096867
-0.102829
-0.109029
-0.115474
-0.122168
-0.129115
-0.136320
-0.143788
-0.151523
-0.159531
-0.167816
-0.176383
-0.185236
-0.194380
-0.203820
-0.213561
-0.223607
-0.233964
-0.244634
-0.255625
-0.266939
-0.278583
-0.290560
-0.302876
-0.315535
-0.328541
-0.341900
-0.355617
-0.369695
-0.384140
-0.398957
-0.414150
-0.429723
-0.445683
-0.462033
-0.478778
-0.495923
-0.513472
-0.531430
-0.000754
-0.000810
-0.000951
-0.001165
-0.001447
-0.001794
-0.002208
-0.002691
-0.003245
-0.003873
-0.004579
-0.005367
-0.006240
-0.007203
-0.008259
-0.009413
-0.010668
-0.012029
-0.013500
-0.015086
-0.016789
-0.018616
-0.020569
-0.022653
-0.024872
-0.027231
-0.029734
-0.032385
-0.035187
-0.038147
-0.041267
-0.044552
-0.048006
-0.051634
-0.055440
-0.059427
-0.063601
-0.067965
-0.072524
-0.077281
-0.082242
-0.087411
-0.092791
-0.098387
-0.104203
-0.110244
-0.116513
-0.123016
-0.129755
-0.136737
-0.143964
-0.151440
-0.159171
-0.167161
-0.175413
-0.183933
-0.192723
-0.201790
-0.211135
-0.220765
-0.230684
-0.240894
-0.251402
-0.262211
-0.273326
-0.284749
-0.296487
-0.308543
-0.320921
-0.333626
-0.346662
-0.360034
-0.373744
-0.387799
-0.402202
-0.416957
-0.432069
-0.447541
-0.463378
-0.479585
-0.000648
-0.000697
-0.000823
-0.001013
-0.001264
-0.001573
-0.001941
-0.002370
-0.002862
-0.003421
-0.004048
-0.004749
-0.005525
-0.006380
-0.007319
-0.008344
-0.009460
-0.010670
-0.011977
-0.013386
-0.014900
-0.016522
-0.018258
-0.020110
-0.022082
-0.024178
-0.026401
-0.028756
-0.031247
-0.033876
-0.036648
-0.039567
-0.042636
-0.045859
-0.049240
-0.052782
-0.056490
-0.060367
-0.064417
-0.068644
-0.073052
-0.077643
-0.082423
-0.087394
-0.092561
-0.097928
-0.103497
-0.109274
-0.115261
-0.121463
-0.127883
-0.134526
-0.141394
-0.148491
-0.155822
-0.163391
-0.171200
-0.179254
-0.187556
-0.196111
-0.204922
-0.213993
-0.223327
-0.232929
-0.242803
-0.252951
-0.263378
-0.274088
-0.285085
-0.296371
-0.307952
-0.319830
-0.332010
-0.344495
-0.357290
-0.370398
-0.383822
-0.397567
-0.411636
-0.426033
-0.000538
-0.000582
-0.000691
-0.000857
-0.001075
-0.001345
-0.001666
-0.002040
-0.002469
-0.002956
-0.003503
-0.004113
-0.004789
-0.005535
-0.006353
-0.007246
-0.008218
-0.009272
-0.010410
-0.011638
-0.012956
-0.014370
-0.015881
-0.017494
-0.019212
-0.021038
-0.022974
-0.025025
-0.027194
-0.029484
-0.031899
-0.034440
-0.037113
-0.039920
-0.042864
-0.045949
-0.049178
-0.052555
-0.056082
-0.059763
-0.063601
-0.067599
-0.071761
-0.076091
-0.080590
-0.085263
-0.090113
-0.095144
-0.100357
-0.105758
-0.111348
-0.117132
-0.123113
-0.129293
-0.135677
-0.142267
-0.149068
-0.156081
-0.163310
-0.170759
-0.178432
-0.186330
-0.194458
-0.202819
-0.211417
-0.220254
-0.229333
-0.238659
-0.248234
-0.258062
-0.268146
-0.278489
-0.289095
-0.299966
-0.311107
-0.322521
-0.334210
-0.346179
-0.358430
-0.370966
-0.000426
-0.000463
-0.000556
-0.000697
-0.000882
-0.001111
-0.001384
-0.001702
-0.002066
-0.002479
-0.002944
-0.003462
-0.004036
-0.004669
-0.005363
-0.006121
-0.006946
-0.007840
-0.008806
-0.009848
-0.010966
-0.012166
-0.013448
-0.014817
-0.016274
-0.017822
-0.019465
-0.021205
-0.023045
-0.024987
-0.027035
-0.029191
-0.031458
-0.033839
-0.036336
-0.038953
-0.041692
-0.044555
-0.047547
-0.050668
-0.053923
-0.057315
-0.060845
-0.064516
-0.068332
-0.072295
-0.076409
-0.080675
-0.085096
-0.089676
-0.094417
-0.099322
-0.104394
-0.109636
-0.115049
-0.120638
-0.126405
-0.132352
-0.138483
-0.144800
-0.151306
-0.158005
-0.164897
-0.171988
-0.179279
-0.186773
-0.194472
-0.202381
-0.210501
-0.218835
-0.227386
-0.236157
-0.245151
-0.254371
-0.263818
-0.273497
-0.283410
-0.293560
-0.303948
-0.314579
-0.000312
-0.000342
-0.000418
-0.000534
-0.000686
-0.000873
-0.001097
-0.001357
-0.001655
-0.001994
-0.002374
-0.002798
-0.003268
-0.003786
-0.004354
-0.004974
-0.005649
-0.006380
-0.007170
-0.008022
-0.008937
-0.009918
-0.010967
-0.012085
-0.013277
-0.014543
-0.015886
-0.017309
-0.018813
-0.020401
-0.022075
-0.023838
-0.025691
-0.027637
-0.029678
-0.031817
-0.034056
-0.036397
-0.038842
-0.041394
-0.044054
-0.046826
-0.049711
-0.052712
-0.055831
-0.059070
-0.062432
-0.065919
-0.069532
-0.073275
-0.077150
-0.081159
-0.085304
-0.089588
-0.094012
-0.098580
-0.103292
-0.108153
-0.113163
-0.118326
-0.123643
-0.129117
-0.134750
-0.140545
-0.146503
-0.152627
-0.158920
-0.165383
-0.172018
-0.178829
-0.185818
-0.192986
-0.200336
-0.207870
-0.215591
-0.223501
-0.231602
-0.239896
-0.248386
-0.257074
-0.000195
-0.000219
-0.000278
-0.000368
-0.000486
-0.000631
-0.000805
-0.001007
-0.001238
-0.001500
-0.001795
-0.002123
-0.002487
-0.002888
-0.003328
-0.003808
-0.004331
-0.004897
-0.005508
-0.006167
-0.006875
-0.007634
-0.008445
-0.009311
-0.010233
-0.011212
-0.012251
-0.013351
-0.014514
-0.015742
-0.017036
-0.018399
-0.019832
-0.021337
-0.022915
-0.024569
-0.026299
-0.028109
-0.029999
-0.031971
-0.034028
-0.036171
-0.038401
-0.040720
-0.043131
-0.045635
-0.048233
-0.050928
-0.053721
-0.056614
-0.059609
-0.062707
-0.065911
-0.069221
-0.072641
-0.076171
-0.079813
-0.083569
-0.087441
-0.091431
-0.095540
-0.099771
-0.104124
-0.108602
-0.113207
-0.117939
-0.122802
-0.127797
-0.132925
-0.138188
-0.143588
-0.149128
-0.154808
-0.160630
-0.166597
-0.172709
-0.178969
-0.185379
-0.191940
-0.198654
-0.000078
-0.000094
-0.000136
-0.000200
-0.000284
-0.000387
-0.000509
-0.000652
-0.000816
-0.001001
-0.001209
-0.001441
-0.001697
-0.001980
-0.002290
-0.002629
-0.002997
-0.003396
-0.003826
-0.004290
-0.004789
-0.005323
-0.005894
-0.006503
-0.007151
-0.007840
-0.008571
-0.009345
-0.010163
-0.011026
-0.011937
-0.012895
-0.013902
-0.014960
-0.016070
-0.017232
-0.018449
-0.019721
-0.021049
-0.022435
-0.023881
-0.025386
-0.026954
-0.028584
-0.030278
-0.032037
-0.033863
-0.035756
-0.037719
-0.039751
-0.041855
-0.044032
-0.046283
-0.048608
-0.051011
-0.053491
-0.056049
-0.058688
-0.061408
-0.064211
-0.067097
-0.070069
-0.073127
-0.076273
-0.079507
-0.082832
-0.086248
-0.089756
-0.093358
-0.097055
-0.100848
-0.104739
-0.108729
-0.112819
-0.117010
-0.121303
-0.125701
-0.130203
-0.134811
-0.139527
0.000041
0.000031
0.000007
-0.000031
-0.000080
-0.000140
-0.000211
-0.000294
-0.000390
-0.000497
-0.000618
-0.000752
-0.000901
-0.001065
-0.001244
-0.001439
-0.001652
-0.001882
-0.002130
-0.002397
-0.002685
-0.002992
-0.003321
-0.003671
-0.004044
-0.004440
-0.004860
-0.005305
-0.005775
-0.006271
-0.006794
-0.007344
-0.007923
-0.008530
-0.009167
-0.009834
-0.010532
-0.011262
-0.012024
-0.012819
-0.013648
-0.014512
-0.015410
-0.016345
-0.017316
-0.018325
-0.019372
-0.020457
-0.021582
-0.022747
-0.023953
-0.025200
-0.026490
-0.027823
-0.029199
-0.030620
-0.032086
-0.033598
-0.035157
-0.036762
-0.038416
-0.040118
-0.041870
-0.043672
-0.045525
-0.047430
-0.049386
-0.051396
-0.053459
-0.055577
-0.057750
-0.059978
-0.062264
-0.064606
-0.067007
-0.069466
-0.071985
-0.074563
-0.077203
-0.079904
0.000160
0.000157
0.000150
0.000139
0.000125
0.000108
0.000088
0.000065
0.000039
0.000009
-0.000024
-0.000060
-0.000101
-0.000144
-0.000192
-0.000244
-0.000300
-0.000361
-0.000426
-0.000496
-0.000570
-0.000650
-0.000735
-0.000826
-0.000922
-0.001024
-0.001132
-0.001246
-0.001367
-0.001494
-0.001627
-0.001767
-0.001915
-0.002069
-0.002231
-0.002401
-0.002578
-0.002763
-0.002956
-0.003157
-0.003367
-0.003585
-0.003812
-0.004048
-0.004293
-0.004548
-0.004811
-0.005085
-0.005368
-0.005661
-0.005965
-0.006279
-0.006603
-0.006938
-0.007284
-0.007641
-0.008009
-0.008389
-0.008780
-0.009183
-0.009598
-0.010025
-0.010465
-0.010917
-0.011381
-0.011859
-0.012349
-0.012853
-0.013370
-0.013901
-0.014446
-0.015004
-0.015577
-0.016164
-0.016765
-0.017382
-0.018013
-0.018659
-0.019320
-0.019997
0.000280
0.000284
0.000294
0.000310
0.000331
0.000357
0.000388
0.000425
0.000467
0.000516
0.000571
0.000632
0.000701
0.000777
0.000861
0.000953
0.001053
0.001162
0.001281
0.001409
0.001546
0.001694
0.001853
0.002023
0.002203
0.002396
0.002601
0.002817
0.003047
0.003290
0.003546
0.003816
0.004100
0.004399
0.004713
0.005041
0.005386
0.005746
0.006123
0.006516
0.006927
0.007354
0.007800
0.008263
0.008745
0.009246
0.009766
0.010305
0.010865
0.011444
0.012044
0.012665
0.013308
0.013971
0.014657
0.015366
0.016097
0.016851
0.017628
0.018429
0.019254
0.020104
0.020978
0.021878
0.022803
0.023754
0.024732
0.025735
0.026766
0.027824
0.028910
0.030024
0.031165
0.032336
0.033536
0.034765
0.036024
0.037312
0.038632
0.039982
0.000399
0.000410
0.000438
0.000480
0.000536
0.000605
0.000687
0.000784
0.000895
0.001021
0.001164
0.001323
0.001500
0.001696
0.001911
0.002147
0.002403
0.002682
0.002983
0.003308
0.003658
0.004034
0.004435
0.004865
0.005322
0.005808
0.006325
0.006872
0.007451
0.008062
0.008707
0.009387
0.010101
0.010852
0.011640
0.012466
0.013331
0.014235
0.015180
0.016167
0.017196
0.018268
0.019384
0.020546
0.021753
0.023007
0.024309
0.025659
0.027059
0.028509
0.030011
0.031564
0.033171
0.034831
0.036547
0.038317
0.040145
0.042030
0.043973
0.045976
0.048038
0.050162
0.052347
0.054595
0.056907
0.059283
0.061724
0.064232
0.066807
0.069451
0.072163
0.074944
0.077797
0.080721
0.083718
0.086787
0.089932
0.093151
0.096446
0.099818
0.000518
0.000535
0.000580
0.000649
0.000739
0.000851
0.000985
0.001141
0.001320
0.001524
0.001754
0.002010
0.002295
0.002610
0.002956
0.003333
0.003745
0.004192
0.004676
0.005197
0.005758
0.006359
0.007002
0.007690
0.008422
0.009200
0.010026
0.010902
0.011828
0.012806
0.013837
0.014924
0.016067
0.017267
0.018526
0.019847
0.021228
0.022674
0.024184
0.025760
0.027404
0.029117
0.030900
0.032755
0.034683
0.036686
0.038765
0.040922
0.043157
0.045473
0.047870
0.050351
0.052916
0.055567
0.058306
0.061133
0.064051
0.067060
0.070162
0.073359
0.076651
0.080041
0.083529
0.087118
0.090808
0.094601
0.098498
0.102501
0.106611
0.110830
0.115159
0.119599
0.124152
0.128819
0.133602
0.138501
0.143520
0.148658
0.153917
0.159299
0.000635
0.000660
0.000722
0.000816
0.000941
0.001095
0.001279
0.001494
0.001741
0.002022
0.002338
0.002691
0.003083
0.003515
0.003990
0.004509
0.005075
0.005688
0.006352
0.007067
0.007837
0.008662
0.009545
0.010488
0.011492
0.012560
0.013693
0.014894
0.016164
0.017505
0.018919
0.020409
0.021975
0.023621
0.025347
0.027157
0.029051
0.031032
0.033102
0.035262
0.037515
0.039862
0.042306
0.044848
0.047490
0.050235
0.053084
0.056039
0.059102
0.062275
0.065560
0.068959
0.072473
0.076106
0.079858
0.083731
0.087729
0.091851
0.096101
0.100481
0.104991
0.109635
0.114414
0.119330
0.124386
0.129582
0.134921
0.140405
0.146035
0.151815
0.157745
0.163828
0.170065
0.176458
0.183010
0.189723
0.196597
0.203636
0.210841
0.218213
0.000751
0.000782
0.000862
0.000982
0.001140
0.001336
0.001570
0.001843
0.002157
0.002513
0.002914
0.003362
0.003860
0.004408
0.005011
0.005669
0.006386
0.007165
0.008006
0.008913
0.009889
0.010935
0.012054
0.013249
0.014522
0.015875
0.017311
0.018833
0.020442
0.022142
0.023934
0.025821
0.027806
0.029891
0.032078
0.034371
0.036770
0.039280
0.041902
0.044639
0.047492
0.050466
0.053561
0.056782
0.060129
0.063605
0.067214
0.070957
0.074837
0.078856
0.083016
0.087321
0.091773
0.096373
0.101126
0.106032
0.111094
0.116316
0.121699
0.127245
0.132958
0.138840
0.144892
0.151119
0.157521
0.164102
0.170864
0.177809
0.184940
0.192260
0.199770
0.207474
0.215373
0.223470
0.231768
0.240269
0.248976
0.257890
0.267014
0.276352
0.000865
0.000903
0.000999
0.001144
0.001336
0.001573
0.001856
0.002186
0.002565
0.002996
0.003481
0.004023
0.004624
0.005286
0.006014
0.006810
0.007676
0.008616
0.009632
0.010728
0.011906
0.013170
0.014521
0.015964
0.017501
0.019135
0.020869
0.022706
0.024648
0.026700
0.028864
0.031142
0.033538
0.036055
0.038696
0.041463
0.044359
0.047389
0.050553
0.053857
0.057301
0.060890
0.064627
0.068513
0.072553
0.076750
0.081105
0.085623
0.090305
0.095156
0.100178
0.105373
0.110746
0.116298
0.122034
0.127955
0.134065
0.140367
0.146864
0.153558
0.160452
0.167550
0.174855
0.182370
0.190096
0.198039
0.206199
0.214581
0.223187
0.232021
0.241085
0.250382
0.259915
0.269688
0.279702
0.289961
0.300468
0.311226
0.322238
0.333507
0.000977
0.001021
0.001133
0.001304
0.001528
0.001805
0.002136
0.002522
0.002966
0.003470
0.004036
0.004669
0.005372
0.006146
0.006997
0.007927
0.008939
0.010038
0.011225
0.012505
0.013882
0.015358
0.016937
0.018623
0.020418
0.022327
0.024352
0.026498
0.028767
0.031164
0.033691
0.036353
0.039151
0.042091
0.045175
0.048408
0.051791
0.055329
0.059025
0.062884
0.066907
0.071099
0.075462
0.080002
0.084720
0.089621
0.094708
0.099984
0.105453
0.111118
0.116983
0.123051
0.129325
0.135810
0.142508
0.149423
0.156559
0.163919
0.171506
0.179324
0.187375
0.195665
0.204196
0.212972
0.221996
0.231271
0.240802
0.250590
0.260641
0.270957
0.281542
0.292400
0.303533
0.314945
0.326640
0.338622
0.350892
0.363456
0.376316
0.389476
0.001086
0.001137
0.001265
0.001459
0.001715
0.002032
0.002409
0.002850
0.003356
0.003931
0.004578
0.005300
0.006101
0.006985
0.007956
0.009016
0.010171
0.011424
0.012778
0.014239
0.015809
0.017492
0.019293
0.021215
0.023263
0.025440
0.027750
0.030197
0.032785
0.035518
0.038400
0.041434
0.044626
0.047978
0.051495
0.055181
0.059039
0.063073
0.067288
0.071687
0.076274
0.081054
0.086030
0.091206
0.096586
0.102174
0.107974
0.113990
0.120225
0.126685
0.133372
0.140290
0.147445
0.154838
0.162476
0.170360
0.178497
0.186888
0.195538
0.204452
0.213632
0.223084
0.232811
0.242817
0.253105
0.263681
0.274547
0.285708
0.297167
0.308930
0.320998
0.333377
0.346071
0.359083
0.372417
0.386078
0.400068
0.414393
0.429055
0.444059
0.001192
0.001249
0.001392
0.001610
0.001897
0.002251
0.002675
0.003168
0.003735
0.004379
0.005104
0.005913
0.006810
0.007800
0.008887
0.010074
0.011367
0.012770
0.014287
0.015922
0.017680
0.019565
0.021581
0.023733
0.026026
0.028463
0.031049
0.033788
0.036686
0.039745
0.042972
0.046369
0.049942
0.053695
0.057632
0.061758
0.066076
0.070593
0.075311
0.080236
0.085371
0.090722
0.096292
0.102086
0.108108
0.114364
0.120856
0.127590
0.134570
0.141801
0.149287
0.157031
0.165040
0.173316
0.181865
0.190692
0.199799
0.209192
0.218875
0.228853
0.239129
0.249709
0.260598
0.271798
0.283315
0.295153
0.307316
0.319809
0.332637
0.345803
0.359312
0.373169
0.387378
0.401943
0.416869
0.432160
0.447821
0.463855
0.480268
0.497063
0.001294
0.001357
0.001516
0.001756
0.002073
0.002464
0.002931
0.003476
0.004102
0.004813
0.005612
0.006505
0.007495
0.008587
0.009787
0.011097
0.012524
0.014072
0.015745
0.017549
0.019489
0.021568
0.023793
0.026167
0.028696
0.031385
0.034238
0.037260
0.040457
0.043832
0.047391
0.051139
0.055081
0.059221
0.063564
0.068115
0.072880
0.077862
0.083067
0.088499
0.094164
0.100067
0.106211
0.112603
0.119246
0.126146
0.133308
0.140737
0.148437
0.156413
0.164671
0.173214
0.182048
0.191178
0.200608
0.210344
0.220391
0.230752
0.241434
0.252440
0.263776
0.275447
0.287457
0.299812
0.312516
0.325574
0.338992
0.352773
0.366923
0.381446
0.396348
0.411634
0.427307
0.443374
0.459839
0.476706
0.493981
0.511668
0.529773
0.548299
0.001393
0.001461
0.001634
0.001897
0.002242
0.002669
0.003178
0.003772
0.004455
0.005230
0.006101
0.007075
0.008154
0.009345
0.010652
0.012081
0.013637
0.015324
0.017148
0.019115
0.021229
0.023495
0.025920
0.028508
0.031265
0.034196
0.037306
0.040600
0.044084
0.047763
0.051643
0.055728
0.060024
0.064536
0.069270
0.074231
0.079424
0.084854
0.090527
0.096448
0.102623
0.109056
0.115753
0.122719
0.129960
0.137481
0.145287
0.153383
0.161776
0.170469
0.179469
0.188780
0.198409
0.208359
0.218638
0.229249
0.240198
0.251491
0.263133
0.275129
0.287484
0.300204
0.313294
0.326760
0.340606
0.354838
0.369462
0.384482
0.399904
0.415733
0.431975
0.448634
0.465717
0.483228
0.501172
0.519556
0.538383
0.557661
0.577393
0.597584
0.001487
0.001561
0.001748
0.002031
0.002404
0.002865
0.003414
0.004056
0.004792
0.005629
0.006570
0.007620
0.008785
0.010070
0.011481
0.013023
0.014701
0.016522
0.018491
0.020613
0.022894
0.025340
0.027956
0.030749
0.033724
0.036886
0.040241
0.043796
0.047555
0.051525
0.055711
0.060119
0.064754
0.069623
0.074731
0.080083
0.085686
0.091545
0.097666
0.104055
0.110717
0.117658
0.124883
0.132400
0.140212
0.148327
0.156749
0.165484
0.174539
0.183919
0.193629
0.203675
0.214064
0.224800
0.235889
0.247338
0.259152
0.271336
0.283897
0.296839
0.310170
0.323894
0.338018
0.352546
0.367485
0.382840
0.398618
0.414823
0.431462
0.448541
0.466064
0.484039
0.502469
0.521362
0.540723
0.560557
0.580871
0.601669
0.622959
0.644744
0.001577
0.001656
0.001856
0.002159
0.002558
0.003051
0.003639
0.004326
0.005114
0.006009
0.007015
0.008139
0.009385
0.010760
0.012269
0.013919
0.015714
0.017662
0.019768
0.022038
0.024478
0.027095
0.029893
0.032881
0.036063
0.039445
0.043035
0.046837
0.050858
0.055104
0.059582
0.064296
0.069255
0.074462
0.079925
0.085651
0.091643
0.097910
0.104458
0.111291
0.118417
0.125841
0.133570
0.141609
0.149966
0.158645
0.167654
0.176997
0.186682
0.196715
0.207101
0.217846
0.228958
0.240441
0.252302
0.264548
0.277184
0.290216
0.303651
0.317494
0.331752
0.346432
0.361538
0.377078
0.393056
0.409480
0.426356
0.443689
0.461486
0.479753
0.498496
0.517721
0.537435
0.557642
0.578350
0.599565
0.621292
0.643538
0.666309
0.689610
0.001663
0.001747
0.001959
0.002280
0.002704
0.003228
0.003852
0.004581
0.005418
0.006368
0.007436
0.008630
0.009953
0.011413
0.013015
0.014766
0.016672
0.018740
0.020975
0.023385
0.025976
0.028753
0.031725
0.034896
0.038274
0.041865
0.045675
0.049711
0.053980
0.058488
0.063241
0.068246
0.073509
0.079037
0.084836
0.090914
0.097275
0.103928
0.110878
0.118132
0.125696
0.133577
0.141781
0.150316
0.159186
0.168399
0.177962
0.187880
0.198161
0.208811
0.219836
0.231242
0.243037
0.255227
0.267818
0.280817
0.294230
0.308064
0.322325
0.337020
0.352155
0.367737
0.383773
0.400268
0.417230
0.434664
0.452577
0.470976
0.489868
0.509259
0.529154
0.549562
0.570488
0.591938
0.613920
0.636440
0.659503
0.683118
0.707289
0.732024
0.001743
0.001831
0.002055
0.002394
0.002841
0.003393
0.004052
0.004820
0.005703
0.006705
0.007832
0.009090
0.010486
0.012025
0.013715
0.015561
0.017571
0.019752
0.022109
0.024650
0.027382
0.030311
0.033444
0.036788
0.040349
0.044136
0.048154
0.052409
0.056911
0.061663
0.066675
0.071952
0.077502
0.083331
0.089446
0.095854
0.102562
0.109576
0.116905
0.124553
0.132529
0.140838
0.149489
0.158487
0.167840
0.177555
0.187638
0.198096
0.208936
0.220165
0.231789
0.243816
0.256252
0.269105
0.282381
0.296087
0.310230
0.324816
0.339853
0.355347
0.371306
0.387735
0.404642
0.422035
0.439919
0.458301
0.477189
0.496589
0.516508
0.536953
0.557931
0.579448
0.601512
0.624129
0.647306
0.671051
0.695369
0.720267
0.745753
0.771833
0.001817
0.001910
0.002145
0.002501
0.002969
0.003548
0.004238
0.005044
0.005969
0.007019
0.008200
0.009519
0.010982
0.012595
0.014366
0.016302
0.018409
0.020694
0.023165
0.025828
0.028691
0.031761
0.035044
0.038549
0.042282
0.046250
0.050461
0.054922
0.059639
0.064621
0.069873
0.075404
0.081220
0.087329
0.093738
0.100454
0.107484
0.114835
0.122516
0.130531
0.138890
0.147599
0.156665
0.166096
0.175898
0.186079
0.196646
0.207606
0.218967
0.230735
0.242918
0.255523
0.268557
0.282027
0.295940
0.310304
0.325126
0.340413
0.356172
0.372410
0.389135
0.406354
0.424073
0.442301
0.461044
0.480308
0.500103
0.520434
0.541310
0.562738
0.584723
0.607273
0.630397
0.654100
0.678390
0.703275
0.728760
0.754855
0.781565
0.808897
0.001886
0.001983
0.002228
0.002599
0.003087
0.003690
0.004410
0.005250
0.006214
0.007309
0.008540
0.009915
0.011440
0.013122
0.014968
0.016985
0.019181
0.021563
0.024138
0.026915
0.029899
0.033098
0.036521
0.040174
0.044065
0.048201
0.052590
0.057239
0.062156
0.067348
0.072823
0.078587
0.084650
0.091017
0.097696
0.104696
0.112024
0.119686
0.127691
0.136046
0.144758
0.153835
0.163284
0.173114
0.183330
0.193942
0.204955
0.216379
0.228220
0.240485
0.253183
0.266321
0.279905
0.293945
0.308447
0.323418
0.338866
0.354799
0.371224
0.388149
0.405581
0.423527
0.441995
0.460993
0.480528
0.500607
0.521238
0.542429
0.564187
0.586520
0.609435
0.632938
0.657039
0.681744
0.707061
0.732997
0.759560
0.786757
0.814596
0.843083
0.001949
0.002050
0.002303
0.002688
0.003195
0.003821
0.004567
0.005438
0.006438
0.007574
0.008851
0.010277
0.011858
0.013602
0.015516
0.017609
0.019886
0.022356
0.025027
0.027906
0.031001
0.034319
0.037868
0.041657
0.045692
0.049981
0.054532
0.059354
0.064453
0.069837
0.075514
0.081492
0.087778
0.094381
0.101308
0.108567
0.116166
0.124112
0.132413
0.141077
0.150111
0.159524
0.169323
0.179516
0.190111
0.201115
0.212536
0.224382
0.236661
0.249380
0.262548
0.276172
0.290259
0.304818
0.319856
0.335381
0.351401
0.367923
0.384956
0.402507
0.420583
0.439193
0.458345
0.478046
0.498303
0.519125
0.540520
0.562495
0.585058
0.608216
0.631979
0.656352
0.681344
0.706963
0.733216
0.760112
0.787658
0.815861
0.844730
0.874271
0.002006
0.002110
0.002372
0.002769
0.003292
0.003938
0.004709
0.005608
0.006640
0.007812
0.009131
0.010602
0.012234
0.014035
0.016011
0.018170
0.020521
0.023071
0.025827
0.028799
0.031993
0.035418
0.039081
0.042992
0.047156
0.051584
0.056281
0.061257
0.066520
0.072077
0.077937
0.084107
0.090595
0.097410
0.104560
0.112052
0.119895
0.128096
0.136664
0.145606
0.154931
0.164646
0.174760
0.185280
0.196215
0.207573
0.219361
0.231587
0.244261
0.257389
0.270979
0.285040
0.299580
0.314607
0.330128
0.346151
0.362686
0.379739
0.397318
0.415433
0.434090
0.453298
0.473065
0.493398
0.514306
0.535797
0.557878
0.580559
0.603847
0.627749
0.652274
0.677431
0.703226
0.729667
0.756764
0.784523
0.812953
0.842063
0.871859
0.902349
0.002057
0.002164
0.002433
0.002841
0.003378
0.004042
0.004834
0.005758
0.006819
0.008024
0.009378
0.010891
0.012568
0.014418
0.016449
0.018668
0.021083
0.023704
0.026536
0.029590
0.032872
0.036392
0.040156
0.044174
0.048454
0.053003
0.057830
0.062944
0.068352
0.074062
0.080083
0.086423
0.093091
0.100094
0.107440
0.115139
0.123198
0.131625
0.140429
0.149618
0.159200
0.169183
0.179576
0.190386
0.201622
0.213293
0.225406
0.237969
0.250992
0.264482
0.278447
0.292896
0.307836
0.323277
0.339225
0.355691
0.372681
0.390204
0.408268
0.426881
0.446053
0.465791
0.486102
0.506995
0.528480
0.550563
0.573253
0.596558
0.620488
0.645049
0.670250
0.696100
0.722606
0.749776
0.777619
0.806144
0.835358
0.865269
0.895886
0.927217
0.002101
0.002210
0.002486
0.002904
0.003454
0.004133
0.004944
0.005889
0.006975
0.008207
0.009594
0.011141
0.012858
0.014751
0.016829
0.019100
0.021572
0.024253
0.027152
0.030276
0.033635
0.037237
0.041089
0.045200
0.049580
0.054235
0.059175
0.064407
0.069941
0.075784
0.081945
0.088433
0.095255
0.102421
0.109939
0.117817
0.126063
0.134687
0.143696
0.153098
0.162903
0.173118
0.183753
0.194815
0.206312
0.218255
0.230649
0.243505
0.256831
0.270634
0.284924
0.299709
0.314997
0.330797
0.347116
0.363965
0.381350
0.399281
0.417765
0.436812
0.456430
0.476626
0.497410
0.518790
0.540773
0.563370
0.586588
0.610436
0.634922
0.660054
0.685842
0.712292
0.739415
0.767218
0.795709
0.824897
0.854790
0.885398
0.916727
0.948786
0.002139
0.002250
0.002531
0.002957
0.003517
0.004210
0.005036
0.006000
0.007106
0.008363
0.009776
0.011353
0.013103
0.015032
0.017150
0.019465
0.021984
0.024717
0.027671
0.030856
0.034279
0.037950
0.041876
0.046066
0.050530
0.055274
0.060309
0.065642
0.071281
0.077237
0.083516
0.090128
0.097082
0.104385
0.112047
0.120076
0.128481
0.137269
0.146451
0.156034
0.166027
0.176438
0.187277
0.198551
0.210269
0.222440
0.235072
0.248175
0.261756
0.275825
0.290389
0.305457
0.321038
0.337141
0.353773
0.370945
0.388663
0.406938
0.425777
0.445189
0.465183
0.485767
0.506949
0.528739
0.551144
0.574174
0.597837
0.622141
0.647097
0.672712
0.698994
0.725952
0.753595
0.781931
0.810968
0.840716
0.871182
0.902377
0.934307
0.966981
0.002169
0.002282
0.002568
0.003000
0.003569
0.004273
0.005111
0.006090
0.007214
0.008489
0.009924
0.011525
0.013301
0.015261
0.017411
0.019761
0.022319
0.025093
0.028093
0.031326
0.034802
0.038528
0.042515
0.046769
0.051300
0.056118
0.061229
0.066643
0.072369
0.078415
0.084790
0.091503
0.098563
0.105978
0.113757
0.121908
0.130441
0.139364
0.148686
0.158415
0.168561
0.179131
0.190135
0.201581
0.213478
0.225835
0.238660
0.251962
0.265751
0.280034
0.294820
0.310118
0.325937
0.342286
0.359172
0.376605
0.394594
0.413148
0.432274
0.451982
0.472281
0.493179
0.514685
0.536807
0.559554
0.582935
0.606959
0.631635
0.656971
0.682977
0.709660
0.737029
0.765093
0.793862
0.823342
0.853544
0.884476
0.916146
0.948564
0.981736
0.002193
0.002308
0.002596
0.003034
0.003609
0.004321
0.005169
0.006159
0.007296
0.008586
0.010037
0.011657
0.013454
0.015435
0.017611
0.019987
0.022575
0.025381
0.028415
0.031686
0.035201
0.038971
0.043003
0.047306
0.051889
0.056762
0.061932
0.067408
0.073200
0.079315
0.085764
0.092554
0.099694
0.107194
0.115063
0.123308
0.131938
0.140964
0.150393
0.160234
0.170495
0.181187
0.192317
0.203894
0.215928
0.228426
0.241399
0.254854
0.268800
0.283247
0.298203
0.313677
0.329677
0.346213
0.363293
0.380927
0.399122
0.417888
0.437234
0.457168
0.477700
0.498838
0.520590
0.542966
0.565974
0.589623
0.613923
0.638881
0.664509
0.690812
0.717801
0.745484
0.773871
0.802969
0.832788
0.863336
0.894623
0.926657
0.959446
0.992999
0.002210
0.002325
0.002616
0.003057
0.003638
0.004355
0.005210
0.006207
0.007353
0.008653
0.010116
0.011748
0.013559
0.015556
0.017748
0.020144
0.022751
0.025580
0.028637
0.031933
0.035476
0.039275
0.043338
0.047675
0.052295
0.057205
0.062415
0.067934
0.073771
0.079934
0.086433
0.093276
0.100472
0.108030
0.115959
0.124269
0.132967
0.142063
0.151565
0.161482
0.171824
0.182599
0.193815
0.205483
0.217610
0.230206
0.243279
0.256839
0.270894
0.285453
0.300526
0.316120
0.332244
0.348909
0.366122
0.383893
0.402230
0.421142
0.440638
0.460728
0.481420
0.502722
0.524644
0.547193
0.570380
0.594214
0.618703
0.643856
0.669682
0.696191
0.723389
0.751288
0.779896
0.809221
0.839272
0.870058
0.901588
0.933871
0.966915
1.000730
0.002220
0.002336
0.002628
0.003071
0.003654
0.004374
0.005232
0.006234
0.007385
0.008690
0.010159
0.011799
0.013617
0.015622
0.017824
0.020229
0.022848
0.025688
0.028758
0.032068
0.035626
0.039440
0.043521
0.047876
0.052514
0.057445
0.062677
0.068219
0.074080
0.080269
0.086795
0.093666
0.100892
0.108482
0.116444
0.124788
0.133523
0.142656
0.152198
0.162157
0.172542
0.183361
0.194625
0.206341
0.218518
0.231167
0.244294
0.257911
0.272024
0.286644
0.301779
0.317438
0.333630
0.350364
0.367649
0.385494
0.403907
0.422898
0.442476
0.462649
0.483427
0.504818
0.526831
0.549475
0.572758
0.596691
0.621282
0.646540
0.672474
0.699093
0.726405
0.754420
0.783147
0.812594
0.842770
0.873684
0.905346
0.937763
0.970945
1.004901
0.002223
0.002339
0.002631
0.003074
0.003657
0.004378
0.005237
0.006240
0.007391
0.008698
0.010167
0.011808
0.013627
0.015634
0.017836
0.020243
0.022863
0.025705
0.028778
0.032089
0.035649
0.039466
0.043549
0.047907
0.052548
0.057481
0.062717
0.068262
0.074126
0.080319
0.086848
0.093724
0.100954
0.108548
0.116516
0.124865
0.133604
0.142743
0.152291
0.162255
0.172646
0.183472
0.194742
0.206465
0.218650
0.231306
0.244441
0.258065
0.272188
0.286816
0.301960
0.317628
0.333830
0.350574
0.367869
0.385724
0.404148
0.423151
0.442740
0.462925
0.483715
0.505119
0.527144
0.549802
0.573099
0.597046
0.621651
0.646924
0.672874
0.699508
0.726836
0.754868
0.783612
0.813076
0.843270
0.874203
0.905883
0.938320
0.971522
1.005497
0.002219
0.002334
0.002626
0.003068
0.003649
0.004368
0.005225
0.006224
0.007372
0.008675
0.010140
0.011776
0.013590
0.015590
0.017786
0.020186
0.022799
0.025632
0.028695
0.031997
0.035547
0.039352
0.043423
0.047768
0.052395
0.057314
0.062534
0.068062
0.073910
0.080084
0.086594
0.093449
0.100658
0.108229
0.116173
0.124497
0.133211
0.142323
0.151842
0.161777
0.172137
0.182931
0.194168
0.205856
0.218004
0.230622
0.243719
0.257303
0.271383
0.285968
0.301067
0.316689
0.332842
0.349536
0.366780
0.384583
0.402952
0.421898
0.441429
0.461554
0.482283
0.503623
0.525584
0.548174
0.571402
0.595277
0.619810
0.645007
0.670880
0.697435
0.724683
0.752631
0.781289
0.810667
0.840771
0.871612
0.903198
0.935539
0.968642
1.002517
0.002208
0.002322
0.002612
0.003051
0.003629
0.004343
0.005194
0.006187
0.007327
0.008622
0.010077
0.011702
0.013505
0.015492
0.017674
0.020058
0.022654
0.025468
0.028512
0.031792
0.035318
0.039099
0.043143
0.047459
0.052057
0.056944
0.062129
0.067622
0.073430
0.079564
0.086032
0.092842
0.100004
0.107526
0.115418
0.123688
0.132344
0.141397
0.150854
0.160724
0.171016
0.181739
0.192903
0.204514
0.216584
0.229119
0.242130
0.255625
0.269613
0.284103
0.299103
0.314623
0.330671
0.347256
0.364387
0.382073
0.400323
0.419145
0.438548
0.458542
0.479135
0.500336
0.522153
0.544596
0.567672
0.591392
0.615763
0.640796
0.666500
0.692882
0.719951
0.747717
0.776188
0.805373
0.835281
0.865921
0.897301
0.929430
0.962317
0.995971
0.002189
0.002303
0.002590
0.003024
0.003596
0.004303
0.005146
0.006129
0.007257
0.008539
0.009980
0.011588
0.013372
0.015340
0.017500
0.019860
0.022429
0.025215
0.028227
0.031475
0.034965
0.038707
0.042711
0.046983
0.051534
0.056371
0.061504
0.066941
0.072691
0.078762
0.085164
0.091905
0.098995
0.106441
0.114252
0.122438
0.131007
0.139968
0.149329
0.159099
0.169287
0.179902
0.190952
0.202446
0.214393
0.226801
0.239680
0.253039
0.266885
0.281228
0.296076
0.311438
0.327324
0.343741
0.360698
0.378205
0.396270
0.414901
0.434108
0.453899
0.474284
0.495269
0.516865
0.539080
0.561923
0.585402
0.609527
0.634306
0.659749
0.685864
0.712659
0.740144
0.768326
0.797216
0.826820
0.857149
0.888211
0.920015
0.952569
0.985882
0.002164
0.002276
0.002559
0.002988
0.003552
0.004249
0.005080
0.006050
0.007163
0.008426
0.009848
0.011434
0.013193
0.015134
0.017264
0.019591
0.022125
0.024873
0.027843
0.031046
0.034488
0.038179
0.042127
0.046340
0.050828
0.055599
0.060661
0.066023
0.071693
0.077681
0.083995
0.090643
0.097634
0.104978
0.112681
0.120754
0.129205
0.138042
0.147274
0.156910
0.166957
0.177425
0.188322
0.199658
0.211440
0.223677
0.236378
0.249552
0.263208
0.277353
0.291996
0.307146
0.322812
0.339003
0.355726
0.372992
0.390807
0.409181
0.428123
0.447642
0.467745
0.488441
0.509739
0.531648
0.554175
0.577331
0.601123
0.625560
0.650652
0.676407
0.702832
0.729938
0.757731
0.786222
0.815418
0.845329
0.875963
0.907328
0.939433
0.972286
0.002132
0.002243
0.002520
0.002942
0.003496
0.004181
0.004997
0.005950
0.007043
0.008285
0.009681
0.011240
0.012968
0.014875
0.016967
0.019254
0.021743
0.024443
0.027361
0.030507
0.033889
0.037515
0.041394
0.045534
0.049943
0.054629
0.059603
0.064870
0.070441
0.076324
0.082527
0.089058
0.095927
0.103142
0.110710
0.118641
0.126944
0.135626
0.144696
0.154162
0.164033
0.174317
0.185023
0.196160
0.207735
0.219758
0.232236
0.245179
0.258595
0.272491
0.286878
0.301762
0.317153
0.333060
0.349490
0.366452
0.383955
0.402007
0.420616
0.439793
0.459543
0.479876
0.500800
0.522324
0.544456
0.567206
0.590580
0.614589
0.639241
0.664544
0.690505
0.717135
0.744441
0.772432
0.801116
0.830502
0.860598
0.891413
0.922955
0.955231
0.002094
0.002202
0.002474
0.002886
0.003429
0.004099
0.004898
0.005830
0.006900
0.008115
0.009481
0.011006
0.012698
0.014563
0.016611
0.018849
0.021284
0.023926
0.026782
0.029861
0.033171
0.036719
0.040515
0.044565
0.048880
0.053466
0.058333
0.063488
0.068940
0.074696
0.080766
0.087158
0.093879
0.100939
0.108346
0.116107
0.124232
0.132728
0.141603
0.150867
0.160526
0.170590
0.181067
0.191965
0.203293
0.215058
0.227269
0.239934
0.253062
0.266661
0.280739
0.295305
0.310367
0.325932
0.342010
0.358609
0.375737
0.393403
0.411614
0.430379
0.449706
0.469604
0.490080
0.511143
0.532801
0.555063
0.577937
0.601432
0.625556
0.650317
0.675722
0.701782
0.728503
0.755895
0.783964
0.812721
0.842172
0.872328
0.903194
0.934779
0.002049
0.002154
0.002419
0.002821
0.003350
0.004003
0.004781
0.005690
0.006733
0.007917
0.009248
0.010734
0.012383
0.014201
0.016197
0.018377
0.020751
0.023326
0.026109
0.029110
0.032335
0.035793
0.039492
0.043440
0.047644
0.052114
0.056857
0.061881
0.067193
0.072803
0.078719
0.084948
0.091498
0.098379
0.105597
0.113161
0.121078
0.129358
0.138008
0.147035
0.156449
0.166257
0.176467
0.187088
0.198127
0.209593
0.221493
0.233836
0.246630
0.259883
0.273603
0.287798
0.302476
0.317646
0.333315
0.349491
0.366183
0.383399
0.401147
0.419435
0.438270
0.457662
0.477617
0.498144
0.519251
0.540947
0.563239
0.586136
0.609646
0.633777
0.658536
0.683932
0.709974
0.736668
0.764024
0.792049
0.820751
0.850139
0.880220
0.911001
0.001997
0.002099
0.002357
0.002747
0.003260
0.003893
0.004649
0.005530
0.006542
0.007691
0.008983
0.010425
0.012025
0.013789
0.015725
0.017841
0.020145
0.022643
0.025344
0.028255
0.031385
0.034740
0.038329
0.042160
0.046240
0.050577
0.055179
0.060054
0.065209
0.070652
0.076392
0.082436
0.088793
0.095469
0.102473
0.109812
0.117495
0.125529
0.133922
0.142682
0.151816
0.161333
0.171240
0.181545
0.192257
0.203382
0.214930
0.226907
0.239321
0.252181
0.265494
0.279267
0.293510
0.308230
0.323434
0.339130
0.355327
0.372033
0.389254
0.406999
0.425276
0.444092
0.463455
0.483373
0.503854
0.524906
0.546537
0.568755
0.591568
0.614982
0.639007
0.663650
0.688919
0.714822
0.741365
0.768559
0.796410
0.824926
0.854115
0.883983
0.001939
0.002038
0.002287
0.002664
0.003159
0.003771
0.004501
0.005352
0.006330
0.007439
0.008687
0.010080
0.011625
0.013329
0.015199
0.017243
0.019468
0.021881
0.024489
0.027301
0.030324
0.033565
0.037031
0.040731
0.044672
0.048861
0.053306
0.058014
0.062993
0.068251
0.073794
0.079632
0.085772
0.092220
0.098985
0.106073
0.113494
0.121254
0.129360
0.137821
0.146643
0.155835
0.165404
0.175358
0.185704
0.196449
0.207602
0.219170
0.231161
0.243582
0.256440
0.269744
0.283501
0.297718
0.312403
0.327564
0.343208
0.359343
0.375976
0.393116
0.410768
0.428942
0.447645
0.466883
0.486665
0.506999
0.527891
0.549351
0.571385
0.594001
0.617206
0.641007
0.665414
0.690432
0.716070
0.742336
0.769236
0.796779
0.824972
0.853821
0.001875
0.001970
0.002210
0.002572
0.003048
0.003637
0.004338
0.005156
0.006096
0.007162
0.008361
0.009700
0.011185
0.012822
0.014620
0.016584
0.018722
0.021041
0.023548
0.026251
0.029156
0.032271
0.035602
0.039158
0.042945
0.046971
0.051243
0.055768
0.060554
0.065607
0.070935
0.076546
0.082446
0.088644
0.095145
0.101958
0.109090
0.116548
0.124339
0.132470
0.140950
0.149784
0.158981
0.168547
0.178490
0.188818
0.199537
0.210655
0.222180
0.234117
0.246475
0.259262
0.272483
0.286147
0.300261
0.314832
0.329868
0.345375
0.361362
0.377834
0.394801
0.412267
0.430242
0.448732
0.467745
0.487288
0.507368
0.527993
0.549170
0.570906
0.593208
0.616084
0.639542
0.663587
0.688228
0.713472
0.739326
0.765798
0.792894
0.820621
0.001805
0.001897
0.002126
0.002472
0.002927
0.003490
0.004160
0.004942
0.005841
0.006860
0.008006
0.009286
0.010706
0.012271
0.013989
0.015867
0.017911
0.020128
0.022524
0.025108
0.027885
0.030862
0.034047
0.037447
0.041067
0.044916
0.048999
0.053325
0.057900
0.062730
0.067824
0.073188
0.078828
0.084753
0.090968
0.097481
0.104299
0.111428
0.118876
0.126649
0.134755
0.143201
0.151992
0.161138
0.170643
0.180516
0.190763
0.201391
0.212408
0.223820
0.235634
0.247858
0.260497
0.273559
0.287052
0.300981
0.315355
0.330179
0.345462
0.361209
0.377429
0.394126
0.411310
0.428986
0.447161
0.465844
0.485040
0.504757
0.525002
0.545781
0.567101
0.588970
0.611395
0.634382
0.657938
0.682071
0.706787
0.732093
0.757996
0.784503
0.001730
0.001817
0.002035
0.002364
0.002797
0.003332
0.003969
0.004712
0.005566
0.006534
0.007624
0.008840
0.010189
0.011677
0.013310
0.015094
0.017037
0.019143
0.021421
0.023876
0.026516
0.029345
0.032372
0.035603
0.039044
0.042701
0.046582
0.050693
0.055041
0.059632
0.064472
0.069570
0.074930
0.080561
0.086468
0.092658
0.099137
0.105913
0.112991
0.120379
0.128082
0.136108
0.144464
0.153155
0.162189
0.171572
0.181311
0.191412
0.201882
0.212728
0.223955
0.235572
0.247585
0.259999
0.272822
0.286060
0.299720
0.313810
0.328334
0.343300
0.358714
0.374584
0.390914
0.407714
0.424988
0.442743
0.460987
0.479726
0.498966
0.518714
0.538977
0.559761
0.581073
0.602920
0.625308
0.648243
0.671733
0.695784
0.720402
0.745593
0.001650
0.001732
0.001938
0.002249
0.002658
0.003163
0.003764
0.004466
0.005272
0.006187
0.007215
0.008364
0.009637
0.011042
0.012584
0.014269
0.016103
0.018092
0.020243
0.022561
0.025053
0.027725
0.030583
0.033633
0.036882
0.040335
0.044000
0.047882
0.051987
0.056322
0.060892
0.065705
0.070767
0.076083
0.081661
0.087505
0.093623
0.100021
0.106705
0.113680
0.120954
0.128533
0.136422
0.144629
0.153159
0.162018
0.171214
0.180752
0.190638
0.200879
0.211481
0.222449
0.233792
0.245514
0.257622
0.270122
0.283020
0.296324
0.310038
0.324170
0.338725
0.353709
0.369129
0.384992
0.401303
0.418068
0.435294
0.452988
0.471156
0.489803
0.508936
0.528561
0.548685
0.569314
0.590453
0.612109
0.634290
0.656999
0.680245
0.704032
0.001564
0.001642
0.001835
0.002127
0.002510
0.002983
0.003547
0.004205
0.004960
0.005818
0.006782
0.007858
0.009052
0.010369
0.011814
0.013393
0.015113
0.016977
0.018993
0.021166
0.023502
0.026006
0.028685
0.031545
0.034590
0.037827
0.041262
0.044901
0.048748
0.052812
0.057096
0.061608
0.066353
0.071336
0.076564
0.082043
0.087777
0.093774
0.100039
0.106578
0.113396
0.120500
0.127896
0.135589
0.143584
0.151889
0.160509
0.169449
0.178717
0.188316
0.198254
0.208536
0.219168
0.230156
0.241506
0.253223
0.265314
0.277785
0.290640
0.303887
0.317530
0.331576
0.346031
0.360900
0.376190
0.391906
0.408054
0.424640
0.441670
0.459150
0.477085
0.495481
0.514345
0.533682
0.553498
0.573799
0.594590
0.615878
0.637668
0.659966
0.001474
0.001547
0.001727
0.001998
0.002354
0.002794
0.003319
0.003930
0.004632
0.005429
0.006325
0.007326
0.008436
0.009660
0.011003
0.012471
0.014069
0.015803
0.017677
0.019697
0.021868
0.024196
0.026687
0.029345
0.032176
0.035185
0.038378
0.041761
0.045338
0.049115
0.053098
0.057292
0.061703
0.066335
0.071196
0.076289
0.081620
0.087195
0.093019
0.099098
0.105436
0.112040
0.118915
0.126067
0.133500
0.141220
0.149233
0.157545
0.166160
0.175084
0.184323
0.193881
0.203765
0.213980
0.224531
0.235424
0.246665
0.258258
0.270209
0.282523
0.295207
0.308265
0.321703
0.335526
0.349740
0.364350
0.379362
0.394781
0.410613
0.426863
0.443537
0.460639
0.478176
0.496152
0.514574
0.533447
0.552776
0.572566
0.592823
0.613553
0.001379
0.001447
0.001613
0.001863
0.002191
0.002596
0.003079
0.003642
0.004288
0.005022
0.005847
0.006769
0.007790
0.008917
0.010154
0.011506
0.012977
0.014573
0.016298
0.018158
0.020157
0.022301
0.024594
0.027041
0.029648
0.032418
0.035359
0.038473
0.041766
0.045244
0.048912
0.052773
0.056834
0.061100
0.065575
0.070264
0.075173
0.080306
0.085668
0.091265
0.097101
0.103182
0.109512
0.116097
0.122941
0.130049
0.137428
0.145080
0.153013
0.161230
0.169736
0.178537
0.187638
0.197044
0.206759
0.216789
0.227138
0.237813
0.248817
0.260155
0.271834
0.283857
0.296230
0.308958
0.322046
0.335498
0.349321
0.363518
0.378096
0.393059
0.408411
0.424158
0.440305
0.456858
0.473820
0.491197
0.508995
0.527218
0.545870
0.564957
0.001280
0.001343
0.001495
0.001723
0.002021
0.002390
0.002829
0.003342
0.003930
0.004598
0.005349
0.006188
0.007118
0.008144
0.009270
0.010500
0.011840
0.013292
0.014863
0.016556
0.018376
0.020327
0.022415
0.024642
0.027015
0.029538
0.032214
0.035049
0.038047
0.041213
0.044552
0.048067
0.051765
0.055648
0.059721
0.063990
0.068459
0.073132
0.078014
0.083109
0.088422
0.093957
0.099720
0.105715
0.111945
0.118417
0.125134
0.132101
0.139322
0.146803
0.154547
0.162559
0.170844
0.179407
0.188251
0.197382
0.206804
0.216522
0.226540
0.236862
0.247495
0.258440
0.269704
0.281292
0.293207
0.305454
0.318037
0.330963
0.344234
0.357856
0.371832
0.386169
0.400869
0.415938
0.431380
0.447201
0.463404
0.479994
0.496975
0.514352
0.001178
0.001235
0.001372
0.001577
0.001845
0.002176
0.002571
0.003031
0.003559
0.004159
0.004833
0.005586
0.006421
0.007342
0.008353
0.009458
0.010661
0.011965
0.013376
0.014896
0.016530
0.018282
0.020156
0.022157
0.024287
0.026552
0.028956
0.031501
0.034194
0.037037
0.040035
0.043192
0.046511
0.049998
0.053656
0.057490
0.061502
0.065699
0.070082
0.074658
0.079429
0.084400
0.089574
0.094957
0.100552
0.106364
0.112395
0.118652
0.125136
0.131854
0.138808
0.146003
0.153443
0.161132
0.169074
0.177274
0.185735
0.194461
0.203458
0.212728
0.222275
0.232104
0.242220
0.252625
0.263325
0.274323
0.285623
0.297230
0.309148
0.321380
0.333932
0.346806
0.360007
0.373539
0.387407
0.401614
0.416164
0.431062
0.446312
0.461916
0.001072
0.001124
0.001246
0.001427
0.001664
0.001956
0.002304
0.002710
0.003176
0.003706
0.004301
0.004966
0.005703
0.006516
0.007408
0.008383
0.009445
0.010597
0.011842
0.013184
0.014626
0.016173
0.017827
0.019593
0.021474
0.023474
0.025595
0.027843
0.030219
0.032729
0.035376
0.038163
0.041094
0.044172
0.047401
0.050785
0.054328
0.058032
0.061902
0.065942
0.070154
0.074542
0.079111
0.083863
0.088802
0.093933
0.099258
0.104781
0.110506
0.116437
0.122576
0.128928
0.135497
0.142285
0.149297
0.156536
0.164006
0.171710
0.179652
0.187836
0.196265
0.204943
0.213874
0.223060
0.232507
0.242216
0.252193
0.262441
0.272962
0.283762
0.294843
0.306209
0.317864
0.329812
0.342055
0.354598
0.367444
0.380597
0.394061
0.407838
0.000962
0.001011
0.001116
0.001272
0.001477
0.001729
0.002030
0.002381
0.002783
0.003240
0.003754
0.004328
0.004965
0.005667
0.006438
0.007280
0.008197
0.009191
0.010266
0.011425
0.012671
0.014007
0.015436
0.016961
0.018586
0.020312
0.022145
0.024086
0.026139
0.028306
0.030592
0.032999
0.035530
0.038189
0.040978
0.043901
0.046961
0.050161
0.053503
0.056992
0.060630
0.064420
0.068366
0.072471
0.076737
0.081169
0.085768
0.090539
0.095484
0.100606
0.105909
0.111395
0.117069
0.122932
0.128989
0.135241
0.141694
0.148348
0.155208
0.162277
0.169558
0.177054
0.184767
0.192703
0.200862
0.209249
0.217866
0.226718
0.235806
0.245135
0.254706
0.264524
0.274591
0.284911
0.295486
0.306321
0.317417
0.328779
0.340409
0.352309
0.000850
0.000894
0.000984
0.001115
0.001286
0.001498
0.001750
0.002044
0.002381
0.002764
0.003195
0.003677
0.004210
0.004799
0.005445
0.006151
0.006920
0.007754
0.008655
0.009627
0.010672
0.011792
0.012990
0.014269
0.015632
0.017080
0.018616
0.020244
0.021965
0.023783
0.025700
0.027719
0.029842
0.032071
0.034410
0.036862
0.039428
0.042111
0.044914
0.047840
0.050891
0.054070
0.057379
0.060822
0.064400
0.068116
0.071974
0.075975
0.080122
0.084418
0.088865
0.093467
0.098225
0.103143
0.108222
0.113467
0.118878
0.124459
0.130213
0.136142
0.142248
0.148535
0.155004
0.161660
0.168503
0.175537
0.182765
0.190189
0.197811
0.205635
0.213663
0.221898
0.230342
0.238997
0.247867
0.256955
0.266262
0.275791
0.285546
0.295527
0.000735
0.000776
0.000848
0.000954
0.001092
0.001262
0.001464
0.001701
0.001972
0.002280
0.002626
0.003013
0.003442
0.003915
0.004434
0.005002
0.005620
0.006290
0.007015
0.007796
0.008636
0.009536
0.010500
0.011528
0.012623
0.013787
0.015022
0.016331
0.017715
0.019177
0.020718
0.022341
0.024048
0.025840
0.027721
0.029692
0.031755
0.033912
0.036166
0.038519
0.040972
0.043528
0.046189
0.048957
0.051834
0.054822
0.057924
0.061141
0.064476
0.067930
0.071507
0.075207
0.079033
0.082987
0.087072
0.091289
0.095640
0.100128
0.104755
0.109522
0.114433
0.119488
0.124690
0.130042
0.135545
0.141202
0.147014
0.152984
0.159113
0.165405
0.171861
0.178483
0.185273
0.192233
0.199366
0.206674
0.214159
0.221822
0.229667
0.237694
0.000617
0.000656
0.000712
0.000791
0.000895
0.001022
0.001175
0.001352
0.001556
0.001788
0.002048
0.002339
0.002662
0.003018
0.003409
0.003836
0.004301
0.004805
0.005350
0.005938
0.006570
0.007248
0.007972
0.008746
0.009570
0.010446
0.011376
0.012361
0.013403
0.014503
0.015663
0.016884
0.018169
0.019518
0.020934
0.022417
0.023970
0.025594
0.027291
0.029062
0.030908
0.032832
0.034835
0.036919
0.039085
0.041334
0.043669
0.046091
0.048601
0.051202
0.053894
0.056680
0.059560
0.062537
0.065612
0.068787
0.072063
0.075441
0.078924
0.082514
0.086211
0.090017
0.093933
0.097963
0.102106
0.106364
0.110740
0.115235
0.119850
0.124587
0.129447
0.134433
0.139545
0.144786
0.150157
0.155659
0.161294
0.167064
0.172971
0.179015
0.000497
0.000535
0.000573
0.000626
0.000695
0.000780
0.000882
0.001000
0.001136
0.001291
0.001465
0.001659
0.001874
0.002111
0.002372
0.002657
0.002967
0.003304
0.003667
0.004060
0.004482
0.004934
0.005418
0.005934
0.006485
0.007070
0.007690
0.008348
0.009044
0.009778
0.010553
0.011368
0.012226
0.013128
0.014073
0.015064
0.016101
0.017186
0.018319
0.019502
0.020735
0.022020
0.023358
0.024750
0.026197
0.027700
0.029260
0.030878
0.032555
0.034292
0.036091
0.037952
0.039876
0.041865
0.043920
0.046041
0.048229
0.050487
0.052814
0.055212
0.057682
0.060226
0.062843
0.065535
0.068303
0.071149
0.074073
0.077076
0.080160
0.083326
0.086574
0.089905
0.093321
0.096824
0.100413
0.104090
0.107856
0.111712
0.115660
0.119700
0.000375
0.000415
0.000434
0.000460
0.000495
0.000537
0.000587
0.000646
0.000713
0.000790
0.000876
0.000973
0.001080
0.001198
0.001328
0.001469
0.001624
0.001791
0.001973
0.002168
0.002378
0.002604
0.002845
0.003103
0.003377
0.003669
0.003978
0.004306
0.004653
0.005020
0.005406
0.005813
0.006241
0.006691
0.007163
0.007658
0.008175
0.008717
0.009283
0.009873
0.010489
0.011131
0.011799
0.012495
0.013217
0.013968
0.014747
0.015555
0.016393
0.017261
0.018160
0.019090
0.020051
0.021045
0.022072
0.023132
0.024225
0.025354
0.026517
0.027715
0.028950
0.030221
0.031529
0.032875
0.034259
0.035681
0.037143
0.038644
0.040186
0.041768
0.043392
0.045058
0.046766
0.048517
0.050312
0.052150
0.054034
0.055962
0.057937
0.059958
0.000251
0.000295
0.000294
0.000294
0.000293
0.000292
0.000291
0.000290
0.000289
0.000288
0.000286
0.000285
0.000283
0.000281
0.000280
0.000278
0.000276
0.000274
0.000272
0.000270
0.000268
0.000265
0.000263
0.000261
0.000258
0.000255
0.000253
0.000250
0.000247
0.000244
0.000241
0.000238
0.000235
0.000232
0.000228
0.000225
0.000222
0.000218
0.000214
0.000211
0.000207
0.000203
0.000199
0.000195
0.000191
0.000187
0.000183
0.000178
0.000174
0.000169
0.000165
0.000160
0.000155
0.000151
0.000146
0.000141
0.000136
0.000131
0.000126
0.000120
0.000115
0.000109
0.000104
0.000098
0.000093
0.000087
0.000081
0.000075
0.000069
0.000063
0.000057
0.000051
0.000045
0.000038
0.000032
0.000025
0.000019
0.000012
0.000005
0.000004
