4.408631
4.366992
4.281349
4.170402
4.044369
3.909384
3.769390
3.627055
3.484246
3.342306
3.202223
3.064729
2.930374
2.799572
2.672641
2.549821
2.431294
2.317198
2.207638
2.102693
2.002423
1.906871
1.816070
1.730044
1.648811
1.572384
1.500771
1.433982
1.372021
1.314896
1.262614
1.215181
1.172604
1.134894
1.102062
1.074119
1.051079
1.032957
1.019771
1.011539
4.409899
4.368283
4.282676
4.171764
4.045755
3.910779
3.770776
3.628415
3.485562
3.343563
3.203405
3.065822
2.931361
2.800440
2.673378
2.550412
2.431726
2.317458
2.207713
2.102571
2.002089
1.906312
1.815273
1.728994
1.647494
1.570784
1.498875
1.431772
1.369482
1.312011
1.259366
1.211552
1.168576
1.130449
1.097179
1.068780
1.045263
1.026643
1.012937
1.004163
4.413703
4.372155
4.286659
4.175853
4.049916
3.914966
3.774938
3.632500
3.489518
3.347342
3.206959
3.069106
2.934332
2.803056
2.675598
2.552198
2.433037
2.318255
2.207958
2.102223
2.001109
1.904660
1.812907
1.725873
1.643575
1.566022
1.493223
1.425185
1.361911
1.303407
1.249676
1.200724
1.156557
1.117181
1.082607
1.052843
1.027900
1.007793
0.992536
0.982145
4.420039
4.378603
4.293297
4.182670
4.056857
3.921952
3.781886
3.639321
3.496129
3.353660
3.212906
3.074606
2.939314
2.807451
2.679338
2.555216
2.435269
2.319637
2.208424
2.101708
1.999548
1.901986
1.809053
1.720769
1.637149
1.558201
1.483932
1.414347
1.349446
1.289232
1.233708
1.182875
1.136737
1.095300
1.058568
1.026549
0.999252
0.976688
0.958867
0.945805
4.428898
4.387623
4.302589
4.192218
4.066584
3.931750
3.791635
3.648900
3.505420
3.362547
3.221279
3.082362
2.946352
2.813675
2.684652
2.559529
2.438492
2.321681
2.209198
2.101123
1.997513
1.898409
1.803840
1.713824
1.628373
1.547494
1.471191
1.399464
1.332312
1.269734
1.211729
1.158296
1.109435
1.065147
1.025433
0.990299
0.959748
0.933787
0.912425
0.895673
4.440272
4.399209
4.314532
4.204501
4.079108
3.944375
3.804208
3.661267
3.517425
3.374045
3.232128
3.092428
2.955508
2.821797
2.691620
2.565227
2.442805
2.324493
2.210400
2.100600
1.995152
1.894092
1.797448
1.705236
1.617466
1.534141
1.455262
1.380824
1.310824
1.245255
1.184112
1.127391
1.075086
1.027194
0.983712
0.944640
0.909978
0.879728
0.853893
0.832480
4.454148
4.413352
4.329126
4.219526
4.094442
3.959850
3.819635
3.676458
3.532191
3.388207
3.245515
3.104877
2.966862
2.831906
2.700342
2.572419
2.448330
2.328217
2.212184
2.100309
1.992649
1.889239
1.790103
1.695256
1.604704
1.518445
1.436476
1.358789
1.285375
1.216223
1.151323
1.090665
1.034239
0.982035
0.934046
0.890266
0.850688
0.815311
0.784130
0.757148
4.470511
4.430040
4.346364
4.237298
4.112602
3.978199
3.837953
3.694516
3.549771
3.405097
3.261513
3.119790
2.980509
2.844112
2.710938
2.581242
2.455217
2.333012
2.214731
2.100451
1.990229
1.884097
1.782078
1.684183
1.590413
1.500763
1.415226
1.333789
1.256436
1.183152
1.113920
1.048725
0.987550
0.930381
0.877203
0.828003
0.782769
0.741492
0.704163
0.670775
4.489341
4.449259
4.366246
4.257824
4.133609
3.999454
3.859200
3.715496
3.570230
3.424789
3.280208
3.137269
2.996561
2.858538
2.723546
2.591847
2.463638
2.339070
2.218252
2.101260
1.988148
1.878950
1.773684
1.672359
1.574971
1.481512
1.391967
1.306319
1.224547
1.146629
1.072543
1.002266
0.935774
0.873046
0.814061
0.758798
0.707239
0.659366
0.615165
0.574620
4.510612
4.470992
4.388765
4.281113
4.157482
4.023649
3.883426
3.739459
3.593642
3.447373
3.301702
3.157425
3.015145
2.875326
2.738326
2.604411
2.473788
2.346609
2.222986
2.102997
1.986696
1.874115
1.765271
1.660168
1.558798
1.461150
1.367201
1.276930
1.190309
1.107310
1.027903
0.952059
0.879745
0.810935
0.745597
0.683705
0.625233
0.570154
0.518446
0.470086
4.534297
4.495218
4.413915
4.307173
4.184246
4.050823
3.910684
3.766472
3.620086
3.472942
3.326104
3.180383
3.036402
2.894635
2.755451
2.619129
2.485879
2.355860
2.229191
2.105948
1.986189
1.869941
1.757221
1.648029
1.542356
1.440181
1.341480
1.246224
1.154379
1.065908
0.980776
0.898945
0.820377
0.745033
0.672877
0.603873
0.537986
0.475182
0.415429
0.358697
4.560362
4.521914
4.441685
4.336012
4.213926
4.081017
3.941034
3.796609
3.649655
3.501603
3.353535
3.206284
3.060488
2.916638
2.775114
2.636210
2.500144
2.367083
2.237149
2.110425
1.986964
1.866799
1.749942
1.636391
1.526132
1.419142
1.315390
1.214841
1.117453
1.023184
0.931989
0.843823
0.758638
0.676391
0.597033
0.520521
0.446812
0.375862
0.307630
0.242078
4.588771
4.551051
4.472067
4.367640
4.246550
4.114278
3.974536
3.829951
3.682447
3.533470
3.384130
3.235276
3.087570
2.941518
2.797520
2.655882
2.516833
2.380552
2.247162
2.116753
1.989383
1.865083
1.743865
1.625725
1.510646
1.398600
1.289550
1.183454
1.080265
0.979934
0.882406
0.787629
0.695547
0.606107
0.519253
0.434931
0.353088
0.273674
0.196637
0.121929
4.619478
4.582597
4.505049
4.402063
4.282146
4.150656
4.011263
3.866587
3.718567
3.568671
3.418029
3.267519
3.117826
2.969475
2.822887
2.678384
2.536208
2.396550
2.259541
2.125277
1.993819
1.865203
1.739439
1.616521
1.496431
1.379136
1.264593
1.152755
1.043569
0.936977
0.832918
0.731331
0.632150
0.535314
0.440758
0.348418
0.258233
0.170142
0.084084
0.000001
4.652430
4.616515
4.540615
4.439291
4.320745
4.190203
4.051288
3.906613
3.758131
3.607336
3.455386
3.303188
3.151447
3.000720
2.851448
2.703967
2.558544
2.415377
2.274613
2.136352
2.000662
1.867581
1.737122
1.609281
1.484034
1.361345
1.241168
1.123452
1.008134
0.895150
0.784433
0.675911
0.569511
0.465162
0.362790
0.262322
0.163686
0.066813
-0.028369
-0.121926
4.687572
4.652762
4.578747
4.479331
4.362379
4.232973
4.094688
3.950126
3.801259
3.649609
3.496364
3.342461
3.188636
3.035474
2.883440
2.732898
2.584128
2.437346
2.292713
2.150340
2.010303
1.872644
1.737381
1.604508
1.474002
1.345824
1.219927
1.096250
0.974728
0.855288
0.737856
0.622351
0.508693
0.396799
0.286588
0.177978
0.070886
-0.034767
-0.139062
-0.242076
4.724835
4.691290
4.619421
4.522188
4.407080
4.279026
4.141544
3.997232
3.848080
3.695641
3.541133
3.385530
3.229604
3.073969
2.919120
2.765445
2.613251
2.462771
2.314183
2.167611
2.023140
1.880823
1.740679
1.602706
1.466881
1.333167
1.201511
1.071849
0.944109
0.818214
0.694080
0.571619
0.450742
0.331358
0.213376
0.096704
-0.018749
-0.133074
-0.246360
-0.358695
4.764144
4.732042
4.662614
4.567869
4.454885
4.328423
4.191945
4.048043
3.898731
3.745588
3.589875
3.432599
3.274572
3.116446
2.958746
2.801891
2.646217
2.491977
2.339369
2.188534
2.039572
1.892543
1.747475
1.604370
1.463209
1.323953
1.186549
1.050929
0.917016
0.784727
0.653970
0.524652
0.396674
0.269936
0.144338
0.019778
-0.103844
-0.226630
-0.348677
-0.470084
4.805408
4.774956
4.708297
4.616378
4.505828
4.381228
4.245982
4.102677
3.953352
3.799618
3.642775
3.483876
3.323772
3.163154
3.002588
2.842525
2.683331
2.525289
2.368616
2.213478
2.059988
1.908222
1.758216
1.609981
1.463500
1.318739
1.175642
1.034139
0.894152
0.755589
0.618354
0.482346
0.347457
0.213580
0.080603
-0.051582
-0.183088
-0.314024
-0.444498
-0.574618
4.848529
4.819962
4.756438
4.667717
4.559942
4.437506
4.303749
4.161258
4.012093
3.857904
3.700033
3.539580
3.377441
3.214353
3.050921
2.887639
2.724905
2.563031
2.402270
2.242806
2.084776
1.928269
1.773336
1.619999
1.468249
1.318053
1.169357
1.022093
0.876176
0.731514
0.588004
0.445535
0.303995
0.163266
0.023229
-0.116237
-0.255251
-0.393932
-0.532401
-0.670773
4.893390
4.866979
4.807002
4.721889
4.617265
4.497325
4.365343
4.223910
4.075108
3.920626
3.761855
3.599941
3.435830
3.270311
3.104034
2.937534
2.771250
2.605538
2.440675
2.276877
2.114307
1.953073
1.793246
1.634859
1.477913
1.322382
1.168218
1.015351
0.863696
0.713156
0.563624
0.414984
0.267115
0.119890
-0.026818
-0.173140
-0.319205
-0.465142
-0.611081
-0.757146
4.939859
4.915919
4.859945
4.778894
4.677831
4.560752
4.430866
4.290766
4.142558
3.987974
3.828454
3.665195
3.499197
3.331304
3.162214
2.992514
2.822689
2.653136
2.484170
2.316042
2.148943
1.983009
1.818333
1.654964
1.492916
1.332175
1.172697
1.014417
0.857249
0.701095
0.545843
0.391372
0.237551
0.084248
-0.068676
-0.221359
-0.373942
-0.526565
-0.679365
-0.832479
4.987789
4.966683
4.915224
4.838728
4.741675
4.627858
4.500422
4.361961
4.214609
4.060143
3.900053
3.735588
3.567809
3.397617
3.225765
3.052896
2.879545
2.706156
2.533092
2.360641
2.189031
2.018430
1.848956
1.680681
1.513638
1.347825
1.183208
1.019727
0.857300
0.695828
0.535196
0.375276
0.215931
0.057021
-0.101604
-0.260091
-0.418593
-0.577258
-0.736236
-0.895672
5.037004
5.019162
4.972789
4.901390
4.808836
4.698715
4.574116
4.437636
4.291437
4.137338
3.976883
3.811377
3.641946
3.469547
3.294999
3.119001
2.942145
2.764933
2.587775
2.411009
2.234904
2.059665
1.885444
1.712339
1.540409
1.369667
1.200095
1.031641
0.864228
0.697758
0.532114
0.367163
0.202763
0.038761
-0.124998
-0.288676
-0.452435
-0.616437
-0.780841
-0.945804
5.087307
5.073235
5.032587
4.966873
4.879345
4.773395
4.652057
4.517934
4.373218
4.219769
4.059184
3.892831
3.721897
3.547404
3.370236
3.191158
3.010827
2.829803
2.648554
2.467472
2.286878
2.107020
1.928091
1.750225
1.573507
1.397976
1.223631
1.050433
0.878315
0.707180
0.536912
0.367375
0.198418
0.029881
-0.138405
-0.306613
-0.474917
-0.643492
-0.812512
-0.982144
5.138468
5.128770
5.094561
5.035172
4.953239
4.851971
4.734356
4.603004
4.460135
4.307652
4.147207
3.980229
3.807965
3.631508
3.451812
3.269712
3.085934
2.901105
2.715759
2.530350
2.345257
2.160781
1.977163
1.794581
1.613155
1.432955
1.254004
1.076283
0.899735
0.724272
0.549777
0.376113
0.203121
0.030632
-0.141537
-0.313572
-0.485663
-0.658000
-0.830772
-1.004163
5.190223
5.185627
5.158651
5.106279
5.030550
4.934513
4.821124
4.692997
4.552379
4.401217
4.241213
4.073861
3.900468
3.722198
3.540081
3.355024
3.167828
2.979195
2.789731
2.599962
2.410335
2.221212
2.032892
1.845605
1.659517
1.474736
1.291318
1.109268
0.928547
0.749079
0.570751
0.393423
0.216932
0.041094
-0.134285
-0.309411
-0.484491
-0.659735
-0.835350
-1.011539
5.242258
5.243652
5.224801
5.180188
5.111310
5.021092
4.912470
4.788061
4.650140
4.500696
4.341478
4.174036
3.999743
3.819834
3.635414
3.447472
3.256885
3.064439
2.870819
2.676634
2.482402
2.288563
2.095483
1.903453
1.712699
1.523377
1.335582
1.149355
0.964683
0.781505
0.599717
0.419181
0.239725
0.061156
-0.116741
-0.294191
-0.471426
-0.648679
-0.826183
-1.004164
5.294209
5.302688
5.292952
5.256892
5.195550
5.111778
5.008506
4.888351
4.753620
4.606333
4.448282
4.281073
4.106140
3.924791
3.738205
3.547457
3.353506
3.157224
2.959389
2.760696
2.561749
2.363074
2.165116
1.968245
1.772751
1.578856
1.386708
1.196393
1.007933
0.821292
0.636382
0.453068
0.271173
0.090490
-0.089215
-0.268196
-0.446714
-0.625036
-0.803428
-0.982146
5.345644
5.362571
5.363051
5.336384
5.283298
5.206638
5.109336
4.994021
4.863019
4.718376
4.561921
4.395309
4.220035
4.037476
3.848882
3.655416
3.458126
3.257976
3.055839
2.852507
2.648682
2.444988
2.241961
2.040064
1.839671
1.641079
1.444507
1.250103
1.057936
0.868007
0.680251
0.494545
0.310711
0.128527
-0.052266
-0.231955
-0.410844
-0.589243
-0.767464
-0.945806
5.396048
5.423139
5.435050
5.418654
5.374580
5.305731
5.215068
5.105226
4.978543
4.837082
4.682703
4.517100
4.341825
4.158316
3.967902
3.771822
3.571219
3.367153
3.160601
2.952457
2.743534
2.534562
2.326188
2.118979
1.913412
1.709880
1.508693
1.310076
1.114165
0.921015
0.730602
0.542822
0.357504
0.174412
-0.006741
-0.186285
-0.364577
-0.541991
-0.718902
-0.895674
5.444801
5.484239
5.508914
5.503701
5.469418
5.409118
5.325801
5.222117
5.100397
4.962713
4.810945
4.646820
4.471930
4.287777
4.095759
3.897190
3.693309
3.485273
3.274163
3.060988
2.846680
2.632088
2.417984
2.205055
1.993902
1.785037
1.578882
1.375764
1.175914
0.979463
0.786449
0.596808
0.410386
0.226944
0.046162
-0.132340
-0.308993
-0.484256
-0.658599
-0.832482
5.491153
5.545744
5.584622
5.591518
5.567829
5.516846
5.441631
5.344839
5.228787
5.095538
4.946978
4.784858
4.610802
4.426361
4.232994
4.032091
3.824978
3.612912
3.397081
3.178612
2.958563
2.737915
2.517578
2.298380
2.081065
1.866287
1.654608
1.446491
1.242289
1.042250
0.846501
0.655051
0.467790
0.284488
0.104803
-0.071706
-0.245563
-0.417351
-0.587677
-0.757150
5.534180
5.607571
5.662176
5.682106
5.669820
5.628953
5.562642
5.473535
5.363914
5.235825
5.091146
4.931629
4.758921
4.574607
4.380200
4.177157
3.966883
3.750732
3.530000
3.305932
3.079718
2.852480
2.625279
2.399101
2.174852
1.953356
1.735348
1.521459
1.312211
1.108006
0.909114
0.715665
0.527636
0.344845
0.166950
-0.006548
-0.176289
-0.343024
-0.507574
-0.670777
5.572734
5.669711
5.741601
5.775459
5.775393
5.745469
5.688908
5.608331
5.505976
5.383848
5.243797
5.087562
4.916795
4.733098
4.538027
4.333090
4.119765
3.899493
3.673674
3.443671
3.210805
2.976346
2.741514
2.507467
2.275294
2.046015
1.820566
1.599790
1.384424
1.175083
0.972247
0.776236
0.587193
0.405056
0.229542
0.060131
-0.103940
-0.263646
-0.420133
-0.574622
5.605379
5.732277
5.822959
5.871573
5.884531
5.866405
5.820485
5.749346
5.655160
5.539875
5.405289
5.253105
5.084959
4.902459
4.707180
4.500666
4.284456
4.060066
3.828987
3.592698
3.352644
3.110245
2.866883
2.623893
2.382570
2.144145
1.909788
1.680591
1.457558
1.241583
1.033437
0.833734
0.642898
0.461122
0.288314
0.124043
-0.032514
-0.182593
-0.327820
-0.470089
5.630294
5.795575
5.906338
5.970434
5.997205
5.991755
5.957414
5.896685
5.811648
5.704174
5.575983
5.428716
5.263982
5.083361
4.888429
4.680749
4.461900
4.233455
3.996983
3.754062
3.506258
3.255129
3.002216
2.749039
2.497095
2.247845
2.002712
1.763070
1.530233
1.305440
1.089842
0.884466
0.690184
0.507649
0.337218
0.178829
0.031851
-0.105088
-0.234238
-0.358700
5.645140
5.860196
5.991853
6.072011
6.113365
6.121490
6.099709
6.050425
5.975603
5.876998
5.756235
5.614874
5.454457
5.276520
5.082612
4.874294
4.653156
4.420809
4.178880
3.929027
3.672914
3.412226
3.148655
2.883891
2.619629
2.357561
2.099368
1.846720
1.601266
1.364634
1.138423
0.924187
0.723416
0.537499
0.367641
0.214717
0.079011
-0.040247
-0.145580
-0.242081
5.646886
5.927165
6.079631
6.176251
6.232933
6.255556
6.247365
6.210626
6.147162
6.058586
5.946401
5.812051
5.656994
5.482692
5.290631
5.082347
4.859410
4.623440
4.376097
4.119090
3.854164
3.583101
3.307719
3.029860
2.751401
2.474245
2.200317
1.931571
1.669981
1.417562
1.176373
0.948530
0.736238
0.541816
0.367731
0.216604
0.091108
-0.006472
-0.075670
-0.121931
5.631559
5.998160
6.169764
6.283065
6.355806
6.393869
6.400344
6.377317
6.326440
6.249158
6.146819
6.020733
5.872228
5.702672
5.513454
5.306047
5.081974
4.842828
4.590269
4.326025
4.051885
3.769700
3.481388
3.188886
2.894244
2.599534
2.306888
2.018499
1.736623
1.463598
1.201862
0.953993
0.722776
0.511309
0.323207
0.162987
0.036835
-0.045767
-0.068474
-0.000004
