0.606596
0.605375
0.602368
0.597994
0.592526
0.586156
0.579023
0.571227
0.562846
0.553940
0.544556
0.534733
0.524501
0.513886
0.502907
0.491582
0.479924
0.467945
0.455654
0.443058
0.430162
0.416971
0.403486
0.389711
0.375646
0.361290
0.346643
0.331704
0.316468
0.300935
0.285100
0.268960
0.252509
0.235743
0.218657
0.201245
0.183501
0.165420
0.146994
0.128217
0.109082
0.089581
0.069708
0.049454
0.028812
0.007775
-0.013667
-0.035520
-0.057794
-0.080497
-0.103638
-0.127224
-0.151265
-0.175770
-0.200747
-0.226205
-0.252154
-0.278602
-0.305559
-0.333033
-0.361035
-0.389573
-0.418656
-0.448294
-0.478496
-0.509272
-0.540632
-0.572583
-0.605137
-0.638302
-0.672089
-0.706506
-0.741564
-0.777271
-0.813638
-0.850673
-0.888387
-0.926789
-0.965889
-1.005696
0.606633
0.605412
0.602408
0.598035
0.592570
0.586203
0.579073
0.571281
0.562904
0.554002
0.544623
0.534804
0.524577
0.513966
0.502993
0.491673
0.480021
0.468048
0.455763
0.443174
0.430285
0.417100
0.403624
0.389856
0.375799
0.361453
0.346815
0.331885
0.316660
0.301137
0.285314
0.269185
0.252746
0.235993
0.218921
0.201523
0.183794
0.165728
0.147318
0.128557
0.109440
0.089957
0.070103
0.049869
0.029248
0.008232
-0.013188
-0.035019
-0.057269
-0.079947
-0.103062
-0.126622
-0.150635
-0.175111
-0.200059
-0.225487
-0.251404
-0.277820
-0.304743
-0.332183
-0.360149
-0.388650
-0.417696
-0.447295
-0.477457
-0.508192
-0.539509
-0.571417
-0.603926
-0.637045
-0.670784
-0.705153
-0.740161
-0.775817
-0.812131
-0.849113
-0.886772
-0.925117
-0.964159
-1.003907
0.606745
0.605526
0.602525
0.598159
0.592702
0.586345
0.579225
0.571443
0.563078
0.554188
0.544822
0.535017
0.524804
0.514208
0.503250
0.491947
0.480312
0.468357
0.456091
0.443521
0.430652
0.417489
0.404036
0.390292
0.376260
0.361940
0.347330
0.332429
0.317234
0.301744
0.285953
0.269860
0.253458
0.236743
0.219711
0.202356
0.184671
0.166651
0.148289
0.129578
0.110513
0.091085
0.071287
0.051112
0.030553
0.009600
-0.011753
-0.033515
-0.055693
-0.078298
-0.101335
-0.124816
-0.148747
-0.173138
-0.197998
-0.223335
-0.249158
-0.275476
-0.302299
-0.329636
-0.357495
-0.385886
-0.414818
-0.444301
-0.474343
-0.504954
-0.536144
-0.567921
-0.600296
-0.633277
-0.666875
-0.701098
-0.735956
-0.771460
-0.807617
-0.844438
-0.881931
-0.920108
-0.958977
-0.998548
0.606931
0.605715
0.602722
0.598366
0.592922
0.586580
0.579476
0.571713
0.563367
0.554498
0.545153
0.535371
0.525181
0.514610
0.503678
0.492402
0.480796
0.468870
0.456636
0.444099
0.431264
0.418138
0.404721
0.391018
0.377028
0.362751
0.348187
0.333334
0.318190
0.302753
0.287018
0.270983
0.254642
0.237992
0.221026
0.203741
0.186129
0.168186
0.149904
0.131277
0.112298
0.092961
0.073258
0.053181
0.032723
0.011877
-0.009366
-0.031013
-0.053073
-0.075554
-0.098465
-0.121813
-0.145607
-0.169856
-0.194569
-0.219755
-0.245422
-0.271579
-0.298235
-0.325399
-0.353081
-0.381289
-0.410033
-0.439322
-0.469164
-0.499570
-0.530548
-0.562109
-0.594260
-0.627012
-0.660375
-0.694356
-0.728966
-0.764215
-0.800111
-0.836664
-0.873883
-0.911779
-0.950360
-0.989636
0.607191
0.605979
0.602996
0.598655
0.593230
0.586908
0.579828
0.572091
0.563772
0.554931
0.545616
0.535865
0.525709
0.515173
0.504277
0.493039
0.481472
0.469589
0.457397
0.444906
0.432120
0.419043
0.405680
0.392032
0.378100
0.363884
0.349384
0.334599
0.319526
0.304162
0.288505
0.272551
0.256296
0.239735
0.222863
0.205675
0.188166
0.170329
0.152159
0.133648
0.114791
0.095579
0.076008
0.056068
0.035753
0.015054
-0.006035
-0.027522
-0.049417
-0.071726
-0.094458
-0.117622
-0.141225
-0.165277
-0.189786
-0.214760
-0.240209
-0.266141
-0.292564
-0.319489
-0.346924
-0.374877
-0.403358
-0.432376
-0.461940
-0.492059
-0.522743
-0.554000
-0.585840
-0.618273
-0.651306
-0.684950
-0.719214
-0.754108
-0.789640
-0.825819
-0.862656
-0.900160
-0.938339
-0.977204
0.607524
0.606318
0.603348
0.599027
0.593625
0.587331
0.580281
0.572576
0.564291
0.555487
0.546211
0.536501
0.526387
0.515895
0.505046
0.493856
0.482341
0.470510
0.458375
0.445942
0.433217
0.420205
0.406910
0.393332
0.379475
0.365338
0.350920
0.336220
0.321238
0.305969
0.290411
0.274562
0.258415
0.241969
0.225216
0.208154
0.190775
0.173075
0.155047
0.136685
0.117983
0.098933
0.079530
0.059765
0.039632
0.019123
-0.001769
-0.023053
-0.044736
-0.066825
-0.089330
-0.112257
-0.135617
-0.159416
-0.183663
-0.208368
-0.233537
-0.259181
-0.285307
-0.311925
-0.339043
-0.366670
-0.394815
-0.423487
-0.452695
-0.482447
-0.512754
-0.543624
-0.575066
-0.607089
-0.639702
-0.672915
-0.706736
-0.741175
-0.776241
-0.811943
-0.848290
-0.885292
-0.922958
-0.961296
0.607932
0.606732
0.603779
0.599480
0.594108
0.587846
0.580833
0.573167
0.564925
0.556166
0.546937
0.537276
0.527214
0.516776
0.505984
0.494854
0.483400
0.471635
0.459567
0.447205
0.434556
0.421622
0.408408
0.394918
0.381151
0.367108
0.352790
0.338195
0.323322
0.308169
0.292732
0.277009
0.260996
0.244688
0.228081
0.211170
0.193950
0.176416
0.158561
0.140379
0.121865
0.103012
0.083813
0.064261
0.044349
0.024070
0.003416
-0.017619
-0.039044
-0.060867
-0.083095
-0.105737
-0.128799
-0.152291
-0.176222
-0.200598
-0.225428
-0.250722
-0.276487
-0.302732
-0.329466
-0.356696
-0.384433
-0.412685
-0.441460
-0.470768
-0.500617
-0.531016
-0.561974
-0.593500
-0.625602
-0.658291
-0.691573
-0.725460
-0.759960
-0.795082
-0.830835
-0.867227
-0.904269
-0.941969
0.608412
0.607220
0.604286
0.600015
0.594677
0.588454
0.581484
0.573865
0.565673
0.556967
0.547793
0.538190
0.528189
0.517815
0.507090
0.496029
0.484649
0.472960
0.460972
0.448694
0.436132
0.423291
0.410174
0.396784
0.383124
0.369193
0.354992
0.340520
0.325776
0.310758
0.295463
0.279888
0.264030
0.247885
0.231448
0.214716
0.197682
0.180342
0.162690
0.144721
0.126428
0.107804
0.088845
0.069542
0.049890
0.029880
0.009507
-0.011238
-0.032361
-0.053871
-0.075775
-0.098080
-0.120795
-0.143927
-0.167485
-0.191477
-0.215910
-0.240793
-0.266134
-0.291942
-0.318225
-0.344991
-0.372250
-0.400009
-0.428276
-0.457062
-0.486373
-0.516220
-0.546610
-0.577553
-0.609056
-0.641130
-0.673782
-0.707022
-0.740857
-0.775299
-0.810353
-0.846031
-0.882341
-0.919291
0.608965
0.607782
0.604870
0.600632
0.595332
0.589154
0.582234
0.574669
0.566535
0.557889
0.548779
0.539243
0.529312
0.519012
0.508362
0.497382
0.486085
0.474484
0.462588
0.450406
0.437945
0.425209
0.412202
0.398929
0.385390
0.371587
0.357520
0.343189
0.328592
0.313729
0.298596
0.283191
0.267511
0.251552
0.235311
0.218782
0.201961
0.184844
0.167424
0.149697
0.131656
0.113296
0.094611
0.075593
0.056238
0.036536
0.016483
-0.003929
-0.024707
-0.045859
-0.067392
-0.089313
-0.111631
-0.134351
-0.157484
-0.181035
-0.205013
-0.229427
-0.254284
-0.279592
-0.305359
-0.331594
-0.358305
-0.385500
-0.413188
-0.441376
-0.470073
-0.499288
-0.529029
-0.559305
-0.590123
-0.621494
-0.653425
-0.685923
-0.719000
-0.752662
-0.786919
-0.821779
-0.857251
-0.893343
0.609590
0.608418
0.605531
0.601328
0.596073
0.589946
0.583082
0.575578
0.567509
0.558931
0.549894
0.540433
0.530582
0.520364
0.509801
0.498911
0.487708
0.476205
0.464413
0.452339
0.439991
0.427373
0.414491
0.401348
0.387946
0.374286
0.360370
0.346197
0.331766
0.317076
0.302125
0.286911
0.271431
0.255681
0.239658
0.223358
0.206776
0.189908
0.172749
0.155294
0.137536
0.119471
0.101093
0.082396
0.063373
0.044018
0.024324
0.004285
-0.016107
-0.036857
-0.057974
-0.079464
-0.101335
-0.123595
-0.146249
-0.169307
-0.192776
-0.216663
-0.240976
-0.265723
-0.290912
-0.316551
-0.342648
-0.369210
-0.396247
-0.423765
-0.451773
-0.480280
-0.509292
-0.538820
-0.568870
-0.599451
-0.630572
-0.662240
-0.694464
-0.727253
-0.760614
-0.794556
-0.829088
-0.864217
0.610287
0.609126
0.606267
0.602104
0.596898
0.590829
0.584028
0.576591
0.568594
0.560093
0.551136
0.541760
0.531996
0.521870
0.511403
0.500613
0.489515
0.478122
0.466443
0.454490
0.442267
0.429781
0.417036
0.404038
0.390787
0.377286
0.363536
0.349538
0.335290
0.320793
0.306043
0.291040
0.275780
0.260261
0.244480
0.228432
0.212114
0.195522
0.178651
0.161495
0.144051
0.126312
0.108274
0.089930
0.071274
0.052301
0.033004
0.013377
-0.006587
-0.026894
-0.047551
-0.068565
-0.089943
-0.111693
-0.133820
-0.156332
-0.179238
-0.202543
-0.226255
-0.250383
-0.274933
-0.299913
-0.325332
-0.351195
-0.377512
-0.404290
-0.431537
-0.459260
-0.487468
-0.516169
-0.545370
-0.575079
-0.605305
-0.636055
-0.667337
-0.699160
-0.731531
-0.764459
-0.797952
-0.832017
0.611054
0.609906
0.607078
0.602960
0.597808
0.591801
0.585070
0.577708
0.569791
0.561374
0.552505
0.543221
0.533554
0.523529
0.513167
0.502487
0.491504
0.480231
0.468678
0.456855
0.444769
0.432427
0.419834
0.406993
0.393908
0.380581
0.367013
0.353205
0.339158
0.324870
0.310340
0.295566
0.280548
0.265281
0.249763
0.233991
0.217962
0.201670
0.185113
0.168285
0.151182
0.133799
0.116131
0.098173
0.079918
0.061362
0.042498
0.023320
0.003823
-0.016001
-0.036157
-0.056651
-0.077492
-0.098684
-0.120236
-0.142154
-0.164444
-0.187115
-0.210172
-0.233623
-0.257476
-0.281738
-0.306416
-0.331517
-0.357049
-0.383019
-0.409435
-0.436303
-0.463633
-0.491431
-0.519706
-0.548463
-0.577712
-0.607460
-0.637714
-0.668483
-0.699774
-0.731595
-0.763954
-0.796857
0.611892
0.610758
0.607963
0.603893
0.598802
0.592863
0.586207
0.578928
0.571097
0.562772
0.553999
0.544816
0.535254
0.525339
0.515091
0.504531
0.493672
0.482529
0.471113
0.459432
0.447495
0.435309
0.422879
0.410209
0.397303
0.384164
0.370793
0.357191
0.343360
0.329298
0.315006
0.300481
0.285723
0.270728
0.255495
0.240021
0.224302
0.208336
0.192118
0.175643
0.158909
0.141910
0.124642
0.107100
0.089278
0.071172
0.052775
0.034083
0.015089
-0.004212
-0.023827
-0.043761
-0.064020
-0.084612
-0.105543
-0.126818
-0.148445
-0.170430
-0.192780
-0.215501
-0.238601
-0.262087
-0.285965
-0.310243
-0.334927
-0.360025
-0.385543
-0.411489
-0.437871
-0.464694
-0.491967
-0.519697
-0.547891
-0.576556
-0.605701
-0.635331
-0.665455
-0.696080
-0.727214
-0.758863
0.612799
0.611679
0.608922
0.604904
0.599877
0.594013
0.587439
0.580248
0.572512
0.564286
0.555617
0.546543
0.537095
0.527298
0.517174
0.506742
0.496018
0.485015
0.473744
0.462217
0.450440
0.438421
0.426166
0.413680
0.400966
0.388028
0.374868
0.361488
0.347888
0.334070
0.320031
0.305773
0.291293
0.276590
0.261662
0.246506
0.231121
0.215502
0.199646
0.183550
0.167211
0.150623
0.133782
0.116685
0.099327
0.081702
0.063805
0.045632
0.027177
0.008435
-0.010601
-0.029935
-0.049573
-0.069523
-0.089788
-0.110376
-0.131293
-0.152544
-0.174137
-0.196078
-0.218372
-0.241028
-0.264050
-0.287447
-0.311223
-0.335387
-0.359945
-0.384904
-0.410270
-0.436051
-0.462252
-0.488882
-0.515947
-0.543454
-0.571409
-0.599821
-0.628696
-0.658041
-0.687864
-0.718170
0.613774
0.612670
0.609952
0.605992
0.601035
0.595251
0.588765
0.581669
0.574034
0.565915
0.557358
0.548401
0.539074
0.529404
0.519412
0.509118
0.498538
0.487685
0.476570
0.465206
0.453600
0.441759
0.429691
0.417400
0.404891
0.392167
0.379232
0.366087
0.352734
0.339173
0.325405
0.311429
0.297246
0.282852
0.268248
0.253431
0.238398
0.223148
0.207678
0.191984
0.176063
0.159911
0.143525
0.126901
0.110034
0.092920
0.075554
0.057932
0.040049
0.021900
0.003479
-0.015218
-0.034198
-0.053464
-0.073024
-0.092882
-0.113045
-0.133518
-0.154307
-0.175419
-0.196858
-0.218632
-0.240746
-0.263206
-0.286020
-0.309192
-0.332730
-0.356640
-0.380928
-0.405601
-0.430665
-0.456127
-0.481992
-0.508268
-0.534962
-0.562080
-0.589628
-0.617613
-0.646042
-0.674922
0.614816
0.613730
0.611054
0.607155
0.602273
0.596574
0.590184
0.583189
0.575662
0.567657
0.559220
0.550388
0.541191
0.531655
0.521804
0.511657
0.501229
0.490535
0.479586
0.468395
0.456970
0.445318
0.433448
0.421363
0.409071
0.396574
0.383876
0.370979
0.357886
0.344598
0.331115
0.317438
0.303566
0.289499
0.275237
0.260776
0.246117
0.231256
0.216192
0.200921
0.185442
0.169750
0.153843
0.137716
0.121368
0.104792
0.087986
0.070945
0.053665
0.036140
0.018368
0.000342
-0.017943
-0.036490
-0.055306
-0.074395
-0.093763
-0.113415
-0.133357
-0.153594
-0.174131
-0.194975
-0.216131
-0.237605
-0.259403
-0.281530
-0.303993
-0.326796
-0.349948
-0.373452
-0.397316
-0.421545
-0.446146
-0.471125
-0.496487
-0.522239
-0.548388
-0.574939
-0.601899
-0.629273
0.615924
0.614857
0.612227
0.608392
0.603590
0.597983
0.591693
0.584807
0.577395
0.569511
0.561201
0.552501
0.543442
0.534050
0.524347
0.514355
0.504088
0.493562
0.482789
0.471780
0.460545
0.449093
0.437430
0.425563
0.413498
0.401239
0.388791
0.376155
0.363335
0.350333
0.337149
0.323785
0.310241
0.296516
0.282611
0.268525
0.254256
0.239803
0.225164
0.210338
0.195320
0.180110
0.164705
0.149101
0.133294
0.117283
0.101063
0.084631
0.067982
0.051112
0.034018
0.016696
-0.000861
-0.018654
-0.036691
-0.054974
-0.073510
-0.092302
-0.111356
-0.130677
-0.150269
-0.170139
-0.190292
-0.210732
-0.231465
-0.252496
-0.273831
-0.295476
-0.317436
-0.339716
-0.362322
-0.385260
-0.408535
-0.432153
-0.456120
-0.480441
-0.505122
-0.530170
-0.555589
-0.581386
0.617098
0.616050
0.613468
0.609703
0.604986
0.599476
0.593293
0.586522
0.579232
0.571476
0.563300
0.554740
0.545826
0.536584
0.527039
0.517210
0.507113
0.496763
0.486174
0.475357
0.464321
0.453077
0.441632
0.429993
0.418166
0.406156
0.393968
0.381605
0.369070
0.356366
0.343494
0.330457
0.317254
0.303887
0.290354
0.276658
0.262796
0.248768
0.234572
0.220208
0.205672
0.190964
0.176081
0.161020
0.145779
0.130356
0.114746
0.098947
0.082956
0.066768
0.050381
0.033791
0.016993
-0.000016
-0.017240
-0.034684
-0.052352
-0.070249
-0.088378
-0.106744
-0.125353
-0.144208
-0.163314
-0.182677
-0.202301
-0.222191
-0.242352
-0.262789
-0.283507
-0.304511
-0.325806
-0.347398
-0.369291
-0.391491
-0.414004
-0.436833
-0.459985
-0.483465
-0.507279
-0.531430
0.618335
0.617309
0.614778
0.611086
0.606458
0.601052
0.594981
0.588332
0.581170
0.573550
0.565514
0.557102
0.548340
0.539257
0.529877
0.520218
0.510299
0.500134
0.489736
0.479119
0.468293
0.457266
0.446048
0.434646
0.423066
0.411315
0.399398
0.387318
0.375079
0.362685
0.350137
0.337439
0.324590
0.311593
0.298447
0.285154
0.271714
0.258127
0.244390
0.230505
0.216469
0.202280
0.187938
0.173441
0.158786
0.143971
0.128993
0.113851
0.098541
0.083060
0.067406
0.051574
0.035562
0.019366
0.002983
-0.013591
-0.030361
-0.047329
-0.064500
-0.081877
-0.099465
-0.117269
-0.135292
-0.153538
-0.172012
-0.190719
-0.209662
-0.228847
-0.248278
-0.267959
-0.287895
-0.308092
-0.328552
-0.349283
-0.370287
-0.391569
-0.413136
-0.434991
-0.457139
-0.479585
0.619635
0.618631
0.616154
0.612539
0.608007
0.602708
0.596756
0.590235
0.583209
0.575730
0.567843
0.559584
0.550983
0.542066
0.532858
0.523377
0.513643
0.503671
0.493473
0.483064
0.472454
0.461653
0.450670
0.439514
0.428191
0.416708
0.405071
0.393284
0.381351
0.369277
0.357064
0.344715
0.332232
0.319617
0.306870
0.293994
0.280990
0.267856
0.254594
0.241202
0.227680
0.214028
0.200244
0.186327
0.172276
0.158088
0.143763
0.129297
0.114690
0.099937
0.085038
0.069988
0.054786
0.039429
0.023913
0.008235
-0.007608
-0.023619
-0.039801
-0.056159
-0.072695
-0.089414
-0.106319
-0.123414
-0.140702
-0.158188
-0.175876
-0.193769
-0.211872
-0.230189
-0.248723
-0.267480
-0.286462
-0.305675
-0.325123
-0.344810
-0.364740
-0.384918
-0.405347
-0.426033
0.620997
0.620016
0.617596
0.614062
0.609629
0.604444
0.598617
0.592230
0.585346
0.578016
0.570284
0.562186
0.553752
0.545008
0.535979
0.526684
0.517142
0.507369
0.497379
0.487186
0.476800
0.466232
0.455493
0.444590
0.433532
0.422326
0.410977
0.399491
0.387874
0.376129
0.364260
0.352271
0.340163
0.327941
0.315604
0.303157
0.290599
0.277932
0.265155
0.252270
0.239277
0.226175
0.212963
0.199642
0.186210
0.172667
0.159010
0.145239
0.131352
0.117347
0.103222
0.088976
0.074605
0.060108
0.045482
0.030724
0.015832
0.000804
-0.014364
-0.029675
-0.045132
-0.060737
-0.076494
-0.092407
-0.108478
-0.124711
-0.141109
-0.157677
-0.174416
-0.191331
-0.208426
-0.225704
-0.243168
-0.260823
-0.278673
-0.296720
-0.314970
-0.333424
-0.352089
-0.370966
0.622418
0.621462
0.619101
0.615653
0.611324
0.606259
0.600563
0.594316
0.587580
0.580405
0.572835
0.564905
0.556645
0.548080
0.539237
0.530135
0.520792
0.511226
0.501450
0.491479
0.481325
0.470998
0.460508
0.449867
0.439081
0.428158
0.417106
0.405929
0.394635
0.383228
0.371711
0.360090
0.348367
0.336546
0.324629
0.312619
0.300518
0.288328
0.276048
0.263681
0.251228
0.238687
0.226061
0.213349
0.200550
0.187664
0.174691
0.161629
0.148478
0.135236
0.121903
0.108477
0.094955
0.081337
0.067620
0.053803
0.039883
0.025858
0.011726
-0.002515
-0.016868
-0.031335
-0.045920
-0.060624
-0.075451
-0.090403
-0.105483
-0.120694
-0.136039
-0.151522
-0.167144
-0.182910
-0.198823
-0.214885
-0.231099
-0.247470
-0.264000
-0.280693
-0.297552
-0.314579
0.623897
0.622967
0.620669
0.617311
0.613091
0.608150
0.602591
0.596490
0.589909
0.582896
0.575494
0.567738
0.559658
0.551280
0.542630
0.533726
0.524590
0.515236
0.505682
0.495939
0.486023
0.475942
0.465710
0.455336
0.444829
0.434196
0.423447
0.412587
0.401622
0.390559
0.379402
0.368156
0.356825
0.345414
0.333924
0.322360
0.310724
0.299019
0.287245
0.275405
0.263501
0.251533
0.239502
0.227408
0.215253
0.203036
0.190758
0.178418
0.166016
0.153551
0.141023
0.128430
0.115772
0.103048
0.090257
0.077396
0.064465
0.051461
0.038384
0.025232
0.012002
-0.001307
-0.014698
-0.028173
-0.041733
-0.055381
-0.069119
-0.082950
-0.096876
-0.110899
-0.125023
-0.139249
-0.153581
-0.168020
-0.182570
-0.197234
-0.212013
-0.226911
-0.241930
-0.257074
0.625434
0.624530
0.622298
0.619033
0.614928
0.610117
0.604700
0.598752
0.592331
0.585486
0.578258
0.570683
0.562790
0.554605
0.546153
0.537455
0.528530
0.519396
0.510068
0.500561
0.490888
0.481061
0.471091
0.460990
0.450767
0.440431
0.429990
0.419452
0.408823
0.398110
0.387318
0.376454
0.365521
0.354524
0.343468
0.332357
0.321193
0.309979
0.298718
0.287413
0.276065
0.264676
0.253248
0.241782
0.230279
0.218740
0.207165
0.195556
0.183913
0.172234
0.160522
0.148774
0.136992
0.125174
0.113319
0.101428
0.089498
0.077530
0.065522
0.053473
0.041381
0.029245
0.017065
0.004837
-0.007439
-0.019765
-0.032143
-0.044574
-0.057061
-0.069605
-0.082209
-0.094874
-0.107602
-0.120396
-0.133257
-0.146188
-0.159191
-0.172268
-0.185422
-0.198654
0.627026
0.626150
0.623986
0.620819
0.616833
0.612158
0.606889
0.601099
0.594845
0.588174
0.581126
0.573738
0.566037
0.558051
0.549804
0.541317
0.532610
0.523701
0.514605
0.505339
0.495914
0.486345
0.476644
0.466821
0.456887
0.446852
0.436724
0.426512
0.416224
0.405866
0.395444
0.384965
0.374435
0.363859
0.353241
0.342586
0.331899
0.321182
0.310439
0.299673
0.288886
0.278082
0.267263
0.256429
0.245584
0.234729
0.223865
0.212994
0.202115
0.191231
0.180341
0.169446
0.158547
0.147643
0.136734
0.125821
0.114903
0.103979
0.093050
0.082114
0.071171
0.060221
0.049262
0.038293
0.027313
0.016322
0.005318
-0.005700
-0.016733
-0.027783
-0.038851
-0.049938
-0.061047
-0.072178
-0.083333
-0.094514
-0.105722
-0.116959
-0.128227
-0.139527
0.628671
0.627824
0.625732
0.622666
0.618804
0.614270
0.609155
0.603529
0.597448
0.590957
0.584096
0.576900
0.569399
0.561617
0.553580
0.545309
0.536826
0.528147
0.519289
0.510267
0.501096
0.491790
0.482361
0.472820
0.463180
0.453450
0.443639
0.433758
0.423813
0.413813
0.403764
0.393675
0.383551
0.373397
0.363221
0.353026
0.342818
0.332601
0.322379
0.312155
0.301933
0.291717
0.281509
0.271312
0.261128
0.250960
0.240810
0.230680
0.220570
0.210484
0.200421
0.190383
0.180371
0.170385
0.160428
0.150497
0.140596
0.130722
0.120877
0.111061
0.101274
0.091515
0.081784
0.072082
0.062406
0.052758
0.043136
0.033540
0.023969
0.014423
0.004900
-0.004600
-0.014079
-0.023537
-0.032975
-0.042394
-0.051795
-0.061180
-0.070549
-0.079904
0.630368
0.629552
0.627534
0.624573
0.620840
0.616452
0.611497
0.606041
0.600138
0.593834
0.587165
0.580168
0.572870
0.565299
0.557478
0.549429
0.541173
0.532729
0.524113
0.515341
0.506428
0.497388
0.488235
0.478980
0.469637
0.460214
0.450724
0.441175
0.431577
0.421937
0.412264
0.402566
0.392849
0.383120
0.373386
0.363653
0.353926
0.344209
0.334509
0.324828
0.315172
0.305544
0.295949
0.286389
0.276867
0.267387
0.257951
0.248563
0.239223
0.229935
0.220700
0.211520
0.202396
0.193331
0.184324
0.175379
0.166495
0.157673
0.148914
0.140220
0.131590
0.123024
0.114524
0.106090
0.097721
0.089418
0.081181
0.073010
0.064905
0.056865
0.048891
0.040982
0.033138
0.025358
0.017642
0.009989
0.002400
-0.005128
-0.012593
-0.019997
0.632114
0.631331
0.629389
0.626539
0.622939
0.618703
0.613913
0.608633
0.602914
0.596802
0.590332
0.583538
0.576450
0.569094
0.561494
0.553671
0.545649
0.537444
0.529073
0.520555
0.511903
0.503133
0.494259
0.485293
0.476248
0.467137
0.457968
0.448754
0.439503
0.430224
0.420927
0.411621
0.402312
0.393008
0.383717
0.374445
0.365197
0.355981
0.346801
0.337663
0.328571
0.319530
0.310545
0.301620
0.292759
0.283965
0.275242
0.266592
0.258020
0.249528
0.241118
0.232793
0.224556
0.216407
0.208350
0.200386
0.192517
0.184744
0.177069
0.169493
0.162017
0.154643
0.147371
0.140202
0.133138
0.126178
0.119323
0.112575
0.105933
0.099398
0.092970
0.086650
0.080438
0.074334
0.068338
0.062450
0.056670
0.050999
0.045436
0.039982
0.633909
0.633158
0.631297
0.628560
0.625100
0.621020
0.616400
0.611302
0.605774
0.599859
0.593592
0.587009
0.580136
0.573000
0.565625
0.558034
0.550248
0.542286
0.534165
0.525903
0.517516
0.509019
0.500426
0.491751
0.483007
0.474207
0.465361
0.456481
0.447578
0.438661
0.429740
0.420824
0.411922
0.403042
0.394192
0.385378
0.376608
0.367889
0.359227
0.350628
0.342096
0.333639
0.325261
0.316967
0.308761
0.300648
0.292632
0.284717
0.276907
0.269205
0.261615
0.254140
0.246782
0.239544
0.232430
0.225441
0.218580
0.211850
0.205251
0.198787
0.192458
0.186267
0.180216
0.174305
0.168537
0.162912
0.157433
0.152099
0.146912
0.141874
0.136984
0.132245
0.127656
0.123219
0.118935
0.114803
0.110825
0.107001
0.103332
0.099818
0.635750
0.635033
0.633255
0.630636
0.627319
0.623401
0.618958
0.614047
0.608715
0.603002
0.596946
0.590577
0.583924
0.577013
0.569868
0.562513
0.554968
0.547252
0.539384
0.531382
0.523262
0.515039
0.506729
0.498346
0.489904
0.481415
0.472893
0.464347
0.455790
0.447233
0.438686
0.430159
0.421662
0.413202
0.404789
0.396431
0.388135
0.379909
0.371759
0.363693
0.355717
0.347837
0.340059
0.332389
0.324831
0.317392
0.310076
0.302887
0.295831
0.288911
0.282131
0.275496
0.269008
0.262671
0.256489
0.250465
0.244602
0.238902
0.233369
0.228005
0.222812
0.217793
0.212949
0.208285
0.203800
0.199498
0.195379
0.191447
0.187701
0.184146
0.180781
0.177607
0.174628
0.171843
0.169255
0.166864
0.164672
0.162680
0.160888
0.159299
0.637634
0.636953
0.635261
0.632764
0.629595
0.625845
0.621584
0.616866
0.611735
0.606231
0.600389
0.594240
0.587812
0.581130
0.574220
0.567104
0.559804
0.552338
0.544726
0.536986
0.529134
0.521187
0.513161
0.505071
0.496930
0.488753
0.480552
0.472339
0.464128
0.455929
0.447753
0.439611
0.431514
0.423470
0.415490
0.407581
0.399753
0.392013
0.384369
0.376829
0.369400
0.362089
0.354902
0.347847
0.340928
0.334152
0.327525
0.321052
0.314738
0.308588
0.302606
0.296798
0.291167
0.285718
0.280455
0.275381
0.270501
0.265817
0.261334
0.257053
0.252980
0.249115
0.245464
0.242027
0.238808
0.235810
0.233034
0.230484
0.228161
0.226068
0.224207
0.222580
0.221189
0.220036
0.219123
0.218451
0.218022
0.217839
0.217902
0.218213
0.639560
0.638916
0.637313
0.634943
0.631927
0.628349
0.624276
0.619756
0.614832
0.609542
0.603919
0.597995
0.591797
0.585349
0.578678
0.571805
0.564752
0.557540
0.550186
0.542709
0.535128
0.527458
0.519716
0.511918
0.504078
0.496211
0.488330
0.480448
0.472578
0.464734
0.456925
0.449164
0.441462
0.433828
0.426274
0.418807
0.411439
0.404177
0.397030
0.390007
0.383114
0.376362
0.369756
0.363303
0.357011
0.350886
0.344935
0.339163
0.333576
0.328181
0.322982
0.317985
0.313195
0.308616
0.304254
0.300112
0.296196
0.292509
0.289056
0.285840
0.282864
0.280134
0.277651
0.275421
0.273445
0.271727
0.270271
0.269078
0.268153
0.267498
0.267115
0.267008
0.267178
0.267629
0.268362
0.269381
0.270687
0.272282
0.274170
0.276352
0.641526
0.640919
0.639409
0.637169
0.634312
0.630912
0.627031
0.622715
0.618004
0.612933
0.607535
0.601841
0.595877
0.589667
0.583238
0.576612
0.569810
0.562852
0.555759
0.548548
0.541237
0.533845
0.526387
0.518880
0.511340
0.503780
0.496216
0.488662
0.481131
0.473636
0.466189
0.458803
0.451489
0.444258
0.437121
0.430089
0.423171
0.416376
0.409716
0.403197
0.396830
0.390623
0.384584
0.378720
0.373040
0.367550
0.362258
0.357171
0.352295
0.347636
0.343201
0.338996
0.335026
0.331297
0.327814
0.324583
0.321609
0.318895
0.316448
0.314271
0.312369
0.310746
0.309407
0.308355
0.307595
0.307130
0.306963
0.307099
0.307541
0.308292
0.309356
0.310736
0.312434
0.314455
0.316801
0.319475
0.322479
0.325818
0.329493
0.333507
0.643529
0.642962
0.641547
0.639442
0.636748
0.633532
0.629849
0.625742
0.621249
0.616402
0.611234
0.605775
0.600048
0.594082
0.587898
0.581521
0.574973
0.568273
0.561441
0.554496
0.547457
0.540342
0.533167
0.525950
0.518707
0.511453
0.504203
0.496971
0.489774
0.482623
0.475531
0.468512
0.461579
0.454742
0.448013
0.441404
0.434925
0.428587
0.422400
0.416373
0.410517
0.404840
0.399352
0.394061
0.388975
0.384103
0.379452
0.375030
0.370843
0.366901
0.363208
0.359772
0.356599
0.353695
0.351067
0.348721
0.346661
0.344894
0.343425
0.342259
0.341400
0.340855
0.340628
0.340723
0.341145
0.341899
0.342988
0.344417
0.346190
0.348311
0.350784
0.353613
0.356801
0.360352
0.364269
0.368557
0.373218
0.378256
0.383674
0.389476
0.645566
0.645040
0.643724
0.641759
0.639232
0.636205
0.632726
0.628834
0.624564
0.619947
0.615013
0.609793
0.604310
0.598589
0.592655
0.586531
0.580238
0.573797
0.567228
0.560550
0.553783
0.546944
0.540052
0.533123
0.526173
0.519221
0.512280
0.505367
0.498497
0.491683
0.484939
0.478279
0.471717
0.465263
0.458932
0.452735
0.446682
0.440787
0.435059
0.429509
0.424147
0.418984
0.414029
0.409291
0.404780
0.400505
0.396473
0.392693
0.389174
0.385923
0.382947
0.380254
0.377851
0.375746
0.373944
0.372453
0.371278
0.370426
0.369903
0.369714
0.369865
0.370363
0.371212
0.372418
0.373985
0.375920
0.378225
0.380907
0.383970
0.387419
0.391258
0.395492
0.400124
0.405160
0.410602
0.416456
0.422724
0.429412
0.436522
0.444059
0.647636
0.647152
0.645938
0.644116
0.641763
0.638930
0.635660
0.631989
0.627947
0.623565
0.618871
0.613894
0.608658
0.603187
0.597506
0.591636
0.585602
0.579422
0.573117
0.566706
0.560210
0.553647
0.547034
0.540390
0.533732
0.527076
0.520440
0.513840
0.507289
0.500805
0.494400
0.488090
0.481888
0.475807
0.469860
0.464061
0.458421
0.452953
0.447668
0.442577
0.437692
0.433023
0.428581
0.424376
0.420418
0.416716
0.413280
0.410118
0.407239
0.404653
0.402366
0.400388
0.398725
0.397386
0.396379
0.395710
0.395386
0.395414
0.395801
0.396553
0.397676
0.399177
0.401063
0.403338
0.406008
0.409079
0.412557
0.416447
0.420754
0.425483
0.430640
0.436229
0.442255
0.448722
0.455637
0.463002
0.470823
0.479104
0.487849
0.497063
0.649735
0.649295
0.648186
0.646513
0.644339
0.641705
0.638650
0.635204
0.631396
0.627254
0.622804
0.618076
0.613090
0.607873
0.602447
0.596836
0.591061
0.585143
0.579102
0.572960
0.566734
0.560444
0.554109
0.547747
0.541376
0.535013
0.528676
0.522380
0.516143
0.509979
0.503903
0.497932
0.492078
0.486357
0.480782
0.475366
0.470123
0.465065
0.460205
0.455555
0.451126
0.446931
0.442980
0.439284
0.435854
0.432701
0.429833
0.427261
0.424994
0.423043
0.421414
0.420118
0.419163
0.418557
0.418308
0.418425
0.418914
0.419783
0.421040
0.422692
0.424744
0.427207
0.430084
0.433382
0.437109
0.441270
0.445871
0.450917
0.456417
0.462374
0.468794
0.475683
0.483046
0.490889
0.499217
0.508034
0.517345
0.527157
0.537473
0.548299
0.651861
0.651467
0.650467
0.648947
0.646957
0.644528
0.641693
0.638478
0.634909
0.631011
0.626811
0.622335
0.617604
0.612644
0.607477
0.602125
0.596613
0.590958
0.585182
0.579306
0.573350
0.567332
0.561272
0.555188
0.549099
0.543023
0.536978
0.530981
0.525047
0.519194
0.513438
0.507793
0.502276
0.496900
0.491681
0.486633
0.481769
0.477103
0.472649
0.468418
0.464425
0.460680
0.457196
0.453985
0.451056
0.448423
0.446095
0.444083
0.442397
0.441047
0.440044
0.439395
0.439110
0.439199
0.439671
0.440533
0.441794
0.443462
0.445546
0.448052
0.450989
0.454364
0.458184
0.462457
0.467188
0.472386
0.478056
0.484205
0.490840
0.497967
0.505592
0.513721
0.522359
0.531514
0.541190
0.551393
0.562128
0.573402
0.585219
0.597584
0.654012
0.653664
0.652777
0.651415
0.649614
0.647396
0.644786
0.641808
0.638483
0.634836
0.630889
0.626670
0.622198
0.617497
0.612592
0.607503
0.602254
0.596863
0.591352
0.585743
0.580054
0.574306
0.568517
0.562707
0.556896
0.551102
0.545342
0.539634
0.533995
0.528442
0.522993
0.517663
0.512468
0.507424
0.502545
0.497846
0.493343
0.489049
0.484979
0.481147
0.477565
0.474245
0.471202
0.468447
0.465992
0.463849
0.462030
0.460545
0.459406
0.458623
0.458207
0.458168
0.458515
0.459259
0.460409
0.461974
0.463962
0.466383
0.469246
0.472559
0.476329
0.480566
0.485277
0.490469
0.496150
0.502327
0.509008
0.516200
0.523909
0.532144
0.540909
0.550212
0.560059
0.570457
0.581411
0.592928
0.605014
0.617675
0.630916
0.644744
0.656184
0.655885
0.655114
0.653915
0.652308
0.650307
0.647929
0.645192
0.642117
0.638724
0.635036
0.631077
0.626868
0.622431
0.617790
0.612965
0.607981
0.602855
0.597610
0.592266
0.586843
0.581362
0.575841
0.570301
0.564762
0.559242
0.553759
0.548332
0.542978
0.537715
0.532561
0.527532
0.522645
0.517915
0.513358
0.508991
0.504829
0.500887
0.497179
0.493720
0.490524
0.487603
0.484973
0.482645
0.480633
0.478948
0.477604
0.476612
0.475983
0.475730
0.475862
0.476392
0.477329
0.478684
0.480468
0.482688
0.485357
0.488482
0.492073
0.496139
0.500690
0.505733
0.511278
0.517331
0.523902
0.530998
0.538627
0.546797
0.555516
0.564790
0.574626
0.585033
0.596016
0.607583
0.619740
0.632495
0.645852
0.659820
0.674404
0.689610
0.658374
0.658125
0.657475
0.656443
0.655037
0.653258
0.651117
0.648628
0.645808
0.642675
0.639250
0.635556
0.631613
0.627443
0.623068
0.618510
0.613792
0.608932
0.603951
0.598872
0.593714
0.588496
0.583240
0.577965
0.572692
0.567439
0.562226
0.557070
0.551991
0.547006
0.542133
0.537391
0.532795
0.528363
0.524111
0.520055
0.516213
0.512600
0.509231
0.506120
0.503283
0.500733
0.498485
0.496554
0.494951
0.493691
0.492786
0.492249
0.492093
0.492329
0.492969
0.494024
0.495506
0.497426
0.499795
0.502623
0.505920
0.509696
0.513962
0.518727
0.524000
0.529791
0.536109
0.542962
0.550359
0.558308
0.566818
0.575898
0.585555
0.595797
0.606631
0.618066
0.630108
0.642766
0.656046
0.669955
0.684500
0.699690
0.715528
0.732024
0.660580
0.660383
0.659857
0.658999
0.657799
0.656247
0.654349
0.652114
0.649554
0.646685
0.643528
0.640103
0.636430
0.632530
0.628425
0.624136
0.619685
0.615091
0.610375
0.605559
0.600663
0.595706
0.590710
0.585695
0.580682
0.575689
0.570736
0.565842
0.561026
0.556307
0.551702
0.547231
0.542911
0.538759
0.534792
0.531027
0.527483
0.524175
0.521119
0.518330
0.515823
0.513615
0.511719
0.510151
0.508923
0.508052
0.507549
0.507428
0.507703
0.508385
0.509488
0.511023
0.513003
0.515440
0.518344
0.521726
0.525598
0.529970
0.534853
0.540258
0.546193
0.552670
0.559696
0.567283
0.575439
0.584172
0.593493
0.603409
0.613930
0.625064
0.636818
0.649201
0.662221
0.675885
0.690202
0.705179
0.720824
0.737143
0.754143
0.771833
0.662799
0.662655
0.662258
0.661578
0.660590
0.659272
0.657622
0.655646
0.653352
0.650753
0.647868
0.644717
0.641317
0.637691
0.633858
0.629840
0.625657
0.621330
0.616878
0.612324
0.607687
0.602989
0.598249
0.593489
0.588729
0.583988
0.579287
0.574644
0.570080
0.565613
0.561262
0.557047
0.552984
0.549094
0.545392
0.541897
0.538628
0.535600
0.532831
0.530335
0.528130
0.526231
0.524655
0.523415
0.522527
0.522006
0.521865
0.522119
0.522782
0.523867
0.525387
0.527354
0.529782
0.532683
0.536069
0.539951
0.544341
0.549251
0.554691
0.560673
0.567207
0.574303
0.581972
0.590223
0.599066
0.608511
0.618567
0.629243
0.640550
0.652495
0.665087
0.678334
0.692246
0.706829
0.722093
0.738046
0.754695
0.772048
0.790113
0.808897
0.665026
0.664938
0.664675
0.664179
0.663408
0.662331
0.660935
0.659223
0.657200
0.654876
0.652268
0.649394
0.646272
0.642922
0.639365
0.635619
0.631706
0.627645
0.623458
0.619165
0.614786
0.610342
0.605853
0.601342
0.596829
0.592332
0.587873
0.583472
0.579147
0.574919
0.570808
0.566832
0.563010
0.559361
0.555903
0.552656
0.549638
0.546865
0.544354
0.542123
0.540189
0.538568
0.537276
0.536329
0.535743
0.535532
0.535713
0.536299
0.537305
0.538746
0.540634
0.542983
0.545807
0.549119
0.552931
0.557255
0.562105
0.567491
0.573425
0.579919
0.586985
0.594632
0.602872
0.611715
0.621171
0.631251
0.641964
0.653321
0.665331
0.678003
0.691346
0.705369
0.720082
0.735493
0.751610
0.768442
0.785997
0.804284
0.823310
0.843083
0.667259
0.667229
0.667104
0.666798
0.666250
0.665420
0.664285
0.662843
0.661096
0.659052
0.656726
0.654134
0.651293
0.648223
0.644943
0.641472
0.637830
0.634037
0.630113
0.626079
0.621956
0.617763
0.613522
0.609254
0.604980
0.600720
0.596494
0.592323
0.588225
0.584223
0.580335
0.576581
0.572982
0.569555
0.566321
0.563298
0.560505
0.557960
0.555681
0.553684
0.551989
0.550611
0.549569
0.548877
0.548554
0.548613
0.549072
0.549946
0.551249
0.552996
0.555203
0.557882
0.561048
0.564715
0.568895
0.573601
0.578848
0.584646
0.591009
0.597948
0.605475
0.613602
0.622339
0.631698
0.641690
0.652326
0.663615
0.675568
0.688195
0.701507
0.715511
0.730219
0.745639
0.761780
0.778652
0.796263
0.814621
0.833737
0.853618
0.874271
0.669494
0.669525
0.669542
0.669432
0.669115
0.668537
0.667669
0.666503
0.665038
0.663279
0.661240
0.658934
0.656379
0.653592
0.650592
0.647397
0.644028
0.640502
0.636841
0.633066
0.629196
0.625251
0.621253
0.617223
0.613182
0.609149
0.605147
0.601194
0.597312
0.593521
0.589841
0.586294
0.582897
0.579672
0.576639
0.573817
0.571224
0.568880
0.566802
0.565009
0.563520
0.562351
0.561521
0.561047
0.560946
0.561233
0.561926
0.563041
0.564593
0.566598
0.569070
0.572025
0.575477
0.579440
0.583928
0.588955
0.594535
0.600679
0.607402
0.614716
0.622633
0.631164
0.640323
0.650120
0.660567
0.671675
0.683455
0.695918
0.709074
0.722933
0.737506
0.752802
0.768832
0.785604
0.803128
0.821413
0.840469
0.860305
0.880929
0.902349
0.671727
0.671821
0.671986
0.672079
0.671999
0.671680
0.671085
0.670202
0.669024
0.667555
0.665807
0.663792
0.661526
0.659026
0.656308
0.653393
0.650297
0.647040
0.643643
0.640124
0.636505
0.632804
0.629045
0.625247
0.621432
0.617619
0.613830
0.610086
0.606406
0.602812
0.599325
0.595966
0.592754
0.589710
0.586856
0.584209
0.581790
0.579618
0.577713
0.576092
0.574775
0.573780
0.573125
0.572829
0.572908
0.573380
0.574261
0.575570
0.577321
0.579531
0.582216
0.585391
0.589071
0.593270
0.598004
0.603288
0.609134
0.615557
0.622569
0.630185
0.638417
0.647278
0.656779
0.666933
0.677751
0.689246
0.701429
0.714312
0.727904
0.742218
0.757262
0.773048
0.789586
0.806886
0.824957
0.843809
0.863452
0.883895
0.905147
0.927217
0.673955
0.674115
0.674434
0.674736
0.674900
0.674846
0.674531
0.673935
0.673051
0.671878
0.670426
0.668707
0.666734
0.664523
0.662092
0.659457
0.656637
0.653649
0.650515
0.647252
0.643881
0.640423
0.636898
0.633327
0.629731
0.626130
0.622545
0.618997
0.615508
0.612097
0.608787
0.605598
0.602552
0.599668
0.596969
0.594473
0.592202
0.590174
0.588410
0.586930
0.585750
0.584893
0.584375
0.584216
0.584433
0.585045
0.586068
0.587521
0.589421
0.591784
0.594625
0.597963
0.601811
0.606186
0.611103
0.616576
0.622621
0.629252
0.636482
0.644325
0.652795
0.661905
0.671668
0.682095
0.693199
0.704993
0.717489
0.730699
0.744633
0.759303
0.774720
0.790894
0.807837
0.825558
0.844067
0.863375
0.883491
0.904426
0.926188
0.948786
0.676173
0.676403
0.676881
0.677400
0.677815
0.678034
0.678004
0.677703
0.677116
0.676244
0.675094
0.673675
0.671999
0.670082
0.667940
0.665588
0.663045
0.660329
0.657457
0.654450
0.651326
0.648106
0.644812
0.641462
0.638078
0.634681
0.631291
0.627929
0.624617
0.621376
0.618226
0.615191
0.612290
0.609546
0.606979
0.604610
0.602459
0.600547
0.598894
0.597520
0.596444
0.595687
0.595267
0.595204
0.595516
0.596222
0.597340
0.598887
0.600883
0.603345
0.606287
0.609729
0.613685
0.618172
0.623206
0.628802
0.634976
0.641742
0.649115
0.657109
0.665739
0.675017
0.684957
0.695572
0.706874
0.718877
0.731594
0.745035
0.759214
0.774142
0.789829
0.806287
0.823528
0.841561
0.860397
0.880046
0.900519
0.921827
0.943978
0.966981
0.678378
0.678680
0.679325
0.680067
0.680741
0.681240
0.681503
0.681501
0.681219
0.680654
0.679810
0.678695
0.677321
0.675701
0.673852
0.671786
0.669522
0.667078
0.664469
0.661717
0.658838
0.655855
0.652787
0.649654
0.646476
0.643274
0.640070
0.636884
0.633736
0.630650
0.627646
0.624746
0.621973
0.619346
0.616889
0.614621
0.612564
0.610739
0.609165
0.607865
0.606857
0.606163
0.605802
0.605792
0.606155
0.606909
0.608072
0.609665
0.611704
0.614209
0.617195
0.620680
0.624682
0.629217
0.634302
0.639952
0.646184
0.653012
0.660452
0.668519
0.677227
0.686591
0.696624
0.707338
0.718748
0.730868
0.743710
0.757287
0.771611
0.786694
0.802547
0.819183
0.836612
0.854845
0.873894
0.893769
0.914481
0.936039
0.958455
0.981736
0.680565
0.680942
0.681760
0.682735
0.683676
0.684461
0.685023
0.685328
0.685357
0.685103
0.684570
0.683765
0.682697
0.681379
0.679825
0.678049
0.676067
0.673895
0.671551
0.669053
0.666419
0.663670
0.660824
0.657903
0.654925
0.651912
0.648884
0.645863
0.642869
0.639924
0.637050
0.634269
0.631603
0.629073
0.626702
0.624510
0.622520
0.620753
0.619228
0.617968
0.616993
0.616324
0.615981
0.615983
0.616353
0.617108
0.618268
0.619854
0.621883
0.624375
0.627346
0.630815
0.634799
0.639317
0.644384
0.650018
0.656235
0.663050
0.670480
0.678540
0.687245
0.696610
0.706649
0.717374
0.728801
0.740943
0.753814
0.767427
0.781795
0.796929
0.812842
0.829546
0.847053
0.865374
0.884518
0.904500
0.925328
0.947015
0.969568
0.992999
0.682729
0.683186
0.684186
0.685401
0.686617
0.687696
0.688564
0.689182
0.689526
0.689590
0.689374
0.688884
0.688127
0.687114
0.685860
0.684376
0.682678
0.680782
0.678703
0.676459
0.674069
0.671551
0.668926
0.666212
0.663429
0.660597
0.657738
0.654871
0.652018
0.649201
0.646442
0.643763
0.641185
0.638732
0.636425
0.634285
0.632335
0.630596
0.629089
0.627836
0.626858
0.626176
0.625811
0.625783
0.626114
0.626824
0.627931
0.629458
0.631423
0.633845
0.636742
0.640134
0.644037
0.648471
0.653452
0.658999
0.665127
0.671854
0.679195
0.687167
0.695786
0.705066
0.715021
0.725667
0.737017
0.749086
0.761889
0.775437
0.789746
0.804826
0.820690
0.837353
0.854824
0.873116
0.892240
0.912207
0.933029
0.954717
0.977280
1.000730
0.684865
0.685406
0.686597
0.688062
0.689561
0.690941
0.692122
0.693059
0.693726
0.694113
0.694220
0.694049
0.693607
0.692905
0.691954
0.690766
0.689355
0.687736
0.685924
0.683936
0.681789
0.679502
0.677094
0.674583
0.671989
0.669333
0.666634
0.663912
0.661189
0.658488
0.655829
0.653235
0.650728
0.648330
0.646065
0.643953
0.642016
0.640277
0.638757
0.637478
0.636461
0.635728
0.635301
0.635201
0.635449
0.636065
0.637071
0.638487
0.640333
0.642628
0.645392
0.648643
0.652401
0.656685
0.661511
0.666898
0.672864
0.679425
0.686598
0.694401
0.702848
0.711956
0.721739
0.732213
0.743392
0.755292
0.767926
0.781308
0.795453
0.810372
0.826079
0.842588
0.859909
0.878055
0.897037
0.916869
0.937560
0.959122
0.981566
1.004901
0.686969
0.687600
0.688990
0.690715
0.692505
0.694195
0.695696
0.696959
0.697954
0.698670
0.699104
0.699258
0.699137
0.698750
0.698107
0.697218
0.696098
0.694759
0.693215
0.691484
0.689580
0.687523
0.685330
0.683020
0.680611
0.678124
0.675578
0.672992
0.670389
0.667791
0.665218
0.662693
0.660239
0.657878
0.655632
0.653524
0.651574
0.649807
0.648243
0.646905
0.645814
0.644994
0.644465
0.644249
0.644369
0.644845
0.645699
0.646952
0.648625
0.650737
0.653307
0.656356
0.659903
0.663969
0.668570
0.673725
0.679453
0.685771
0.692696
0.700246
0.708437
0.717286
0.726807
0.737016
0.747929
0.759560
0.771926
0.785039
0.798914
0.813565
0.829004
0.845245
0.862301
0.880183
0.898903
0.918475
0.938909
0.960217
0.982410
1.005497
0.689035
0.689761
0.691361
0.693356
0.695447
0.697455
0.699283
0.700878
0.702208
0.703258
0.704026
0.704510
0.704715
0.704648
0.704318
0.703733
0.702907
0.701850
0.700578
0.699104
0.697445
0.695618
0.693639
0.691526
0.689299
0.686975
0.684575
0.682118
0.679625
0.677118
0.674618
0.672148
0.669729
0.667385
0.665138
0.663009
0.661022
0.659199
0.657561
0.656132
0.654933
0.653987
0.653317
0.652945
0.652892
0.653181
0.653833
0.654871
0.656315
0.658186
0.660503
0.663287
0.666560
0.670339
0.674645
0.679496
0.684911
0.690908
0.697504
0.704718
0.712568
0.721068
0.730236
0.740087
0.750637
0.761903
0.773898
0.786638
0.800138
0.814411
0.829471
0.845331
0.862004
0.879503
0.897840
0.917028
0.937078
0.958003
0.979812
1.002517
0.691058
0.691886
0.693706
0.695982
0.698384
0.700718
0.702881
0.704814
0.706484
0.707876
0.708983
0.709803
0.710340
0.710598
0.710585
0.710308
0.709781
0.709011
0.708012
0.706799
0.705385
0.703788
0.702023
0.700106
0.698057
0.695893
0.693634
0.691298
0.688906
0.686480
0.684040
0.681610
0.679211
0.676866
0.674597
0.672426
0.670375
0.668469
0.666728
0.665176
0.663834
0.662727
0.661877
0.661306
0.661037
0.661092
0.661493
0.662265
0.663426
0.664998
0.667002
0.669460
0.672392
0.675818
0.679758
0.684232
0.689257
0.694855
0.701042
0.707838
0.715259
0.723323
0.732046
0.741445
0.751536
0.762336
0.773860
0.786123
0.799141
0.812927
0.827495
0.842860
0.859033
0.876029
0.893860
0.912540
0.932079
0.952490
0.973783
0.995971
0.693030
0.693968
0.696022
0.698591
0.701314
0.703983
0.706487
0.708765
0.710782
0.712521
0.713973
0.715135
0.716009
0.716598
0.716907
0.716945
0.716719
0.716241
0.715520
0.714570
0.713404
0.712038
0.710486
0.708764
0.706891
0.704883
0.702759
0.700539
0.698240
0.695886
0.693495
0.691091
0.688697
0.686334
0.684023
0.681788
0.679651
0.677636
0.675764
0.674058
0.672540
0.671236
0.670167
0.669356
0.668827
0.668603
0.668705
0.669158
0.669982
0.671200
0.672832
0.674901
0.677428
0.680433
0.683937
0.687960
0.692522
0.697641
0.703339
0.709632
0.716539
0.724077
0.732264
0.741117
0.750653
0.760888
0.771838
0.783520
0.795948
0.809137
0.823102
0.837856
0.853413
0.869787
0.886989
0.905034
0.923935
0.943702
0.964347
0.985882
0.694945
0.696002
0.698305
0.701180
0.704234
0.707246
0.710098
0.712728
0.715099
0.717191
0.718993
0.720503
0.721720
0.722646
0.723284
0.723641
0.723724
0.723540
0.723101
0.722418
0.721502
0.720369
0.719033
0.717506
0.715808
0.713954
0.711962
0.709851
0.707639
0.705347
0.702996
0.700607
0.698203
0.695805
0.693435
0.691116
0.688870
0.686721
0.684689
0.682799
0.681074
0.679537
0.678212
0.677122
0.676292
0.675742
0.675497
0.675581
0.676015
0.676822
0.678023
0.679642
0.681699
0.684217
0.687215
0.690716
0.694737
0.699302
0.704428
0.710135
0.716442
0.723366
0.730926
0.739139
0.748022
0.757593
0.767867
0.778863
0.790595
0.803078
0.816326
0.830355
0.845178
0.860809
0.877261
0.894548
0.912682
0.931675
0.951539
0.972286
0.696796
0.697984
0.700550
0.703746
0.707141
0.710505
0.713714
0.716702
0.719432
0.721883
0.724043
0.725907
0.727473
0.728742
0.729715
0.730397
0.730793
0.730911
0.730758
0.730346
0.729685
0.728788
0.727668
0.726338
0.724814
0.723113
0.721250
0.719244
0.717114
0.714878
0.712556
0.710171
0.707745
0.705298
0.702852
0.700429
0.698053
0.695746
0.693530
0.691427
0.689463
0.687661
0.686043
0.684636
0.683461
0.682543
0.681904
0.681569
0.681560
0.681901
0.682614
0.683721
0.685246
0.687209
0.689632
0.692538
0.695946
0.699877
0.704352
0.709390
0.715011
0.721232
0.728074
0.735553
0.743687
0.752495
0.761993
0.772198
0.783126
0.794793
0.807214
0.820402
0.834374
0.849143
0.864722
0.881126
0.898366
0.916456
0.935407
0.955231
0.698575
0.699906
0.702755
0.706285
0.710034
0.713757
0.717330
0.720684
0.723779
0.726596
0.729120
0.731344
0.733266
0.734884
0.736198
0.737211
0.737928
0.738352
0.738492
0.738356
0.737954
0.737297
0.736396
0.735265
0.733917
0.732368
0.730634
0.728731
0.726676
0.724490
0.722191
0.719801
0.717342
0.714832
0.712295
0.709752
0.707224
0.704737
0.702311
0.699970
0.697738
0.695637
0.693693
0.691930
0.690371
0.689041
0.687962
0.687160
0.686658
0.686479
0.686645
0.687182
0.688111
0.689454
0.691234
0.693474
0.696194
0.699415
0.703159
0.707446
0.712295
0.717726
0.723759
0.730410
0.737700
0.745646
0.754266
0.763577
0.773596
0.784338
0.795818
0.808053
0.821058
0.834845
0.849430
0.864826
0.881047
0.898105
0.916011
0.934779
0.700274
0.701762
0.704915
0.708797
0.712910
0.717002
0.720945
0.724670
0.728138
0.731327
0.734221
0.736813
0.739097
0.741071
0.742732
0.744084
0.745128
0.745866
0.746304
0.746451
0.746313
0.745901
0.745224
0.744294
0.743125
0.741730
0.740123
0.738321
0.736341
0.734200
0.731918
0.729515
0.727012
0.724429
0.721786
0.719106
0.716411
0.713723
0.711064
0.708459
0.705930
0.703501
0.701197
0.699042
0.697061
0.695277
0.693714
0.692398
0.691352
0.690600
0.690166
0.690072
0.690344
0.691003
0.692073
0.693576
0.695535
0.697971
0.700905
0.704359
0.708352
0.712906
0.718039
0.723771
0.730121
0.737108
0.744749
0.753062
0.762065
0.771774
0.782205
0.793372
0.805293
0.817982
0.831452
0.845718
0.860793
0.876691
0.893423
0.911001
0.701882
0.703548
0.707026
0.711276
0.715766
0.720236
0.724557
0.728660
0.732507
0.736073
0.739344
0.742310
0.744964
0.747301
0.749318
0.751015
0.752393
0.753452
0.754197
0.754632
0.754766
0.754604
0.754156
0.753433
0.752445
0.751206
0.749730
0.748029
0.746121
0.744024
0.741753
0.739332
0.736778
0.734111
0.731351
0.728521
0.725640
0.722733
0.719821
0.716928
0.714076
0.711290
0.708595
0.706015
0.703574
0.701296
0.699207
0.697331
0.695693
0.694317
0.693227
0.692447
0.692001
0.691913
0.692206
0.692904
0.694030
0.695605
0.697652
0.700192
0.703247
0.706837
0.710982
0.715703
0.721019
0.726949
0.733511
0.740725
0.748608
0.757177
0.766447
0.776435
0.787158
0.798630
0.810865
0.823879
0.837685
0.852296
0.867725
0.883983
0.703389
0.705255
0.709086
0.713723
0.718602
0.723458
0.728163
0.732651
0.736882
0.740833
0.744487
0.747834
0.750864
0.753573
0.755953
0.758004
0.759724
0.761112
0.762171
0.762904
0.763315
0.763411
0.763199
0.762688
0.761887
0.760809
0.759465
0.757868
0.756033
0.753977
0.751717
0.749273
0.746662
0.743903
0.741016
0.738023
0.734944
0.731801
0.728617
0.725414
0.722215
0.719046
0.715930
0.712892
0.709956
0.707148
0.704491
0.702013
0.699735
0.697686
0.695887
0.694364
0.693143
0.692246
0.691698
0.691524
0.691746
0.692387
0.693470
0.695018
0.697052
0.699593
0.702662
0.706282
0.710470
0.715248
0.720633
0.726646
0.733305
0.740627
0.748629
0.757327
0.766738
0.776877
0.787760
0.799401
0.811814
0.825014
0.839012
0.853821
0.704782
0.706877
0.711090
0.716135
0.721415
0.726666
0.731762
0.736640
0.741262
0.745604
0.749648
0.753383
0.756797
0.759884
0.762636
0.765050
0.767121
0.768847
0.770228
0.771267
0.771966
0.772328
0.772359
0.772067
0.771460
0.770548
0.769341
0.767851
0.766092
0.764079
0.761829
0.759359
0.756688
0.753832
0.750810
0.747644
0.744354
0.740961
0.737488
0.733956
0.730390
0.726812
0.723249
0.719723
0.716260
0.712885
0.709623
0.706499
0.703538
0.700767
0.698210
0.695891
0.693837
0.692072
0.690620
0.689507
0.688756
0.688392
0.688436
0.688913
0.689845
0.691255
0.693162
0.695590
0.698559
0.702090
0.706201
0.710914
0.716247
0.722217
0.728843
0.736140
0.744128
0.752820
0.762233
0.772383
0.783283
0.794947
0.807389
0.820621
0.706048
0.708408
0.713038
0.718510
0.724203
0.729857
0.735350
0.740625
0.745643
0.750382
0.754823
0.758953
0.762760
0.766234
0.769366
0.772151
0.774583
0.776657
0.778371
0.779725
0.780720
0.781358
0.781642
0.781578
0.781173
0.780434
0.779371
0.777994
0.776315
0.774348
0.772109
0.769614
0.766881
0.763924
0.760763
0.757417
0.753906
0.750252
0.746475
0.742598
0.738644
0.734637
0.730601
0.726560
0.722539
0.718564
0.714660
0.710853
0.707167
0.703628
0.700264
0.697098
0.694157
0.691465
0.689049
0.686933
0.685143
0.683702
0.682634
0.681965
0.681716
0.681911
0.682572
0.683722
0.685381
0.687571
0.690313
0.693627
0.697532
0.702048
0.707191
0.712980
0.719433
0.726566
0.734395
0.742936
0.752203
0.762211
0.772973
0.784503
0.707170
0.709839
0.714925
0.720847
0.726966
0.733030
0.738927
0.744604
0.750024
0.755166
0.760010
0.764543
0.768750
0.772619
0.776142
0.779308
0.782110
0.784542
0.786599
0.788281
0.789583
0.790507
0.791055
0.791229
0.791035
0.790479
0.789568
0.788311
0.786719
0.784804
0.782580
0.780062
0.777267
0.774208
0.770905
0.767374
0.763636
0.759712
0.755620
0.751384
0.747026
0.742570
0.738040
0.733459
0.728854
0.724248
0.719669
0.715140
0.710689
0.706342
0.702123
0.698061
0.694180
0.690507
0.687067
0.683887
0.680992
0.678407
0.676157
0.674266
0.672760
0.671660
0.670991
0.670776
0.671036
0.671795
0.673072
0.674891
0.677270
0.680228
0.683785
0.687959
0.692770
0.698232
0.704363
0.711179
0.718696
0.726928
0.735889
0.745593
0.708130
0.711164
0.716750
0.723145
0.729703
0.736183
0.742489
0.748573
0.754401
0.759952
0.765206
0.770149
0.774764
0.779039
0.782961
0.786518
0.789702
0.792503
0.794916
0.796935
0.798558
0.799780
0.800603
0.801027
0.801056
0.800694
0.799946
0.798819
0.797321
0.795465
0.793263
0.790728
0.787874
0.784716
0.781270
0.777553
0.773584
0.769383
0.764968
0.760362
0.755587
0.750666
0.745622
0.740480
0.735265
0.730002
0.724716
0.719433
0.714180
0.708983
0.703868
0.698863
0.693992
0.689284
0.684765
0.680461
0.676398
0.672603
0.669101
0.665918
0.663078
0.660605
0.658525
0.656861
0.655636
0.654873
0.654594
0.654822
0.655576
0.656878
0.658746
0.661200
0.664260
0.667942
0.672264
0.677243
0.682894
0.689233
0.696274
0.704032
0.708906
0.712376
0.718514
0.725405
0.732411
0.739315
0.746035
0.752530
0.758771
0.764737
0.770408
0.775769
0.780801
0.785490
0.789821
0.793781
0.797358
0.800540
0.803321
0.805692
0.807647
0.809181
0.810293
0.810981
0.811246
0.811090
0.810517
0.809531
0.808140
0.806354
0.804183
0.801638
0.798732
0.795479
0.791894
0.787991
0.783790
0.779309
0.774566
0.769582
0.764379
0.758980
0.753408
0.747687
0.741840
0.735895
0.729875
0.723808
0.717719
0.711635
0.705583
0.699591
0.693684
0.687891
0.682238
0.676753
0.671463
0.666395
0.661574
0.657027
0.652781
0.648859
0.645289
0.642093
0.639298
0.636926
0.634999
0.633543
0.632577
0.632123
0.632202
0.632834
0.634038
0.635832
0.638236
0.641266
0.644938
0.649269
0.654274
0.659966
0.709471
0.713470
0.720214
0.727627
0.735091
0.742424
0.749562
0.756473
0.763132
0.769519
0.775613
0.781400
0.786858
0.791970
0.796721
0.801094
0.805077
0.808653
0.811815
0.814552
0.816854
0.818715
0.820131
0.821098
0.821614
0.821679
0.821296
0.820466
0.819195
0.817491
0.815362
0.812818
0.809870
0.806529
0.802811
0.798727
0.794296
0.789536
0.784463
0.779096
0.773459
0.767573
0.761460
0.755144
0.748649
0.742000
0.735223
0.728344
0.721389
0.714385
0.707359
0.700339
0.693352
0.686426
0.679590
0.672870
0.666295
0.659892
0.653688
0.647711
0.641988
0.636543
0.631405
0.626599
0.622150
0.618082
0.614420
0.611188
0.608408
0.606102
0.604293
0.603000
0.602245
0.602046
0.602424
0.603395
0.604978
0.607188
0.610041
0.613553
0.709792
0.714439
0.721855
0.729811
0.737743
0.745508
0.753068
0.760399
0.767480
0.774293
0.780818
0.787037
0.792930
0.798476
0.803657
0.808456
0.812857
0.816842
0.820399
0.823516
0.826182
0.828386
0.830122
0.831385
0.832170
0.832474
0.832297
0.831639
0.830505
0.828897
0.826826
0.824296
0.821318
0.817901
0.814058
0.809802
0.805147
0.800110
0.794709
0.788961
0.782886
0.776507
0.769845
0.762924
0.755766
0.748397
0.740842
0.733127
0.725279
0.717325
0.709291
0.701207
0.693099
0.684997
0.676929
0.668923
0.661008
0.653213
0.645565
0.638093
0.630824
0.623785
0.617005
0.610510
0.604326
0.598479
0.592994
0.587897
0.583211
0.578959
0.575164
0.571847
0.569032
0.566737
0.564982
0.563788
0.563171
0.563150
0.563740
0.564957
0.709830
0.715281
0.723438
0.731960
0.740366
0.748567
0.756551
0.764304
0.771812
0.779057
0.786019
0.792679
0.799014
0.805004
0.810628
0.815865
0.820697
0.825104
0.829073
0.832587
0.835633
0.838198
0.840274
0.841851
0.842923
0.843485
0.843534
0.843067
0.842087
0.840596
0.838598
0.836100
0.833107
0.829628
0.825674
0.821256
0.816387
0.811083
0.805359
0.799232
0.792721
0.785848
0.778633
0.771099
0.763269
0.755166
0.746818
0.738248
0.729484
0.720553
0.711482
0.702300
0.693035
0.683716
0.674372
0.665032
0.655726
0.646484
0.637333
0.628303
0.619423
0.610722
0.602227
0.593968
0.585971
0.578263
0.570871
0.563821
0.557138
0.550847
0.544971
0.539534
0.534558
0.530064
0.526074
0.522608
0.519685
0.517323
0.515540
0.514352
0.709537
0.715995
0.724969
0.734076
0.742960
0.751599
0.760008
0.768187
0.776124
0.783806
0.791211
0.798320
0.805108
0.811552
0.817629
0.823317
0.828595
0.833440
0.837837
0.841765
0.845210
0.848155
0.850590
0.852503
0.853883
0.854724
0.855020
0.854766
0.853962
0.852607
0.850705
0.848257
0.845269
0.841746
0.837698
0.833133
0.828065
0.822505
0.816468
0.809969
0.803028
0.795663
0.787896
0.779747
0.771238
0.762394
0.753240
0.743800
0.734102
0.724172
0.714038
0.703729
0.693274
0.682701
0.672041
0.661324
0.650579
0.639837
0.629128
0.618483
0.607929
0.597499
0.587220
0.577124
0.567237
0.557589
0.548207
0.539119
0.530352
0.521930
0.513880
0.506225
0.498990
0.492198
0.485871
0.480029
0.474694
0.469885
0.465620
0.461916
0.708850
0.716584
0.726455
0.736163
0.745527
0.754602
0.763437
0.772043
0.780414
0.788537
0.796392
0.803956
0.811206
0.818115
0.824658
0.830810
0.836548
0.841848
0.846689
0.851051
0.854914
0.858260
0.861076
0.863346
0.865058
0.866202
0.866769
0.866752
0.866148
0.864954
0.863170
0.860797
0.857836
0.854291
0.850169
0.845477
0.840226
0.834427
0.828091
0.821234
0.813873
0.806024
0.797709
0.788947
0.779760
0.770170
0.760202
0.749883
0.739237
0.728291
0.717073
0.705612
0.693938
0.682079
0.670067
0.657931
0.645704
0.633415
0.621096
0.608778
0.596492
0.584269
0.572140
0.560136
0.548286
0.536620
0.525168
0.513959
0.503020
0.492379
0.482062
0.472096
0.462506
0.453316
0.444550
0.436231
0.428380
0.421017
0.414164
0.407838
0.707692
0.717059
0.727908
0.738224
0.748065
0.757575
0.766835
0.775869
0.784677
0.793246
0.801556
0.809584
0.817305
0.824688
0.831710
0.838340
0.844553
0.850324
0.855629
0.860444
0.864747
0.868516
0.871735
0.874387
0.876456
0.877929
0.878793
0.879040
0.878663
0.877658
0.876020
0.873747
0.870840
0.867299
0.863128
0.858333
0.852921
0.846903
0.840289
0.833090
0.825323
0.817003
0.808150
0.798783
0.788921
0.778587
0.767805
0.756600
0.744997
0.733022
0.720704
0.708072
0.695155
0.681982
0.668585
0.654996
0.641245
0.627365
0.613388
0.599346
0.585271
0.571195
0.557151
0.543172
0.529288
0.515530
0.501929
0.488517
0.475323
0.462375
0.449702
0.437331
0.425291
0.413605
0.402301
0.391402
0.380931
0.370912
0.361364
0.352309
0.705964
0.717439
0.729340
0.740265
0.750577
0.760516
0.770200
0.779663
0.788909
0.797928
0.806699
0.815199
0.823399
0.831269
0.838781
0.845903
0.852608
0.858868
0.864654
0.869943
0.874708
0.878924
0.882572
0.885631
0.888085
0.889914
0.891105
0.891646
0.891527
0.890740
0.889278
0.887137
0.884313
0.880806
0.876615
0.871745
0.866201
0.859990
0.853120
0.845602
0.837449
0.828676
0.819301
0.809341
0.798814
0.787742
0.776150
0.764059
0.751495
0.738485
0.725057
0.711237
0.697058
0.682549
0.667741
0.652666
0.637356
0.621845
0.606165
0.590351
0.574434
0.558449
0.542430
0.526410
0.510423
0.494500
0.478675
0.462981
0.447448
0.432108
0.416989
0.402123
0.387537
0.373260
0.359318
0.345738
0.332546
0.319764
0.307417
0.295527
0.703536
0.717758
0.730769
0.742290
0.753061
0.763424
0.773528
0.783419
0.793106
0.802579
0.811817
0.820795
0.829484
0.837851
0.845866
0.853495
0.860708
0.867474
0.873763
0.879547
0.884797
0.889485
0.893589
0.897084
0.899951
0.902167
0.903717
0.904584
0.904756
0.904221
0.902970
0.900994
0.898289
0.894849
0.890673
0.885760
0.880115
0.873741
0.866644
0.858835
0.850322
0.841120
0.831243
0.820709
0.809534
0.797737
0.785343
0.772372
0.758851
0.744804
0.730259
0.715244
0.699789
0.683926
0.667684
0.651097
0.634198
0.617020
0.599598
0.581966
0.564159
0.546211
0.528160
0.510038
0.491881
0.473724
0.455601
0.437547
0.419595
0.401778
0.384127
0.366674
0.349450
0.332484
0.315807
0.299445
0.283427
0.267779
0.252526
0.237694
0.700243
0.718071
0.732214
0.744305
0.755518
0.766296
0.776816
0.787134
0.797263
0.807193
0.816903
0.826368
0.835554
0.844429
0.852960
0.861111
0.868849
0.876140
0.882952
0.889254
0.895013
0.900200
0.904787
0.908748
0.912060
0.914697
0.916639
0.917868
0.918367
0.918121
0.917118
0.915347
0.912798
0.909464
0.905340
0.900422
0.894713
0.888213
0.880925
0.872857
0.864016
0.854414
0.844064
0.832980
0.821178
0.808676
0.795495
0.781658
0.767187
0.752108
0.736448
0.720234
0.703496
0.686266
0.668574
0.650454
0.631939
0.613064
0.593864
0.574375
0.554633
0.534674
0.514534
0.494252
0.473863
0.453404
0.432912
0.412423
0.391972
0.371595
0.351325
0.331196
0.311241
0.291492
0.271980
0.252736
0.233788
0.215166
0.196899
0.179015
0.695864
0.718462
0.733698
0.746314
0.757948
0.769131
0.780062
0.790805
0.801376
0.811766
0.821954
0.831911
0.841603
0.850997
0.860057
0.868745
0.877025
0.884860
0.892217
0.899060
0.905354
0.911068
0.916168
0.920627
0.924417
0.927510
0.929881
0.931510
0.932376
0.932460
0.931747
0.930222
0.927872
0.924687
0.920658
0.915779
0.910047
0.903463
0.896024
0.887736
0.878605
0.868639
0.857849
0.846247
0.833847
0.820665
0.806721
0.792036
0.776632
0.760532
0.743764
0.726354
0.708333
0.689730
0.670578
0.650909
0.630758
0.610161
0.589153
0.567771
0.546053
0.524036
0.501759
0.479261
0.456580
0.433754
0.410823
0.387826
0.364799
0.341780
0.318806
0.295913
0.273136
0.250509
0.228065
0.205836
0.183853
0.162148
0.140753
0.119700
0.690109
0.719058
0.735243
0.748321
0.760349
0.771924
0.783261
0.794427
0.805440
0.816293
0.826962
0.837418
0.847626
0.857549
0.867151
0.876391
0.885230
0.893630
0.901553
0.908963
0.915818
0.922086
0.927732
0.932722
0.937026
0.940612
0.943452
0.945522
0.946797
0.947255
0.946877
0.945644
0.943541
0.940552
0.936666
0.931874
0.926169
0.919546
0.912004
0.903543
0.894165
0.883878
0.872688
0.860606
0.847644
0.833815
0.819138
0.803632
0.787316
0.770216
0.752354
0.733759
0.714460
0.694486
0.673869
0.652642
0.630841
0.608502
0.585661
0.562356
0.538626
0.514510
0.490049
0.465283
0.440253
0.414999
0.389562
0.363985
0.338306
0.312566
0.286805
0.261060
0.235370
0.209771
0.184297
0.158984
0.133862
0.108962
0.084315
0.059958
0.682590
0.720050
0.736869
0.750327
0.762721
0.774674
0.786408
0.797994
0.809450
0.820767
0.831921
0.842883
0.853614
0.864078
0.874235
0.884042
0.893458
0.902443
0.910955
0.918955
0.926401
0.933254
0.939476
0.945033
0.949889
0.954008
0.957359
0.959913
0.961643
0.962523
0.962530
0.961640
0.959834
0.957095
0.953405
0.948753
0.943127
0.936521
0.928928
0.920346
0.910773
0.900214
0.888673
0.876156
0.862675
0.848240
0.832868
0.816575
0.799379
0.781303
0.762372
0.742610
0.722045
0.700708
0.678629
0.655843
0.632385
0.608290
0.583597
0.558345
0.532572
0.506321
0.479633
0.452551
0.425118
0.397376
0.369369
0.341142
0.312737
0.284197
0.255564
0.226881
0.198188
0.169525
0.140929
0.112436
0.084077
0.055878
0.027856
0.000004
