0.134229
0.130761
0.124792
0.118669
0.113396
0.109341
0.106614
0.105236
0.105204
0.106516
0.109183
0.113223
0.118666
0.125550
0.133921
0.143829
0.155328
0.168478
0.183339
0.199974
0.218448
0.238829
0.261183
0.285580
0.312088
0.340777
0.371719
0.404985
0.440644
0.478769
0.519432
0.562705
0.608660
0.657370
0.708906
0.763342
0.820751
0.881204
0.944776
1.011539
0.134335
0.130839
0.124828
0.118666
0.113359
0.109272
0.106514
0.105102
0.105032
0.106300
0.108915
0.112896
0.118272
0.125081
0.133366
0.143178
0.154572
0.167604
0.182336
0.198829
0.217150
0.237362
0.259535
0.283736
0.310033
0.338496
0.369196
0.402202
0.437585
0.475417
0.515768
0.558711
0.604316
0.652656
0.703802
0.757828
0.814805
0.874805
0.937900
1.004163
0.134653
0.131074
0.124936
0.118656
0.113248
0.109068
0.106217
0.104703
0.104517
0.105653
0.108115
0.111921
0.117097
0.123679
0.131710
0.141237
0.152313
0.164995
0.179341
0.195412
0.213272
0.232985
0.254616
0.278231
0.303899
0.331686
0.361662
0.393895
0.428454
0.465409
0.504830
0.546785
0.591346
0.638583
0.688566
0.741367
0.797054
0.855699
0.917372
0.982145
0.135190
0.131470
0.125118
0.118640
0.113063
0.108730
0.105724
0.104042
0.103666
0.104584
0.106795
0.110312
0.115158
0.121366
0.128976
0.138033
0.148586
0.160690
0.174399
0.189774
0.206874
0.225760
0.246497
0.269147
0.293775
0.320447
0.349229
0.380186
0.413385
0.448893
0.486777
0.527104
0.569942
0.615358
0.663421
0.714198
0.767756
0.824165
0.883492
0.945805
0.135954
0.132030
0.125373
0.118618
0.112805
0.108259
0.105041
0.103128
0.102492
0.103109
0.104973
0.108091
0.112483
0.118176
0.125206
0.133613
0.143446
0.154752
0.167584
0.181997
0.198049
0.215796
0.235299
0.256617
0.279812
0.304945
0.332079
0.361275
0.392598
0.426109
0.461873
0.499954
0.540415
0.583319
0.628733
0.676719
0.727341
0.780665
0.836754
0.895673
0.136956
0.132762
0.125704
0.118587
0.112474
0.107660
0.104174
0.101972
0.101007
0.101247
0.102675
0.105292
0.109111
0.114155
0.120454
0.128045
0.136968
0.147269
0.158995
0.172198
0.186928
0.203239
0.221187
0.240826
0.262214
0.285407
0.310463
0.337441
0.366398
0.397393
0.430485
0.465733
0.503197
0.542936
0.585009
0.629476
0.676397
0.725831
0.777839
0.832480
0.138214
0.133676
0.126111
0.118548
0.112071
0.106937
0.103133
0.100588
0.099233
0.099024
0.099933
0.101954
0.105092
0.109363
0.114792
0.121409
0.129249
0.138353
0.148761
0.160520
0.173675
0.188275
0.204368
0.222006
0.241240
0.262120
0.284700
0.309032
0.335169
0.363163
0.393070
0.424941
0.458832
0.494796
0.532887
0.573160
0.615667
0.660465
0.707607
0.757148
0.139748
0.134781
0.126595
0.118498
0.111595
0.106092
0.101927
0.098991
0.097193
0.096471
0.096788
0.098126
0.100485
0.103871
0.108303
0.113805
0.120404
0.128135
0.137033
0.147137
0.158487
0.171124
0.185092
0.200436
0.217199
0.235428
0.255168
0.276466
0.299369
0.323923
0.350176
0.378176
0.407969
0.439604
0.473129
0.508592
0.546039
0.585520
0.627083
0.670775
0.141585
0.136091
0.127158
0.118433
0.111045
0.105132
0.100568
0.097200
0.094912
0.093622
0.093282
0.093864
0.095356
0.097760
0.101083
0.105344
0.110564
0.116768
0.123985
0.132248
0.141588
0.152041
0.163644
0.176433
0.190446
0.205723
0.222301
0.240222
0.259523
0.280247
0.302433
0.326121
0.351352
0.378168
0.406609
0.436715
0.468528
0.502090
0.537440
0.574620
0.143757
0.137623
0.127798
0.118348
0.110418
0.104061
0.099068
0.095237
0.092420
0.090517
0.089466
0.089228
0.089782
0.091119
0.093240
0.096154
0.099875
0.104421
0.109812
0.116073
0.123229
0.131309
0.140339
0.150351
0.161375
0.173442
0.186583
0.200830
0.216217
0.232775
0.250538
0.269539
0.289810
0.311385
0.334297
0.358580
0.384266
0.411391
0.439986
0.470086
0.146302
0.139394
0.128512
0.118233
0.109711
0.102883
0.097441
0.093124
0.089749
0.087199
0.085395
0.084287
0.083843
0.084047
0.084890
0.086371
0.088497
0.091277
0.094724
0.098854
0.103684
0.109234
0.115524
0.122577
0.130415
0.139061
0.148539
0.158872
0.170086
0.182205
0.195254
0.209258
0.224241
0.240231
0.257250
0.275326
0.294483
0.314747
0.336144
0.358697
0.149269
0.141426
0.129296
0.118076
0.108917
0.101601
0.095701
0.090884
0.086935
0.083713
0.081125
0.079111
0.077628
0.076649
0.076156
0.076141
0.076599
0.077533
0.078946
0.080846
0.083242
0.086145
0.089567
0.093522
0.098024
0.103089
0.108730
0.114965
0.121809
0.129278
0.137390
0.146161
0.155608
0.165747
0.176596
0.188171
0.200490
0.213570
0.227427
0.242078
0.152713
0.143742
0.130141
0.117861
0.108027
0.100220
0.093863
0.088545
0.084013
0.080106
0.076718
0.073776
0.071228
0.069034
0.067170
0.065616
0.064360
0.063394
0.062714
0.062319
0.062208
0.062385
0.062853
0.063616
0.064682
0.066055
0.067744
0.069754
0.072095
0.074773
0.077796
0.081174
0.084914
0.089024
0.093512
0.098388
0.103659
0.109334
0.115421
0.121929
0.156704
0.146369
0.131033
0.117564
0.107028
0.098742
0.091942
0.086133
0.081021
0.076429
0.072237
0.068360
0.064736
0.061317
0.058065
0.054955
0.051963
0.049073
0.046272
0.043549
0.040897
0.038309
0.035779
0.033305
0.030882
0.028510
0.026186
0.023908
0.021676
0.019490
0.017348
0.015249
0.013195
0.011183
0.009215
0.007289
0.005405
0.003563
0.001762
0.000001
0.161324
0.149337
0.131951
0.117154
0.105903
0.097167
0.089956
0.083676
0.077998
0.072731
0.067743
0.062941
0.058249
0.053610
0.048979
0.044317
0.039595
0.034785
0.029867
0.024820
0.019628
0.014276
0.008750
0.003038
-0.002872
-0.008991
-0.015329
-0.021897
-0.028702
-0.035756
-0.043067
-0.050644
-0.058497
-0.066633
-0.075063
-0.083795
-0.092838
-0.102201
-0.111894
-0.121926
0.166674
0.152682
0.132867
0.116589
0.104630
0.095497
0.087922
0.081203
0.074983
0.069063
0.063303
0.057597
0.051863
0.046031
0.040047
0.033864
0.027442
0.020746
0.013745
0.006412
-0.001279
-0.009352
-0.017829
-0.026731
-0.036078
-0.045890
-0.056185
-0.066981
-0.078297
-0.090150
-0.102558
-0.115539
-0.129108
-0.143285
-0.158086
-0.173530
-0.189632
-0.206413
-0.223888
-0.242076
0.172877
0.156442
0.133737
0.115816
0.103181
0.093734
0.085860
0.078744
0.072016
0.065475
0.058977
0.052407
0.045672
0.038692
0.031405
0.023753
0.015688
0.007168
-0.001847
-0.011395
-0.021508
-0.032219
-0.043558
-0.055556
-0.068239
-0.081635
-0.095773
-0.110677
-0.126373
-0.142889
-0.160248
-0.178478
-0.197602
-0.217648
-0.238639
-0.260603
-0.283565
-0.307550
-0.332584
-0.358695
0.180082
0.160661
0.134505
0.114763
0.101522
0.091879
0.083791
0.076333
0.069136
0.062015
0.054827
0.047446
0.039768
0.031705
0.023183
0.014138
0.004514
-0.005740
-0.016673
-0.028330
-0.040752
-0.053979
-0.068050
-0.083002
-0.098871
-0.115693
-0.133501
-0.152332
-0.172216
-0.193190
-0.215284
-0.238534
-0.262971
-0.288628
-0.315540
-0.343740
-0.373260
-0.404135
-0.436398
-0.470084
0.188469
0.165387
0.135091
0.113339
0.099613
0.089939
0.081744
0.074001
0.066381
0.058730
0.050910
0.042785
0.034239
0.025174
0.015507
0.005168
-0.005908
-0.017781
-0.030505
-0.044133
-0.058716
-0.074299
-0.090930
-0.108653
-0.127512
-0.147548
-0.168805
-0.191323
-0.215142
-0.240305
-0.266849
-0.294817
-0.324248
-0.355182
-0.387659
-0.421721
-0.457406
-0.494757
-0.533814
-0.574618
0.198263
0.170678
0.135389
0.111427
0.097406
0.087925
0.079753
0.071785
0.063786
0.055661
0.047280
0.038493
0.029169
0.019199
0.008495
-0.003020
-0.015419
-0.028767
-0.043128
-0.058561
-0.075122
-0.092867
-0.111848
-0.132117
-0.153724
-0.176718
-0.201149
-0.227062
-0.254507
-0.283529
-0.314176
-0.346493
-0.380528
-0.416326
-0.453935
-0.493400
-0.534769
-0.578089
-0.623408
-0.670773
0.209738
0.176596
0.135254
0.108872
0.094845
0.085861
0.077861
0.069722
0.061383
0.052845
0.043985
0.034631
0.024633
0.013873
0.002257
-0.010297
-0.023867
-0.038527
-0.054344
-0.071386
-0.089715
-0.109393
-0.130479
-0.153031
-0.177105
-0.202756
-0.230040
-0.259008
-0.289716
-0.322213
-0.356554
-0.392791
-0.430973
-0.471155
-0.513388
-0.557723
-0.604214
-0.652912
-0.703872
-0.757146
0.223231
0.183214
0.134493
0.105481
0.091872
0.083785
0.076128
0.067853
0.059197
0.050309
0.041066
0.031256
0.020702
0.009278
-0.003110
-0.016549
-0.031120
-0.046903
-0.063974
-0.082404
-0.102262
-0.123616
-0.146529
-0.171066
-0.197289
-0.225257
-0.255031
-0.286669
-0.320229
-0.355768
-0.393344
-0.433012
-0.474830
-0.518853
-0.565137
-0.613740
-0.664718
-0.718129
-0.774030
-0.832479
0.239163
0.190618
0.132849
0.100999
0.088424
0.081768
0.074636
0.066218
0.057245
0.048073
0.038558
0.028418
0.017438
0.005488
-0.007521
-0.021675
-0.037060
-0.053761
-0.071861
-0.091436
-0.112560
-0.135304
-0.159740
-0.185934
-0.213953
-0.243864
-0.275729
-0.309612
-0.345574
-0.383677
-0.423981
-0.466547
-0.511434
-0.558702
-0.608411
-0.660620
-0.715390
-0.772781
-0.832854
-0.895672
0.258052
0.198908
0.129979
0.095100
0.084439
0.079923
0.073497
0.064859
0.055523
0.046137
0.036487
0.026163
0.014897
0.002566
-0.010904
-0.025591
-0.041587
-0.058984
-0.077871
-0.098329
-0.120435
-0.144264
-0.169890
-0.197387
-0.226825
-0.258272
-0.291798
-0.327467
-0.365346
-0.405498
-0.447987
-0.492875
-0.540224
-0.590098
-0.642556
-0.697661
-0.755476
-0.816062
-0.879484
-0.945804
0.280544
0.208203
0.125427
0.087359
0.079865
0.078430
0.072867
0.063810
0.054001
0.044483
0.034872
0.024536
0.013130
0.000561
-0.013204
-0.028232
-0.044623
-0.062480
-0.081899
-0.102961
-0.125747
-0.150335
-0.176803
-0.205226
-0.235679
-0.268235
-0.302964
-0.339935
-0.379216
-0.420873
-0.464971
-0.511574
-0.560746
-0.612550
-0.667048
-0.724302
-0.784374
-0.847330
-0.913232
-0.982144
0.307444
0.218650
0.118587
0.077222
0.074668
0.077574
0.072966
0.063092
0.052601
0.043062
0.033731
0.023587
0.012184
-0.000490
-0.014388
-0.029555
-0.046110
-0.064179
-0.083862
-0.105241
-0.128394
-0.153401
-0.180342
-0.209299
-0.240348
-0.273564
-0.309020
-0.346787
-0.386934
-0.429529
-0.474639
-0.522327
-0.572657
-0.625693
-0.681494
-0.740124
-0.801643
-0.866114
-0.933599
-1.004163
0.339754
0.230435
0.108653
0.063960
0.068854
0.077793
0.074097
0.062690
0.051167
0.041784
0.033089
0.023385
0.012108
-0.000572
-0.014447
-0.029538
-0.046012
-0.064033
-0.083709
-0.105112
-0.128311
-0.153385
-0.180421
-0.209505
-0.240717
-0.274133
-0.309825
-0.347868
-0.388331
-0.431283
-0.476791
-0.524920
-0.575731
-0.629285
-0.685643
-0.744862
-0.807002
-0.872122
-0.940280
-1.011539
0.378723
0.243794
0.094558
0.046609
0.062491
0.079757
0.076692
0.062522
0.049414
0.040504
0.032996
0.024044
0.012957
0.000302
-0.013412
-0.028188
-0.044306
-0.062012
-0.081414
-0.102553
-0.125473
-0.150255
-0.176998
-0.205796
-0.236731
-0.269878
-0.305310
-0.343099
-0.383318
-0.426038
-0.471326
-0.519245
-0.569854
-0.623213
-0.679376
-0.738399
-0.800336
-0.865240
-0.933164
-1.004164
0.425913
0.259043
0.074886
0.023880
0.055747
0.084487
0.081354
0.062383
0.046844
0.038998
0.033575
0.025768
0.014798
0.002064
-0.011374
-0.025540
-0.040979
-0.058095
-0.076981
-0.097586
-0.119904
-0.144025
-0.170076
-0.198172
-0.228393
-0.260804
-0.295473
-0.332475
-0.371889
-0.413787
-0.458236
-0.505298
-0.555029
-0.607483
-0.662712
-0.720766
-0.781692
-0.845533
-0.912336
-0.982146
0.483270
0.276608
0.047758
-0.005965
0.048947
0.093527
0.088944
0.061847
0.042611
0.036937
0.035103
0.028930
0.017718
0.004536
-0.008530
-0.021657
-0.035989
-0.052250
-0.070441
-0.090293
-0.111689
-0.134753
-0.159699
-0.186679
-0.215762
-0.246982
-0.280391
-0.316071
-0.354113
-0.394602
-0.437603
-0.483172
-0.531360
-0.582218
-0.635794
-0.692133
-0.751271
-0.813242
-0.878076
-0.945806
0.553216
0.297081
0.010686
-0.045295
0.042637
0.109212
0.100701
0.060099
0.035280
0.033849
0.038169
0.034232
0.021813
0.007320
-0.005262
-0.016611
-0.029202
-0.044382
-0.061870
-0.080854
-0.100993
-0.122538
-0.145923
-0.171393
-0.198961
-0.228567
-0.260221
-0.294029
-0.330130
-0.368630
-0.409593
-0.453054
-0.499055
-0.547644
-0.598875
-0.652789
-0.709415
-0.768765
-0.830848
-0.895674
0.638768
0.321297
-0.039619
-0.097369
0.037690
0.135069
0.118427
0.055664
0.022440
0.029072
0.043983
0.042971
0.027163
0.009553
-0.002309
-0.010438
-0.020220
-0.034246
-0.051427
-0.069657
-0.088122
-0.107484
-0.128759
-0.152390
-0.178194
-0.205834
-0.235224
-0.266560
-0.300120
-0.336074
-0.374453
-0.415232
-0.458418
-0.504075
-0.552288
-0.603118
-0.656577
-0.712643
-0.771286
-0.832482
0.743661
0.350453
-0.107501
-0.166723
0.035416
0.176427
0.144807
0.045956
0.000031
0.021675
0.054943
0.057563
0.033735
0.009399
-0.001096
-0.002981
-0.008000
-0.021240
-0.039492
-0.057558
-0.073643
-0.089604
-0.107984
-0.129658
-0.153806
-0.179304
-0.205829
-0.233901
-0.264226
-0.297136
-0.332520
-0.370129
-0.409873
-0.451885
-0.496388
-0.543521
-0.593274
-0.645537
-0.700187
-0.757150
0.872510
0.386278
-0.198671
-0.259729
0.037708
0.241351
0.183927
0.026552
-0.038807
0.010331
0.075699
0.082505
0.041165
0.002989
-0.004392
0.006484
0.010035
-0.003990
-0.027051
-0.046561
-0.058651
-0.068501
-0.082648
-0.102910
-0.126520
-0.150101
-0.172781
-0.196168
-0.222292
-0.251892
-0.284300
-0.318487
-0.354060
-0.391444
-0.431368
-0.474257
-0.520015
-0.568230
-0.618531
-0.670777
1.030981
0.431293
-0.320612
-0.385416
0.047181
0.342061
0.242160
-0.009978
-0.105737
-0.006932
0.115133
0.126241
0.048279
-0.017791
-0.017694
0.020165
0.040031
0.020574
-0.016713
-0.041519
-0.045377
-0.042431
-0.049699
-0.071133
-0.098186
-0.121053
-0.137547
-0.152818
-0.173002
-0.199909
-0.230824
-0.262042
-0.292220
-0.322918
-0.356705
-0.394969
-0.437196
-0.481841
-0.527701
-0.574622
1.225987
0.489177
-0.483067
-0.556684
0.067250
0.497084
0.329714
-0.075894
-0.220707
-0.033292
0.189999
0.204779
0.052154
-0.069891
-0.052150
0.043850
0.096393
0.059285
-0.015348
-0.054435
-0.038621
-0.005637
-0.000200
-0.031472
-0.074157
-0.099966
-0.103353
-0.100745
-0.111073
-0.139140
-0.175037
-0.205943
-0.227472
-0.245457
-0.269128
-0.303168
-0.345155
-0.389050
-0.430602
-0.470089
1.465883
0.565319
-0.698621
-0.792079
0.102063
0.734512
0.463338
-0.191091
-0.418083
-0.074439
0.331589
0.348880
0.046434
-0.188656
-0.130968
0.091558
0.212628
0.127634
-0.040685
-0.115400
-0.049322
0.059045
0.091145
0.023662
-0.070533
-0.109480
-0.078091
-0.027872
-0.018052
-0.062530
-0.126932
-0.167335
-0.169146
-0.153883
-0.155038
-0.188995
-0.245271
-0.299885
-0.336729
-0.358700
1.760644
0.667592
-0.983364
-1.118394
0.156039
1.096899
0.671105
-0.387248
-0.757435
-0.141686
0.597813
0.618476
0.018685
-0.447622
-0.303829
0.195394
0.466475
0.261883
-0.137356
-0.300552
-0.104084
0.200244
0.295268
0.114755
-0.135796
-0.216991
-0.082943
0.107820
0.167960
0.052938
-0.121800
-0.205675
-0.147784
-0.025611
0.038336
-0.015931
-0.146146
-0.256905
-0.284074
-0.242081
2.121998
0.807479
-1.357573
-1.574447
0.232618
1.648514
1.000883
-0.713663
-1.342530
-0.259278
1.094772
1.131917
-0.052708
-0.999409
-0.680049
0.425485
1.038257
0.550288
-0.414829
-0.803991
-0.272334
0.551143
0.811175
0.300291
-0.413984
-0.626204
-0.180442
0.445174
0.652476
0.283878
-0.283221
-0.530381
-0.269391
0.228674
0.513204
0.353629
-0.090481
-0.440966
-0.432996
-0.121931
2.563437
1.001664
-1.846312
-2.216527
0.331480
2.485917
1.535267
-1.244754
-2.354650
-0.481327
2.014450
2.125616
-0.198831
-2.159439
-1.506116
0.927416
2.346246
1.216110
-1.133789
-2.123401
-0.747634
1.466385
2.199656
0.759493
-1.324697
-1.959405
-0.572756
1.427589
2.117918
0.897908
-1.033764
-1.884618
-0.921065
0.942067
2.042825
1.456563
-0.255896
-1.606991
-1.474033
-0.000004
