-0.612883
-0.611601
-0.608480
-0.604011
-0.598545
-0.592337
-0.585582
-0.578429
-0.570997
-0.563379
-0.555656
-0.547893
-0.540143
-0.532456
-0.524872
-0.517426
-0.510151
-0.503075
-0.496224
-0.489620
-0.483285
-0.477237
-0.471497
-0.466079
-0.461000
-0.456275
-0.451918
-0.447941
-0.444358
-0.441181
-0.438421
-0.436089
-0.434197
-0.432754
-0.431772
-0.431259
-0.431227
-0.431684
-0.432639
-0.434102
-0.436083
-0.438589
-0.441630
-0.445214
-0.449350
-0.454047
-0.459312
-0.465156
-0.471584
-0.478607
-0.486232
-0.494468
-0.503322
-0.512803
-0.522919
-0.533678
-0.545089
-0.557158
-0.569895
-0.583307
-0.597402
-0.612188
-0.627674
-0.643868
-0.660776
-0.678408
-0.696771
-0.715874
-0.735723
-0.756329
-0.777698
-0.799838
-0.822758
-0.846465
-0.870967
-0.896274
-0.922392
-0.949329
-0.977095
-1.005696
-0.612922
-0.611641
-0.608519
-0.604050
-0.598583
-0.592375
-0.585620
-0.578466
-0.571032
-0.563413
-0.555688
-0.547922
-0.540170
-0.532479
-0.524891
-0.517442
-0.510162
-0.503081
-0.496224
-0.489614
-0.483273
-0.477218
-0.471470
-0.466044
-0.460957
-0.456223
-0.451855
-0.447868
-0.444274
-0.441085
-0.438313
-0.435968
-0.434062
-0.432605
-0.431608
-0.431080
-0.431031
-0.431471
-0.432408
-0.433853
-0.435814
-0.438300
-0.441320
-0.444882
-0.448995
-0.453669
-0.458910
-0.464728
-0.471130
-0.478126
-0.485723
-0.493930
-0.502754
-0.512205
-0.522289
-0.533015
-0.544392
-0.556426
-0.569127
-0.582502
-0.596559
-0.611307
-0.626752
-0.642904
-0.659770
-0.677358
-0.695677
-0.714733
-0.734536
-0.755093
-0.776412
-0.798502
-0.821370
-0.845024
-0.869471
-0.894722
-0.920783
-0.947662
-0.975367
-1.003907
-0.613039
-0.611758
-0.608636
-0.604167
-0.598699
-0.592490
-0.585732
-0.578575
-0.571138
-0.563514
-0.555782
-0.548010
-0.540249
-0.532549
-0.524950
-0.517488
-0.510195
-0.503099
-0.496226
-0.489598
-0.483237
-0.477162
-0.471391
-0.465941
-0.460827
-0.456065
-0.451669
-0.447650
-0.444023
-0.440799
-0.437990
-0.435606
-0.433660
-0.432160
-0.431118
-0.430543
-0.430444
-0.430833
-0.431717
-0.433105
-0.435008
-0.437433
-0.440390
-0.443887
-0.447933
-0.452536
-0.457704
-0.463446
-0.469770
-0.476685
-0.484198
-0.492318
-0.501053
-0.510411
-0.520400
-0.531028
-0.542303
-0.554233
-0.566826
-0.580091
-0.594034
-0.608664
-0.623990
-0.640018
-0.656757
-0.674214
-0.692398
-0.711317
-0.730979
-0.751391
-0.772562
-0.794499
-0.817211
-0.840705
-0.864989
-0.890072
-0.915962
-0.942665
-0.970191
-0.998548
-0.613234
-0.611953
-0.608831
-0.604361
-0.598893
-0.592681
-0.585920
-0.578758
-0.571314
-0.563682
-0.555941
-0.548156
-0.540382
-0.532666
-0.525049
-0.517567
-0.510251
-0.503130
-0.496229
-0.489572
-0.483179
-0.477068
-0.471260
-0.465769
-0.460613
-0.455804
-0.451359
-0.447288
-0.443606
-0.440324
-0.437454
-0.435006
-0.432991
-0.431420
-0.430303
-0.429650
-0.429470
-0.429773
-0.430568
-0.431863
-0.433669
-0.435994
-0.438846
-0.442234
-0.446167
-0.450652
-0.455699
-0.461315
-0.467509
-0.474289
-0.481663
-0.489639
-0.498225
-0.507429
-0.517260
-0.527725
-0.538831
-0.550587
-0.563002
-0.576082
-0.589836
-0.604272
-0.619397
-0.635219
-0.651746
-0.668986
-0.686947
-0.705637
-0.725064
-0.745236
-0.766159
-0.787843
-0.810295
-0.833524
-0.857537
-0.882341
-0.907945
-0.934357
-0.961585
-0.989636
-0.613508
-0.612226
-0.609104
-0.604633
-0.599163
-0.592949
-0.586182
-0.579014
-0.571561
-0.563918
-0.556163
-0.548362
-0.540568
-0.532830
-0.525188
-0.517678
-0.510331
-0.503175
-0.496236
-0.489537
-0.483098
-0.476939
-0.471078
-0.465531
-0.460315
-0.455442
-0.450928
-0.446785
-0.443026
-0.439663
-0.436707
-0.434169
-0.432060
-0.430389
-0.429168
-0.428406
-0.428112
-0.428296
-0.428966
-0.430132
-0.431803
-0.433987
-0.436692
-0.439929
-0.443704
-0.448026
-0.452903
-0.458344
-0.464356
-0.470948
-0.478127
-0.485902
-0.494281
-0.503271
-0.512880
-0.523117
-0.533988
-0.545503
-0.557668
-0.570491
-0.583980
-0.598144
-0.612990
-0.628524
-0.644757
-0.661694
-0.679344
-0.697715
-0.716814
-0.736649
-0.757229
-0.778560
-0.800650
-0.823508
-0.847141
-0.871556
-0.896763
-0.922768
-0.949579
-0.977204
-0.613859
-0.612578
-0.609455
-0.604984
-0.599512
-0.593293
-0.586521
-0.579344
-0.571880
-0.564222
-0.556449
-0.548627
-0.540809
-0.533043
-0.525368
-0.517822
-0.510435
-0.503235
-0.496247
-0.489495
-0.482998
-0.476777
-0.470848
-0.465230
-0.459936
-0.454981
-0.450379
-0.446144
-0.442286
-0.438819
-0.435754
-0.433101
-0.430870
-0.429073
-0.427718
-0.426816
-0.426376
-0.426407
-0.426918
-0.427919
-0.429416
-0.431420
-0.433939
-0.436981
-0.440554
-0.444667
-0.449327
-0.454543
-0.460323
-0.466674
-0.473604
-0.481122
-0.489235
-0.497951
-0.507277
-0.517222
-0.527793
-0.538997
-0.550843
-0.563337
-0.576489
-0.590304
-0.604792
-0.619960
-0.635814
-0.652364
-0.669616
-0.687578
-0.706258
-0.725663
-0.745802
-0.766680
-0.788307
-0.810691
-0.833838
-0.857756
-0.882454
-0.907937
-0.934216
-0.961296
-0.614288
-0.613007
-0.609884
-0.605412
-0.599938
-0.593714
-0.586935
-0.579748
-0.572270
-0.564595
-0.556801
-0.548953
-0.541105
-0.533304
-0.525591
-0.518001
-0.510565
-0.503311
-0.496264
-0.489447
-0.482880
-0.476583
-0.470573
-0.464867
-0.459479
-0.454424
-0.449716
-0.445368
-0.441391
-0.437798
-0.434600
-0.431807
-0.429429
-0.427477
-0.425960
-0.424888
-0.424271
-0.424117
-0.424434
-0.425233
-0.426520
-0.428306
-0.430597
-0.433403
-0.436731
-0.440589
-0.444986
-0.449929
-0.455425
-0.461484
-0.468112
-0.475317
-0.483107
-0.491490
-0.500472
-0.510062
-0.520267
-0.531095
-0.542553
-0.554648
-0.567388
-0.580781
-0.594835
-0.609555
-0.624951
-0.641029
-0.657798
-0.675263
-0.693433
-0.712316
-0.731919
-0.752248
-0.773312
-0.795119
-0.817676
-0.840990
-0.865068
-0.889920
-0.915551
-0.941969
-0.614796
-0.613515
-0.610392
-0.605919
-0.600442
-0.594213
-0.587425
-0.580226
-0.572732
-0.565037
-0.557218
-0.549340
-0.541457
-0.533616
-0.525858
-0.518216
-0.510723
-0.503406
-0.496289
-0.489396
-0.482748
-0.476361
-0.470255
-0.464446
-0.458949
-0.453777
-0.448944
-0.444463
-0.440347
-0.436606
-0.433251
-0.430293
-0.427743
-0.425609
-0.423902
-0.422632
-0.421806
-0.421434
-0.421524
-0.422086
-0.423127
-0.424656
-0.426680
-0.429209
-0.432249
-0.435809
-0.439896
-0.444518
-0.449683
-0.455398
-0.461671
-0.468509
-0.475921
-0.483912
-0.492490
-0.501664
-0.511440
-0.521826
-0.532828
-0.544454
-0.556713
-0.569609
-0.583153
-0.597349
-0.612206
-0.627732
-0.643932
-0.660815
-0.678387
-0.696656
-0.715630
-0.735315
-0.755719
-0.776849
-0.798713
-0.821317
-0.844670
-0.868778
-0.893649
-0.919291
-0.615381
-0.614101
-0.610978
-0.606504
-0.601024
-0.594789
-0.587992
-0.580780
-0.573267
-0.565549
-0.557702
-0.549790
-0.541867
-0.533980
-0.526170
-0.518470
-0.510911
-0.503521
-0.496325
-0.489346
-0.482603
-0.476115
-0.469899
-0.463973
-0.458349
-0.453043
-0.448068
-0.443436
-0.439159
-0.435248
-0.431715
-0.428569
-0.425821
-0.423479
-0.421555
-0.420056
-0.418992
-0.418371
-0.418201
-0.418492
-0.419250
-0.420485
-0.422204
-0.424415
-0.427126
-0.430344
-0.434077
-0.438332
-0.443117
-0.448439
-0.454306
-0.460724
-0.467701
-0.475245
-0.483361
-0.492059
-0.501343
-0.511223
-0.521704
-0.532794
-0.544500
-0.556830
-0.569789
-0.583386
-0.597627
-0.612518
-0.628069
-0.644285
-0.661173
-0.678740
-0.696994
-0.715942
-0.735590
-0.755946
-0.777017
-0.798810
-0.821332
-0.844590
-0.868591
-0.893343
-0.616045
-0.614765
-0.611642
-0.607167
-0.601684
-0.595443
-0.588636
-0.581408
-0.573876
-0.566132
-0.558253
-0.550303
-0.542336
-0.534398
-0.526529
-0.518763
-0.511131
-0.503660
-0.496375
-0.489299
-0.482450
-0.475848
-0.469509
-0.463450
-0.457686
-0.452229
-0.447094
-0.442292
-0.437835
-0.433734
-0.430000
-0.426643
-0.423672
-0.421098
-0.418928
-0.417174
-0.415841
-0.414940
-0.414479
-0.414465
-0.414907
-0.415812
-0.417188
-0.419042
-0.421383
-0.424217
-0.427552
-0.431395
-0.435753
-0.440634
-0.446044
-0.451991
-0.458481
-0.465522
-0.473119
-0.481282
-0.490015
-0.499326
-0.509222
-0.519710
-0.530797
-0.542488
-0.554792
-0.567716
-0.581264
-0.595446
-0.610266
-0.625733
-0.641853
-0.658633
-0.676079
-0.694198
-0.712999
-0.732485
-0.752666
-0.773548
-0.795137
-0.817439
-0.840464
-0.864217
-0.616786
-0.615507
-0.612385
-0.607909
-0.602423
-0.596175
-0.589357
-0.582113
-0.574559
-0.566787
-0.558873
-0.550882
-0.542866
-0.534871
-0.526937
-0.519099
-0.511386
-0.503826
-0.496443
-0.489259
-0.482293
-0.475565
-0.469090
-0.462885
-0.456964
-0.451341
-0.446029
-0.441039
-0.436383
-0.432072
-0.428116
-0.424525
-0.421308
-0.418476
-0.416036
-0.413998
-0.412369
-0.411159
-0.410374
-0.410024
-0.410115
-0.410654
-0.411651
-0.413111
-0.415043
-0.417452
-0.420347
-0.423734
-0.427621
-0.432013
-0.436918
-0.442343
-0.448294
-0.454779
-0.461803
-0.469373
-0.477497
-0.486180
-0.495429
-0.505250
-0.515651
-0.526638
-0.538217
-0.550396
-0.563179
-0.576574
-0.590588
-0.605227
-0.620497
-0.636406
-0.652959
-0.670162
-0.688024
-0.706549
-0.725746
-0.745619
-0.766177
-0.787424
-0.809369
-0.832017
-0.617606
-0.616327
-0.613206
-0.608730
-0.603240
-0.596985
-0.590155
-0.582895
-0.575317
-0.567515
-0.559563
-0.551527
-0.543458
-0.535402
-0.527398
-0.519480
-0.511679
-0.504022
-0.496531
-0.489230
-0.482137
-0.475270
-0.468647
-0.462283
-0.456192
-0.450387
-0.444881
-0.439685
-0.434812
-0.430271
-0.426072
-0.422226
-0.418741
-0.415627
-0.412892
-0.410544
-0.408592
-0.407043
-0.405906
-0.405187
-0.404894
-0.405035
-0.405617
-0.406647
-0.408131
-0.410076
-0.412491
-0.415380
-0.418750
-0.422609
-0.426963
-0.431818
-0.437181
-0.443057
-0.449454
-0.456378
-0.463835
-0.471832
-0.480374
-0.489468
-0.499120
-0.509337
-0.520124
-0.531489
-0.543436
-0.555973
-0.569106
-0.582840
-0.597182
-0.612139
-0.627716
-0.643919
-0.660756
-0.678232
-0.696353
-0.715125
-0.734556
-0.754650
-0.775416
-0.796857
-0.618504
-0.617226
-0.614106
-0.609629
-0.604136
-0.597875
-0.591033
-0.583754
-0.576151
-0.568316
-0.560325
-0.552240
-0.544114
-0.535992
-0.527912
-0.519909
-0.512013
-0.504250
-0.496644
-0.489216
-0.481986
-0.474970
-0.468187
-0.461651
-0.455375
-0.449373
-0.443658
-0.438241
-0.433132
-0.428343
-0.423882
-0.419760
-0.415985
-0.412565
-0.409510
-0.406828
-0.404525
-0.402611
-0.401092
-0.399975
-0.399268
-0.398977
-0.399111
-0.399675
-0.400675
-0.402119
-0.404013
-0.406364
-0.409177
-0.412459
-0.416217
-0.420455
-0.425182
-0.430401
-0.436120
-0.442345
-0.449081
-0.456335
-0.464113
-0.472421
-0.481263
-0.490648
-0.500579
-0.511064
-0.522108
-0.533716
-0.545896
-0.558652
-0.571991
-0.585919
-0.600441
-0.615563
-0.631292
-0.647633
-0.664591
-0.682174
-0.700387
-0.719235
-0.738725
-0.758863
-0.619480
-0.618203
-0.615084
-0.610608
-0.605112
-0.598844
-0.591989
-0.584691
-0.577062
-0.569193
-0.561160
-0.553023
-0.544836
-0.536644
-0.528483
-0.520389
-0.512392
-0.504516
-0.496786
-0.489223
-0.481845
-0.474671
-0.467716
-0.460995
-0.454521
-0.448309
-0.442370
-0.436714
-0.431354
-0.426298
-0.421557
-0.417138
-0.413052
-0.409306
-0.405908
-0.402867
-0.400189
-0.397883
-0.395954
-0.394411
-0.393260
-0.392507
-0.392159
-0.392224
-0.392706
-0.393612
-0.394949
-0.396722
-0.398938
-0.401602
-0.404720
-0.408298
-0.412342
-0.416858
-0.421850
-0.427326
-0.433290
-0.439749
-0.446707
-0.454172
-0.462147
-0.470639
-0.479653
-0.489195
-0.499270
-0.509885
-0.521043
-0.532752
-0.545016
-0.557841
-0.571233
-0.585197
-0.599738
-0.614863
-0.630576
-0.646884
-0.663791
-0.681305
-0.699429
-0.718170
-0.620533
-0.619257
-0.616141
-0.611665
-0.606168
-0.599892
-0.593025
-0.585708
-0.578052
-0.570147
-0.562069
-0.553878
-0.545627
-0.537359
-0.529114
-0.520924
-0.512819
-0.504824
-0.496962
-0.489255
-0.481721
-0.474377
-0.467240
-0.460323
-0.453640
-0.447204
-0.441026
-0.435118
-0.429489
-0.424150
-0.419110
-0.414376
-0.409959
-0.405865
-0.402103
-0.398680
-0.395603
-0.392880
-0.390516
-0.388519
-0.386895
-0.385651
-0.384792
-0.384325
-0.384256
-0.384590
-0.385334
-0.386493
-0.388073
-0.390080
-0.392518
-0.395393
-0.398712
-0.402478
-0.406698
-0.411377
-0.416520
-0.422133
-0.428220
-0.434788
-0.441841
-0.449384
-0.457422
-0.465962
-0.475008
-0.484564
-0.494638
-0.505232
-0.516353
-0.528006
-0.540196
-0.552928
-0.566208
-0.580039
-0.594428
-0.609381
-0.624901
-0.640995
-0.657667
-0.674922
-0.621665
-0.620390
-0.617276
-0.612802
-0.607303
-0.601021
-0.594141
-0.586804
-0.579120
-0.571179
-0.563054
-0.554807
-0.546489
-0.538143
-0.529808
-0.521516
-0.513298
-0.505177
-0.497177
-0.489319
-0.481620
-0.474097
-0.466767
-0.459643
-0.452739
-0.446066
-0.439637
-0.433462
-0.427550
-0.421911
-0.416555
-0.411490
-0.406722
-0.402261
-0.398114
-0.394287
-0.390789
-0.387624
-0.384801
-0.382325
-0.380202
-0.378437
-0.377038
-0.376010
-0.375358
-0.375089
-0.375206
-0.375717
-0.376625
-0.377936
-0.379656
-0.381790
-0.384341
-0.387317
-0.390721
-0.394558
-0.398834
-0.403553
-0.408721
-0.414341
-0.420419
-0.426960
-0.433969
-0.441450
-0.449408
-0.457848
-0.466774
-0.476192
-0.486106
-0.496521
-0.507442
-0.518874
-0.530820
-0.543286
-0.556278
-0.569798
-0.583854
-0.598448
-0.613586
-0.629273
-0.622874
-0.621601
-0.618490
-0.614019
-0.608519
-0.602231
-0.595339
-0.587982
-0.580269
-0.572290
-0.564117
-0.555812
-0.547423
-0.538996
-0.530568
-0.522171
-0.513833
-0.505581
-0.497436
-0.489419
-0.481547
-0.473837
-0.466305
-0.458964
-0.451827
-0.444907
-0.438213
-0.431758
-0.425549
-0.419596
-0.413908
-0.408494
-0.403359
-0.398512
-0.393960
-0.389710
-0.385769
-0.382142
-0.378835
-0.375855
-0.373208
-0.370898
-0.368932
-0.367314
-0.366050
-0.365146
-0.364606
-0.364435
-0.364638
-0.365220
-0.366185
-0.367539
-0.369286
-0.371431
-0.373978
-0.376932
-0.380297
-0.384079
-0.388280
-0.392906
-0.397962
-0.403450
-0.409378
-0.415747
-0.422564
-0.429831
-0.437554
-0.445737
-0.454384
-0.463500
-0.473089
-0.483154
-0.493702
-0.504736
-0.516259
-0.528278
-0.540795
-0.553816
-0.567345
-0.581386
-0.624161
-0.622890
-0.619783
-0.615315
-0.609815
-0.603522
-0.596619
-0.589242
-0.581500
-0.573482
-0.565260
-0.556895
-0.548434
-0.539922
-0.531397
-0.522890
-0.514430
-0.506041
-0.497745
-0.489562
-0.481510
-0.473605
-0.465862
-0.458295
-0.450916
-0.443736
-0.436767
-0.430019
-0.423500
-0.417219
-0.411185
-0.405406
-0.399888
-0.394638
-0.389663
-0.384971
-0.380566
-0.376456
-0.372645
-0.369139
-0.365944
-0.363064
-0.360505
-0.358272
-0.356370
-0.354802
-0.353575
-0.352693
-0.352159
-0.351979
-0.352158
-0.352698
-0.353604
-0.354882
-0.356534
-0.358565
-0.360980
-0.363781
-0.366974
-0.370562
-0.374550
-0.378941
-0.383739
-0.388949
-0.394573
-0.400616
-0.407083
-0.413977
-0.421301
-0.429061
-0.437259
-0.445899
-0.454987
-0.464525
-0.474517
-0.484968
-0.495880
-0.507259
-0.519108
-0.531430
-0.625525
-0.624257
-0.621155
-0.616691
-0.611192
-0.604896
-0.597981
-0.590585
-0.582815
-0.574758
-0.566485
-0.558058
-0.549523
-0.540925
-0.532300
-0.523680
-0.515092
-0.506561
-0.498109
-0.489755
-0.481516
-0.473409
-0.465447
-0.457645
-0.450014
-0.442566
-0.435311
-0.428258
-0.421417
-0.414796
-0.408402
-0.402243
-0.396327
-0.390658
-0.385245
-0.380092
-0.375207
-0.370594
-0.366259
-0.362207
-0.358442
-0.354970
-0.351795
-0.348922
-0.346356
-0.344100
-0.342159
-0.340537
-0.339238
-0.338267
-0.337627
-0.337322
-0.337355
-0.337731
-0.338454
-0.339527
-0.340954
-0.342738
-0.344883
-0.347393
-0.350271
-0.353521
-0.357146
-0.361151
-0.365537
-0.370310
-0.375471
-0.381026
-0.386977
-0.393328
-0.400081
-0.407242
-0.414813
-0.422798
-0.431200
-0.440022
-0.449268
-0.458942
-0.469046
-0.479585
-0.626967
-0.625701
-0.622606
-0.618147
-0.612651
-0.606352
-0.599427
-0.592012
-0.584213
-0.576117
-0.567794
-0.559304
-0.550694
-0.542007
-0.533279
-0.524543
-0.515824
-0.507148
-0.498534
-0.490004
-0.481572
-0.473256
-0.465069
-0.457024
-0.449133
-0.441407
-0.433856
-0.426489
-0.419315
-0.412341
-0.405575
-0.399024
-0.392695
-0.386594
-0.380726
-0.375098
-0.369716
-0.364584
-0.359706
-0.355089
-0.350735
-0.346650
-0.342838
-0.339304
-0.336051
-0.333082
-0.330403
-0.328016
-0.325926
-0.324136
-0.322650
-0.321470
-0.320601
-0.320045
-0.319807
-0.319889
-0.320294
-0.321026
-0.322088
-0.323483
-0.325214
-0.327284
-0.329697
-0.332455
-0.335562
-0.339021
-0.342833
-0.347004
-0.351535
-0.356430
-0.361691
-0.367322
-0.373325
-0.379704
-0.386462
-0.393601
-0.401125
-0.409037
-0.417338
-0.426033
-0.628486
-0.627223
-0.624135
-0.619683
-0.614191
-0.607890
-0.600957
-0.593525
-0.585698
-0.577563
-0.569190
-0.560636
-0.551949
-0.543172
-0.534340
-0.525484
-0.516632
-0.507806
-0.499027
-0.490315
-0.481686
-0.473155
-0.464736
-0.456442
-0.448284
-0.440272
-0.432416
-0.424726
-0.417208
-0.409872
-0.402723
-0.395769
-0.389015
-0.382468
-0.376133
-0.370015
-0.364120
-0.358453
-0.353017
-0.347817
-0.342857
-0.338141
-0.333673
-0.329457
-0.325497
-0.321795
-0.318355
-0.315181
-0.312276
-0.309643
-0.307285
-0.305205
-0.303406
-0.301891
-0.300663
-0.299724
-0.299078
-0.298727
-0.298673
-0.298920
-0.299471
-0.300327
-0.301492
-0.302968
-0.304757
-0.306863
-0.309288
-0.312034
-0.315103
-0.318499
-0.322224
-0.326281
-0.330671
-0.335398
-0.340464
-0.345872
-0.351623
-0.357721
-0.364168
-0.370966
-0.630081
-0.628823
-0.625743
-0.621300
-0.615813
-0.609513
-0.602572
-0.595124
-0.587270
-0.579097
-0.570673
-0.562056
-0.553292
-0.544423
-0.535486
-0.526509
-0.517520
-0.508542
-0.499595
-0.490697
-0.481866
-0.473115
-0.464459
-0.455909
-0.447477
-0.439172
-0.431005
-0.422983
-0.415114
-0.407405
-0.399864
-0.392495
-0.385307
-0.378302
-0.371487
-0.364867
-0.358447
-0.352231
-0.346222
-0.340425
-0.334842
-0.329479
-0.324339
-0.319424
-0.314738
-0.310283
-0.306064
-0.302083
-0.298342
-0.294844
-0.291592
-0.288589
-0.285837
-0.283338
-0.281095
-0.279110
-0.277385
-0.275924
-0.274727
-0.273797
-0.273137
-0.272749
-0.272634
-0.272796
-0.273235
-0.273954
-0.274956
-0.276241
-0.277813
-0.279673
-0.281824
-0.284267
-0.287005
-0.290039
-0.293371
-0.297004
-0.300939
-0.305179
-0.309725
-0.314579
-0.631754
-0.630501
-0.627430
-0.622997
-0.617518
-0.611220
-0.604274
-0.596811
-0.588932
-0.580721
-0.572247
-0.563566
-0.554725
-0.545765
-0.536720
-0.527621
-0.518493
-0.509360
-0.500242
-0.491157
-0.482120
-0.473145
-0.464247
-0.455437
-0.446725
-0.438122
-0.429636
-0.421275
-0.413047
-0.404959
-0.397016
-0.389225
-0.381591
-0.374120
-0.366815
-0.359682
-0.352725
-0.345947
-0.339353
-0.332946
-0.326728
-0.320704
-0.314876
-0.309246
-0.303819
-0.298596
-0.293580
-0.288774
-0.284179
-0.279798
-0.275633
-0.271687
-0.267961
-0.264457
-0.261177
-0.258124
-0.255298
-0.252702
-0.250338
-0.248207
-0.246310
-0.244651
-0.243230
-0.242049
-0.241110
-0.240414
-0.239962
-0.239757
-0.239800
-0.240092
-0.240636
-0.241432
-0.242482
-0.243787
-0.245350
-0.247172
-0.249253
-0.251597
-0.254203
-0.257074
-0.633503
-0.632255
-0.629195
-0.624775
-0.619306
-0.613012
-0.606063
-0.598586
-0.590684
-0.582437
-0.573913
-0.565170
-0.556252
-0.547199
-0.538047
-0.528825
-0.519558
-0.510269
-0.500977
-0.491701
-0.482455
-0.473254
-0.464110
-0.455035
-0.446040
-0.437133
-0.428323
-0.419618
-0.411025
-0.402550
-0.394199
-0.385978
-0.377892
-0.369945
-0.362141
-0.354486
-0.346982
-0.339634
-0.332444
-0.325415
-0.318550
-0.311853
-0.305325
-0.298969
-0.292787
-0.286781
-0.280954
-0.275308
-0.269845
-0.264565
-0.259471
-0.254565
-0.249848
-0.245321
-0.240986
-0.236846
-0.232899
-0.229150
-0.225597
-0.222244
-0.219090
-0.216138
-0.213388
-0.210841
-0.208500
-0.206363
-0.204434
-0.202713
-0.201201
-0.199899
-0.198807
-0.197928
-0.197262
-0.196811
-0.196574
-0.196554
-0.196751
-0.197166
-0.197800
-0.198654
-0.635329
-0.634086
-0.631039
-0.626633
-0.621176
-0.614890
-0.607939
-0.600452
-0.592527
-0.584246
-0.575675
-0.566870
-0.557875
-0.548732
-0.539472
-0.530126
-0.520718
-0.511272
-0.501806
-0.492338
-0.482881
-0.473450
-0.464058
-0.454716
-0.445433
-0.436219
-0.427081
-0.418027
-0.409064
-0.400197
-0.391433
-0.382775
-0.374230
-0.365801
-0.357492
-0.349307
-0.341249
-0.333321
-0.325527
-0.317868
-0.310347
-0.302966
-0.295728
-0.288635
-0.281688
-0.274889
-0.268239
-0.261741
-0.255396
-0.249205
-0.243169
-0.237289
-0.231567
-0.226004
-0.220600
-0.215356
-0.210274
-0.205354
-0.200598
-0.196005
-0.191577
-0.187314
-0.183217
-0.179286
-0.175523
-0.171928
-0.168501
-0.165243
-0.162155
-0.159237
-0.156490
-0.153914
-0.151509
-0.149277
-0.147218
-0.145331
-0.143619
-0.142080
-0.140716
-0.139527
-0.637230
-0.635994
-0.632961
-0.628572
-0.623130
-0.616853
-0.609905
-0.602409
-0.594465
-0.586151
-0.577534
-0.568669
-0.559599
-0.550365
-0.540998
-0.531529
-0.521982
-0.512378
-0.502737
-0.493074
-0.483406
-0.473744
-0.464102
-0.454490
-0.444918
-0.435393
-0.425924
-0.416518
-0.407182
-0.397919
-0.388736
-0.379638
-0.370629
-0.361713
-0.352892
-0.344172
-0.335554
-0.327041
-0.318635
-0.310340
-0.302155
-0.294084
-0.286129
-0.278290
-0.270569
-0.262968
-0.255487
-0.248129
-0.240892
-0.233780
-0.226792
-0.219929
-0.213191
-0.206580
-0.200095
-0.193738
-0.187508
-0.181406
-0.175433
-0.169588
-0.163872
-0.158286
-0.152828
-0.147500
-0.142302
-0.137233
-0.132294
-0.127484
-0.122805
-0.118255
-0.113836
-0.109546
-0.105386
-0.101356
-0.097457
-0.093686
-0.090046
-0.086536
-0.083155
-0.079904
-0.639207
-0.637978
-0.634961
-0.630592
-0.625168
-0.618904
-0.611960
-0.604459
-0.596497
-0.588154
-0.579493
-0.570570
-0.561427
-0.552103
-0.542631
-0.533039
-0.523352
-0.513592
-0.503775
-0.493919
-0.484038
-0.474146
-0.464253
-0.454369
-0.444506
-0.434669
-0.424868
-0.415108
-0.405395
-0.395734
-0.386130
-0.376589
-0.367112
-0.357705
-0.348370
-0.339110
-0.329928
-0.320825
-0.311804
-0.302866
-0.294014
-0.285247
-0.276569
-0.267979
-0.259479
-0.251070
-0.242752
-0.234526
-0.226393
-0.218352
-0.210405
-0.202551
-0.194791
-0.187125
-0.179552
-0.172073
-0.164688
-0.157396
-0.150198
-0.143093
-0.136081
-0.129162
-0.122335
-0.115600
-0.108956
-0.102405
-0.095943
-0.089573
-0.083292
-0.077101
-0.070999
-0.064985
-0.059059
-0.053221
-0.047469
-0.041804
-0.036225
-0.030731
-0.025322
-0.019997
-0.641259
-0.640038
-0.637040
-0.632692
-0.627290
-0.621041
-0.614105
-0.606602
-0.598626
-0.590256
-0.581555
-0.572575
-0.563361
-0.553950
-0.544374
-0.534661
-0.524837
-0.514920
-0.504929
-0.494880
-0.484787
-0.474663
-0.464520
-0.454365
-0.444210
-0.434061
-0.423926
-0.413811
-0.403721
-0.393660
-0.383635
-0.373648
-0.363703
-0.353803
-0.343951
-0.334150
-0.324401
-0.314706
-0.305067
-0.295485
-0.285961
-0.276496
-0.267092
-0.257748
-0.248466
-0.239245
-0.230087
-0.220990
-0.211956
-0.202984
-0.194074
-0.185226
-0.176440
-0.167714
-0.159049
-0.150445
-0.141900
-0.133415
-0.124988
-0.116618
-0.108306
-0.100049
-0.091849
-0.083703
-0.075610
-0.067571
-0.059583
-0.051647
-0.043760
-0.035923
-0.028133
-0.020391
-0.012694
-0.005043
0.002565
0.010130
0.017653
0.025135
0.032578
0.039982
-0.643386
-0.642174
-0.639196
-0.634874
-0.629495
-0.623266
-0.616342
-0.608840
-0.600854
-0.592461
-0.583721
-0.574689
-0.565406
-0.555910
-0.546233
-0.536401
-0.526440
-0.516369
-0.506205
-0.495965
-0.485662
-0.475308
-0.464914
-0.454490
-0.444043
-0.433583
-0.423115
-0.412645
-0.402177
-0.391718
-0.381270
-0.370837
-0.360424
-0.350031
-0.339663
-0.329319
-0.319003
-0.308716
-0.298459
-0.288232
-0.278036
-0.267872
-0.257742
-0.247643
-0.237578
-0.227546
-0.217546
-0.207578
-0.197643
-0.187739
-0.177866
-0.168023
-0.158210
-0.148425
-0.138668
-0.128938
-0.119233
-0.109553
-0.099897
-0.090263
-0.080651
-0.071058
-0.061484
-0.051927
-0.042386
-0.032859
-0.023346
-0.013844
-0.004353
0.005130
0.014606
0.024075
0.033541
0.043004
0.052467
0.061929
0.071394
0.080863
0.090337
0.099818
-0.645586
-0.644384
-0.641429
-0.637136
-0.631785
-0.625580
-0.618671
-0.611175
-0.603182
-0.594768
-0.585994
-0.576912
-0.567565
-0.557987
-0.548211
-0.538264
-0.528169
-0.517946
-0.507612
-0.497182
-0.486671
-0.476089
-0.465447
-0.454754
-0.444019
-0.433248
-0.422449
-0.411625
-0.400782
-0.389925
-0.379056
-0.368180
-0.357299
-0.346416
-0.335531
-0.324648
-0.313766
-0.302888
-0.292013
-0.281143
-0.270277
-0.259417
-0.248561
-0.237711
-0.226864
-0.216022
-0.205183
-0.194347
-0.183513
-0.172679
-0.161846
-0.151011
-0.140174
-0.129333
-0.118486
-0.107634
-0.096773
-0.085903
-0.075022
-0.064128
-0.053220
-0.042295
-0.031352
-0.020390
-0.009405
0.001603
0.012636
0.023697
0.034787
0.045908
0.057063
0.068254
0.079481
0.090749
0.102058
0.113410
0.124808
0.136255
0.147751
0.159299
-0.647860
-0.646670
-0.643740
-0.639478
-0.634160
-0.627982
-0.621093
-0.613606
-0.605612
-0.597182
-0.588377
-0.579250
-0.569840
-0.560184
-0.550313
-0.540254
-0.530029
-0.519657
-0.509156
-0.498540
-0.487823
-0.477015
-0.466128
-0.455170
-0.444149
-0.433071
-0.421942
-0.410768
-0.399553
-0.388301
-0.377014
-0.365698
-0.354353
-0.342981
-0.331584
-0.320163
-0.308719
-0.297253
-0.285765
-0.274256
-0.262724
-0.251170
-0.239594
-0.227995
-0.216372
-0.204725
-0.193052
-0.181352
-0.169624
-0.157867
-0.146079
-0.134258
-0.122403
-0.110513
-0.098585
-0.086617
-0.074608
-0.062555
-0.050457
-0.038312
-0.026116
-0.013868
-0.001566
0.010792
0.023210
0.035688
0.048231
0.060839
0.073516
0.086264
0.099086
0.111984
0.124960
0.138018
0.151159
0.164387
0.177704
0.191112
0.204614
0.218213
-0.650207
-0.649029
-0.646127
-0.641901
-0.636619
-0.630474
-0.623610
-0.616137
-0.608144
-0.599703
-0.590872
-0.581703
-0.572236
-0.562507
-0.552545
-0.542376
-0.532025
-0.521509
-0.510844
-0.500046
-0.489127
-0.478098
-0.466970
-0.455750
-0.444446
-0.433065
-0.421612
-0.410091
-0.398507
-0.386864
-0.375165
-0.363412
-0.351607
-0.339752
-0.327847
-0.315894
-0.303894
-0.291845
-0.279749
-0.267606
-0.255414
-0.243174
-0.230884
-0.218543
-0.206151
-0.193705
-0.181206
-0.168650
-0.156037
-0.143365
-0.130631
-0.117834
-0.104971
-0.092041
-0.079041
-0.065969
-0.052823
-0.039600
-0.026297
-0.012912
0.000558
0.014115
0.027762
0.041502
0.055338
0.069272
0.083308
0.097447
0.111694
0.126052
0.140522
0.155109
0.169815
0.184643
0.199596
0.214678
0.229892
0.245240
0.260725
0.276352
-0.652625
-0.651461
-0.648591
-0.644404
-0.639164
-0.633055
-0.626220
-0.618767
-0.610781
-0.602333
-0.593481
-0.584276
-0.574756
-0.564957
-0.554909
-0.544637
-0.534163
-0.523507
-0.512684
-0.501708
-0.490592
-0.479347
-0.467982
-0.456505
-0.444924
-0.433244
-0.421471
-0.409609
-0.397663
-0.385635
-0.373528
-0.361345
-0.349086
-0.336753
-0.324348
-0.311869
-0.299319
-0.286695
-0.273999
-0.261230
-0.248386
-0.235467
-0.222472
-0.209399
-0.196246
-0.183013
-0.169698
-0.156297
-0.142810
-0.129234
-0.115566
-0.101805
-0.087948
-0.073991
-0.059934
-0.045772
-0.031503
-0.017125
-0.002633
0.011975
0.026701
0.041550
0.056524
0.071626
0.086861
0.102230
0.117738
0.133387
0.149182
0.165125
0.181221
0.197472
0.213882
0.230455
0.247194
0.264103
0.281185
0.298444
0.315883
0.333507
-0.655115
-0.653965
-0.651130
-0.646988
-0.641793
-0.635726
-0.628927
-0.621498
-0.613525
-0.605075
-0.596208
-0.586971
-0.577404
-0.567541
-0.557411
-0.547040
-0.536450
-0.525659
-0.514682
-0.503534
-0.492227
-0.480771
-0.469175
-0.457447
-0.445594
-0.433622
-0.421536
-0.409339
-0.397037
-0.384631
-0.372124
-0.359517
-0.346812
-0.334010
-0.321111
-0.308116
-0.295024
-0.281835
-0.268548
-0.255162
-0.241677
-0.228090
-0.214401
-0.200607
-0.186707
-0.172698
-0.158579
-0.144347
-0.130000
-0.115534
-0.100948
-0.086239
-0.071403
-0.056437
-0.041339
-0.026105
-0.010733
0.004782
0.020442
0.036252
0.052214
0.068332
0.084610
0.101052
0.117660
0.134440
0.151394
0.168526
0.185841
0.203343
0.221034
0.238920
0.257004
0.275290
0.293782
0.312484
0.331401
0.350535
0.369892
0.389476
-0.657675
-0.656542
-0.653745
-0.649650
-0.644507
-0.638488
-0.631729
-0.624331
-0.616376
-0.607931
-0.599053
-0.589791
-0.580182
-0.570260
-0.560055
-0.549592
-0.538891
-0.527971
-0.516847
-0.505533
-0.494040
-0.482379
-0.470559
-0.458587
-0.446470
-0.434212
-0.421820
-0.409297
-0.396646
-0.383871
-0.370971
-0.357950
-0.344808
-0.331546
-0.318164
-0.304662
-0.291040
-0.277295
-0.263429
-0.249439
-0.235324
-0.221083
-0.206713
-0.192212
-0.177578
-0.162809
-0.147902
-0.132855
-0.117664
-0.102327
-0.086840
-0.071200
-0.055405
-0.039450
-0.023332
-0.007048
0.009406
0.026034
0.042839
0.059826
0.076999
0.094360
0.111915
0.129668
0.147622
0.165782
0.184152
0.202736
0.221539
0.240565
0.259818
0.279303
0.299024
0.318986
0.339192
0.359649
0.380359
0.401328
0.422560
0.444059
-0.660304
-0.659189
-0.656433
-0.652393
-0.647306
-0.641341
-0.634628
-0.627266
-0.619335
-0.610901
-0.602019
-0.592738
-0.583094
-0.573120
-0.562846
-0.552296
-0.541492
-0.530449
-0.519185
-0.507711
-0.496041
-0.484183
-0.472145
-0.459937
-0.447563
-0.435029
-0.422339
-0.409498
-0.396508
-0.383372
-0.370090
-0.356665
-0.343097
-0.329385
-0.315532
-0.301535
-0.287394
-0.273107
-0.258675
-0.244095
-0.229365
-0.214483
-0.199448
-0.184256
-0.168905
-0.153393
-0.137717
-0.121872
-0.105857
-0.089668
-0.073301
-0.056754
-0.040021
-0.023100
-0.005987
0.011323
0.028833
0.046547
0.064471
0.082607
0.100960
0.119535
0.138336
0.157367
0.176634
0.196140
0.215890
0.235890
0.256143
0.276655
0.297431
0.318474
0.339791
0.361385
0.383262
0.405427
0.427885
0.450640
0.473698
0.497063
-0.663001
-0.661906
-0.659196
-0.655214
-0.650189
-0.644285
-0.637624
-0.630306
-0.622406
-0.613989
-0.605110
-0.595816
-0.586142
-0.576123
-0.565788
-0.555158
-0.544257
-0.533100
-0.521702
-0.510077
-0.498236
-0.486189
-0.473944
-0.461507
-0.448886
-0.436084
-0.423107
-0.409958
-0.396639
-0.383153
-0.369500
-0.355682
-0.341699
-0.327551
-0.313239
-0.298760
-0.284114
-0.269300
-0.254317
-0.239162
-0.223833
-0.208329
-0.192646
-0.176781
-0.160733
-0.144497
-0.128071
-0.111451
-0.094634
-0.077616
-0.060393
-0.042961
-0.025317
-0.007456
0.010626
0.028933
0.047470
0.066241
0.085251
0.104504
0.124005
0.143759
0.163770
0.184044
0.204586
0.225400
0.246491
0.267865
0.289527
0.311482
0.333735
0.356291
0.379156
0.402334
0.425833
0.449655
0.473807
0.498296
0.523124
0.548299
-0.665765
-0.664692
-0.662031
-0.658113
-0.653158
-0.647320
-0.640719
-0.633450
-0.625588
-0.617195
-0.608326
-0.599026
-0.589331
-0.579274
-0.568884
-0.558183
-0.547193
-0.535929
-0.524406
-0.512639
-0.500636
-0.488409
-0.475964
-0.463309
-0.450450
-0.437391
-0.424137
-0.410691
-0.397055
-0.383230
-0.369219
-0.355021
-0.340637
-0.326066
-0.311309
-0.296364
-0.281229
-0.265904
-0.250387
-0.234674
-0.218765
-0.202656
-0.186345
-0.169829
-0.153103
-0.136166
-0.119014
-0.101642
-0.084047
-0.066225
-0.048172
-0.029884
-0.011357
0.007415
0.026436
0.045709
0.065240
0.085035
0.105097
0.125431
0.146043
0.166938
0.188122
0.209598
0.231373
0.253452
0.275840
0.298543
0.321567
0.344916
0.368597
0.392615
0.416977
0.441686
0.466750
0.492174
0.517963
0.544124
0.570663
0.597584
-0.668595
-0.667545
-0.664938
-0.661090
-0.656211
-0.650446
-0.643912
-0.636700
-0.628883
-0.620522
-0.611670
-0.602372
-0.592663
-0.582577
-0.572139
-0.561375
-0.550304
-0.538942
-0.527303
-0.515402
-0.503247
-0.490850
-0.478216
-0.465353
-0.452267
-0.438963
-0.425444
-0.411713
-0.397771
-0.383622
-0.369265
-0.354701
-0.339931
-0.324953
-0.309767
-0.294371
-0.278765
-0.262947
-0.246914
-0.230663
-0.214194
-0.197502
-0.180584
-0.163438
-0.146059
-0.128444
-0.110590
-0.092492
-0.074147
-0.055549
-0.036695
-0.017581
0.001800
0.021450
0.041376
0.061581
0.082072
0.102853
0.123929
0.145306
0.166989
0.188984
0.211296
0.233930
0.256893
0.280190
0.303827
0.327809
0.352144
0.376835
0.401891
0.427315
0.453115
0.479297
0.505867
0.532830
0.560193
0.587962
0.616144
0.644744
-0.671488
-0.670465
-0.667917
-0.664145
-0.659348
-0.653664
-0.647204
-0.640057
-0.632292
-0.623971
-0.615144
-0.605856
-0.596141
-0.586033
-0.575558
-0.564738
-0.553596
-0.542145
-0.530400
-0.518375
-0.506078
-0.493521
-0.480709
-0.467650
-0.454349
-0.440811
-0.427039
-0.413036
-0.398804
-0.384343
-0.369656
-0.354742
-0.339601
-0.324232
-0.308635
-0.292807
-0.276748
-0.260455
-0.243927
-0.227160
-0.210152
-0.192899
-0.175398
-0.157646
-0.139639
-0.121374
-0.102845
-0.084050
-0.064982
-0.045639
-0.026016
-0.006107
0.014092
0.034587
0.055382
0.076482
0.097893
0.119621
0.141671
0.164048
0.186758
0.209808
0.233202
0.256947
0.281049
0.305513
0.330346
0.355554
0.381144
0.407121
0.433492
0.460263
0.487441
0.515031
0.543041
0.571477
0.600345
0.629653
0.659406
0.689610
-0.674445
-0.673449
-0.670965
-0.667276
-0.662569
-0.656974
-0.650596
-0.643521
-0.635817
-0.627543
-0.618749
-0.609480
-0.599768
-0.589647
-0.579143
-0.568278
-0.557073
-0.545543
-0.533702
-0.521563
-0.509136
-0.496430
-0.483452
-0.470209
-0.456706
-0.442947
-0.428937
-0.414676
-0.400167
-0.385411
-0.370409
-0.355161
-0.339667
-0.323925
-0.307935
-0.291695
-0.275203
-0.258457
-0.241455
-0.224194
-0.206670
-0.188881
-0.170822
-0.152491
-0.133884
-0.114995
-0.095821
-0.076358
-0.056601
-0.036545
-0.016186
0.004483
0.025465
0.046766
0.068391
0.090347
0.112638
0.135270
0.158249
0.181581
0.205272
0.229328
0.253755
0.278559
0.303747
0.329324
0.355298
0.381674
0.408459
0.435661
0.463285
0.491338
0.519827
0.548758
0.578139
0.607976
0.638276
0.669046
0.700293
0.732024
-0.677462
-0.676496
-0.674082
-0.670483
-0.665873
-0.660375
-0.654087
-0.647093
-0.639459
-0.631241
-0.622489
-0.613247
-0.603547
-0.593422
-0.582898
-0.571998
-0.560741
-0.549143
-0.537216
-0.524975
-0.512429
-0.499586
-0.486454
-0.473040
-0.459348
-0.445383
-0.431148
-0.416644
-0.401875
-0.386840
-0.371541
-0.355977
-0.340148
-0.324052
-0.307689
-0.291056
-0.274153
-0.256977
-0.239525
-0.221793
-0.203779
-0.185480
-0.166890
-0.148008
-0.128828
-0.109347
-0.089559
-0.069461
-0.049047
-0.028313
-0.007254
0.014137
0.035863
0.057931
0.080347
0.103115
0.126241
0.149733
0.173594
0.197833
0.222455
0.247466
0.272872
0.298681
0.324898
0.351531
0.378585
0.406068
0.433987
0.462349
0.491159
0.520425
0.550156
0.580356
0.611033
0.642195
0.673849
0.706002
0.738661
0.771833
-0.680538
-0.679605
-0.677266
-0.673764
-0.669261
-0.663868
-0.657679
-0.650775
-0.643218
-0.635065
-0.626365
-0.617159
-0.607480
-0.597362
-0.586829
-0.575903
-0.564604
-0.552948
-0.540948
-0.528616
-0.515963
-0.502997
-0.489724
-0.476152
-0.462286
-0.448130
-0.433685
-0.418956
-0.403942
-0.388646
-0.373067
-0.357205
-0.341060
-0.324631
-0.307917
-0.290914
-0.273623
-0.256040
-0.238162
-0.219985
-0.201508
-0.182725
-0.163634
-0.144230
-0.124509
-0.104466
-0.084098
-0.063399
-0.042364
-0.020988
0.000734
0.022807
0.045237
0.068030
0.091191
0.114727
0.138643
0.162946
0.187641
0.212735
0.238235
0.264147
0.290477
0.317233
0.344421
0.372047
0.400120
0.428645
0.457631
0.487084
0.517010
0.547418
0.578315
0.609708
0.641604
0.674011
0.706937
0.740388
0.774372
0.808897
-0.683672
-0.682774
-0.680517
-0.677120
-0.672730
-0.667452
-0.661371
-0.654566
-0.647097
-0.639018
-0.630377
-0.621217
-0.611570
-0.601468
-0.590936
-0.579996
-0.568667
-0.556964
-0.544902
-0.532493
-0.519746
-0.506669
-0.493270
-0.479555
-0.465530
-0.451197
-0.436560
-0.421621
-0.406381
-0.390841
-0.375002
-0.358862
-0.342423
-0.325682
-0.308638
-0.291289
-0.273633
-0.255668
-0.237390
-0.218796
-0.199882
-0.180646
-0.161082
-0.141188
-0.120958
-0.100388
-0.079474
-0.058210
-0.036591
-0.014612
0.007732
0.030447
0.053538
0.077012
0.100873
0.125130
0.149787
0.174850
0.200327
0.226223
0.252546
0.279302
0.306498
0.334140
0.362236
0.390793
0.419818
0.449317
0.479300
0.509773
0.540742
0.572215
0.604202
0.636707
0.669740
0.703308
0.737418
0.772080
0.807299
0.843083
-0.686860
-0.686001
-0.683832
-0.680548
-0.676282
-0.671127
-0.665164
-0.658466
-0.651094
-0.643099
-0.634529
-0.625425
-0.615820
-0.605744
-0.595224
-0.584281
-0.572933
-0.561197
-0.549085
-0.536611
-0.523783
-0.510610
-0.497099
-0.483257
-0.469088
-0.454596
-0.439783
-0.424652
-0.409204
-0.393440
-0.377360
-0.360964
-0.344252
-0.327221
-0.309871
-0.292200
-0.274205
-0.255883
-0.237233
-0.218249
-0.198929
-0.179269
-0.159265
-0.138913
-0.118208
-0.097146
-0.075721
-0.053930
-0.031766
-0.009225
0.013700
0.037013
0.060721
0.084829
0.109344
0.134272
0.159619
0.185391
0.211595
0.238238
0.265326
0.292867
0.320867
0.349333
0.378272
0.407692
0.437601
0.468004
0.498911
0.530329
0.562264
0.594724
0.627719
0.661254
0.695338
0.729979
0.765185
0.800964
0.837323
0.874271
-0.690102
-0.689285
-0.687210
-0.684049
-0.679915
-0.674893
-0.669057
-0.662478
-0.655213
-0.647311
-0.638821
-0.629784
-0.620230
-0.610193
-0.599696
-0.588761
-0.577407
-0.565649
-0.553502
-0.540976
-0.528082
-0.514827
-0.501220
-0.487266
-0.472970
-0.458335
-0.443364
-0.428060
-0.412423
-0.396455
-0.380156
-0.363525
-0.346561
-0.329265
-0.311633
-0.293665
-0.275357
-0.256707
-0.237711
-0.218368
-0.198671
-0.178620
-0.158208
-0.137432
-0.116287
-0.094769
-0.072872
-0.050593
-0.027924
-0.004862
0.018600
0.042467
0.066745
0.091440
0.116559
0.142107
0.168091
0.194517
0.221392
0.248724
0.276518
0.304782
0.333523
0.362747
0.392463
0.422677
0.453398
0.484632
0.516388
0.548673
0.581494
0.614860
0.648778
0.683257
0.718304
0.753927
0.790135
0.826936
0.864338
0.902349
-0.693393
-0.692621
-0.690649
-0.687620
-0.683629
-0.678750
-0.673052
-0.666601
-0.659452
-0.651655
-0.643256
-0.634295
-0.624805
-0.614817
-0.604355
-0.593440
-0.582092
-0.570326
-0.558156
-0.545593
-0.532647
-0.519326
-0.505638
-0.491589
-0.477183
-0.462423
-0.447313
-0.431855
-0.416050
-0.399898
-0.383401
-0.366557
-0.349367
-0.331829
-0.313941
-0.295701
-0.277108
-0.258157
-0.238847
-0.219173
-0.199132
-0.178721
-0.157936
-0.136771
-0.115223
-0.093286
-0.070957
-0.048229
-0.025098
-0.001558
0.022396
0.046771
0.071571
0.096804
0.122475
0.148591
0.175158
0.202182
0.229671
0.257631
0.286070
0.314994
0.344410
0.374326
0.404748
0.435686
0.467145
0.499134
0.531661
0.564734
0.598359
0.632546
0.667302
0.702635
0.738553
0.775065
0.812179
0.849904
0.888247
0.927217
-0.696732
-0.696009
-0.694148
-0.691260
-0.687423
-0.682698
-0.677148
-0.670835
-0.663813
-0.656130
-0.647833
-0.638961
-0.629545
-0.619618
-0.609203
-0.598322
-0.586993
-0.575232
-0.563053
-0.550467
-0.537484
-0.524113
-0.510360
-0.496233
-0.481735
-0.466869
-0.451639
-0.436047
-0.420094
-0.403781
-0.387108
-0.370075
-0.352682
-0.334927
-0.316809
-0.298325
-0.279474
-0.260252
-0.240657
-0.220685
-0.200332
-0.179596
-0.158471
-0.136954
-0.115040
-0.092724
-0.070001
-0.046867
-0.023317
0.000656
0.025057
0.049892
0.075166
0.100885
0.127056
0.153686
0.180779
0.208344
0.236387
0.264915
0.293935
0.323454
0.353478
0.384016
0.415074
0.446661
0.478784
0.511450
0.544669
0.578447
0.612792
0.647713
0.683218
0.719314
0.756010
0.793315
0.831236
0.869783
0.908964
0.948786
-0.700115
-0.699446
-0.697704
-0.694969
-0.691296
-0.686736
-0.681344
-0.675180
-0.668296
-0.660739
-0.652555
-0.643782
-0.634453
-0.624598
-0.614243
-0.603408
-0.592111
-0.580369
-0.568196
-0.555603
-0.542599
-0.529193
-0.515393
-0.501206
-0.486633
-0.471681
-0.456351
-0.440645
-0.424566
-0.408113
-0.391288
-0.374089
-0.356518
-0.338572
-0.320251
-0.301551
-0.282471
-0.263008
-0.243159
-0.222921
-0.202290
-0.181263
-0.159835
-0.138002
-0.115760
-0.093105
-0.070031
-0.046533
-0.022607
0.001754
0.026554
0.051800
0.077497
0.103651
0.130269
0.157356
0.184920
0.212967
0.241503
0.270535
0.300072
0.330118
0.360683
0.391772
0.423393
0.455555
0.488264
0.521529
0.555358
0.589758
0.624737
0.660303
0.696465
0.733231
0.770609
0.808608
0.847236
0.886503
0.926415
0.966981
-0.703538
-0.702929
-0.701315
-0.698744
-0.695247
-0.690863
-0.685642
-0.679638
-0.672902
-0.665482
-0.657422
-0.648760
-0.639530
-0.629760
-0.619477
-0.608700
-0.597451
-0.585743
-0.573590
-0.561005
-0.547996
-0.534572
-0.520743
-0.506512
-0.491885
-0.476865
-0.461455
-0.445657
-0.429473
-0.412904
-0.395950
-0.378611
-0.360887
-0.342777
-0.324280
-0.305393
-0.286114
-0.266440
-0.246370
-0.225898
-0.205023
-0.183740
-0.162046
-0.139936
-0.117405
-0.094451
-0.071067
-0.047249
-0.022992
0.001709
0.026861
0.052468
0.078537
0.105073
0.132083
0.159572
0.187548
0.216016
0.244983
0.274457
0.304444
0.334951
0.365986
0.397554
0.429664
0.462325
0.495542
0.529325
0.563680
0.598617
0.634142
0.670264
0.706992
0.744333
0.782295
0.820889
0.860121
0.900001
0.940536
0.981736
-0.707000
-0.706453
-0.704979
-0.702584
-0.699276
-0.695080
-0.690040
-0.684208
-0.677632
-0.670360
-0.662436
-0.653897
-0.644777
-0.635104
-0.624907
-0.614203
-0.603014
-0.591355
-0.579237
-0.566676
-0.553679
-0.540255
-0.526414
-0.512159
-0.497496
-0.482428
-0.466959
-0.451091
-0.434825
-0.418163
-0.401104
-0.383650
-0.365800
-0.347553
-0.328907
-0.309862
-0.290414
-0.270562
-0.250302
-0.229631
-0.208546
-0.187044
-0.165120
-0.142771
-0.119993
-0.096780
-0.073130
-0.049036
-0.024494
0.000502
0.025956
0.051875
0.078263
0.105127
0.132474
0.160308
0.188636
0.217465
0.246801
0.276651
0.307022
0.337921
0.369354
0.401329
0.433854
0.466935
0.500582
0.534800
0.569599
0.604986
0.640968
0.677555
0.714755
0.752574
0.791023
0.830109
0.869841
0.910228
0.951278
0.992999
-0.710494
-0.710017
-0.708695
-0.706488
-0.703381
-0.699385
-0.694538
-0.688890
-0.682486
-0.675373
-0.667596
-0.659192
-0.650195
-0.640634
-0.630535
-0.619918
-0.608804
-0.597208
-0.585142
-0.572620
-0.559652
-0.546246
-0.532410
-0.518151
-0.503471
-0.488377
-0.472870
-0.456953
-0.440628
-0.423896
-0.406758
-0.389215
-0.371265
-0.352908
-0.334144
-0.314970
-0.295384
-0.275384
-0.254968
-0.234131
-0.212872
-0.191187
-0.169072
-0.146524
-0.123538
-0.100110
-0.076235
-0.051910
-0.027129
-0.001888
0.023820
0.049999
0.076655
0.103793
0.131419
0.159540
0.188162
0.217290
0.246931
0.277092
0.307780
0.339002
0.370763
0.403071
0.435934
0.469360
0.503354
0.537926
0.573084
0.608834
0.645184
0.682143
0.719720
0.757921
0.796756
0.836233
0.876360
0.917147
0.958600
1.000730
-0.714019
-0.713618
-0.712458
-0.710454
-0.707562
-0.703779
-0.699138
-0.693684
-0.687463
-0.680522
-0.672904
-0.664648
-0.655786
-0.646349
-0.636363
-0.625847
-0.614823
-0.603305
-0.591307
-0.578841
-0.565919
-0.552548
-0.538737
-0.524492
-0.509816
-0.494716
-0.479193
-0.463250
-0.446889
-0.430112
-0.412920
-0.395312
-0.377290
-0.358852
-0.339998
-0.320725
-0.301033
-0.280918
-0.260378
-0.239411
-0.218014
-0.196183
-0.173915
-0.151207
-0.128054
-0.104452
-0.080398
-0.055887
-0.030914
-0.005474
0.020437
0.046825
0.073695
0.101053
0.128904
0.157253
0.186108
0.215473
0.245356
0.275763
0.306700
0.338174
0.370191
0.402759
0.435885
0.469576
0.503838
0.538681
0.574112
0.610138
0.646766
0.684006
0.721864
0.760350
0.799471
0.839236
0.879652
0.920730
0.962477
1.004901
-0.717568
-0.717250
-0.716267
-0.714481
-0.711818
-0.708260
-0.703837
-0.698590
-0.692565
-0.685807
-0.678361
-0.670264
-0.661551
-0.652252
-0.642392
-0.631991
-0.621071
-0.609648
-0.597733
-0.585341
-0.572482
-0.559165
-0.545398
-0.531186
-0.516535
-0.501450
-0.485933
-0.469987
-0.453614
-0.436817
-0.419595
-0.401951
-0.383883
-0.365392
-0.346477
-0.327137
-0.307369
-0.287172
-0.266543
-0.245480
-0.223981
-0.202041
-0.179659
-0.156830
-0.133551
-0.109819
-0.085629
-0.060977
-0.035858
-0.010269
0.015796
0.042341
0.069372
0.096895
0.124913
0.153433
0.182461
0.212002
0.242063
0.272649
0.303768
0.335425
0.367627
0.400380
0.433692
0.467569
0.502020
0.537051
0.572670
0.608884
0.645700
0.683127
0.721174
0.759846
0.799153
0.839103
0.879704
0.920964
0.962893
1.005497
-0.721137
-0.720910
-0.720120
-0.718567
-0.716146
-0.712829
-0.708636
-0.703608
-0.697790
-0.691228
-0.683966
-0.676042
-0.667491
-0.658343
-0.648623
-0.638352
-0.627553
-0.616238
-0.604425
-0.592123
-0.579345
-0.566100
-0.552395
-0.538238
-0.523632
-0.508583
-0.493095
-0.477169
-0.460808
-0.444015
-0.426790
-0.409135
-0.391050
-0.372535
-0.353589
-0.334211
-0.314400
-0.294153
-0.273469
-0.252346
-0.230780
-0.208769
-0.186311
-0.163403
-0.140039
-0.116219
-0.091937
-0.067189
-0.041972
-0.016282
0.009887
0.036538
0.063678
0.091309
0.119439
0.148072
0.177213
0.206868
0.237043
0.267743
0.298976
0.330746
0.363061
0.395926
0.429349
0.463335
0.497893
0.533029
0.568752
0.605067
0.641982
0.679505
0.717643
0.756405
0.795798
0.835830
0.876510
0.917846
0.959846
1.002517
-0.724720
-0.724594
-0.724012
-0.722709
-0.720548
-0.717484
-0.713534
-0.708738
-0.703140
-0.696786
-0.689720
-0.681982
-0.673606
-0.664623
-0.655057
-0.644931
-0.634267
-0.623079
-0.611382
-0.599188
-0.586509
-0.573355
-0.559733
-0.545649
-0.531109
-0.516119
-0.500681
-0.484799
-0.468474
-0.451711
-0.434509
-0.416870
-0.398796
-0.380285
-0.361338
-0.341954
-0.322131
-0.301868
-0.281162
-0.260013
-0.238418
-0.216374
-0.193879
-0.170930
-0.147524
-0.123658
-0.099328
-0.074530
-0.049262
-0.023518
0.002704
0.029411
0.056605
0.084292
0.112477
0.141164
0.170359
0.200066
0.230292
0.261042
0.292322
0.324137
0.356493
0.389397
0.422855
0.456873
0.491459
0.526619
0.562360
0.598690
0.635614
0.673141
0.711278
0.750033
0.789413
0.829426
0.870080
0.911384
0.953345
0.995971
-0.728312
-0.728297
-0.727942
-0.726908
-0.725021
-0.722225
-0.718532
-0.713980
-0.708613
-0.702480
-0.695623
-0.688084
-0.679896
-0.671091
-0.661695
-0.651729
-0.641216
-0.630170
-0.618606
-0.606538
-0.593977
-0.580932
-0.567411
-0.553422
-0.538970
-0.524059
-0.508695
-0.492880
-0.476617
-0.459908
-0.442755
-0.425160
-0.407124
-0.388647
-0.369729
-0.350369
-0.330566
-0.310319
-0.289627
-0.268488
-0.246899
-0.224859
-0.202366
-0.179417
-0.156009
-0.132139
-0.107805
-0.083003
-0.057729
-0.031981
-0.005753
0.020957
0.048154
0.075843
0.104027
0.132711
0.161900
0.191600
0.221814
0.252549
0.283809
0.315600
0.347928
0.380799
0.414218
0.448191
0.482726
0.517829
0.553506
0.589764
0.626610
0.664051
0.702094
0.740746
0.780015
0.819908
0.860434
0.901600
0.943413
0.985882
-0.731904
-0.732014
-0.731907
-0.731160
-0.729565
-0.727052
-0.723629
-0.719333
-0.714211
-0.708310
-0.701675
-0.694347
-0.686362
-0.677750
-0.668537
-0.658747
-0.648399
-0.637512
-0.626099
-0.614174
-0.601749
-0.588832
-0.575434
-0.561559
-0.547215
-0.532407
-0.517139
-0.501415
-0.485237
-0.468608
-0.451531
-0.434007
-0.416037
-0.397623
-0.378763
-0.359459
-0.339708
-0.319511
-0.298866
-0.277771
-0.256226
-0.234227
-0.211774
-0.188864
-0.165496
-0.141665
-0.117370
-0.092608
-0.067375
-0.041669
-0.015486
0.011178
0.038326
0.065963
0.094091
0.122716
0.151842
0.181473
0.211614
0.242270
0.273446
0.305147
0.337377
0.370143
0.403450
0.437303
0.471710
0.506676
0.542207
0.578310
0.614991
0.652257
0.690114
0.728570
0.767632
0.807307
0.847602
0.888526
0.930084
0.972286
-0.735491
-0.735740
-0.735903
-0.735464
-0.734178
-0.731963
-0.728823
-0.724797
-0.719931
-0.714276
-0.707876
-0.700773
-0.693003
-0.684597
-0.675583
-0.665983
-0.655819
-0.645106
-0.633861
-0.622097
-0.609825
-0.597057
-0.583800
-0.570061
-0.555847
-0.541163
-0.526015
-0.510405
-0.494337
-0.477814
-0.460838
-0.443412
-0.425538
-0.407215
-0.388444
-0.369226
-0.349559
-0.329445
-0.308880
-0.287865
-0.266398
-0.244478
-0.222104
-0.199273
-0.175983
-0.152233
-0.128020
-0.103342
-0.078196
-0.052579
-0.026488
0.000079
0.027128
0.054659
0.082678
0.111189
0.140194
0.169698
0.199705
0.230220
0.261247
0.292791
0.324856
0.357448
0.390571
0.424231
0.458434
0.493185
0.528490
0.564356
0.600787
0.637791
0.675373
0.713542
0.752301
0.791661
0.831626
0.872205
0.913405
0.955231
-0.739062
-0.739468
-0.739927
-0.739819
-0.738860
-0.736958
-0.734116
-0.730372
-0.725775
-0.720378
-0.714225
-0.707360
-0.699819
-0.691635
-0.682833
-0.673439
-0.663473
-0.652952
-0.641892
-0.630306
-0.618208
-0.605606
-0.592511
-0.578928
-0.564866
-0.550329
-0.535323
-0.519851
-0.503918
-0.487526
-0.470678
-0.453377
-0.435625
-0.417423
-0.398771
-0.379669
-0.360119
-0.340119
-0.319669
-0.298768
-0.277416
-0.255611
-0.233352
-0.210639
-0.187469
-0.163841
-0.139753
-0.115202
-0.090187
-0.064706
-0.038754
-0.012331
0.014567
0.041942
0.069799
0.098140
0.126968
0.156288
0.186103
0.216416
0.247232
0.278555
0.310389
0.342738
0.375608
0.409002
0.442927
0.477388
0.512389
0.547937
0.584036
0.620693
0.657914
0.695705
0.734071
0.773021
0.812559
0.852694
0.893432
0.934779
-0.742609
-0.743193
-0.743976
-0.744224
-0.743611
-0.742037
-0.739505
-0.736056
-0.731742
-0.726615
-0.720722
-0.714109
-0.706811
-0.698861
-0.690287
-0.681114
-0.671363
-0.661050
-0.650191
-0.638803
-0.626896
-0.614481
-0.601567
-0.588161
-0.574271
-0.559904
-0.545063
-0.529753
-0.513979
-0.497743
-0.481049
-0.463901
-0.446300
-0.428246
-0.409743
-0.390788
-0.371385
-0.351532
-0.331230
-0.310478
-0.289275
-0.267622
-0.245517
-0.222959
-0.199948
-0.176483
-0.152560
-0.128180
-0.103340
-0.078039
-0.052274
-0.026043
0.000656
0.027825
0.055468
0.083587
0.112184
0.141263
0.170827
0.200880
0.231424
0.262464
0.294002
0.326044
0.358592
0.391652
0.425228
0.459324
0.493946
0.529098
0.564786
0.601014
0.637788
0.675115
0.712999
0.751447
0.790465
0.830059
0.870236
0.911001
-0.746121
-0.746908
-0.748049
-0.748678
-0.748429
-0.747199
-0.744992
-0.741850
-0.737830
-0.732986
-0.727367
-0.721018
-0.713976
-0.706277
-0.697945
-0.689008
-0.679487
-0.669399
-0.658760
-0.647586
-0.635889
-0.623680
-0.610967
-0.597759
-0.584064
-0.569887
-0.555234
-0.540110
-0.524519
-0.508465
-0.491952
-0.474982
-0.457559
-0.439684
-0.421357
-0.402581
-0.383356
-0.363682
-0.343560
-0.322991
-0.301972
-0.280506
-0.258591
-0.236227
-0.213414
-0.190150
-0.166434
-0.142266
-0.117645
-0.092568
-0.067034
-0.041042
-0.014589
0.012325
0.039704
0.067549
0.095862
0.124647
0.153905
0.183639
0.213853
0.244549
0.275730
0.307400
0.339562
0.372220
0.405378
0.439039
0.473209
0.507891
0.543090
0.578810
0.615057
0.651836
0.689152
0.727010
0.765416
0.804377
0.843897
0.883983
-0.749585
-0.750606
-0.752141
-0.753178
-0.753315
-0.752445
-0.750574
-0.747754
-0.744040
-0.739492
-0.734159
-0.728087
-0.721316
-0.713879
-0.705805
-0.697120
-0.687845
-0.677998
-0.667596
-0.656655
-0.645187
-0.633202
-0.620710
-0.607721
-0.594241
-0.580278
-0.565836
-0.550921
-0.535538
-0.519691
-0.503383
-0.486619
-0.469402
-0.451732
-0.433612
-0.415044
-0.396027
-0.376564
-0.356655
-0.336301
-0.315501
-0.294257
-0.272568
-0.250434
-0.227856
-0.204833
-0.181364
-0.157449
-0.133087
-0.108277
-0.083019
-0.057310
-0.031151
-0.004538
0.022528
0.050049
0.078028
0.106465
0.135364
0.164726
0.194553
0.224847
0.255612
0.286849
0.318562
0.350754
0.383427
0.416586
0.450234
0.484374
0.519011
0.554148
0.589790
0.625941
0.662606
0.699790
0.737499
0.775736
0.814509
0.853821
-0.752987
-0.754281
-0.756250
-0.757726
-0.758269
-0.757773
-0.756253
-0.753766
-0.750371
-0.746131
-0.741096
-0.735315
-0.728828
-0.721668
-0.713866
-0.705448
-0.696435
-0.686846
-0.676699
-0.666008
-0.654787
-0.643046
-0.630796
-0.618045
-0.604802
-0.591074
-0.576866
-0.562184
-0.547032
-0.531416
-0.515340
-0.498809
-0.481824
-0.464388
-0.446503
-0.428171
-0.409393
-0.390172
-0.370508
-0.350401
-0.329854
-0.308866
-0.287438
-0.265571
-0.243265
-0.220520
-0.197337
-0.173714
-0.149652
-0.125151
-0.100210
-0.074829
-0.049007
-0.022742
0.003964
0.031115
0.058710
0.086750
0.115238
0.144174
0.173561
0.203398
0.233690
0.264437
0.295641
0.327305
0.359432
0.392024
0.425083
0.458614
0.492619
0.527100
0.562063
0.597511
0.633448
0.669878
0.706805
0.744236
0.782173
0.820621
-0.756311
-0.757923
-0.760376
-0.762321
-0.763290
-0.763184
-0.762028
-0.759885
-0.756822
-0.752901
-0.748178
-0.742701
-0.736511
-0.729643
-0.722128
-0.713992
-0.705257
-0.695943
-0.686066
-0.675644
-0.664688
-0.653210
-0.641221
-0.628729
-0.615744
-0.602273
-0.588321
-0.573895
-0.558999
-0.543639
-0.527820
-0.511546
-0.494821
-0.477646
-0.460024
-0.441958
-0.423449
-0.404500
-0.385111
-0.365285
-0.345022
-0.324323
-0.303191
-0.281626
-0.259628
-0.237198
-0.214337
-0.191045
-0.167323
-0.143171
-0.118588
-0.093576
-0.068134
-0.042261
-0.015958
0.010775
0.037940
0.065535
0.093563
0.122024
0.150919
0.180248
0.210012
0.240213
0.270853
0.301932
0.333452
0.365416
0.397826
0.430683
0.463989
0.497748
0.531963
0.566636
0.601771
0.637371
0.673440
0.709983
0.747002
0.784503
-0.759536
-0.761527
-0.764515
-0.766962
-0.768378
-0.768678
-0.767898
-0.766112
-0.763391
-0.759803
-0.755403
-0.750243
-0.744363
-0.737802
-0.730588
-0.722749
-0.714309
-0.705285
-0.695696
-0.685560
-0.674888
-0.663692
-0.651983
-0.639771
-0.627065
-0.613872
-0.600199
-0.586051
-0.571434
-0.556355
-0.540817
-0.524827
-0.508387
-0.491500
-0.474169
-0.456397
-0.438186
-0.419539
-0.400456
-0.380941
-0.360994
-0.340619
-0.319815
-0.298585
-0.276930
-0.254851
-0.232349
-0.209425
-0.186080
-0.162315
-0.138130
-0.113527
-0.088506
-0.063066
-0.037210
-0.010937
0.015753
0.042859
0.070381
0.098319
0.126673
0.155444
0.184631
0.214235
0.244257
0.274697
0.305556
0.336835
0.368535
0.400659
0.433206
0.466179
0.499581
0.533413
0.567677
0.602377
0.637515
0.673095
0.709120
0.745593
-0.762641
-0.765083
-0.768668
-0.771652
-0.773535
-0.774254
-0.773862
-0.772445
-0.770079
-0.766834
-0.762770
-0.757939
-0.752384
-0.746142
-0.739245
-0.731718
-0.723587
-0.714870
-0.705587
-0.695754
-0.685384
-0.674488
-0.663080
-0.651168
-0.638761
-0.625867
-0.612494
-0.598648
-0.584333
-0.569558
-0.554327
-0.538645
-0.522516
-0.505944
-0.488931
-0.471481
-0.453596
-0.435280
-0.416533
-0.397359
-0.377760
-0.357738
-0.337296
-0.316434
-0.295156
-0.273461
-0.251353
-0.228833
-0.205901
-0.182560
-0.158811
-0.134655
-0.110094
-0.085128
-0.059758
-0.033987
-0.007814
0.018759
0.045732
0.073103
0.100872
0.129039
0.157601
0.186561
0.215916
0.245666
0.275812
0.306354
0.337292
0.368627
0.400358
0.432488
0.465017
0.497945
0.531276
0.565010
0.599151
0.633700
0.668659
0.704032
-0.765597
-0.768585
-0.772835
-0.776390
-0.778761
-0.779912
-0.779921
-0.778884
-0.776883
-0.773993
-0.770277
-0.765789
-0.760572
-0.754663
-0.748095
-0.740897
-0.733091
-0.724697
-0.715736
-0.706223
-0.696173
-0.685596
-0.674507
-0.662914
-0.650827
-0.638254
-0.625203
-0.611680
-0.597691
-0.583244
-0.568343
-0.552995
-0.537203
-0.520970
-0.504302
-0.487201
-0.469670
-0.451712
-0.433331
-0.414528
-0.395306
-0.375669
-0.355619
-0.335158
-0.314288
-0.293011
-0.271330
-0.249247
-0.226764
-0.203883
-0.180605
-0.156933
-0.132868
-0.108412
-0.083568
-0.058337
-0.032720
-0.006719
0.019664
0.046427
0.073569
0.101088
0.128983
0.157253
0.185896
0.214911
0.244297
0.274054
0.304181
0.334677
0.365541
0.396773
0.428375
0.460345
0.492685
0.525395
0.558477
0.591932
0.625761
0.659966
-0.768372
-0.772025
-0.777018
-0.781180
-0.784057
-0.785654
-0.786074
-0.785427
-0.783802
-0.781280
-0.777923
-0.773790
-0.768923
-0.763361
-0.757138
-0.750282
-0.742816
-0.734762
-0.726139
-0.716964
-0.707251
-0.697012
-0.686261
-0.675007
-0.663260
-0.651028
-0.638320
-0.625142
-0.611502
-0.597405
-0.582859
-0.567868
-0.552437
-0.536571
-0.520273
-0.503547
-0.486396
-0.468826
-0.450837
-0.432433
-0.413618
-0.394396
-0.374768
-0.354738
-0.334308
-0.313481
-0.292259
-0.270646
-0.248644
-0.226256
-0.203483
-0.180329
-0.156796
-0.132886
-0.108603
-0.083947
-0.058923
-0.033532
-0.007777
0.018340
0.044816
0.071649
0.098837
0.126377
0.154268
0.182506
0.211090
0.240019
0.269290
0.298902
0.328853
0.359141
0.389767
0.420729
0.452027
0.483660
0.515629
0.547934
0.580575
0.613553
-0.770924
-0.775399
-0.781219
-0.786025
-0.789425
-0.791478
-0.792321
-0.792073
-0.790836
-0.788691
-0.785706
-0.781940
-0.777436
-0.772235
-0.766371
-0.759871
-0.752761
-0.745061
-0.736793
-0.727973
-0.718615
-0.708732
-0.698337
-0.687441
-0.676054
-0.664184
-0.651840
-0.639029
-0.625758
-0.612035
-0.597866
-0.583257
-0.568212
-0.552735
-0.536833
-0.520508
-0.503765
-0.486607
-0.469038
-0.451062
-0.432682
-0.413902
-0.394726
-0.375156
-0.355196
-0.334848
-0.314117
-0.293005
-0.271516
-0.249652
-0.227417
-0.204813
-0.181844
-0.158513
-0.134824
-0.110778
-0.086380
-0.061633
-0.036540
-0.011104
0.014671
0.040783
0.067228
0.094002
0.121103
0.148528
0.176273
0.204335
0.232712
0.261400
0.290398
0.319701
0.349310
0.379220
0.409431
0.439942
0.470750
0.501856
0.533258
0.564957
-0.773204
-0.778702
-0.785445
-0.790928
-0.794866
-0.797387
-0.798660
-0.798822
-0.797981
-0.796226
-0.793624
-0.790236
-0.786108
-0.781281
-0.775789
-0.769660
-0.762921
-0.755592
-0.747695
-0.739246
-0.730260
-0.720751
-0.710731
-0.700212
-0.689204
-0.677716
-0.665756
-0.653333
-0.640454
-0.627126
-0.613357
-0.599152
-0.584516
-0.569455
-0.553972
-0.538073
-0.521762
-0.505044
-0.487922
-0.470399
-0.452481
-0.434172
-0.415474
-0.396393
-0.376931
-0.357092
-0.336880
-0.316299
-0.295352
-0.274043
-0.252375
-0.230352
-0.207978
-0.185256
-0.162191
-0.138787
-0.115047
-0.090975
-0.066575
-0.041851
-0.016808
0.008551
0.034221
0.060198
0.086477
0.113056
0.139929
0.167092
0.194542
0.222273
0.250283
0.278567
0.307123
0.335946
0.365033
0.394382
0.423990
0.453856
0.483977
0.514352
-0.775150
-0.781935
-0.789703
-0.795894
-0.800382
-0.803379
-0.805091
-0.805672
-0.805238
-0.803881
-0.801674
-0.798676
-0.794937
-0.790497
-0.785391
-0.779647
-0.773293
-0.766351
-0.758840
-0.750779
-0.742182
-0.733064
-0.723437
-0.713314
-0.702704
-0.691617
-0.680062
-0.668047
-0.655581
-0.642670
-0.629323
-0.615545
-0.601341
-0.586717
-0.571679
-0.556230
-0.540376
-0.524122
-0.507472
-0.490429
-0.472999
-0.455186
-0.436994
-0.418429
-0.399492
-0.380189
-0.360524
-0.340501
-0.320125
-0.299398
-0.278325
-0.256911
-0.235161
-0.213077
-0.190665
-0.167930
-0.144876
-0.121507
-0.097828
-0.073845
-0.049562
-0.024985
-0.000117
0.025035
0.050466
0.076171
0.102145
0.128382
0.154877
0.181625
0.208619
0.235856
0.263330
0.291036
0.318970
0.347127
0.375504
0.404096
0.432901
0.461916
-0.776682
-0.785103
-0.794003
-0.800929
-0.805976
-0.809455
-0.811614
-0.812622
-0.812604
-0.811656
-0.809853
-0.807258
-0.803920
-0.799879
-0.795172
-0.789828
-0.783874
-0.777332
-0.770224
-0.762567
-0.754376
-0.745665
-0.736449
-0.726740
-0.716547
-0.705881
-0.694750
-0.683164
-0.671131
-0.658658
-0.645754
-0.632425
-0.618675
-0.604512
-0.589940
-0.574965
-0.559592
-0.543826
-0.527672
-0.511134
-0.494217
-0.476926
-0.459266
-0.441241
-0.422856
-0.404115
-0.385023
-0.365585
-0.345805
-0.325687
-0.305236
-0.284458
-0.263357
-0.241937
-0.220204
-0.198164
-0.175821
-0.153181
-0.130249
-0.107031
-0.083532
-0.059759
-0.035718
-0.011414
0.013146
0.037955
0.063008
0.088297
0.113816
0.139558
0.165517
0.191685
0.218057
0.244625
0.271384
0.298328
0.325450
0.352745
0.380210
0.407838
-0.777701
-0.788220
-0.798361
-0.806039
-0.811650
-0.815616
-0.818228
-0.819670
-0.820076
-0.819548
-0.818161
-0.815979
-0.813053
-0.809425
-0.805130
-0.800199
-0.794659
-0.788533
-0.781842
-0.774604
-0.766836
-0.758550
-0.749762
-0.740484
-0.730727
-0.720500
-0.709813
-0.698674
-0.687094
-0.675081
-0.662641
-0.649781
-0.636508
-0.622827
-0.608744
-0.594265
-0.579396
-0.564142
-0.548508
-0.532498
-0.516118
-0.499373
-0.482268
-0.464809
-0.447000
-0.428846
-0.410352
-0.391522
-0.372363
-0.352879
-0.333075
-0.312956
-0.292528
-0.271796
-0.250767
-0.229445
-0.207836
-0.185947
-0.163783
-0.141352
-0.118659
-0.095711
-0.072515
-0.049078
-0.025408
-0.001512
0.022603
0.046929
0.071457
0.096180
0.121089
0.146175
0.171432
0.196850
0.222421
0.248137
0.273991
0.299976
0.326084
0.352309
-0.778080
-0.791312
-0.802795
-0.811231
-0.817406
-0.821862
-0.824930
-0.826814
-0.827654
-0.827553
-0.826592
-0.824835
-0.822334
-0.819129
-0.815260
-0.810755
-0.805643
-0.799948
-0.793689
-0.786887
-0.779557
-0.771712
-0.763369
-0.754540
-0.745236
-0.735466
-0.725241
-0.714570
-0.703463
-0.691927
-0.679972
-0.667602
-0.654826
-0.641649
-0.628078
-0.614117
-0.599774
-0.585053
-0.569961
-0.554502
-0.538682
-0.522506
-0.505980
-0.489110
-0.471900
-0.454356
-0.436482
-0.418285
-0.399770
-0.380943
-0.361807
-0.342371
-0.322638
-0.302616
-0.282311
-0.261728
-0.240874
-0.219755
-0.198379
-0.176753
-0.154882
-0.132776
-0.110442
-0.087887
-0.065119
-0.042148
-0.018983
0.004369
0.027898
0.051593
0.075445
0.099445
0.123582
0.147845
0.172225
0.196711
0.221294
0.245963
0.270710
0.295527
-0.777653
-0.794423
-0.807326
-0.816514
-0.823246
-0.828191
-0.831721
-0.834053
-0.835333
-0.835670
-0.835146
-0.833824
-0.831758
-0.828990
-0.825558
-0.821493
-0.816823
-0.811571
-0.805760
-0.799408
-0.792531
-0.785145
-0.777264
-0.768900
-0.760066
-0.750771
-0.741027
-0.730842
-0.720226
-0.709188
-0.697736
-0.685877
-0.673618
-0.660966
-0.647926
-0.634504
-0.620708
-0.606543
-0.592014
-0.577128
-0.561889
-0.546305
-0.530380
-0.514121
-0.497532
-0.480619
-0.463388
-0.445845
-0.427996
-0.409846
-0.391400
-0.372666
-0.353650
-0.334357
-0.314795
-0.294969
-0.274888
-0.254557
-0.233985
-0.213179
-0.192146
-0.170894
-0.149433
-0.127770
-0.105915
-0.083878
-0.061667
-0.039294
-0.016768
0.005899
0.028696
0.051611
0.074632
0.097747
0.120942
0.144205
0.167524
0.190886
0.214280
0.237694
-0.776205
-0.797623
-0.811981
-0.821895
-0.829173
-0.834605
-0.838599
-0.841384
-0.843113
-0.843896
-0.843817
-0.842942
-0.841322
-0.839002
-0.836021
-0.832408
-0.828193
-0.823399
-0.818049
-0.812162
-0.805754
-0.798842
-0.791438
-0.783556
-0.775209
-0.766407
-0.757160
-0.747479
-0.737373
-0.726852
-0.715922
-0.704593
-0.692871
-0.680763
-0.668274
-0.655412
-0.642183
-0.628594
-0.614650
-0.600357
-0.585720
-0.570748
-0.555445
-0.539817
-0.523870
-0.507610
-0.491042
-0.474174
-0.457010
-0.439557
-0.421821
-0.403808
-0.385526
-0.366980
-0.348178
-0.329127
-0.309833
-0.290305
-0.270550
-0.250577
-0.230392
-0.210006
-0.189426
-0.168663
-0.147726
-0.126625
-0.105371
-0.083975
-0.062448
-0.040804
-0.019055
0.002786
0.024705
0.046686
0.068715
0.090774
0.112850
0.134925
0.156985
0.179015
-0.773452
-0.801021
-0.816789
-0.827381
-0.835186
-0.841102
-0.845562
-0.848805
-0.850990
-0.852228
-0.852604
-0.852184
-0.851022
-0.849162
-0.846643
-0.843495
-0.839748
-0.835425
-0.830550
-0.825143
-0.819219
-0.812795
-0.805884
-0.798500
-0.790657
-0.782364
-0.773632
-0.764473
-0.754894
-0.744907
-0.734518
-0.723737
-0.712571
-0.701025
-0.689108
-0.676824
-0.664182
-0.651189
-0.637848
-0.624168
-0.610155
-0.595814
-0.581152
-0.566176
-0.550891
-0.535302
-0.519416
-0.503241
-0.486781
-0.470044
-0.453035
-0.435761
-0.418229
-0.400447
-0.382420
-0.364158
-0.345666
-0.326953
-0.308027
-0.288896
-0.269569
-0.250054
-0.230362
-0.210502
-0.190485
-0.170320
-0.150019
-0.129595
-0.109059
-0.088426
-0.067709
-0.046923
-0.026085
-0.005211
0.015681
0.036570
0.057436
0.078260
0.099021
0.119700
-0.769020
-0.804781
-0.821778
-0.832977
-0.841287
-0.847680
-0.852607
-0.856314
-0.858961
-0.860662
-0.861502
-0.861548
-0.860854
-0.859465
-0.857419
-0.854749
-0.851482
-0.847644
-0.843258
-0.838344
-0.832918
-0.826996
-0.820594
-0.813724
-0.806400
-0.798633
-0.790433
-0.781811
-0.772778
-0.763341
-0.753512
-0.743297
-0.732703
-0.721739
-0.710411
-0.698724
-0.686688
-0.674309
-0.661592
-0.648544
-0.635171
-0.621481
-0.607480
-0.593173
-0.578567
-0.563668
-0.548484
-0.533019
-0.517280
-0.501275
-0.485009
-0.468490
-0.451724
-0.434719
-0.417482
-0.400021
-0.382342
-0.364455
-0.346367
-0.328087
-0.309624
-0.290987
-0.272185
-0.253229
-0.234129
-0.214897
-0.195543
-0.176081
-0.156524
-0.136884
-0.117179
-0.097422
-0.077632
-0.057828
-0.038031
-0.018264
0.001447
0.021074
0.040587
0.059958
-0.762410
-0.809150
-0.826975
-0.838687
-0.847475
-0.854338
-0.859733
-0.863907
-0.867023
-0.869195
-0.870507
-0.871030
-0.870814
-0.869906
-0.868346
-0.866164
-0.863391
-0.860050
-0.856166
-0.851759
-0.846844
-0.841440
-0.835560
-0.829219
-0.822430
-0.815204
-0.807552
-0.799484
-0.791012
-0.782144
-0.772890
-0.763257
-0.753255
-0.742890
-0.732168
-0.721097
-0.709684
-0.697936
-0.685860
-0.673462
-0.660749
-0.647727
-0.634403
-0.620784
-0.606875
-0.592683
-0.578215
-0.563478
-0.548477
-0.533219
-0.517712
-0.501962
-0.485976
-0.469761
-0.453325
-0.436676
-0.419821
-0.402769
-0.385527
-0.368104
-0.350509
-0.332752
-0.314842
-0.296789
-0.278604
-0.260298
-0.241882
-0.223369
-0.204773
-0.186107
-0.167387
-0.148628
-0.129849
-0.111068
-0.092310
-0.073597
-0.054962
-0.036443
-0.018093
0.000004
