-0.021877
-0.021944
-0.022120
-0.022396
-0.022773
-0.023259
-0.023862
-0.024590
-0.025454
-0.026463
-0.027627
-0.028955
-0.030459
-0.032146
-0.034027
-0.036112
-0.038408
-0.040927
-0.043677
-0.046667
-0.049907
-0.053406
-0.057172
-0.061216
-0.065545
-0.070170
-0.075098
-0.080340
-0.085904
-0.091799
-0.098033
-0.104617
-0.111559
-0.118868
-0.126552
-0.134622
-0.143085
-0.151950
-0.161227
-0.170925
-0.181052
-0.191617
-0.202629
-0.214097
-0.226030
-0.238437
-0.251327
-0.264708
-0.278590
-0.292982
-0.307891
-0.323328
-0.339301
-0.355819
-0.372891
-0.390526
-0.408732
-0.427519
-0.446895
-0.466870
-0.487452
-0.508650
-0.530472
-0.552929
-0.576029
-0.599780
-0.624192
-0.649273
-0.675032
-0.701478
-0.728621
-0.756469
-0.785031
-0.814315
-0.844331
-0.875088
-0.906594
-0.938858
-0.971889
-1.005696
-0.021875
-0.021942
-0.022117
-0.022392
-0.022769
-0.023254
-0.023854
-0.024581
-0.025443
-0.026449
-0.027610
-0.028936
-0.030436
-0.032120
-0.033997
-0.036077
-0.038370
-0.040883
-0.043628
-0.046612
-0.049846
-0.053338
-0.057097
-0.061132
-0.065454
-0.070069
-0.074989
-0.080220
-0.085774
-0.091657
-0.097881
-0.104452
-0.111381
-0.118676
-0.126347
-0.134401
-0.142848
-0.151698
-0.160958
-0.170637
-0.180746
-0.191291
-0.202284
-0.213731
-0.225642
-0.238027
-0.250893
-0.264250
-0.278107
-0.292472
-0.307355
-0.322764
-0.338708
-0.355196
-0.372237
-0.389840
-0.408014
-0.426767
-0.446108
-0.466047
-0.486592
-0.507751
-0.529535
-0.551952
-0.575010
-0.598718
-0.623086
-0.648122
-0.673835
-0.700234
-0.727328
-0.755126
-0.783637
-0.812869
-0.842831
-0.873532
-0.904982
-0.937188
-0.970160
-1.003907
-0.021868
-0.021935
-0.022109
-0.022381
-0.022755
-0.023236
-0.023832
-0.024554
-0.025409
-0.026409
-0.027562
-0.028879
-0.030370
-0.032043
-0.033908
-0.035975
-0.038254
-0.040752
-0.043480
-0.046447
-0.049662
-0.053133
-0.056870
-0.060883
-0.065179
-0.069768
-0.074660
-0.079862
-0.085384
-0.091234
-0.097423
-0.103957
-0.110848
-0.118102
-0.125730
-0.133740
-0.142140
-0.150941
-0.160150
-0.169776
-0.179829
-0.190317
-0.201249
-0.212634
-0.224480
-0.236797
-0.249593
-0.262878
-0.276659
-0.290946
-0.305748
-0.321073
-0.336931
-0.353330
-0.370279
-0.387786
-0.405861
-0.424513
-0.443750
-0.463580
-0.484014
-0.505060
-0.526726
-0.549022
-0.571956
-0.595536
-0.619773
-0.644674
-0.670248
-0.696505
-0.723454
-0.751102
-0.779459
-0.808534
-0.838335
-0.868872
-0.900153
-0.932186
-0.964982
-0.998548
-0.021858
-0.021924
-0.022095
-0.022364
-0.022732
-0.023207
-0.023796
-0.024508
-0.025353
-0.026341
-0.027482
-0.028785
-0.030259
-0.031914
-0.033760
-0.035806
-0.038061
-0.040534
-0.043235
-0.046172
-0.049355
-0.052792
-0.056494
-0.060467
-0.064722
-0.069268
-0.074112
-0.079265
-0.084735
-0.090531
-0.096661
-0.103135
-0.109961
-0.117148
-0.124705
-0.132640
-0.140963
-0.149683
-0.158807
-0.168345
-0.178305
-0.188697
-0.199529
-0.210810
-0.222548
-0.234752
-0.247432
-0.260595
-0.274251
-0.288409
-0.303076
-0.318262
-0.333976
-0.350226
-0.367022
-0.384371
-0.402282
-0.420765
-0.439828
-0.459480
-0.479729
-0.500585
-0.522056
-0.544150
-0.566877
-0.590245
-0.614264
-0.638941
-0.664285
-0.690306
-0.717012
-0.744412
-0.772514
-0.801328
-0.830862
-0.861124
-0.892124
-0.923869
-0.956371
-0.989636
-0.021844
-0.021908
-0.022076
-0.022339
-0.022700
-0.023166
-0.023745
-0.024445
-0.025276
-0.026248
-0.027370
-0.028652
-0.030104
-0.031735
-0.033553
-0.035569
-0.037792
-0.040230
-0.042892
-0.045789
-0.048928
-0.052318
-0.055968
-0.059888
-0.064085
-0.068570
-0.073349
-0.078433
-0.083830
-0.089549
-0.095599
-0.101987
-0.108724
-0.115816
-0.123275
-0.131107
-0.139322
-0.147928
-0.156933
-0.166348
-0.176180
-0.186437
-0.197130
-0.208265
-0.219852
-0.231900
-0.244417
-0.257412
-0.270893
-0.284869
-0.299349
-0.314341
-0.329854
-0.345897
-0.362479
-0.379607
-0.397290
-0.415538
-0.434358
-0.453760
-0.473752
-0.494343
-0.515541
-0.537355
-0.559793
-0.582865
-0.606579
-0.630944
-0.655967
-0.681659
-0.708026
-0.735079
-0.762826
-0.791275
-0.820436
-0.850316
-0.880923
-0.912269
-0.944359
-0.977204
-0.021826
-0.021888
-0.022051
-0.022308
-0.022660
-0.023114
-0.023679
-0.024363
-0.025176
-0.026128
-0.027227
-0.028483
-0.029906
-0.031505
-0.033289
-0.035267
-0.037448
-0.039841
-0.042455
-0.045298
-0.048381
-0.051710
-0.055296
-0.059146
-0.063270
-0.067676
-0.072373
-0.077369
-0.082673
-0.088294
-0.094239
-0.100519
-0.107140
-0.114113
-0.121445
-0.129144
-0.137221
-0.145682
-0.154536
-0.163793
-0.173460
-0.183546
-0.194059
-0.205009
-0.216403
-0.228250
-0.240559
-0.253338
-0.266595
-0.280340
-0.294580
-0.309324
-0.324580
-0.340358
-0.356665
-0.373510
-0.390902
-0.408849
-0.427359
-0.446441
-0.466103
-0.486355
-0.507204
-0.528660
-0.550729
-0.573422
-0.596746
-0.620710
-0.645323
-0.670593
-0.696528
-0.723138
-0.750429
-0.778412
-0.807094
-0.836485
-0.866592
-0.897423
-0.928989
-0.961296
-0.021803
-0.021864
-0.022021
-0.022269
-0.022611
-0.023051
-0.023600
-0.024265
-0.025056
-0.025982
-0.027053
-0.028278
-0.029666
-0.031226
-0.032968
-0.034899
-0.037030
-0.039368
-0.041923
-0.044702
-0.047716
-0.050972
-0.054479
-0.058246
-0.062280
-0.066591
-0.071187
-0.076076
-0.081267
-0.086768
-0.092588
-0.098735
-0.105217
-0.112043
-0.119222
-0.126761
-0.134668
-0.142953
-0.151624
-0.160689
-0.170155
-0.180033
-0.190329
-0.201053
-0.212213
-0.223816
-0.235872
-0.248388
-0.261374
-0.274837
-0.288785
-0.303228
-0.318172
-0.333628
-0.349602
-0.366104
-0.383140
-0.400721
-0.418855
-0.437548
-0.456811
-0.476651
-0.497076
-0.518095
-0.539717
-0.561949
-0.584800
-0.608278
-0.632392
-0.657149
-0.682558
-0.708628
-0.735367
-0.762783
-0.790885
-0.819681
-0.849178
-0.879387
-0.910314
-0.941969
-0.021778
-0.021836
-0.021987
-0.022225
-0.022553
-0.022978
-0.023507
-0.024149
-0.024915
-0.025811
-0.026849
-0.028037
-0.029384
-0.030899
-0.032591
-0.034468
-0.036539
-0.038813
-0.041299
-0.044004
-0.046937
-0.050106
-0.053521
-0.057189
-0.061118
-0.065318
-0.069795
-0.074559
-0.079617
-0.084978
-0.090651
-0.096642
-0.102961
-0.109615
-0.116613
-0.123963
-0.131674
-0.139752
-0.148207
-0.157046
-0.166278
-0.175911
-0.185953
-0.196412
-0.207296
-0.218614
-0.230373
-0.242581
-0.255248
-0.268380
-0.281987
-0.296075
-0.310654
-0.325731
-0.341315
-0.357413
-0.374034
-0.391186
-0.408877
-0.427115
-0.445908
-0.465264
-0.485192
-0.505700
-0.526796
-0.548487
-0.570783
-0.593690
-0.617218
-0.641374
-0.666166
-0.691604
-0.717694
-0.744446
-0.771866
-0.799964
-0.828747
-0.858223
-0.888402
-0.919291
-0.021748
-0.021804
-0.021947
-0.022174
-0.022487
-0.022893
-0.023401
-0.024018
-0.024753
-0.025616
-0.026616
-0.027762
-0.029062
-0.030525
-0.032160
-0.033975
-0.035978
-0.038179
-0.040585
-0.043204
-0.046045
-0.049116
-0.052425
-0.055980
-0.059790
-0.063861
-0.068203
-0.072823
-0.077730
-0.082931
-0.088434
-0.094247
-0.100379
-0.106837
-0.113629
-0.120763
-0.128248
-0.136090
-0.144297
-0.152879
-0.161842
-0.171195
-0.180946
-0.191102
-0.201671
-0.212661
-0.224081
-0.235937
-0.248238
-0.260993
-0.274208
-0.287891
-0.302051
-0.316696
-0.331833
-0.347469
-0.363614
-0.380275
-0.397460
-0.415176
-0.433432
-0.452236
-0.471595
-0.491518
-0.512011
-0.533084
-0.554744
-0.576999
-0.599856
-0.623325
-0.647412
-0.672126
-0.697474
-0.723464
-0.750105
-0.777405
-0.805370
-0.834009
-0.863331
-0.893343
-0.021716
-0.021768
-0.021903
-0.022117
-0.022414
-0.022799
-0.023282
-0.023870
-0.024572
-0.025398
-0.026355
-0.027453
-0.028701
-0.030106
-0.031676
-0.033422
-0.035349
-0.037467
-0.039784
-0.042307
-0.045045
-0.048005
-0.051195
-0.054624
-0.058298
-0.062226
-0.066416
-0.070875
-0.075612
-0.080633
-0.085946
-0.091560
-0.097482
-0.103719
-0.110280
-0.117172
-0.124402
-0.131979
-0.139909
-0.148202
-0.156864
-0.165902
-0.175326
-0.185141
-0.195357
-0.205980
-0.217018
-0.228479
-0.240371
-0.252701
-0.265476
-0.278705
-0.292395
-0.306554
-0.321189
-0.336308
-0.351919
-0.368029
-0.384645
-0.401776
-0.419430
-0.437612
-0.456333
-0.475599
-0.495417
-0.515796
-0.536742
-0.558264
-0.580370
-0.603066
-0.626361
-0.650262
-0.674778
-0.699914
-0.725680
-0.752083
-0.779131
-0.806830
-0.835190
-0.864217
-0.021680
-0.021728
-0.021854
-0.022054
-0.022333
-0.022695
-0.023150
-0.023707
-0.024372
-0.025156
-0.026067
-0.027112
-0.028301
-0.029642
-0.031142
-0.032810
-0.034654
-0.036681
-0.038899
-0.041316
-0.043939
-0.046777
-0.049836
-0.053124
-0.056650
-0.060420
-0.064441
-0.068722
-0.073270
-0.078092
-0.083196
-0.088589
-0.094279
-0.100273
-0.106578
-0.113201
-0.120151
-0.127434
-0.135059
-0.143031
-0.151360
-0.160051
-0.169112
-0.178552
-0.188376
-0.198593
-0.209210
-0.220235
-0.231673
-0.243534
-0.255824
-0.268550
-0.281721
-0.295342
-0.309423
-0.323969
-0.338989
-0.354490
-0.370478
-0.386962
-0.403949
-0.421445
-0.439460
-0.458000
-0.477071
-0.496682
-0.516840
-0.537552
-0.558826
-0.580669
-0.603089
-0.626092
-0.649686
-0.673879
-0.698677
-0.724089
-0.750122
-0.776782
-0.804078
-0.832017
-0.021641
-0.021685
-0.021801
-0.021986
-0.022244
-0.022582
-0.023008
-0.023529
-0.024155
-0.024893
-0.025752
-0.026741
-0.027866
-0.029136
-0.030560
-0.032143
-0.033895
-0.035822
-0.037933
-0.040234
-0.042732
-0.045436
-0.048352
-0.051488
-0.054850
-0.058447
-0.062285
-0.066372
-0.070714
-0.075319
-0.080194
-0.085346
-0.090782
-0.096510
-0.102535
-0.108866
-0.115510
-0.122473
-0.129763
-0.137386
-0.145350
-0.153662
-0.162329
-0.171357
-0.180755
-0.190529
-0.200686
-0.211232
-0.222177
-0.233525
-0.245284
-0.257462
-0.270065
-0.283100
-0.296575
-0.310497
-0.324871
-0.339707
-0.355009
-0.370787
-0.387046
-0.403793
-0.421037
-0.438783
-0.457040
-0.475813
-0.495109
-0.514937
-0.535303
-0.556214
-0.577677
-0.599700
-0.622288
-0.645450
-0.669192
-0.693522
-0.718446
-0.743972
-0.770107
-0.796857
-0.021600
-0.021640
-0.021745
-0.021913
-0.022150
-0.022461
-0.022854
-0.023337
-0.023920
-0.024609
-0.025413
-0.026339
-0.027396
-0.028591
-0.029931
-0.031423
-0.033076
-0.034895
-0.036889
-0.039065
-0.041429
-0.043988
-0.046749
-0.049720
-0.052906
-0.056316
-0.059956
-0.063833
-0.067953
-0.072323
-0.076950
-0.081842
-0.087004
-0.092444
-0.098168
-0.104182
-0.110495
-0.117112
-0.124040
-0.131286
-0.138857
-0.146758
-0.154999
-0.163583
-0.172520
-0.181814
-0.191474
-0.201505
-0.211915
-0.222709
-0.233896
-0.245480
-0.257470
-0.269872
-0.282693
-0.295938
-0.309616
-0.323732
-0.338294
-0.353307
-0.368780
-0.384718
-0.401129
-0.418018
-0.435393
-0.453260
-0.471627
-0.490499
-0.509884
-0.529787
-0.550217
-0.571180
-0.592682
-0.614729
-0.637330
-0.660491
-0.684218
-0.708517
-0.733397
-0.758863
-0.021556
-0.021591
-0.021685
-0.021836
-0.022049
-0.022331
-0.022690
-0.023133
-0.023669
-0.024305
-0.025050
-0.025910
-0.026893
-0.028007
-0.029257
-0.030652
-0.032199
-0.033903
-0.035773
-0.037814
-0.040033
-0.042437
-0.045033
-0.047827
-0.050825
-0.054035
-0.057462
-0.061113
-0.064995
-0.069114
-0.073477
-0.078089
-0.082958
-0.088090
-0.093490
-0.099166
-0.105124
-0.111371
-0.117911
-0.124753
-0.131902
-0.139365
-0.147148
-0.155258
-0.163700
-0.172481
-0.181608
-0.191087
-0.200924
-0.211126
-0.221698
-0.232648
-0.243981
-0.255704
-0.267824
-0.280346
-0.293277
-0.306623
-0.320391
-0.334587
-0.349217
-0.364288
-0.379806
-0.395778
-0.412209
-0.429106
-0.446476
-0.464325
-0.482659
-0.501484
-0.520807
-0.540634
-0.560972
-0.581827
-0.603205
-0.625113
-0.647557
-0.670544
-0.694079
-0.718170
-0.021510
-0.021540
-0.021621
-0.021754
-0.021942
-0.022193
-0.022516
-0.022916
-0.023403
-0.023984
-0.024665
-0.025455
-0.026360
-0.027387
-0.028543
-0.029834
-0.031268
-0.032850
-0.034587
-0.036485
-0.038551
-0.040790
-0.043210
-0.045816
-0.048614
-0.051611
-0.054812
-0.058224
-0.061853
-0.065705
-0.069786
-0.074102
-0.078659
-0.083463
-0.088520
-0.093836
-0.099417
-0.105270
-0.111399
-0.117811
-0.124512
-0.131508
-0.138806
-0.146410
-0.154327
-0.162563
-0.171124
-0.180016
-0.189244
-0.198816
-0.208736
-0.219010
-0.229646
-0.240648
-0.252022
-0.263775
-0.275912
-0.288440
-0.301365
-0.314692
-0.328427
-0.342576
-0.357146
-0.372142
-0.387570
-0.403436
-0.419747
-0.436508
-0.453725
-0.471404
-0.489550
-0.508171
-0.527272
-0.546859
-0.566938
-0.587515
-0.608595
-0.630186
-0.652293
-0.674922
-0.021462
-0.021487
-0.021555
-0.021668
-0.021830
-0.022049
-0.022333
-0.022688
-0.023123
-0.023645
-0.024260
-0.024975
-0.025797
-0.026733
-0.027789
-0.028971
-0.030286
-0.031738
-0.033336
-0.035083
-0.036987
-0.039053
-0.041286
-0.043694
-0.046281
-0.049053
-0.052016
-0.055176
-0.058538
-0.062108
-0.065892
-0.069894
-0.074122
-0.078580
-0.083275
-0.088211
-0.093394
-0.098831
-0.104525
-0.110484
-0.116713
-0.123216
-0.130001
-0.137072
-0.144435
-0.152095
-0.160058
-0.168331
-0.176917
-0.185823
-0.195054
-0.204616
-0.214515
-0.224755
-0.235344
-0.246285
-0.257585
-0.269249
-0.281283
-0.293692
-0.306483
-0.319659
-0.333228
-0.347194
-0.361564
-0.376342
-0.391535
-0.407147
-0.423185
-0.439654
-0.456559
-0.473907
-0.491702
-0.509950
-0.528658
-0.547830
-0.567471
-0.587589
-0.608188
-0.629273
-0.021412
-0.021433
-0.021487
-0.021579
-0.021714
-0.021899
-0.022142
-0.022450
-0.022830
-0.023290
-0.023835
-0.024473
-0.025208
-0.026049
-0.027000
-0.028067
-0.029256
-0.030574
-0.032024
-0.033614
-0.035347
-0.037231
-0.039270
-0.041469
-0.043834
-0.046371
-0.049084
-0.051979
-0.055061
-0.058335
-0.061807
-0.065481
-0.069364
-0.073459
-0.077773
-0.082311
-0.087077
-0.092077
-0.097316
-0.102799
-0.108532
-0.114519
-0.120765
-0.127277
-0.134058
-0.141114
-0.148451
-0.156073
-0.163985
-0.172193
-0.180702
-0.189517
-0.198643
-0.208085
-0.217848
-0.227938
-0.238359
-0.249118
-0.260217
-0.271664
-0.283463
-0.295619
-0.308138
-0.321024
-0.334283
-0.347920
-0.361939
-0.376347
-0.391148
-0.406348
-0.421951
-0.437962
-0.454388
-0.471232
-0.488501
-0.506199
-0.524331
-0.542903
-0.561919
-0.581386
-0.021362
-0.021376
-0.021417
-0.021487
-0.021593
-0.021743
-0.021944
-0.022203
-0.022526
-0.022921
-0.023393
-0.023950
-0.024595
-0.025336
-0.026177
-0.027125
-0.028184
-0.029360
-0.030657
-0.032082
-0.033638
-0.035332
-0.037167
-0.039150
-0.041284
-0.043574
-0.046026
-0.048645
-0.051435
-0.054400
-0.057547
-0.060879
-0.064401
-0.068118
-0.072035
-0.076157
-0.080488
-0.085032
-0.089796
-0.094783
-0.099998
-0.105446
-0.111131
-0.117059
-0.123234
-0.129660
-0.136343
-0.143287
-0.150496
-0.157976
-0.165732
-0.173767
-0.182086
-0.190695
-0.199598
-0.208799
-0.218304
-0.228117
-0.238242
-0.248685
-0.259450
-0.270542
-0.281965
-0.293725
-0.305825
-0.318271
-0.331067
-0.344218
-0.357729
-0.371604
-0.385848
-0.400466
-0.415463
-0.430842
-0.446610
-0.462770
-0.479328
-0.496287
-0.513653
-0.531430
-0.021310
-0.021319
-0.021344
-0.021392
-0.021469
-0.021582
-0.021739
-0.021947
-0.022212
-0.022539
-0.022936
-0.023408
-0.023960
-0.024597
-0.025325
-0.026149
-0.027072
-0.028101
-0.029240
-0.030494
-0.031866
-0.033362
-0.034986
-0.036743
-0.038638
-0.040673
-0.042855
-0.045186
-0.047673
-0.050318
-0.053127
-0.056103
-0.059252
-0.062576
-0.066081
-0.069771
-0.073650
-0.077723
-0.081993
-0.086465
-0.091143
-0.096031
-0.101134
-0.106456
-0.112001
-0.117774
-0.123778
-0.130018
-0.136498
-0.143222
-0.150196
-0.157421
-0.164904
-0.172648
-0.180658
-0.188938
-0.197491
-0.206323
-0.215437
-0.224837
-0.234529
-0.244516
-0.254802
-0.265392
-0.276290
-0.287500
-0.299026
-0.310873
-0.323045
-0.335545
-0.348379
-0.361551
-0.375065
-0.388924
-0.403134
-0.417698
-0.432621
-0.447907
-0.463560
-0.479585
-0.021258
-0.021261
-0.021271
-0.021296
-0.021342
-0.021418
-0.021530
-0.021684
-0.021888
-0.022147
-0.022466
-0.022850
-0.023305
-0.023836
-0.024446
-0.025141
-0.025926
-0.026803
-0.027778
-0.028854
-0.030037
-0.031329
-0.032736
-0.034260
-0.035906
-0.037678
-0.039580
-0.041615
-0.043789
-0.046103
-0.048563
-0.051172
-0.053934
-0.056853
-0.059933
-0.063177
-0.066589
-0.070174
-0.073934
-0.077874
-0.081997
-0.086308
-0.090809
-0.095506
-0.100400
-0.105497
-0.110801
-0.116314
-0.122040
-0.127984
-0.134149
-0.140539
-0.147158
-0.154009
-0.161096
-0.168423
-0.175994
-0.183812
-0.191882
-0.200206
-0.208789
-0.217635
-0.226747
-0.236129
-0.245784
-0.255718
-0.265932
-0.276432
-0.287220
-0.298301
-0.309679
-0.321356
-0.333338
-0.345627
-0.358228
-0.371144
-0.384378
-0.397936
-0.411819
-0.426033
-0.021206
-0.021202
-0.021197
-0.021198
-0.021213
-0.021250
-0.021315
-0.021416
-0.021557
-0.021744
-0.021983
-0.022278
-0.022634
-0.023054
-0.023544
-0.024108
-0.024748
-0.025470
-0.026276
-0.027171
-0.028158
-0.029241
-0.030423
-0.031707
-0.033099
-0.034600
-0.036214
-0.037945
-0.039796
-0.041771
-0.043872
-0.046103
-0.048468
-0.050970
-0.053612
-0.056398
-0.059330
-0.062413
-0.065649
-0.069042
-0.072595
-0.076311
-0.080194
-0.084246
-0.088473
-0.092875
-0.097457
-0.102223
-0.107174
-0.112316
-0.117650
-0.123180
-0.128910
-0.134843
-0.140981
-0.147329
-0.153890
-0.160666
-0.167661
-0.174878
-0.182321
-0.189993
-0.197898
-0.206037
-0.214416
-0.223036
-0.231902
-0.241016
-0.250382
-0.260004
-0.269883
-0.280024
-0.290431
-0.301105
-0.312051
-0.323271
-0.334770
-0.346550
-0.358614
-0.370966
-0.021154
-0.021144
-0.021123
-0.021100
-0.021083
-0.021080
-0.021098
-0.021142
-0.021219
-0.021334
-0.021491
-0.021694
-0.021948
-0.022256
-0.022623
-0.023051
-0.023544
-0.024106
-0.024740
-0.025449
-0.026235
-0.027104
-0.028056
-0.029096
-0.030226
-0.031450
-0.032770
-0.034189
-0.035710
-0.037336
-0.039070
-0.040915
-0.042873
-0.044948
-0.047142
-0.049458
-0.051899
-0.054468
-0.057167
-0.060000
-0.062968
-0.066076
-0.069325
-0.072719
-0.076260
-0.079952
-0.083796
-0.087796
-0.091954
-0.096273
-0.100757
-0.105407
-0.110227
-0.115219
-0.120386
-0.125731
-0.131256
-0.136965
-0.142861
-0.148945
-0.155220
-0.161691
-0.168358
-0.175226
-0.182297
-0.189573
-0.197057
-0.204753
-0.212662
-0.220789
-0.229134
-0.237702
-0.246495
-0.255516
-0.264768
-0.274252
-0.283973
-0.293933
-0.304134
-0.314579
-0.021103
-0.021086
-0.021049
-0.021001
-0.020951
-0.020908
-0.020877
-0.020865
-0.020877
-0.020918
-0.020991
-0.021100
-0.021250
-0.021444
-0.021685
-0.021975
-0.022318
-0.022718
-0.023175
-0.023694
-0.024277
-0.024926
-0.025645
-0.026435
-0.027299
-0.028239
-0.029259
-0.030360
-0.031545
-0.032816
-0.034175
-0.035625
-0.037169
-0.038808
-0.040545
-0.042382
-0.044322
-0.046367
-0.048518
-0.050780
-0.053153
-0.055640
-0.058243
-0.060965
-0.063808
-0.066773
-0.069865
-0.073084
-0.076433
-0.079914
-0.083530
-0.087282
-0.091174
-0.095207
-0.099383
-0.103705
-0.108175
-0.112796
-0.117569
-0.122498
-0.127583
-0.132828
-0.138234
-0.143805
-0.149541
-0.155446
-0.161522
-0.167771
-0.174195
-0.180796
-0.187578
-0.194541
-0.201689
-0.209023
-0.216546
-0.224261
-0.232168
-0.240272
-0.248573
-0.257074
-0.021052
-0.021030
-0.020976
-0.020903
-0.020820
-0.020735
-0.020655
-0.020586
-0.020532
-0.020497
-0.020485
-0.020500
-0.020544
-0.020621
-0.020734
-0.020885
-0.021076
-0.021310
-0.021588
-0.021915
-0.022290
-0.022717
-0.023198
-0.023734
-0.024327
-0.024980
-0.025695
-0.026473
-0.027315
-0.028225
-0.029204
-0.030254
-0.031376
-0.032573
-0.033845
-0.035196
-0.036627
-0.038139
-0.039735
-0.041415
-0.043183
-0.045039
-0.046986
-0.049025
-0.051159
-0.053387
-0.055714
-0.058140
-0.060667
-0.063296
-0.066030
-0.068871
-0.071819
-0.074878
-0.078048
-0.081331
-0.084729
-0.088244
-0.091877
-0.095631
-0.099507
-0.103506
-0.107632
-0.111884
-0.116265
-0.120778
-0.125422
-0.130201
-0.135116
-0.140169
-0.145361
-0.150694
-0.156170
-0.161791
-0.167559
-0.173475
-0.179540
-0.185757
-0.192128
-0.198654
-0.021003
-0.020974
-0.020904
-0.020805
-0.020689
-0.020563
-0.020433
-0.020305
-0.020184
-0.020073
-0.019975
-0.019894
-0.019832
-0.019791
-0.019774
-0.019783
-0.019820
-0.019887
-0.019985
-0.020116
-0.020282
-0.020484
-0.020723
-0.021003
-0.021322
-0.021684
-0.022090
-0.022541
-0.023038
-0.023582
-0.024176
-0.024820
-0.025516
-0.026264
-0.027067
-0.027926
-0.028841
-0.029814
-0.030847
-0.031940
-0.033095
-0.034313
-0.035596
-0.036944
-0.038359
-0.039842
-0.041394
-0.043017
-0.044712
-0.046479
-0.048321
-0.050238
-0.052233
-0.054304
-0.056456
-0.058687
-0.061000
-0.063396
-0.065876
-0.068441
-0.071092
-0.073832
-0.076660
-0.079578
-0.082588
-0.085691
-0.088887
-0.092178
-0.095565
-0.099050
-0.102634
-0.106317
-0.110101
-0.113988
-0.117979
-0.122074
-0.126276
-0.130584
-0.135001
-0.139527
-0.020956
-0.020920
-0.020833
-0.020709
-0.020559
-0.020391
-0.020212
-0.020025
-0.019836
-0.019648
-0.019464
-0.019286
-0.019116
-0.018957
-0.018810
-0.018676
-0.018557
-0.018455
-0.018371
-0.018305
-0.018259
-0.018234
-0.018231
-0.018251
-0.018295
-0.018364
-0.018458
-0.018579
-0.018727
-0.018903
-0.019108
-0.019343
-0.019609
-0.019906
-0.020235
-0.020597
-0.020992
-0.021422
-0.021887
-0.022388
-0.022925
-0.023499
-0.024112
-0.024763
-0.025454
-0.026184
-0.026956
-0.027769
-0.028625
-0.029523
-0.030465
-0.031452
-0.032483
-0.033560
-0.034684
-0.035855
-0.037074
-0.038341
-0.039657
-0.041024
-0.042441
-0.043909
-0.045430
-0.047003
-0.048629
-0.050310
-0.052045
-0.053836
-0.055683
-0.057587
-0.059548
-0.061568
-0.063647
-0.065785
-0.067983
-0.070243
-0.072564
-0.074947
-0.077394
-0.079904
-0.020911
-0.020868
-0.020765
-0.020615
-0.020431
-0.020221
-0.019992
-0.019746
-0.019490
-0.019224
-0.018953
-0.018678
-0.018400
-0.018122
-0.017843
-0.017566
-0.017292
-0.017020
-0.016752
-0.016489
-0.016230
-0.015977
-0.015731
-0.015490
-0.015257
-0.015031
-0.014812
-0.014601
-0.014399
-0.014205
-0.014020
-0.013844
-0.013677
-0.013520
-0.013373
-0.013236
-0.013109
-0.012993
-0.012887
-0.012792
-0.012709
-0.012637
-0.012576
-0.012527
-0.012490
-0.012464
-0.012452
-0.012451
-0.012463
-0.012488
-0.012526
-0.012577
-0.012642
-0.012719
-0.012811
-0.012916
-0.013035
-0.013168
-0.013316
-0.013478
-0.013654
-0.013846
-0.014052
-0.014273
-0.014510
-0.014762
-0.015029
-0.015313
-0.015612
-0.015927
-0.016259
-0.016606
-0.016971
-0.017352
-0.017750
-0.018165
-0.018596
-0.019046
-0.019512
-0.019997
-0.020869
-0.020819
-0.020699
-0.020524
-0.020306
-0.020054
-0.019774
-0.019470
-0.019146
-0.018803
-0.018445
-0.018072
-0.017687
-0.017289
-0.016879
-0.016459
-0.016028
-0.015586
-0.015135
-0.014674
-0.014202
-0.013721
-0.013230
-0.012729
-0.012218
-0.011697
-0.011165
-0.010622
-0.010069
-0.009504
-0.008929
-0.008341
-0.007742
-0.007130
-0.006506
-0.005869
-0.005220
-0.004557
-0.003880
-0.003189
-0.002484
-0.001764
-0.001029
-0.000279
0.000487
0.001269
0.002067
0.002882
0.003715
0.004564
0.005432
0.006317
0.007221
0.008144
0.009087
0.010049
0.011030
0.012033
0.013056
0.014100
0.015165
0.016252
0.017362
0.018494
0.019649
0.020827
0.022029
0.023255
0.024506
0.025781
0.027082
0.028408
0.029760
0.031138
0.032543
0.033975
0.035435
0.036922
0.038438
0.039982
-0.020829
-0.020773
-0.020636
-0.020436
-0.020185
-0.019891
-0.019561
-0.019198
-0.018806
-0.018387
-0.017942
-0.017472
-0.016978
-0.016461
-0.015921
-0.015357
-0.014770
-0.014160
-0.013526
-0.012867
-0.012183
-0.011475
-0.010740
-0.009979
-0.009191
-0.008375
-0.007530
-0.006657
-0.005753
-0.004819
-0.003853
-0.002855
-0.001824
-0.000759
0.000341
0.001476
0.002647
0.003856
0.005103
0.006388
0.007714
0.009080
0.010487
0.011937
0.013430
0.014967
0.016549
0.018177
0.019851
0.021574
0.023344
0.025164
0.027035
0.028956
0.030930
0.032956
0.035037
0.037172
0.039362
0.041610
0.043914
0.046277
0.048700
0.051182
0.053725
0.056331
0.058999
0.061731
0.064528
0.067390
0.070319
0.073315
0.076379
0.079513
0.082716
0.085991
0.089338
0.092757
0.096250
0.099818
-0.020793
-0.020731
-0.020577
-0.020352
-0.020067
-0.019732
-0.019352
-0.018931
-0.018472
-0.017976
-0.017445
-0.016879
-0.016278
-0.015643
-0.014973
-0.014267
-0.013525
-0.012746
-0.011930
-0.011075
-0.010180
-0.009245
-0.008269
-0.007249
-0.006185
-0.005077
-0.003922
-0.002719
-0.001467
-0.000165
0.001188
0.002594
0.004055
0.005570
0.007143
0.008774
0.010464
0.012215
0.014028
0.015905
0.017847
0.019856
0.021932
0.024077
0.026293
0.028580
0.030942
0.033378
0.035890
0.038479
0.041148
0.043897
0.046728
0.049642
0.052641
0.055726
0.058898
0.062159
0.065511
0.068954
0.072491
0.076122
0.079850
0.083674
0.087598
0.091622
0.095748
0.099977
0.104311
0.108751
0.113298
0.117955
0.122721
0.127600
0.132592
0.137698
0.142921
0.148261
0.153720
0.159299
-0.020761
-0.020692
-0.020522
-0.020272
-0.019954
-0.019578
-0.019149
-0.018671
-0.018145
-0.017574
-0.016957
-0.016296
-0.015589
-0.014837
-0.014038
-0.013191
-0.012296
-0.011350
-0.010354
-0.009305
-0.008201
-0.007042
-0.005825
-0.004550
-0.003213
-0.001815
-0.000352
0.001177
0.002773
0.004439
0.006177
0.007987
0.009873
0.011835
0.013876
0.015998
0.018202
0.020490
0.022865
0.025327
0.027880
0.030525
0.033263
0.036097
0.039029
0.042061
0.045194
0.048430
0.051772
0.055221
0.058779
0.062448
0.066230
0.070128
0.074142
0.078276
0.082530
0.086907
0.091408
0.096037
0.100794
0.105681
0.110701
0.115856
0.121147
0.126576
0.132146
0.137858
0.143714
0.149717
0.155867
0.162168
0.168621
0.175228
0.181991
0.188912
0.195993
0.203235
0.210641
0.218213
-0.020733
-0.020658
-0.020472
-0.020197
-0.019847
-0.019431
-0.018953
-0.018418
-0.017827
-0.017181
-0.016481
-0.015725
-0.014914
-0.014046
-0.013120
-0.012134
-0.011088
-0.009978
-0.008804
-0.007563
-0.006253
-0.004873
-0.003419
-0.001891
-0.000286
0.001399
0.003166
0.005016
0.006953
0.008979
0.011095
0.013304
0.015609
0.018012
0.020516
0.023122
0.025833
0.028652
0.031580
0.034621
0.037776
0.041049
0.044441
0.047955
0.051594
0.055359
0.059254
0.063280
0.067441
0.071738
0.076174
0.080751
0.085473
0.090341
0.095357
0.100525
0.105847
0.111325
0.116962
0.122760
0.128721
0.134848
0.141144
0.147611
0.154251
0.161068
0.168062
0.175238
0.182597
0.190141
0.197875
0.205798
0.213916
0.222228
0.230739
0.239451
0.248365
0.257485
0.266813
0.276352
-0.020709
-0.020628
-0.020427
-0.020128
-0.019746
-0.019290
-0.018766
-0.018175
-0.017520
-0.016800
-0.016017
-0.015169
-0.014255
-0.013274
-0.012223
-0.011101
-0.009905
-0.008634
-0.007285
-0.005856
-0.004344
-0.002746
-0.001060
0.000717
0.002587
0.004553
0.006618
0.008785
0.011057
0.013435
0.015924
0.018526
0.021244
0.024080
0.027038
0.030120
0.033330
0.036670
0.040143
0.043753
0.047501
0.051391
0.055426
0.059608
0.063942
0.068429
0.073072
0.077875
0.082841
0.087972
0.093271
0.098742
0.104386
0.110208
0.116211
0.122396
0.128768
0.135328
0.142081
0.149028
0.156173
0.163520
0.171070
0.178827
0.186794
0.194974
0.203370
0.211984
0.220821
0.229882
0.239170
0.248690
0.258443
0.268433
0.278662
0.289134
0.299852
0.310818
0.322035
0.333507
-0.020691
-0.020604
-0.020387
-0.020065
-0.019652
-0.019158
-0.018587
-0.017941
-0.017223
-0.016433
-0.015569
-0.014630
-0.013616
-0.012523
-0.011350
-0.010095
-0.008754
-0.007324
-0.005804
-0.004190
-0.002480
-0.000669
0.001245
0.003265
0.005394
0.007636
0.009993
0.012470
0.015069
0.017794
0.020648
0.023634
0.026755
0.030016
0.033419
0.036968
0.040666
0.044517
0.048523
0.052689
0.057018
0.061513
0.066177
0.071015
0.076028
0.081222
0.086599
0.092163
0.097917
0.103865
0.110009
0.116354
0.122904
0.129660
0.136628
0.143809
0.151209
0.158830
0.166675
0.174749
0.183054
0.191594
0.200373
0.209394
0.218660
0.228175
0.237943
0.247967
0.258250
0.268796
0.279608
0.290690
0.302046
0.313678
0.325590
0.337786
0.350269
0.363043
0.376111
0.389476
-0.020678
-0.020585
-0.020353
-0.020008
-0.019566
-0.019034
-0.018418
-0.017719
-0.016940
-0.016080
-0.015137
-0.014111
-0.012999
-0.011798
-0.010506
-0.009120
-0.007637
-0.006053
-0.004367
-0.002573
-0.000668
0.001350
0.003486
0.005743
0.008125
0.010635
0.013278
0.016057
0.018976
0.022038
0.025247
0.028608
0.032124
0.035799
0.039636
0.043640
0.047814
0.052163
0.056690
0.061399
0.066294
0.071378
0.076657
0.082133
0.087811
0.093694
0.099786
0.106092
0.112615
0.119359
0.126329
0.133527
0.140958
0.148626
0.156535
0.164689
0.173091
0.181746
0.190657
0.199829
0.209265
0.218970
0.228947
0.239201
0.249735
0.260552
0.271658
0.283056
0.294751
0.306745
0.319043
0.331649
0.344568
0.357802
0.371356
0.385233
0.399438
0.413975
0.428848
0.444059
-0.020670
-0.020572
-0.020326
-0.019959
-0.019488
-0.018919
-0.018259
-0.017510
-0.016672
-0.015744
-0.014725
-0.013613
-0.012406
-0.011100
-0.009692
-0.008180
-0.006559
-0.004826
-0.002978
-0.001009
0.001083
0.003303
0.005655
0.008142
0.010769
0.013541
0.016461
0.019533
0.022762
0.026152
0.029707
0.033432
0.037330
0.041407
0.045666
0.050112
0.054749
0.059581
0.064614
0.069850
0.075295
0.080952
0.086827
0.092924
0.099246
0.105799
0.112586
0.119613
0.126883
0.134401
0.142171
0.150198
0.158486
0.167039
0.175862
0.184960
0.194336
0.203995
0.213942
0.224181
0.234715
0.245551
0.256692
0.268143
0.279907
0.291990
0.304396
0.317128
0.330193
0.343594
0.357336
0.371422
0.385858
0.400648
0.415796
0.431306
0.447184
0.463433
0.480058
0.497063
-0.020669
-0.020565
-0.020305
-0.019918
-0.019418
-0.018815
-0.018113
-0.017315
-0.016419
-0.015426
-0.014334
-0.013139
-0.011840
-0.010433
-0.008914
-0.007279
-0.005525
-0.003648
-0.001643
0.000495
0.002768
0.005183
0.007743
0.010453
0.013318
0.016341
0.019529
0.022885
0.026414
0.030121
0.034010
0.038087
0.042355
0.046821
0.051488
0.056361
0.061445
0.066745
0.072266
0.078012
0.083989
0.090200
0.096652
0.103348
0.110294
0.117494
0.124953
0.132676
0.140669
0.148935
0.157479
0.166307
0.175423
0.184833
0.194540
0.204550
0.214868
0.225498
0.236446
0.247716
0.259313
0.271242
0.283508
0.296116
0.309070
0.322376
0.336038
0.350062
0.364452
0.379213
0.394349
0.409867
0.425770
0.442064
0.458753
0.475842
0.493336
0.511241
0.529560
0.548299
-0.020674
-0.020565
-0.020292
-0.019885
-0.019358
-0.018722
-0.017980
-0.017134
-0.016184
-0.015128
-0.013965
-0.012691
-0.011304
-0.009799
-0.008173
-0.006421
-0.004539
-0.002523
-0.000367
0.001932
0.004381
0.006983
0.009744
0.012668
0.015760
0.019027
0.022472
0.026101
0.029918
0.033930
0.038141
0.042556
0.047181
0.052020
0.057079
0.062363
0.067878
0.073628
0.079619
0.085856
0.092344
0.099089
0.106095
0.113368
0.120914
0.128737
0.136843
0.145236
0.153923
0.162909
0.172199
0.181798
0.191711
0.201944
0.212501
0.223390
0.234613
0.246178
0.258089
0.270351
0.282970
0.295951
0.309300
0.323021
0.337121
0.351603
0.366474
0.381739
0.397404
0.413473
0.429952
0.446846
0.464161
0.481902
0.500074
0.518682
0.537731
0.557228
0.577178
0.597584
-0.020685
-0.020571
-0.020286
-0.019860
-0.019308
-0.018640
-0.017860
-0.016969
-0.015966
-0.014851
-0.013621
-0.012272
-0.010800
-0.009202
-0.007473
-0.005609
-0.003605
-0.001456
0.000844
0.003299
0.005914
0.008696
0.011648
0.014777
0.018088
0.021587
0.025278
0.029168
0.033262
0.037565
0.042084
0.046823
0.051788
0.056986
0.062420
0.068098
0.074025
0.080205
0.086646
0.093353
0.100331
0.107585
0.115123
0.122948
0.131068
0.139487
0.148212
0.157247
0.166600
0.176274
0.186277
0.196614
0.207289
0.218311
0.229683
0.241411
0.253502
0.265961
0.278793
0.292005
0.305602
0.319591
0.333975
0.348762
0.363957
0.379566
0.395594
0.412047
0.428932
0.446254
0.464017
0.482229
0.500895
0.520020
0.539611
0.559673
0.580211
0.601232
0.622741
0.644744
-0.020703
-0.020585
-0.020289
-0.019845
-0.019269
-0.018571
-0.017755
-0.016821
-0.015769
-0.014597
-0.013302
-0.011882
-0.010330
-0.008644
-0.006818
-0.004847
-0.002726
-0.000451
0.001986
0.004588
0.007363
0.010314
0.013449
0.016773
0.020292
0.024012
0.027938
0.032076
0.036433
0.041014
0.045825
0.050872
0.056162
0.061700
0.067492
0.073544
0.079862
0.086453
0.093322
0.100476
0.107920
0.115660
0.123703
0.132054
0.140720
0.149707
0.159020
0.168666
0.178652
0.188982
0.199663
0.210702
0.222104
0.233875
0.246022
0.258550
0.271466
0.284776
0.298486
0.312601
0.327129
0.342076
0.357446
0.373248
0.389485
0.406165
0.423295
0.440879
0.458925
0.477438
0.496423
0.515889
0.535841
0.556284
0.577224
0.598669
0.620624
0.643095
0.666089
0.689610
-0.020729
-0.020607
-0.020300
-0.019839
-0.019241
-0.018515
-0.017664
-0.016690
-0.015592
-0.014367
-0.013012
-0.011523
-0.009897
-0.008127
-0.006209
-0.004137
-0.001907
0.000488
0.003054
0.005796
0.008720
0.011833
0.015141
0.018649
0.022364
0.026292
0.030440
0.034813
0.039418
0.044262
0.049350
0.054689
0.060285
0.066145
0.072275
0.078681
0.085370
0.092349
0.099623
0.107199
0.115084
0.123283
0.131804
0.140652
0.149835
0.159358
0.169228
0.179452
0.190036
0.200987
0.212310
0.224012
0.236100
0.248581
0.261461
0.274746
0.288442
0.302556
0.317095
0.332066
0.347474
0.363326
0.379629
0.396389
0.413613
0.431307
0.449477
0.468131
0.487274
0.506913
0.527055
0.547706
0.568874
0.590562
0.612780
0.635533
0.658827
0.682669
0.707066
0.732024
-0.020762
-0.020636
-0.020319
-0.019843
-0.019225
-0.018472
-0.017590
-0.016579
-0.015437
-0.014162
-0.012751
-0.011199
-0.009501
-0.007653
-0.005649
-0.003483
-0.001150
0.001357
0.004044
0.006917
0.009982
0.013246
0.016715
0.020397
0.024296
0.028420
0.032776
0.037370
0.042208
0.047298
0.052646
0.058259
0.064143
0.070305
0.076752
0.083491
0.090528
0.097871
0.105525
0.113498
0.121796
0.130427
0.139396
0.148712
0.158379
0.168407
0.178800
0.189566
0.200712
0.212245
0.224171
0.236497
0.249230
0.262377
0.275944
0.289939
0.304368
0.319238
0.334556
0.350329
0.366564
0.383267
0.400445
0.418106
0.436255
0.454900
0.474048
0.493706
0.513879
0.534577
0.555804
0.577568
0.599876
0.622735
0.646151
0.670132
0.694683
0.719813
0.745527
0.771833
-0.020803
-0.020673
-0.020348
-0.019858
-0.019220
-0.018444
-0.017533
-0.016487
-0.015305
-0.013984
-0.012520
-0.010909
-0.009146
-0.007226
-0.005142
-0.002888
-0.000459
0.002152
0.004952
0.007946
0.011143
0.014547
0.018167
0.022009
0.026080
0.030387
0.034937
0.039736
0.044791
0.050111
0.055701
0.061568
0.067720
0.074164
0.080907
0.087955
0.095317
0.102998
0.111007
0.119350
0.128034
0.137066
0.146453
0.156203
0.166323
0.176820
0.187700
0.198972
0.210641
0.222716
0.235204
0.248110
0.261444
0.275211
0.289420
0.304076
0.319188
0.334762
0.350805
0.367326
0.384330
0.401826
0.419820
0.438319
0.457330
0.476862
0.496920
0.517512
0.538646
0.560329
0.582567
0.605368
0.628739
0.652687
0.677219
0.702343
0.728066
0.754394
0.781336
0.808897
-0.020852
-0.020719
-0.020385
-0.019883
-0.019229
-0.018431
-0.017493
-0.016415
-0.015196
-0.013833
-0.012321
-0.010657
-0.008833
-0.006846
-0.004688
-0.002354
0.000163
0.002870
0.005773
0.008880
0.012197
0.015732
0.019491
0.023481
0.027710
0.032185
0.036913
0.041902
0.047158
0.052689
0.058502
0.064605
0.071005
0.077709
0.084724
0.092058
0.099719
0.107714
0.116049
0.124733
0.133772
0.143175
0.152949
0.163100
0.173637
0.184567
0.195897
0.207635
0.219788
0.232363
0.245369
0.258812
0.272700
0.287040
0.301840
0.317106
0.332848
0.349072
0.365785
0.382995
0.400710
0.418937
0.437683
0.456956
0.476763
0.497112
0.518011
0.539466
0.561486
0.584078
0.607248
0.631006
0.655357
0.680311
0.705873
0.732052
0.758855
0.786290
0.814364
0.843083
-0.020908
-0.020773
-0.020433
-0.019919
-0.019250
-0.018432
-0.017470
-0.016364
-0.015112
-0.013711
-0.012156
-0.010442
-0.008564
-0.006516
-0.004292
-0.001884
0.000714
0.003508
0.006506
0.009715
0.013142
0.016795
0.020680
0.024806
0.029179
0.033808
0.038699
0.043860
0.049299
0.055024
0.061041
0.067358
0.073984
0.080925
0.088189
0.095784
0.103718
0.111998
0.120632
0.129628
0.138992
0.148733
0.158859
0.169377
0.180295
0.191620
0.203361
0.215525
0.228119
0.241151
0.254630
0.268562
0.282956
0.297819
0.313159
0.328983
0.345300
0.362116
0.379441
0.397281
0.415644
0.434539
0.453972
0.473951
0.494485
0.515581
0.537246
0.559489
0.582317
0.605739
0.629761
0.654391
0.679638
0.705509
0.732011
0.759153
0.786943
0.815387
0.844494
0.874271
-0.020973
-0.020836
-0.020490
-0.019967
-0.019284
-0.018450
-0.017467
-0.016336
-0.015054
-0.013618
-0.012024
-0.010267
-0.008340
-0.006238
-0.003953
-0.001480
0.001190
0.004062
0.007146
0.010446
0.013973
0.017732
0.021731
0.025979
0.030482
0.035249
0.040287
0.045604
0.051207
0.057105
0.063306
0.069817
0.076646
0.083800
0.091289
0.099119
0.107300
0.115837
0.124740
0.134016
0.143673
0.153719
0.164163
0.175011
0.186272
0.197954
0.210065
0.222612
0.235604
0.249048
0.262953
0.277326
0.292176
0.307510
0.323336
0.339663
0.356498
0.373849
0.391725
0.410132
0.429080
0.448576
0.468628
0.489244
0.510432
0.532200
0.554556
0.577509
0.601066
0.625235
0.650024
0.675441
0.701494
0.728191
0.755541
0.783550
0.812228
0.841582
0.871619
0.902349
-0.021047
-0.020908
-0.020557
-0.020026
-0.019332
-0.018483
-0.017482
-0.016329
-0.015021
-0.013556
-0.011928
-0.010132
-0.008163
-0.006012
-0.003675
-0.001143
0.001590
0.004532
0.007690
0.011072
0.014686
0.018539
0.022639
0.026994
0.031612
0.036501
0.041669
0.047124
0.052874
0.058926
0.065289
0.071972
0.078981
0.086325
0.094013
0.102051
0.110450
0.119215
0.128357
0.137882
0.147799
0.158115
0.168840
0.179981
0.191547
0.203545
0.215984
0.228871
0.242215
0.256025
0.270308
0.285073
0.300327
0.316079
0.332336
0.349109
0.366403
0.384228
0.402592
0.421502
0.440969
0.460998
0.481599
0.502779
0.524547
0.546912
0.569880
0.593462
0.617664
0.642496
0.667965
0.694079
0.720848
0.748278
0.776377
0.805156
0.834621
0.864781
0.895643
0.927217
-0.021129
-0.020988
-0.020634
-0.020097
-0.019394
-0.018533
-0.017517
-0.016345
-0.015016
-0.013525
-0.011868
-0.010039
-0.008033
-0.005841
-0.003458
-0.000877
0.001911
0.004913
0.008136
0.011588
0.015278
0.019212
0.023400
0.027848
0.032566
0.037561
0.042842
0.048417
0.054293
0.060479
0.066983
0.073814
0.080980
0.088489
0.096349
0.104569
0.113157
0.122121
0.131469
0.141211
0.151353
0.161905
0.172874
0.184270
0.196100
0.208373
0.221096
0.234279
0.247930
0.262057
0.276669
0.291773
0.307379
0.323493
0.340126
0.357285
0.374979
0.393215
0.412003
0.431351
0.451267
0.471760
0.492838
0.514508
0.536780
0.559662
0.583163
0.607291
0.632054
0.657462
0.683521
0.710240
0.737629
0.765696
0.794447
0.823893
0.854042
0.884902
0.916480
0.948786
-0.021219
-0.021078
-0.020721
-0.020180
-0.019471
-0.018600
-0.017572
-0.016385
-0.015038
-0.013526
-0.011845
-0.009989
-0.007952
-0.005726
-0.003305
-0.000681
0.002152
0.005204
0.008482
0.011993
0.015746
0.019749
0.024010
0.028537
0.033339
0.038424
0.043800
0.049475
0.055458
0.061757
0.068381
0.075337
0.082635
0.090283
0.098289
0.106662
0.115410
0.124542
0.134066
0.143990
0.154323
0.165073
0.176250
0.187860
0.199914
0.212419
0.225384
0.238817
0.252727
0.267122
0.282012
0.297403
0.313306
0.329727
0.346677
0.364163
0.382194
0.400779
0.419926
0.439643
0.459940
0.480824
0.502304
0.524389
0.547087
0.570407
0.594357
0.618946
0.644184
0.670077
0.696635
0.723867
0.751780
0.780384
0.809686
0.839696
0.870421
0.901873
0.934056
0.966981
-0.021318
-0.021177
-0.020819
-0.020275
-0.019561
-0.018684
-0.017646
-0.016448
-0.015087
-0.013559
-0.011860
-0.009982
-0.007920
-0.005667
-0.003216
-0.000559
0.002312
0.005404
0.008725
0.012284
0.016088
0.020147
0.024467
0.029058
0.033928
0.039086
0.044538
0.050296
0.056365
0.062756
0.069476
0.076535
0.083941
0.091701
0.099826
0.108323
0.117202
0.126470
0.136136
0.146209
0.156697
0.167609
0.178954
0.190740
0.202975
0.215669
0.228830
0.242466
0.256587
0.271201
0.286317
0.301942
0.318086
0.334758
0.351965
0.369718
0.388023
0.406891
0.426329
0.446348
0.466954
0.488157
0.509965
0.532386
0.555430
0.579106
0.603422
0.628387
0.654009
0.680298
0.707262
0.734909
0.763248
0.792289
0.822038
0.852507
0.883702
0.915633
0.948309
0.981736
-0.021426
-0.021285
-0.020927
-0.020383
-0.019666
-0.018785
-0.017741
-0.016536
-0.015165
-0.013626
-0.011912
-0.010019
-0.007939
-0.005666
-0.003192
-0.000510
0.002388
0.005511
0.008865
0.012460
0.016303
0.020403
0.024769
0.029409
0.034330
0.039543
0.045054
0.050874
0.057010
0.063471
0.070265
0.077402
0.084890
0.092737
0.100953
0.109546
0.118524
0.127896
0.137672
0.147859
0.158466
0.169502
0.180976
0.192896
0.205272
0.218111
0.231422
0.245215
0.259498
0.274279
0.289568
0.305373
0.321702
0.338566
0.355971
0.373928
0.392444
0.411529
0.431192
0.451441
0.472285
0.493732
0.515791
0.538471
0.561781
0.585730
0.610326
0.635578
0.661496
0.688088
0.715362
0.743328
0.771994
0.801369
0.831462
0.862281
0.893836
0.926135
0.959187
0.992999
-0.021542
-0.021402
-0.021046
-0.020503
-0.019786
-0.018903
-0.017857
-0.016647
-0.015271
-0.013725
-0.012003
-0.010100
-0.008009
-0.005723
-0.003234
-0.000536
0.002381
0.005523
0.008900
0.012519
0.016389
0.020517
0.024914
0.029586
0.034543
0.039793
0.045345
0.051208
0.057389
0.063899
0.070744
0.077935
0.085479
0.093387
0.101665
0.110324
0.119371
0.128816
0.138667
0.148934
0.159623
0.170746
0.182309
0.194322
0.206795
0.219734
0.233150
0.247051
0.261447
0.276344
0.291754
0.307683
0.324141
0.341138
0.358681
0.376779
0.395442
0.414677
0.434495
0.454904
0.475912
0.497529
0.519762
0.542622
0.566115
0.590253
0.615043
0.640495
0.666617
0.693419
0.720908
0.749094
0.777986
0.807593
0.837922
0.868984
0.900787
0.933340
0.966651
1.000730
-0.021667
-0.021529
-0.021176
-0.020635
-0.019921
-0.019039
-0.017994
-0.016783
-0.015406
-0.013858
-0.012133
-0.010226
-0.008130
-0.005838
-0.003343
-0.000636
0.002289
0.005441
0.008829
0.012460
0.016344
0.020487
0.024900
0.029589
0.034565
0.039836
0.045410
0.051295
0.057501
0.064037
0.070910
0.078130
0.085706
0.093646
0.101959
0.110654
0.119740
0.129225
0.139118
0.149428
0.160164
0.171334
0.182947
0.195012
0.207538
0.220533
0.234007
0.247969
0.262426
0.277389
0.292865
0.308863
0.325393
0.342464
0.360083
0.378260
0.397004
0.416323
0.436227
0.456724
0.477824
0.499534
0.521864
0.544822
0.568418
0.592659
0.617557
0.643119
0.669353
0.696271
0.723878
0.752186
0.781202
0.810936
0.841396
0.872591
0.904531
0.937223
0.970677
1.004901
-0.021800
-0.021664
-0.021316
-0.020780
-0.020070
-0.019193
-0.018151
-0.016944
-0.015570
-0.014024
-0.012302
-0.010397
-0.008302
-0.006012
-0.003518
-0.000813
0.002112
0.005264
0.008652
0.012284
0.016168
0.020312
0.024726
0.029418
0.034396
0.039669
0.045246
0.051135
0.057345
0.063884
0.070762
0.077987
0.085568
0.093514
0.101834
0.110535
0.119628
0.129121
0.139022
0.149340
0.160084
0.171264
0.182886
0.194962
0.207498
0.220504
0.233990
0.247963
0.262433
0.277408
0.292897
0.308910
0.325453
0.342538
0.360173
0.378365
0.397124
0.416460
0.436380
0.456895
0.478011
0.499740
0.522088
0.545065
0.568679
0.592940
0.617858
0.643440
0.669695
0.696634
0.724263
0.752592
0.781631
0.811387
0.841870
0.873089
0.905053
0.937770
0.971248
1.005497
-0.021941
-0.021809
-0.021466
-0.020937
-0.020234
-0.019364
-0.018329
-0.017129
-0.015762
-0.014224
-0.012509
-0.010612
-0.008527
-0.006245
-0.003760
-0.001064
0.001850
0.004992
0.008369
0.011989
0.015861
0.019993
0.024393
0.029071
0.034035
0.039293
0.044854
0.050726
0.056919
0.063440
0.070300
0.077505
0.085066
0.092990
0.101288
0.109966
0.119035
0.128502
0.138377
0.148669
0.159385
0.170535
0.182127
0.194171
0.206674
0.219647
0.233097
0.247034
0.261466
0.276402
0.291850
0.307820
0.324321
0.341360
0.358948
0.377093
0.395803
0.415087
0.434954
0.455414
0.476474
0.498144
0.520433
0.543348
0.566899
0.591095
0.615944
0.641457
0.667641
0.694506
0.722060
0.750312
0.779271
0.808945
0.839344
0.870477
0.902352
0.934978
0.968364
1.002517
-0.022091
-0.021962
-0.021627
-0.021107
-0.020413
-0.019553
-0.018528
-0.017339
-0.015983
-0.014457
-0.012756
-0.010873
-0.008802
-0.006536
-0.004069
-0.001391
0.001504
0.004625
0.007980
0.011576
0.015423
0.019529
0.023902
0.028550
0.033483
0.038708
0.044234
0.050070
0.056225
0.062706
0.069523
0.076685
0.084199
0.092076
0.100322
0.108948
0.117962
0.127372
0.137187
0.147415
0.158067
0.169149
0.180671
0.192641
0.205069
0.217962
0.231331
0.245183
0.259527
0.274372
0.289726
0.305598
0.321998
0.338933
0.356413
0.374447
0.393042
0.412208
0.431953
0.452286
0.473217
0.494754
0.516904
0.539677
0.563082
0.587128
0.611823
0.637177
0.663198
0.689895
0.717277
0.745352
0.774130
0.803618
0.833826
0.864763
0.896437
0.928858
0.962033
0.995971
-0.022248
-0.022124
-0.021798
-0.021289
-0.020607
-0.019759
-0.018747
-0.017573
-0.016233
-0.014724
-0.013040
-0.011178
-0.009128
-0.006886
-0.004444
-0.001793
0.001073
0.004163
0.007485
0.011046
0.014856
0.018921
0.023252
0.027855
0.032740
0.037915
0.043388
0.049169
0.055264
0.061684
0.068436
0.075529
0.082971
0.090772
0.098940
0.107484
0.116411
0.125732
0.135453
0.145584
0.156133
0.167110
0.178521
0.190377
0.202686
0.215456
0.228697
0.242416
0.256622
0.271325
0.286531
0.302251
0.318493
0.335265
0.352577
0.370436
0.388851
0.407832
0.427386
0.447523
0.468251
0.489578
0.511513
0.534065
0.557242
0.581054
0.605508
0.630614
0.656381
0.682817
0.709930
0.737731
0.766226
0.795425
0.825336
0.855968
0.887330
0.919431
0.952279
0.985882
-0.022413
-0.022294
-0.021979
-0.021483
-0.020815
-0.019982
-0.018987
-0.017831
-0.016511
-0.015023
-0.013364
-0.011527
-0.009506
-0.007294
-0.004884
-0.002269
0.000559
0.003608
0.006886
0.010400
0.014159
0.018172
0.022445
0.026989
0.031810
0.036917
0.042319
0.048023
0.054039
0.060375
0.067039
0.074039
0.081385
0.089084
0.097146
0.105578
0.114389
0.123587
0.133181
0.143180
0.153591
0.164424
0.175686
0.187387
0.199534
0.212137
0.225203
0.238742
0.252762
0.267270
0.282277
0.297790
0.313817
0.330368
0.347451
0.365074
0.383246
0.401975
0.421270
0.441140
0.461592
0.482636
0.504280
0.526531
0.549399
0.572893
0.597021
0.621792
0.647214
0.673297
0.700047
0.727474
0.755587
0.784394
0.813903
0.844123
0.875063
0.906732
0.939137
0.972286
-0.022586
-0.022473
-0.022171
-0.021689
-0.021038
-0.020223
-0.019248
-0.018113
-0.016816
-0.015355
-0.013725
-0.011919
-0.009933
-0.007758
-0.005389
-0.002818
-0.000037
0.002961
0.006183
0.009639
0.013336
0.017282
0.021484
0.025952
0.030693
0.035715
0.041028
0.046638
0.052554
0.058784
0.065337
0.072221
0.079445
0.087016
0.094944
0.103235
0.111899
0.120945
0.130379
0.140211
0.150448
0.161100
0.172174
0.183679
0.195623
0.208014
0.220862
0.234174
0.247958
0.262223
0.276977
0.292229
0.307987
0.324259
0.341053
0.358379
0.376244
0.394656
0.413625
0.433159
0.453265
0.473952
0.495228
0.517101
0.539581
0.562675
0.586392
0.610741
0.635730
0.661367
0.687660
0.714618
0.742250
0.770564
0.799568
0.829270
0.859679
0.890804
0.922652
0.955231
-0.022765
-0.022660
-0.022372
-0.021907
-0.021275
-0.020481
-0.019528
-0.018418
-0.017150
-0.015719
-0.014123
-0.012355
-0.010409
-0.008279
-0.005958
-0.003439
-0.000715
0.002222
0.005380
0.008766
0.012388
0.016254
0.020371
0.024749
0.029394
0.034314
0.039519
0.045015
0.050812
0.056916
0.063336
0.070081
0.077158
0.084575
0.092341
0.100464
0.108952
0.117813
0.127055
0.136686
0.146715
0.157149
0.167996
0.179266
0.190965
0.203103
0.215687
0.228725
0.242227
0.256199
0.270649
0.285587
0.301021
0.316957
0.333405
0.350373
0.367869
0.385901
0.404478
0.423607
0.443296
0.463554
0.484389
0.505808
0.527821
0.550435
0.573658
0.597500
0.621968
0.647070
0.672814
0.699209
0.726264
0.753985
0.782381
0.811461
0.841233
0.871705
0.902884
0.934779
-0.022950
-0.022855
-0.022583
-0.022138
-0.021526
-0.020755
-0.019828
-0.018747
-0.017510
-0.016115
-0.014557
-0.012832
-0.010933
-0.008854
-0.006589
-0.004131
-0.001472
0.001395
0.004477
0.007782
0.011317
0.015090
0.019109
0.023382
0.027915
0.032718
0.037797
0.043162
0.048818
0.054776
0.061041
0.067623
0.074529
0.081768
0.089346
0.097273
0.105555
0.114202
0.123220
0.132617
0.142402
0.152583
0.163167
0.174162
0.185577
0.197419
0.209696
0.222416
0.235588
0.249218
0.263316
0.277888
0.292943
0.308489
0.324534
0.341085
0.358151
0.375740
0.393860
0.412518
0.431722
0.451480
0.471801
0.492691
0.514160
0.536215
0.558864
0.582115
0.605977
0.630456
0.655562
0.681301
0.707683
0.734715
0.762404
0.790760
0.819790
0.849502
0.879903
0.911001
-0.023141
-0.023056
-0.022803
-0.022379
-0.021791
-0.021045
-0.020147
-0.019098
-0.017897
-0.016541
-0.015027
-0.013350
-0.011504
-0.009484
-0.007282
-0.004892
-0.002306
0.000481
0.003477
0.006690
0.010127
0.013795
0.017702
0.021855
0.026262
0.030930
0.035868
0.041082
0.046580
0.052370
0.058460
0.064857
0.071569
0.078604
0.085969
0.093672
0.101721
0.110123
0.118886
0.128018
0.137526
0.147418
0.157701
0.168385
0.179475
0.190981
0.202909
0.215267
0.228063
0.241305
0.255000
0.269157
0.283781
0.298883
0.314469
0.330546
0.347123
0.364208
0.381808
0.399930
0.418582
0.437772
0.457508
0.477797
0.498647
0.520066
0.542061
0.564640
0.587813
0.611584
0.635963
0.660957
0.686574
0.712822
0.739708
0.767240
0.795426
0.824274
0.853790
0.883983
-0.023338
-0.023265
-0.023033
-0.022632
-0.022069
-0.021352
-0.020485
-0.019471
-0.018309
-0.016997
-0.015532
-0.013909
-0.012122
-0.010165
-0.008033
-0.005719
-0.003216
-0.000518
0.002383
0.005493
0.008820
0.012371
0.016153
0.020173
0.024439
0.028958
0.033736
0.038783
0.044104
0.049707
0.055600
0.061791
0.068286
0.075093
0.082220
0.089673
0.097460
0.105590
0.114068
0.122902
0.132101
0.141670
0.151619
0.161953
0.172682
0.183811
0.195348
0.207302
0.219679
0.232486
0.245732
0.259423
0.273568
0.288172
0.303245
0.318793
0.334824
0.351345
0.368363
0.385887
0.403922
0.422478
0.441560
0.461177
0.481335
0.502044
0.523308
0.545138
0.567540
0.590521
0.614088
0.638249
0.663012
0.688383
0.714372
0.740984
0.768228
0.796110
0.824639
0.853821
-0.023539
-0.023481
-0.023272
-0.022896
-0.022361
-0.021674
-0.020841
-0.019865
-0.018746
-0.017482
-0.016070
-0.014505
-0.012783
-0.010897
-0.008842
-0.006611
-0.004199
-0.001598
0.001198
0.004195
0.007402
0.010823
0.014468
0.018341
0.022452
0.026805
0.031409
0.036271
0.041397
0.046795
0.052472
0.058435
0.064691
0.071247
0.078111
0.085289
0.092789
0.100617
0.108781
0.117289
0.126146
0.135360
0.144939
0.154889
0.165218
0.175933
0.187041
0.198548
0.210463
0.222792
0.235543
0.248722
0.262337
0.276394
0.290902
0.305866
0.321295
0.337195
0.353573
0.370437
0.387794
0.405650
0.424013
0.442889
0.462286
0.482212
0.502672
0.523676
0.545229
0.567339
0.590012
0.613257
0.637079
0.661487
0.686486
0.712086
0.738292
0.765112
0.792553
0.820621
-0.023743
-0.023703
-0.023519
-0.023172
-0.022665
-0.022011
-0.021214
-0.020280
-0.019207
-0.017995
-0.016641
-0.015140
-0.013487
-0.011678
-0.009706
-0.007566
-0.005252
-0.002757
-0.000076
0.002799
0.005874
0.009156
0.012651
0.016365
0.020306
0.024480
0.028894
0.033555
0.038469
0.043643
0.049084
0.054799
0.060795
0.067078
0.073656
0.080534
0.087721
0.095222
0.103044
0.111195
0.119681
0.128509
0.137685
0.147217
0.157111
0.167375
0.178014
0.189036
0.200448
0.212256
0.224467
0.237089
0.250127
0.263589
0.277481
0.291810
0.306584
0.321808
0.337490
0.353636
0.370253
0.387348
0.404927
0.422998
0.441567
0.460640
0.480226
0.500330
0.520960
0.542122
0.563823
0.586069
0.608868
0.632226
0.656151
0.680648
0.705725
0.731389
0.757646
0.784503
-0.023950
-0.023930
-0.023776
-0.023457
-0.022983
-0.022362
-0.021605
-0.020715
-0.019692
-0.018535
-0.017242
-0.015810
-0.014232
-0.012505
-0.010623
-0.008581
-0.006373
-0.003992
-0.001433
0.001310
0.004244
0.007374
0.010707
0.014250
0.018009
0.021989
0.026198
0.030642
0.035328
0.040261
0.045448
0.050896
0.056611
0.062600
0.068869
0.075425
0.082273
0.089422
0.096876
0.104642
0.112728
0.121138
0.129881
0.138962
0.148387
0.158164
0.168299
0.178798
0.189667
0.200914
0.212544
0.224564
0.236981
0.249801
0.263029
0.276674
0.290741
0.305237
0.320168
0.335540
0.351361
0.367635
0.384370
0.401573
0.419249
0.437405
0.456047
0.475183
0.494818
0.514958
0.535611
0.556782
0.578479
0.600706
0.623471
0.646782
0.670642
0.695061
0.720042
0.745593
-0.024159
-0.024163
-0.024041
-0.023754
-0.023312
-0.022728
-0.022012
-0.021168
-0.020198
-0.019101
-0.017874
-0.016514
-0.015016
-0.013377
-0.011591
-0.009653
-0.007557
-0.005298
-0.002871
-0.000269
0.002514
0.005483
0.008644
0.012003
0.015567
0.019341
0.023331
0.027543
0.031984
0.036659
0.041575
0.046738
0.052153
0.057828
0.063767
0.069977
0.076465
0.083236
0.090296
0.097652
0.105309
0.113274
0.121553
0.130152
0.139077
0.148333
0.157929
0.167868
0.178158
0.188804
0.199813
0.211191
0.222944
0.235077
0.247597
0.260510
0.273823
0.287540
0.301669
0.316214
0.331183
0.346581
0.362415
0.378689
0.395411
0.412587
0.430221
0.448322
0.466894
0.485944
0.505477
0.525499
0.546018
0.567038
0.588565
0.610607
0.633168
0.656256
0.679875
0.704032
-0.024367
-0.024402
-0.024314
-0.024060
-0.023653
-0.023107
-0.022435
-0.021640
-0.020726
-0.019691
-0.018533
-0.017250
-0.015838
-0.014291
-0.012607
-0.010779
-0.008803
-0.006673
-0.004385
-0.001932
0.000690
0.003488
0.006467
0.009632
0.012988
0.016543
0.020301
0.024268
0.028449
0.032851
0.037479
0.042339
0.047436
0.052777
0.058366
0.064210
0.070315
0.076686
0.083328
0.090248
0.097451
0.104943
0.112730
0.120817
0.129211
0.137916
0.146939
0.156285
0.165960
0.175969
0.186320
0.197016
0.208064
0.219469
0.231237
0.243375
0.255886
0.268778
0.282056
0.295725
0.309791
0.324259
0.339136
0.354427
0.370137
0.386273
0.402839
0.419842
0.437288
0.455180
0.473526
0.492331
0.511601
0.531340
0.551555
0.572252
0.593436
0.615113
0.637288
0.659966
-0.024573
-0.024645
-0.024595
-0.024377
-0.024005
-0.023499
-0.022872
-0.022129
-0.021273
-0.020304
-0.019219
-0.018017
-0.016694
-0.015245
-0.013668
-0.011956
-0.010106
-0.008112
-0.005970
-0.003675
-0.001221
0.001396
0.004182
0.007142
0.010281
0.013605
0.017118
0.020826
0.024734
0.028848
0.033172
0.037713
0.042475
0.047464
0.052684
0.058143
0.063843
0.069792
0.075994
0.082455
0.089180
0.096173
0.103442
0.110990
0.118823
0.126947
0.135367
0.144087
0.153114
0.162453
0.172109
0.182087
0.192392
0.203031
0.214007
0.225327
0.236995
0.249017
0.261398
0.274143
0.287258
0.300747
0.314617
0.328871
0.343516
0.358556
0.373997
0.389844
0.406102
0.422777
0.439872
0.457394
0.475349
0.493740
0.512573
0.531853
0.551587
0.571778
0.592431
0.613553
-0.024774
-0.024892
-0.024885
-0.024703
-0.024368
-0.023904
-0.023323
-0.022634
-0.021839
-0.020938
-0.019930
-0.018813
-0.017583
-0.016237
-0.014771
-0.013181
-0.011463
-0.009611
-0.007623
-0.005492
-0.003215
-0.000787
0.001798
0.004543
0.007454
0.010535
0.013792
0.017229
0.020851
0.024662
0.028669
0.032875
0.037286
0.041906
0.046741
0.051794
0.057072
0.062579
0.068320
0.074300
0.080523
0.086994
0.093719
0.100703
0.107950
0.115464
0.123252
0.131318
0.139666
0.148302
0.157230
0.166456
0.175984
0.185819
0.195965
0.206428
0.217213
0.228324
0.239766
0.251545
0.263663
0.276127
0.288941
0.302111
0.315640
0.329533
0.343795
0.358432
0.373448
0.388847
0.404633
0.420813
0.437390
0.454369
0.471756
0.489554
0.507768
0.526404
0.545465
0.564957
-0.024968
-0.025144
-0.025184
-0.025039
-0.024742
-0.024320
-0.023788
-0.023154
-0.022422
-0.021593
-0.020664
-0.019635
-0.018502
-0.017263
-0.015913
-0.014450
-0.012869
-0.011166
-0.009337
-0.007379
-0.005286
-0.003054
-0.000680
0.001842
0.004515
0.007344
0.010334
0.013488
0.016812
0.020309
0.023984
0.027842
0.031887
0.036123
0.040555
0.045187
0.050024
0.055071
0.060331
0.065809
0.071510
0.077437
0.083596
0.089991
0.096627
0.103507
0.110636
0.118019
0.125661
0.133564
0.141735
0.150177
0.158895
0.167892
0.177175
0.186746
0.196611
0.206773
0.217237
0.228008
0.239089
0.250485
0.262200
0.274239
0.286606
0.299305
0.312341
0.325717
0.339439
0.353510
0.367934
0.382715
0.397859
0.413368
0.429248
0.445503
0.462136
0.479153
0.496557
0.514352
-0.025152
-0.025401
-0.025491
-0.025384
-0.025125
-0.024746
-0.024264
-0.023688
-0.023022
-0.022266
-0.021420
-0.020482
-0.019450
-0.018321
-0.017092
-0.015760
-0.014321
-0.012772
-0.011109
-0.009328
-0.007426
-0.005399
-0.003242
-0.000952
0.001475
0.004042
0.006755
0.009616
0.012630
0.015801
0.019133
0.022629
0.026295
0.030133
0.034148
0.038343
0.042723
0.047292
0.052054
0.057012
0.062171
0.067535
0.073107
0.078892
0.084894
0.091116
0.097563
0.104238
0.111147
0.118291
0.125676
0.133306
0.141184
0.149314
0.157700
0.166347
0.175258
0.184437
0.193888
0.203614
0.213620
0.223910
0.234486
0.245355
0.256517
0.267979
0.279743
0.291814
0.304195
0.316890
0.329902
0.343236
0.356894
0.370882
0.385201
0.399857
0.414853
0.430192
0.445879
0.461916
-0.025320
-0.025663
-0.025807
-0.025739
-0.025518
-0.025183
-0.024752
-0.024235
-0.023636
-0.022956
-0.022194
-0.021351
-0.020422
-0.019407
-0.018303
-0.017106
-0.015814
-0.014424
-0.012932
-0.011335
-0.009630
-0.007813
-0.005881
-0.003831
-0.001658
0.000640
0.003066
0.005625
0.008320
0.011154
0.014132
0.017255
0.020529
0.023956
0.027540
0.031285
0.035193
0.039269
0.043517
0.047939
0.052539
0.057320
0.062287
0.067442
0.072790
0.078334
0.084076
0.090022
0.096173
0.102535
0.109110
0.115901
0.122912
0.130148
0.137610
0.145303
0.153230
0.161394
0.169799
0.178449
0.187346
0.196494
0.205896
0.215557
0.225478
0.235664
0.246117
0.256841
0.267840
0.279117
0.290673
0.302514
0.314641
0.327059
0.339770
0.352778
0.366086
0.379696
0.393613
0.407838
-0.025468
-0.025931
-0.026133
-0.026102
-0.025920
-0.025629
-0.025251
-0.024794
-0.024264
-0.023661
-0.022987
-0.022240
-0.021418
-0.020520
-0.019544
-0.018486
-0.017345
-0.016118
-0.014801
-0.013393
-0.011890
-0.010290
-0.008589
-0.006784
-0.004873
-0.002853
-0.000720
0.001528
0.003895
0.006384
0.008996
0.011737
0.014608
0.017613
0.020754
0.024036
0.027460
0.031030
0.034749
0.038619
0.042645
0.046828
0.051173
0.055682
0.060358
0.065204
0.070223
0.075418
0.080793
0.086350
0.092092
0.098022
0.104143
0.110459
0.116972
0.123685
0.130601
0.137724
0.145055
0.152599
0.160357
0.168333
0.176529
0.184950
0.193596
0.202471
0.211579
0.220921
0.230501
0.240321
0.250384
0.260692
0.271248
0.282055
0.293116
0.304432
0.316007
0.327843
0.339943
0.352309
-0.025587
-0.026209
-0.026469
-0.026474
-0.026330
-0.026084
-0.025758
-0.025363
-0.024903
-0.024380
-0.023795
-0.023146
-0.022434
-0.021655
-0.020810
-0.019895
-0.018908
-0.017847
-0.016711
-0.015496
-0.014200
-0.012821
-0.011357
-0.009804
-0.008160
-0.006424
-0.004591
-0.002661
-0.000630
0.001504
0.003744
0.006093
0.008552
0.011125
0.013814
0.016621
0.019549
0.022601
0.025779
0.029085
0.032523
0.036095
0.039803
0.043650
0.047639
0.051771
0.056050
0.060478
0.065057
0.069791
0.074681
0.079731
0.084942
0.090317
0.095859
0.101569
0.107452
0.113509
0.119742
0.126154
0.132747
0.139524
0.146488
0.153640
0.160982
0.168518
0.176249
0.184179
0.192308
0.200640
0.209175
0.217917
0.226868
0.236029
0.245402
0.254990
0.264795
0.274818
0.285061
0.295527
-0.025668
-0.026498
-0.026817
-0.026855
-0.026747
-0.026546
-0.026273
-0.025941
-0.025552
-0.025110
-0.024616
-0.024068
-0.023467
-0.022810
-0.022098
-0.021328
-0.020499
-0.019609
-0.018655
-0.017637
-0.016553
-0.015399
-0.014176
-0.012879
-0.011509
-0.010061
-0.008536
-0.006929
-0.005241
-0.003467
-0.001607
0.000342
0.002381
0.004513
0.006740
0.009064
0.011487
0.014011
0.016638
0.019370
0.022209
0.025157
0.028216
0.031388
0.034676
0.038081
0.041606
0.045252
0.049021
0.052916
0.056938
0.061090
0.065373
0.069790
0.074342
0.079032
0.083861
0.088832
0.093946
0.099205
0.104612
0.110168
0.115875
0.121735
0.127750
0.133922
0.140252
0.146742
0.153394
0.160210
0.167192
0.174339
0.181656
0.189141
0.196798
0.204627
0.212630
0.220808
0.229162
0.237694
-0.025699
-0.026804
-0.027176
-0.027244
-0.027171
-0.027014
-0.026796
-0.026526
-0.026210
-0.025851
-0.025448
-0.025003
-0.024514
-0.023982
-0.023405
-0.022783
-0.022113
-0.021395
-0.020628
-0.019810
-0.018940
-0.018016
-0.017037
-0.016002
-0.014908
-0.013755
-0.012540
-0.011263
-0.009922
-0.008515
-0.007041
-0.005498
-0.003885
-0.002200
-0.000441
0.001392
0.003302
0.005289
0.007356
0.009504
0.011735
0.014050
0.016451
0.018938
0.021515
0.024182
0.026940
0.029792
0.032739
0.035782
0.038923
0.042164
0.045505
0.048949
0.052497
0.056150
0.059910
0.063779
0.067757
0.071847
0.076049
0.080366
0.084798
0.089347
0.094015
0.098802
0.103711
0.108741
0.113895
0.119174
0.124579
0.130110
0.135770
0.141557
0.147474
0.153521
0.159698
0.166005
0.172444
0.179015
-0.025663
-0.027135
-0.027549
-0.027641
-0.027601
-0.027488
-0.027324
-0.027118
-0.026876
-0.026599
-0.026290
-0.025948
-0.025573
-0.025167
-0.024727
-0.024254
-0.023746
-0.023203
-0.022624
-0.022009
-0.021356
-0.020664
-0.019932
-0.019160
-0.018347
-0.017491
-0.016591
-0.015647
-0.014658
-0.013622
-0.012538
-0.011406
-0.010224
-0.008992
-0.007708
-0.006371
-0.004980
-0.003535
-0.002034
-0.000477
0.001139
0.002813
0.004547
0.006343
0.008199
0.010119
0.012103
0.014152
0.016267
0.018449
0.020698
0.023017
0.025406
0.027866
0.030398
0.033003
0.035682
0.038436
0.041265
0.044172
0.047157
0.050221
0.053364
0.056588
0.059893
0.063281
0.066752
0.070308
0.073948
0.077674
0.081485
0.085384
0.089370
0.093443
0.097603
0.101851
0.106185
0.110605
0.115110
0.119700
-0.025537
-0.027503
-0.027936
-0.028044
-0.028037
-0.027967
-0.027857
-0.027715
-0.027547
-0.027354
-0.027138
-0.026900
-0.026641
-0.026361
-0.026060
-0.025737
-0.025392
-0.025026
-0.024637
-0.024226
-0.023791
-0.023334
-0.022852
-0.022346
-0.021815
-0.021259
-0.020677
-0.020069
-0.019434
-0.018771
-0.018081
-0.017363
-0.016616
-0.015840
-0.015034
-0.014198
-0.013331
-0.012432
-0.011502
-0.010540
-0.009544
-0.008516
-0.007453
-0.006356
-0.005225
-0.004058
-0.002855
-0.001615
-0.000339
0.000975
0.002326
0.003716
0.005145
0.006613
0.008121
0.009670
0.011259
0.012890
0.014563
0.016278
0.018035
0.019836
0.021681
0.023569
0.025503
0.027481
0.029504
0.031574
0.033689
0.035851
0.038059
0.040314
0.042616
0.044964
0.047358
0.049798
0.052281
0.054805
0.057365
0.059958
-0.025291
-0.027924
-0.028336
-0.028454
-0.028476
-0.028450
-0.028394
-0.028316
-0.028221
-0.028113
-0.027991
-0.027858
-0.027715
-0.027562
-0.027400
-0.027228
-0.027047
-0.026858
-0.026660
-0.026454
-0.026240
-0.026017
-0.025787
-0.025548
-0.025301
-0.025046
-0.024783
-0.024512
-0.024234
-0.023947
-0.023652
-0.023350
-0.023040
-0.022722
-0.022396
-0.022063
-0.021721
-0.021372
-0.021016
-0.020651
-0.020278
-0.019898
-0.019511
-0.019115
-0.018712
-0.018301
-0.017882
-0.017455
-0.017021
-0.016580
-0.016130
-0.015673
-0.015208
-0.014736
-0.014256
-0.013768
-0.013273
-0.012770
-0.012259
-0.011741
-0.011216
-0.010683
-0.010142
-0.009594
-0.009038
-0.008475
-0.007905
-0.007327
-0.006742
-0.006150
-0.005551
-0.004945
-0.004332
-0.003713
-0.003087
-0.002456
-0.001822
-0.001187
-0.000565
0.000004
