3180.873047
2857.619385
2596.821777
2378.845947
2191.989746
2028.737671
1883.982178
1754.101807
1636.432251
1528.958984
1430.121582
1338.685791
1253.658325
1174.229980
1099.731934
1029.604370
963.375732
900.643738
841.063843
784.338318
730.208191
678.446899
628.855652
581.258667
535.500000
491.440369
448.955627
407.934113
368.275208
329.888153
292.690826
256.608490
221.573105
187.522598
154.400162
122.153671
90.735161
60.100521
30.209034
1.023077
3180.676025
2857.441650
2596.658203
2378.692383
2191.843506
2028.596680
1883.844849
1753.967407
1636.300415
1528.829590
1429.994385
1338.560913
1253.536133
1174.110596
1099.615723
1029.491577
963.266479
900.538269
840.962463
784.241089
730.115417
678.358521
628.771851
581.179626
535.425781
491.370850
448.890900
407.874146
368.220062
329.837738
292.645111
256.567352
221.536530
187.490448
154.372391
122.130203
90.715874
60.085281
30.197750
1.015617
3180.084717
2856.908691
2596.167480
2378.232178
2191.404785
2028.173584
1883.433228
1753.564697
1635.904907
1528.440918
1429.612671
1338.186523
1253.169434
1173.752563
1099.266724
1029.153076
962.938477
900.221802
840.658020
783.949219
729.836853
678.093201
628.520630
580.942444
535.202759
491.162140
448.696686
407.694275
368.054443
329.686432
292.507721
256.443848
221.426758
187.394073
154.289139
122.059830
90.658028
60.039661
30.163975
0.993348
3179.099854
2856.020752
2595.350098
2377.465820
2190.674316
2027.469116
1882.747559
1752.892822
1635.245728
1527.793091
1428.976074
1337.562012
1252.557739
1173.155151
1098.684570
1028.587646
962.391052
899.693787
840.150085
783.462158
729.371460
677.650574
628.101013
580.546326
534.830383
490.813751
448.372101
407.393799
367.777771
329.433350
292.278351
256.237701
221.243378
187.233215
154.150360
121.942535
90.561729
59.963783
30.107954
0.956594
3177.721680
2854.778320
2594.206787
2376.393799
2189.653076
2026.483643
1881.787720
1751.953125
1634.323120
1526.885864
1428.084473
1336.686768
1251.700562
1172.317261
1097.867920
1027.793823
961.622803
898.952148
839.436584
782.778137
728.717896
677.028687
627.511292
579.989563
534.306885
490.323914
447.916077
406.971344
367.389008
329.078064
291.956177
255.948364
220.986252
187.007736
153.955841
121.778336
90.427086
59.857929
30.030096
0.905890
3175.950684
2853.182373
2592.738770
2375.018066
2188.342285
2025.217896
1880.554688
1750.745850
1633.136963
1525.719482
1426.937256
1335.560181
1250.596558
1171.237915
1096.815430
1026.771118
960.631531
897.994629
838.515564
781.894958
727.874207
676.225586
626.749634
579.270264
533.630554
489.690918
447.326691
406.425720
366.887115
328.619446
291.540405
255.574875
220.654572
186.717072
153.705338
121.567093
90.254204
59.722427
29.930929
0.841976
3173.786865
2851.233643
2590.947266
2373.339355
2186.742432
2023.673340
1879.049683
1749.271851
1631.687622
1524.293091
1425.533569
1334.180908
1249.244019
1169.914673
1095.525024
1025.515747
959.414978
896.819763
837.384277
780.809814
726.837158
675.238159
625.813232
578.385864
532.798950
488.912750
446.602234
405.755096
366.270050
328.055664
291.029449
255.116211
220.247360
186.360443
153.398407
121.308746
90.043243
59.557686
29.811129
0.765784
3171.231201
2848.932861
2588.833984
2371.359375
2184.855713
2021.851440
1877.274414
1747.530762
1629.974854
1522.606201
1423.872314
1332.547241
1247.640869
1168.345825
1093.994263
1024.026367
957.970093
895.423096
836.039368
779.519104
725.603149
674.062988
624.698669
577.333191
531.809143
487.986359
445.739746
404.956635
365.535553
327.384827
290.421692
254.570908
219.763535
185.937164
153.034561
121.003067
89.794388
59.364185
29.671474
0.678426
3168.284180
2846.281250
2586.401123
2369.081299
2182.685547
2019.754517
1875.229004
1745.523682
1627.999146
1520.657471
1421.952393
1330.657715
1245.785034
1166.528198
1092.218750
1022.297791
956.292664
893.801086
834.476257
778.018616
724.168213
672.695923
623.401672
576.107849
530.656921
486.908020
444.735809
404.027344
364.680817
326.604431
289.715210
253.937317
219.201950
185.446472
152.613312
120.649872
89.507729
59.142395
29.512856
0.581175
3164.946777
2843.281006
2583.650146
2366.507324
2180.233154
2017.384521
1872.915283
1743.251709
1625.759888
1518.447510
1419.772217
1328.510254
1243.673706
1164.458374
1090.195923
1020.326843
954.379211
891.949463
832.690918
776.303833
722.527222
671.132263
621.917358
574.705200
529.337585
485.673401
443.586395
402.963531
363.702637
325.711548
288.906921
253.213028
218.560547
184.886612
152.133591
120.248611
89.183273
58.892845
29.336239
0.475448
3161.220215
2839.932373
2580.583984
2363.639648
2177.501465
2014.743530
1870.336060
1740.715698
1623.257446
1515.975586
1417.330566
1326.101929
1241.303955
1162.132935
1087.920776
1018.108887
952.223389
889.861145
830.676697
774.368225
720.674438
669.365784
620.240417
573.120117
527.846252
484.277374
442.286774
401.760803
362.596924
324.702606
287.994263
252.395645
217.837433
184.256241
151.594467
119.798943
88.821060
58.616051
29.142670
0.362789
3157.104492
2836.237793
2577.205811
2360.483154
2174.494141
2011.835083
1867.492188
1737.916382
1620.492065
1513.239746
1414.624756
1323.430542
1238.672363
1159.547119
1085.388062
1015.637207
949.819397
887.531616
828.427429
772.205322
718.602844
667.389771
618.363708
571.345642
526.176575
482.714081
440.831329
400.414032
361.359100
323.573669
286.973450
251.482071
217.029907
183.553452
150.994522
119.299957
88.420891
58.312428
28.933153
0.244839
3152.599121
2832.198975
2573.517822
2357.041748
2171.216309
2008.661987
1864.387573
1734.856079
1617.463867
1510.239624
1411.653931
1320.492554
1235.774048
1156.696167
1082.592896
1012.905823
947.160767
884.953003
825.935852
769.807434
716.304626
665.196411
616.279785
569.374573
524.321106
480.976990
439.214050
398.917358
359.983765
322.319611
285.840179
250.468658
216.135162
182.775726
150.332077
118.750687
87.982475
57.982349
28.708752
0.123320
3147.704346
2827.817383
2569.525146
2353.319092
2167.671875
2005.229370
1861.024292
1731.535767
1614.173950
1506.974854
1408.415039
1317.284912
1232.605225
1153.574585
1079.528198
1009.907654
944.238586
882.116394
823.192749
767.165771
713.770752
662.776917
613.979614
567.198242
522.272278
479.058044
437.426971
397.263702
358.464233
320.934387
284.588989
249.350693
215.149155
181.920135
149.604935
118.149734
87.505196
57.626034
28.470469
0.000001
3142.420898
2823.095947
2565.231201
2349.321533
2163.865723
2001.541504
1857.406006
1727.958618
1610.622192
1503.444580
1404.906616
1313.803711
1229.160278
1150.175537
1076.186646
1006.634644
941.044617
879.012390
820.188660
764.270020
710.991516
660.121155
611.453369
564.806885
520.019958
476.947937
435.461578
395.445068
356.793243
319.411713
283.214386
248.123383
214.067993
180.983444
148.810577
117.495415
86.988205
57.243481
28.219206
-0.123317
3136.746582
2818.036377
2560.641113
2345.053711
2159.803955
1997.603149
1853.537231
1724.126343
1606.810181
1499.647339
1401.125244
1310.044678
1225.433838
1146.493286
1072.560425
1003.077087
937.569519
875.630737
816.912109
761.108826
707.955017
657.217590
608.689514
562.188965
517.553101
474.636230
433.308258
393.452240
354.962585
317.743774
281.709412
246.780792
212.886459
179.961319
147.945816
116.785484
86.430405
56.834572
27.955805
-0.244837
3130.680176
2812.639893
2555.760498
2340.523926
2155.494873
1993.421265
1849.422485
1720.042236
1602.738281
1495.582031
1397.068481
1306.003784
1221.419800
1142.519531
1068.640869
999.226196
933.802063
871.960327
813.351562
757.669739
704.648376
654.052795
605.675293
559.332092
514.859558
472.111267
430.955566
391.274933
352.962494
315.922058
280.066162
245.315765
211.598648
178.848999
147.006943
116.017487
85.830261
56.398914
27.680958
-0.362787
3124.218994
2806.908691
2550.594971
2335.740967
2150.945801
1989.002197
1845.066895
1715.709473
1598.408447
1491.248047
1392.733398
1301.675903
1217.111816
1138.246338
1064.418213
995.070923
929.730103
867.987671
809.492859
753.938721
701.057190
650.612488
602.395874
556.221741
511.925598
469.359528
428.390961
388.900909
350.781616
313.935944
278.275543
243.720337
210.197647
177.640915
145.989594
115.188225
85.185852
55.935780
27.395174
-0.475446
3117.358887
2800.843994
2545.151367
2330.712402
2146.166260
1984.354858
1840.475708
1711.131714
1593.821899
1486.645264
1388.117065
1297.056030
1212.502075
1133.663940
1059.881714
990.598511
925.339905
863.698547
805.320679
749.899231
697.164917
646.880127
598.834351
552.841675
508.735107
466.365723
425.599640
386.316437
348.407318
311.773865
276.326752
241.985367
208.675613
176.330399
144.888428
114.293648
84.494568
55.444008
27.098696
-0.581172
3110.093262
2794.448242
2539.438721
2325.450195
2141.166260
1979.486938
1835.656860
1706.313721
1588.980713
1481.773193
1383.216675
1292.138916
1207.583618
1128.763428
1055.019531
985.795715
920.616943
859.075623
800.817444
745.533020
692.952576
642.836426
594.972656
549.173279
505.270050
463.112305
422.564819
383.505676
345.824646
309.422058
274.207764
240.099625
207.022903
174.909348
143.696991
113.328979
83.753212
54.921986
26.791517
-0.678424
3102.414307
2787.723389
2533.466553
2319.966553
2135.957764
1974.409912
1830.619019
1701.261475
1583.887695
1476.630737
1378.029175
1286.918701
1202.348267
1123.533813
1049.818604
980.647461
915.544556
854.101868
795.964111
740.821045
688.400085
638.460693
590.789246
545.195557
501.509705
459.579224
419.267303
380.450531
343.016876
306.865265
271.904419
238.050751
205.228561
173.368637
142.407837
112.288528
82.957916
54.367619
26.473286
-0.765783
3094.312500
2780.671387
2527.245117
2314.273926
2130.555420
1969.135010
1825.370361
1695.980835
1578.545654
1471.218262
1372.551270
1281.388428
1196.786499
1117.963501
1044.265015
975.136963
910.104431
848.757629
790.740112
735.740540
683.484558
633.729553
586.260437
540.884705
497.430542
455.743713
415.685455
377.130157
339.964386
304.085327
269.400330
235.824326
203.280121
171.697479
141.012161
111.165520
82.103867
53.778126
26.143282
-0.841974
3085.772217
2773.293701
2520.787354
2308.389160
2124.973633
1963.675293
1819.921997
1690.479004
1572.958252
1465.535522
1366.779785
1275.542725
1190.888550
1112.039673
1038.343872
969.247314
904.276367
843.020203
785.121399
730.266357
678.179626
628.616455
581.359619
536.214417
493.006866
451.580627
411.794617
373.521271
336.645264
301.062012
266.676819
233.403275
201.162613
169.883270
139.499619
109.951828
81.185326
53.150082
25.800354
-0.905888
3076.775879
2765.593262
2514.107910
2302.331055
2119.230225
1958.046509
1814.284790
1684.763550
1567.129639
1459.583252
1360.711060
1269.374146
1184.644409
1105.748413
1032.037720
962.958801
898.038391
836.865662
779.081482
724.371033
672.456848
623.091858
576.056885
531.154663
488.208832
447.060364
407.566376
369.596832
333.034058
297.771454
263.712280
230.768280
198.859024
167.911240
137.857864
108.637840
80.195267
52.479172
25.442820
-0.956593
3067.297119
2757.572510
2507.224609
2296.119385
2113.344971
1952.265137
1808.471436
1678.842773
1561.064209
1453.362427
1354.342285
1262.876221
1178.043335
1099.075806
1025.329346
956.250793
891.367004
830.267334
772.591980
718.024048
666.284058
617.122681
570.318237
525.671143
483.002106
442.149811
402.968475
365.325806
329.101471
294.186340
260.481598
227.896729
196.349350
165.764236
136.072769
107.212250
79.125481
51.760162
25.068470
-0.993348
3057.303223
2749.235352
2500.158447
2289.780029
2107.340332
1946.348755
1802.496094
1672.727295
1554.767944
1446.875000
1347.670288
1256.041138
1171.073730
1092.006470
1018.198975
949.099609
884.235901
823.196777
765.621399
711.191528
659.625427
610.671814
564.105713
519.725464
477.348877
436.811676
397.964691
360.673065
324.813904
290.275391
256.955872
224.762299
193.610153
163.422043
134.127487
105.661781
77.966087
50.986664
24.674391
-1.015617
3046.750977
2740.586182
2492.933838
2283.340332
2101.240723
1940.317871
1796.374512
1666.426636
1548.247314
1440.121826
1340.692749
1248.861450
1163.723511
1084.524414
1010.626099
941.480713
876.616455
815.621521
758.134644
703.836060
652.441467
603.697571
557.376953
513.274719
471.205719
431.002411
392.512665
355.597900
320.132660
286.002014
253.101074
221.334396
190.614410
160.861328
132.002274
103.970528
76.705254
50.150948
24.256914
-1.023077
3035.586670
2731.633057
2485.581543
2276.832520
2095.075439
1934.195801
1790.124268
1659.954712
1541.509644
1433.105469
1333.406616
1241.330200
1155.980835
1076.611572
1002.588867
933.367981
868.477661
807.506897
750.093262
695.915710
644.687866
596.154053
550.084351
506.270264
464.523621
424.673553
386.564453
350.054108
315.013519
281.324402
248.878738
217.577545
187.330368
158.054428
129.673981
102.119896
75.329025
49.243744
23.811485
-1.015618
3023.738770
2722.387451
2478.138184
2270.293213
2088.874756
1928.006714
1783.764526
1653.324951
1534.563477
1425.829468
1325.810547
1233.439331
1147.832397
1068.250122
994.063904
924.732178
859.786255
798.815002
741.454895
687.384399
636.315308
587.989441
542.173706
498.656799
457.246857
417.769501
380.065094
343.987885
309.404938
276.194000
244.243347
213.450378
183.721024
154.968903
127.115250
100.087807
73.820793
48.253960
23.332527
-0.993349
3011.113525
2712.867432
2470.648926
2263.764404
2082.672363
1921.778687
1777.315918
1646.553101
1527.418579
1418.297607
1317.902344
1225.182129
1139.265381
1059.421387
985.026245
915.543091
850.505737
789.503845
732.173157
678.191528
627.269409
579.145935
533.584961
490.372192
449.312164
410.226379
372.951508
337.337646
303.247375
270.554199
239.142105
208.904221
179.742401
151.566406
124.293457
97.847923
72.160553
47.168179
22.813211
-0.956595
2997.588867
2703.100342
2463.167236
2257.292480
2076.505615
1915.540161
1770.802002
1639.655029
1520.085938
1410.515503
1309.681274
1216.551636
1130.266357
1050.105225
975.449768
905.768433
840.597961
779.529053
722.197754
668.281738
617.490112
569.559326
524.250732
481.346558
440.648102
401.972290
365.151733
330.032104
296.471588
264.338562
233.512405
203.881317
175.342499
147.801041
121.169739
95.368591
70.324394
45.970249
22.245235
-0.905891
2983.004150
2693.127686
2455.759766
2250.931641
2070.416260
1909.323364
1764.246338
1632.648438
1512.577271
1402.489136
1301.148926
1207.541626
1120.823120
1040.281738
965.307251
895.373657
830.020569
768.841919
711.473999
657.594421
606.911011
559.158630
514.095886
471.501709
431.173615
392.924774
356.583130
321.989655
288.997528
257.470062
227.281219
198.313828
170.459686
143.618423
117.697540
92.611900
68.283417
44.640636
21.618488
-0.841978
2967.148438
2683.012695
2448.505859
2244.742676
2064.448242
1903.161621
1757.675049
1625.554688
1504.907227
1394.226929
1292.305664
1198.147339
1110.922729
1029.930786
954.570801
884.322876
818.730591
757.391357
699.942993
646.063232
595.459534
547.864990
503.036285
460.748993
420.796997
382.989624
347.150330
313.114807
280.731140
249.857498
220.361618
192.120590
165.019836
138.952698
113.820435
89.531700
66.002426
43.155472
20.920614
-0.765786
2949.743164
2672.851318
2441.502930
2238.791748
2058.648193
1897.090332
1751.115845
1618.394897
1497.091431
1385.738647
1283.155029
1188.364502
1100.553223
1019.033020
943.212219
872.578857
806.681763
745.122131
687.540955
633.616394
583.055786
535.591553
490.978333
448.989166
409.414337
372.059387
336.743347
303.297180
271.563263
241.393875
212.650787
185.204437
158.933395
133.723770
109.469322
86.071312
63.438084
41.485413
20.136419
-0.678428
2930.418701
2662.787354
2434.866211
2233.150146
2053.063965
1891.145264
1744.597778
1611.191895
1489.147217
1377.036133
1273.701904
1178.190796
1089.704590
1007.569031
931.203430
860.103638
793.825989
731.976624
674.199707
620.175598
569.612366
522.242126
477.817993
436.110962
396.908447
360.012299
325.237122
292.409210
261.365448
231.952423
204.025345
177.447861
152.091003
127.832962
104.558670
82.160225
60.536530
39.594032
19.247181
-0.581177
2908.681396
2653.034180
2428.731934
2227.893311
2047.744995
1885.363281
1738.150513
1603.969971
1481.094238
1368.132690
1263.953613
1167.625732
1078.367798
995.520630
918.515930
846.858643
780.113831
717.893494
659.846985
605.657471
555.034790
507.711670
463.440613
421.990967
383.147797
346.709839
312.487671
280.302979
249.987717
221.382828
194.337311
168.707947
144.358063
121.157204
98.980637
77.709320
57.229958
37.436161
18.230116
-0.475451
2883.869385
2643.910889
2423.255127
2223.098389
2042.740112
1879.781494
1731.805054
1596.755371
1472.954102
1359.044312
1253.919800
1156.671997
1066.537109
982.872314
905.122559
832.804993
765.493896
702.809326
644.405884
589.972412
539.220825
491.885864
447.720001
406.491974
367.985046
331.995514
298.330536
266.807709
237.254639
209.507065
183.408493
158.809341
135.566086
113.539764
92.595917
72.602921
53.431778
34.956917
17.059837
-0.362791
2855.090576
2635.890137
2418.605469
2218.839600
2038.095581
1874.436523
1725.593018
1589.576538
1464.751221
1349.791016
1243.614502
1145.335449
1054.209106
969.609741
890.998413
817.904785
749.915405
686.658325
627.797119
573.026001
522.061462
474.640839
430.518250
389.462646
351.256287
315.693634
282.579315
251.727554
222.962204
196.114914
171.024445
147.536499
125.502098
104.776474
85.217674
66.683479
49.027779
32.095814
15.723031
-0.244842
2821.136963
2629.669922
2414.958252
2215.185303
2033.854126
1869.364014
1719.546875
1582.463623
1456.513306
1340.396118
1233.055420
1133.626099
1041.384766
955.723633
876.121521
802.122620
733.326721
669.373840
609.937134
554.718323
503.439880
455.843170
411.685455
370.736969
332.779968
297.608002
265.023895
234.839554
206.875549
180.960251
156.929245
134.624832
113.895546
94.595116
76.581543
59.714005
43.845448
28.801504
14.319586
-0.123322
2780.362305
2626.279541
2412.468994
2212.187988
2030.052979
1864.597656
1713.699463
1575.449585
1448.270874
1330.887085
1222.264038
1121.558960
1028.069824
941.208740
860.473328
785.425293
715.679382
650.889526
590.741638
534.945801
483.233093
435.350800
391.060181
350.134491
312.357300
277.522034
245.430557
215.892914
188.727432
163.759766
140.822845
119.756729
100.408844
82.634300
66.298248
51.281727
37.498322
24.939451
13.795958
4.782844
