-0.846471
-0.844667
-0.840268
-0.833961
-0.826229
-0.817422
-0.807808
-0.797589
-0.786925
-0.775945
-0.764753
-0.753438
-0.742070
-0.730713
-0.719420
-0.708238
-0.697206
-0.686362
-0.675736
-0.665359
-0.655255
-0.645448
-0.635960
-0.626811
-0.618020
-0.609604
-0.601579
-0.593960
-0.586761
-0.579996
-0.573677
-0.567817
-0.562427
-0.557518
-0.553102
-0.549189
-0.545788
-0.542911
-0.540566
-0.538762
-0.537510
-0.536817
-0.536694
-0.537148
-0.538187
-0.539821
-0.542058
-0.544906
-0.548373
-0.552467
-0.557196
-0.562569
-0.568593
-0.575276
-0.582626
-0.590650
-0.599357
-0.608755
-0.618850
-0.629651
-0.641165
-0.653401
-0.666365
-0.680066
-0.694510
-0.709707
-0.725663
-0.742386
-0.759883
-0.778163
-0.797234
-0.817102
-0.837776
-0.859263
-0.881571
-0.904708
-0.928681
-0.953498
-0.979167
-1.005696
-0.846526
-0.844722
-0.840324
-0.834017
-0.826284
-0.817477
-0.807863
-0.797644
-0.786979
-0.775997
-0.764804
-0.753486
-0.742116
-0.730756
-0.719460
-0.708273
-0.697237
-0.686388
-0.675757
-0.665373
-0.655263
-0.645449
-0.635953
-0.626796
-0.617997
-0.609571
-0.601536
-0.593906
-0.586696
-0.579919
-0.573587
-0.567714
-0.562310
-0.557387
-0.552955
-0.549026
-0.545609
-0.542714
-0.540351
-0.538528
-0.537256
-0.536543
-0.536398
-0.536829
-0.537846
-0.539456
-0.541668
-0.544490
-0.547930
-0.551997
-0.556698
-0.562042
-0.568035
-0.574687
-0.582005
-0.589996
-0.598669
-0.608031
-0.618090
-0.628853
-0.640329
-0.652525
-0.665449
-0.679108
-0.693510
-0.708662
-0.724573
-0.741250
-0.758700
-0.776931
-0.795952
-0.815769
-0.836391
-0.857824
-0.880077
-0.903158
-0.927073
-0.951831
-0.977440
-1.003907
-0.846691
-0.844887
-0.840489
-0.834183
-0.826451
-0.817644
-0.808028
-0.797807
-0.787140
-0.776154
-0.764955
-0.753631
-0.742253
-0.730885
-0.719578
-0.708379
-0.697330
-0.686466
-0.675818
-0.665417
-0.655287
-0.645451
-0.635933
-0.626752
-0.617926
-0.609472
-0.601407
-0.593745
-0.586501
-0.579688
-0.573319
-0.567406
-0.561961
-0.556994
-0.552516
-0.548539
-0.545072
-0.542124
-0.539706
-0.537827
-0.536495
-0.535720
-0.535511
-0.535876
-0.536824
-0.538362
-0.540500
-0.543245
-0.546606
-0.550590
-0.555206
-0.560462
-0.566365
-0.572923
-0.580145
-0.588036
-0.596607
-0.605863
-0.615813
-0.626465
-0.637825
-0.649903
-0.662705
-0.676240
-0.690513
-0.705534
-0.721309
-0.737847
-0.755154
-0.773240
-0.792111
-0.811774
-0.832239
-0.853512
-0.875600
-0.898512
-0.922255
-0.946836
-0.972265
-0.998548
-0.846965
-0.845162
-0.840765
-0.834460
-0.826728
-0.817921
-0.808304
-0.798080
-0.787407
-0.776415
-0.765208
-0.753874
-0.742483
-0.731099
-0.719775
-0.708557
-0.697485
-0.686596
-0.675922
-0.665491
-0.655328
-0.645457
-0.635901
-0.626678
-0.617808
-0.609308
-0.601193
-0.593478
-0.586178
-0.579306
-0.572874
-0.566895
-0.561380
-0.556341
-0.551787
-0.547730
-0.544179
-0.541145
-0.538636
-0.536661
-0.535231
-0.534354
-0.534038
-0.534292
-0.535125
-0.536544
-0.538559
-0.541176
-0.544405
-0.548252
-0.552727
-0.557836
-0.563588
-0.569991
-0.577052
-0.584778
-0.593178
-0.602259
-0.612028
-0.622493
-0.633663
-0.645544
-0.658144
-0.671470
-0.685530
-0.700331
-0.715881
-0.732189
-0.749260
-0.767103
-0.785725
-0.805133
-0.825336
-0.846342
-0.868156
-0.890788
-0.914244
-0.938532
-0.963660
-0.989636
-0.847350
-0.845547
-0.841152
-0.834848
-0.827117
-0.818309
-0.808690
-0.798461
-0.787783
-0.776782
-0.765562
-0.754213
-0.742805
-0.731400
-0.720052
-0.708806
-0.697704
-0.686781
-0.676068
-0.665595
-0.655387
-0.645467
-0.635858
-0.626578
-0.617647
-0.609081
-0.600896
-0.593108
-0.585729
-0.578774
-0.572255
-0.566184
-0.560573
-0.555432
-0.550772
-0.546603
-0.542936
-0.539780
-0.537144
-0.535038
-0.533470
-0.532449
-0.531985
-0.532084
-0.532757
-0.534010
-0.535852
-0.538291
-0.541335
-0.544991
-0.549269
-0.554174
-0.559716
-0.565902
-0.572739
-0.580234
-0.588396
-0.597232
-0.606749
-0.616955
-0.627857
-0.639463
-0.651781
-0.664817
-0.678579
-0.693075
-0.708311
-0.724297
-0.741037
-0.758542
-0.776816
-0.795869
-0.815708
-0.836340
-0.857772
-0.880013
-0.903068
-0.926947
-0.951657
-0.977204
-0.847844
-0.846043
-0.841649
-0.835347
-0.827617
-0.818808
-0.809186
-0.798953
-0.788266
-0.777253
-0.766019
-0.754651
-0.743220
-0.731788
-0.720409
-0.709129
-0.697987
-0.687020
-0.676259
-0.665733
-0.655466
-0.645484
-0.635806
-0.626453
-0.617444
-0.608794
-0.600520
-0.592637
-0.585158
-0.578097
-0.571467
-0.565278
-0.559543
-0.554272
-0.549475
-0.545165
-0.541349
-0.538037
-0.535239
-0.532963
-0.531219
-0.530015
-0.529360
-0.529262
-0.529729
-0.530769
-0.532391
-0.534601
-0.537409
-0.540822
-0.544847
-0.549491
-0.554764
-0.560671
-0.567221
-0.574421
-0.582279
-0.590801
-0.599995
-0.609869
-0.620429
-0.631684
-0.643640
-0.656305
-0.669686
-0.683790
-0.698625
-0.714198
-0.730517
-0.747588
-0.765418
-0.784016
-0.803388
-0.823542
-0.844486
-0.866225
-0.888769
-0.912124
-0.936297
-0.961296
-0.848448
-0.846648
-0.842256
-0.835956
-0.828228
-0.819419
-0.809794
-0.799554
-0.788857
-0.777831
-0.766578
-0.755187
-0.743729
-0.732265
-0.720849
-0.709526
-0.698337
-0.687316
-0.676496
-0.665905
-0.655568
-0.645509
-0.635749
-0.626307
-0.617202
-0.608451
-0.600069
-0.592070
-0.584470
-0.577280
-0.570514
-0.564182
-0.558296
-0.552868
-0.547906
-0.543422
-0.539425
-0.535924
-0.532928
-0.530447
-0.528489
-0.527062
-0.526175
-0.525837
-0.526054
-0.526836
-0.528190
-0.530123
-0.532643
-0.535759
-0.539477
-0.543805
-0.548750
-0.554319
-0.560521
-0.567362
-0.574849
-0.582990
-0.591792
-0.601262
-0.611407
-0.622234
-0.633752
-0.645965
-0.658883
-0.672512
-0.686859
-0.701931
-0.717736
-0.734280
-0.751571
-0.769615
-0.788420
-0.807994
-0.828343
-0.849474
-0.871395
-0.894113
-0.917635
-0.941969
-0.849162
-0.847363
-0.842974
-0.836677
-0.828951
-0.820141
-0.810512
-0.800265
-0.789557
-0.778515
-0.767241
-0.755824
-0.744333
-0.732832
-0.721372
-0.710000
-0.698754
-0.687671
-0.676782
-0.666115
-0.655695
-0.645546
-0.635689
-0.626143
-0.616926
-0.608056
-0.599547
-0.591413
-0.583670
-0.576329
-0.569403
-0.562904
-0.556841
-0.551227
-0.546072
-0.541384
-0.537174
-0.533451
-0.530224
-0.527501
-0.525292
-0.523603
-0.522445
-0.521824
-0.521749
-0.522227
-0.523266
-0.524873
-0.527056
-0.529823
-0.533181
-0.537137
-0.541698
-0.546871
-0.552663
-0.559082
-0.566135
-0.573829
-0.582170
-0.591166
-0.600824
-0.611150
-0.622152
-0.633837
-0.646211
-0.659281
-0.673055
-0.687540
-0.702741
-0.718667
-0.735324
-0.752719
-0.770859
-0.789751
-0.809402
-0.829820
-0.851010
-0.872981
-0.895739
-0.919291
-0.849985
-0.848188
-0.843803
-0.837510
-0.829785
-0.820975
-0.811343
-0.801088
-0.790367
-0.779306
-0.768009
-0.756561
-0.745034
-0.733490
-0.721980
-0.710551
-0.699242
-0.688087
-0.677119
-0.666365
-0.655851
-0.645599
-0.635631
-0.625965
-0.616621
-0.607614
-0.598959
-0.590672
-0.582764
-0.575251
-0.568142
-0.561450
-0.555186
-0.549360
-0.543982
-0.539061
-0.534608
-0.530631
-0.527139
-0.524139
-0.521642
-0.519654
-0.518185
-0.517241
-0.516831
-0.516961
-0.517639
-0.518873
-0.520671
-0.523039
-0.525984
-0.529513
-0.533634
-0.538354
-0.543678
-0.549615
-0.556170
-0.563352
-0.571166
-0.579619
-0.588718
-0.598471
-0.608883
-0.619962
-0.631714
-0.644146
-0.657264
-0.671076
-0.685587
-0.700805
-0.716737
-0.733389
-0.750768
-0.768880
-0.787733
-0.807334
-0.827688
-0.848803
-0.870686
-0.893343
-0.850918
-0.849123
-0.844742
-0.838453
-0.830731
-0.821922
-0.812285
-0.802021
-0.791286
-0.780205
-0.768881
-0.757400
-0.745833
-0.734241
-0.722676
-0.711183
-0.699801
-0.688567
-0.677510
-0.666659
-0.656039
-0.645671
-0.635579
-0.625780
-0.616292
-0.607131
-0.598313
-0.589852
-0.581761
-0.574053
-0.566740
-0.559832
-0.553341
-0.547277
-0.541648
-0.536467
-0.531740
-0.527477
-0.523687
-0.520377
-0.517556
-0.515232
-0.513413
-0.512106
-0.511319
-0.511059
-0.511333
-0.512149
-0.513512
-0.515432
-0.517913
-0.520964
-0.524591
-0.528800
-0.533599
-0.538994
-0.544991
-0.551598
-0.558819
-0.566663
-0.575137
-0.584245
-0.593995
-0.604393
-0.615446
-0.627161
-0.639543
-0.652599
-0.666336
-0.680760
-0.695877
-0.711694
-0.728219
-0.745456
-0.763412
-0.782095
-0.801510
-0.821664
-0.842565
-0.864217
-0.851960
-0.850168
-0.845792
-0.839507
-0.831789
-0.822980
-0.813340
-0.803067
-0.792317
-0.781214
-0.769861
-0.758343
-0.746732
-0.735087
-0.723460
-0.711897
-0.700437
-0.689114
-0.677959
-0.667001
-0.656263
-0.645769
-0.635538
-0.625591
-0.615944
-0.606614
-0.597615
-0.588963
-0.580669
-0.572746
-0.565206
-0.558059
-0.551317
-0.544989
-0.539085
-0.533613
-0.528584
-0.524005
-0.519885
-0.516231
-0.513053
-0.510357
-0.508151
-0.506443
-0.505239
-0.504546
-0.504373
-0.504725
-0.505609
-0.507033
-0.509002
-0.511523
-0.514603
-0.518248
-0.522466
-0.527261
-0.532640
-0.538611
-0.545177
-0.552348
-0.560127
-0.568523
-0.577541
-0.587187
-0.597467
-0.608388
-0.619955
-0.632176
-0.645056
-0.658602
-0.672818
-0.687713
-0.703292
-0.719560
-0.736525
-0.754193
-0.772570
-0.791662
-0.811476
-0.832017
-0.853112
-0.851323
-0.846952
-0.840673
-0.832960
-0.824151
-0.814508
-0.804225
-0.793459
-0.782333
-0.770949
-0.759391
-0.747732
-0.736029
-0.724336
-0.712697
-0.701150
-0.689731
-0.678470
-0.667395
-0.656528
-0.645895
-0.635515
-0.625406
-0.615585
-0.606070
-0.596874
-0.588012
-0.579496
-0.571339
-0.563551
-0.556143
-0.549127
-0.542510
-0.536304
-0.530516
-0.525156
-0.520232
-0.515752
-0.511723
-0.508153
-0.505050
-0.502422
-0.500274
-0.498615
-0.497451
-0.496788
-0.496633
-0.496994
-0.497875
-0.499284
-0.501227
-0.503709
-0.506739
-0.510320
-0.514460
-0.519165
-0.524440
-0.530291
-0.536725
-0.543747
-0.551364
-0.559582
-0.568406
-0.577842
-0.587896
-0.598574
-0.609882
-0.621825
-0.634411
-0.647644
-0.661530
-0.676076
-0.691287
-0.707170
-0.723729
-0.740972
-0.758903
-0.777530
-0.796857
-0.854373
-0.852587
-0.848222
-0.841951
-0.834242
-0.825436
-0.815789
-0.805497
-0.794714
-0.783563
-0.772146
-0.760546
-0.748835
-0.737071
-0.725306
-0.713585
-0.701946
-0.690423
-0.679047
-0.667845
-0.656841
-0.646057
-0.635514
-0.625231
-0.615223
-0.605508
-0.596099
-0.587010
-0.578254
-0.569842
-0.561786
-0.554097
-0.546783
-0.539855
-0.533322
-0.527192
-0.521474
-0.516177
-0.511306
-0.506871
-0.502879
-0.499336
-0.496250
-0.493628
-0.491476
-0.489801
-0.488609
-0.487907
-0.487700
-0.487995
-0.488799
-0.490116
-0.491952
-0.494315
-0.497209
-0.500641
-0.504615
-0.509138
-0.514216
-0.519853
-0.526057
-0.532832
-0.540184
-0.548119
-0.556642
-0.565759
-0.575475
-0.585796
-0.596728
-0.608275
-0.620444
-0.633241
-0.646670
-0.660738
-0.675449
-0.690811
-0.706827
-0.723504
-0.740848
-0.758863
-0.855743
-0.853960
-0.849602
-0.843339
-0.835637
-0.826834
-0.817184
-0.806883
-0.796083
-0.784906
-0.773454
-0.761810
-0.750044
-0.738215
-0.726374
-0.714565
-0.702826
-0.691193
-0.679694
-0.668357
-0.657205
-0.646260
-0.635544
-0.625073
-0.614865
-0.604935
-0.595298
-0.585966
-0.576953
-0.568269
-0.559926
-0.551933
-0.544302
-0.537040
-0.530156
-0.523659
-0.517558
-0.511859
-0.506571
-0.501701
-0.497255
-0.493240
-0.489664
-0.486533
-0.483853
-0.481630
-0.479871
-0.478581
-0.477766
-0.477433
-0.477587
-0.478233
-0.479377
-0.481025
-0.483182
-0.485854
-0.489046
-0.492763
-0.497012
-0.501796
-0.507122
-0.512995
-0.519419
-0.526402
-0.533946
-0.542059
-0.550744
-0.560007
-0.569854
-0.580290
-0.591319
-0.602947
-0.615180
-0.628022
-0.641479
-0.655556
-0.670259
-0.685591
-0.701560
-0.718170
-0.857222
-0.855442
-0.851093
-0.844839
-0.837145
-0.828345
-0.818694
-0.808384
-0.797566
-0.786363
-0.774875
-0.763185
-0.751361
-0.739463
-0.727541
-0.715640
-0.703797
-0.692046
-0.680416
-0.668936
-0.657627
-0.646512
-0.635611
-0.624941
-0.614520
-0.604362
-0.594481
-0.584892
-0.575604
-0.566631
-0.557982
-0.549668
-0.541698
-0.534080
-0.526823
-0.519936
-0.513427
-0.507302
-0.501569
-0.496235
-0.491306
-0.486790
-0.482692
-0.479019
-0.475777
-0.472972
-0.470609
-0.468694
-0.467233
-0.466231
-0.465693
-0.465626
-0.466033
-0.466921
-0.468294
-0.470158
-0.472517
-0.475378
-0.478744
-0.482621
-0.487013
-0.491926
-0.497364
-0.503333
-0.509836
-0.516881
-0.524470
-0.532608
-0.541302
-0.550555
-0.560372
-0.570758
-0.581718
-0.593257
-0.605380
-0.618092
-0.631397
-0.645300
-0.659807
-0.674922
-0.858809
-0.857034
-0.852694
-0.846451
-0.838766
-0.829971
-0.820319
-0.810001
-0.799166
-0.787936
-0.776411
-0.764672
-0.752789
-0.740818
-0.728812
-0.716813
-0.704860
-0.692986
-0.681219
-0.669587
-0.658113
-0.646818
-0.635722
-0.624843
-0.614196
-0.603798
-0.593661
-0.583798
-0.574221
-0.564942
-0.555971
-0.547316
-0.538987
-0.530994
-0.523343
-0.516044
-0.509102
-0.502527
-0.496324
-0.490500
-0.485062
-0.480015
-0.475366
-0.471120
-0.467284
-0.463863
-0.460862
-0.458286
-0.456142
-0.454433
-0.453165
-0.452343
-0.451972
-0.452057
-0.452602
-0.453612
-0.455092
-0.457047
-0.459481
-0.462398
-0.465804
-0.469703
-0.474099
-0.478997
-0.484402
-0.490317
-0.496748
-0.503699
-0.511174
-0.519177
-0.527714
-0.536788
-0.546405
-0.556568
-0.567282
-0.578551
-0.590381
-0.602774
-0.615737
-0.629273
-0.860505
-0.858734
-0.854405
-0.848175
-0.840501
-0.831712
-0.822061
-0.811735
-0.800883
-0.789626
-0.778063
-0.766275
-0.754329
-0.742284
-0.730190
-0.718090
-0.706022
-0.694018
-0.682108
-0.670318
-0.658670
-0.647187
-0.635886
-0.624787
-0.613904
-0.603253
-0.592847
-0.582698
-0.572818
-0.563217
-0.553906
-0.544894
-0.536190
-0.527801
-0.519736
-0.512003
-0.504609
-0.497560
-0.490863
-0.484525
-0.478550
-0.472946
-0.467718
-0.462871
-0.458410
-0.454342
-0.450671
-0.447401
-0.444538
-0.442087
-0.440053
-0.438439
-0.437250
-0.436491
-0.436166
-0.436279
-0.436836
-0.437840
-0.439294
-0.441205
-0.443575
-0.446409
-0.449711
-0.453485
-0.457735
-0.462466
-0.467681
-0.473384
-0.479580
-0.486272
-0.493464
-0.501161
-0.509367
-0.518085
-0.527320
-0.537076
-0.547356
-0.558165
-0.569507
-0.581386
-0.862308
-0.860543
-0.856226
-0.850010
-0.842348
-0.833569
-0.823919
-0.813586
-0.802718
-0.791434
-0.779833
-0.767994
-0.755985
-0.743863
-0.731678
-0.719473
-0.707286
-0.695148
-0.683089
-0.671134
-0.659306
-0.647625
-0.636112
-0.624783
-0.613654
-0.602739
-0.592052
-0.581604
-0.571407
-0.561470
-0.551805
-0.542420
-0.533323
-0.524521
-0.516024
-0.507838
-0.499969
-0.492426
-0.485213
-0.478337
-0.471802
-0.465616
-0.459782
-0.454307
-0.449194
-0.444450
-0.440078
-0.436083
-0.432471
-0.429244
-0.426408
-0.423967
-0.421923
-0.420283
-0.419049
-0.418227
-0.417818
-0.417829
-0.418261
-0.419120
-0.420408
-0.422130
-0.424290
-0.426890
-0.429935
-0.433428
-0.437373
-0.441774
-0.446634
-0.451956
-0.457745
-0.464004
-0.470737
-0.477947
-0.485638
-0.493813
-0.502476
-0.511631
-0.521282
-0.531430
-0.864219
-0.862460
-0.858157
-0.851957
-0.844310
-0.835541
-0.825894
-0.815557
-0.804674
-0.793364
-0.781724
-0.769834
-0.757759
-0.745558
-0.733281
-0.720968
-0.708658
-0.696382
-0.684168
-0.672042
-0.660027
-0.648143
-0.636409
-0.624841
-0.613456
-0.602267
-0.591288
-0.580529
-0.570003
-0.559718
-0.549684
-0.539911
-0.530405
-0.521175
-0.512228
-0.503570
-0.495209
-0.487152
-0.479403
-0.471967
-0.464850
-0.458058
-0.451595
-0.445466
-0.439676
-0.434229
-0.429129
-0.424381
-0.419988
-0.415956
-0.412286
-0.408985
-0.406054
-0.403497
-0.401319
-0.399523
-0.398112
-0.397090
-0.396461
-0.396226
-0.396390
-0.396956
-0.397929
-0.399309
-0.401102
-0.403310
-0.405936
-0.408983
-0.412456
-0.416355
-0.420686
-0.425452
-0.430655
-0.436298
-0.442385
-0.448919
-0.455903
-0.463339
-0.471233
-0.479585
-0.866238
-0.864486
-0.860197
-0.854015
-0.846386
-0.837629
-0.827988
-0.817647
-0.806751
-0.795415
-0.783737
-0.771795
-0.759656
-0.747375
-0.735002
-0.722579
-0.710142
-0.697723
-0.685350
-0.673049
-0.660841
-0.648747
-0.636785
-0.624971
-0.613322
-0.601850
-0.590569
-0.579489
-0.568622
-0.557976
-0.547561
-0.537386
-0.527458
-0.517784
-0.508371
-0.499226
-0.490356
-0.481766
-0.473461
-0.465447
-0.457727
-0.450308
-0.443194
-0.436389
-0.429897
-0.423723
-0.417870
-0.412342
-0.407142
-0.402275
-0.397744
-0.393553
-0.389703
-0.386199
-0.383044
-0.380241
-0.377793
-0.375703
-0.373974
-0.372609
-0.371611
-0.370982
-0.370726
-0.370846
-0.371343
-0.372221
-0.373483
-0.375132
-0.377169
-0.379598
-0.382422
-0.385643
-0.389264
-0.393287
-0.397716
-0.402553
-0.407800
-0.413461
-0.419538
-0.426033
-0.868363
-0.866618
-0.862347
-0.856185
-0.848575
-0.839834
-0.830201
-0.819859
-0.808950
-0.797590
-0.785875
-0.773882
-0.761676
-0.749314
-0.736845
-0.724310
-0.711744
-0.699180
-0.686644
-0.674163
-0.661757
-0.649446
-0.637250
-0.625184
-0.613263
-0.601500
-0.589908
-0.578497
-0.567279
-0.556262
-0.545454
-0.534865
-0.524501
-0.514370
-0.504477
-0.494831
-0.485435
-0.476297
-0.467420
-0.458809
-0.450468
-0.442403
-0.434618
-0.427116
-0.419902
-0.412978
-0.406348
-0.400017
-0.393986
-0.388260
-0.382841
-0.377732
-0.372937
-0.368457
-0.364295
-0.360455
-0.356939
-0.353749
-0.350888
-0.348358
-0.346163
-0.344303
-0.342783
-0.341604
-0.340768
-0.340277
-0.340135
-0.340342
-0.340903
-0.341817
-0.343089
-0.344720
-0.346713
-0.349069
-0.351791
-0.354881
-0.358342
-0.362175
-0.366382
-0.370966
-0.870595
-0.868859
-0.864606
-0.858467
-0.850879
-0.842156
-0.832534
-0.822193
-0.811274
-0.799892
-0.788140
-0.776096
-0.763825
-0.751382
-0.738815
-0.726166
-0.713469
-0.700756
-0.688055
-0.675390
-0.662782
-0.650251
-0.637815
-0.625490
-0.613290
-0.601229
-0.589319
-0.577569
-0.565990
-0.554592
-0.543382
-0.532368
-0.521558
-0.510957
-0.500573
-0.490411
-0.480476
-0.470775
-0.461310
-0.452087
-0.443109
-0.434381
-0.425907
-0.417690
-0.409734
-0.402041
-0.394615
-0.387459
-0.380575
-0.373967
-0.367637
-0.361587
-0.355821
-0.350339
-0.345145
-0.340241
-0.335629
-0.331311
-0.327289
-0.323565
-0.320141
-0.317020
-0.314203
-0.311692
-0.309488
-0.307594
-0.306011
-0.304742
-0.303788
-0.303150
-0.302831
-0.302832
-0.303156
-0.303803
-0.304775
-0.306075
-0.307703
-0.309663
-0.311954
-0.314579
-0.872932
-0.871206
-0.866974
-0.860860
-0.853298
-0.844596
-0.834987
-0.824650
-0.813724
-0.802321
-0.790534
-0.778441
-0.766105
-0.753581
-0.740916
-0.728152
-0.715323
-0.702460
-0.689591
-0.676739
-0.663925
-0.651170
-0.638489
-0.625901
-0.613417
-0.601051
-0.588815
-0.576720
-0.564773
-0.552986
-0.541364
-0.529916
-0.518649
-0.507569
-0.496681
-0.485992
-0.475507
-0.465230
-0.455164
-0.445315
-0.435686
-0.426281
-0.417102
-0.408154
-0.399439
-0.390960
-0.382719
-0.374720
-0.366965
-0.359455
-0.352194
-0.345183
-0.338424
-0.331919
-0.325669
-0.319678
-0.313946
-0.308475
-0.303267
-0.298323
-0.293645
-0.289234
-0.285092
-0.281220
-0.277620
-0.274292
-0.271239
-0.268461
-0.265959
-0.263736
-0.261793
-0.260129
-0.258748
-0.257650
-0.256836
-0.256308
-0.256066
-0.256113
-0.256448
-0.257074
-0.875376
-0.873659
-0.869450
-0.863365
-0.855832
-0.847154
-0.837563
-0.827232
-0.816301
-0.804879
-0.793060
-0.780919
-0.768519
-0.755914
-0.743152
-0.730272
-0.717311
-0.704297
-0.691258
-0.678217
-0.665195
-0.652212
-0.639284
-0.626427
-0.613655
-0.600979
-0.588413
-0.575965
-0.563645
-0.551461
-0.539420
-0.527530
-0.515799
-0.504230
-0.492830
-0.481604
-0.470557
-0.459693
-0.449016
-0.438530
-0.428237
-0.418141
-0.408245
-0.398552
-0.389064
-0.379784
-0.370714
-0.361856
-0.353213
-0.344785
-0.336575
-0.328585
-0.320815
-0.313268
-0.305944
-0.298846
-0.291974
-0.285330
-0.278914
-0.272728
-0.266773
-0.261049
-0.255559
-0.250302
-0.245280
-0.240494
-0.235944
-0.231631
-0.227556
-0.223719
-0.220123
-0.216766
-0.213651
-0.210777
-0.208146
-0.205759
-0.203615
-0.201716
-0.200062
-0.198654
-0.877924
-0.876218
-0.872034
-0.865982
-0.858480
-0.849831
-0.840260
-0.829940
-0.819007
-0.807570
-0.795720
-0.783533
-0.771071
-0.758387
-0.745528
-0.732534
-0.719439
-0.706273
-0.693063
-0.679832
-0.666601
-0.653387
-0.640209
-0.627081
-0.614017
-0.601028
-0.588126
-0.575321
-0.562622
-0.550036
-0.537570
-0.525233
-0.513029
-0.500964
-0.489044
-0.477274
-0.465657
-0.454198
-0.442900
-0.431766
-0.420799
-0.410002
-0.399378
-0.388929
-0.378657
-0.368564
-0.358652
-0.348922
-0.339377
-0.330018
-0.320846
-0.311862
-0.303066
-0.294462
-0.286048
-0.277827
-0.269798
-0.261963
-0.254322
-0.246876
-0.239626
-0.232572
-0.225714
-0.219053
-0.212589
-0.206323
-0.200256
-0.194386
-0.188716
-0.183244
-0.177972
-0.172899
-0.168026
-0.163353
-0.158880
-0.154608
-0.150536
-0.146666
-0.142996
-0.139527
-0.880576
-0.878882
-0.874726
-0.868709
-0.861244
-0.852627
-0.843081
-0.832775
-0.821843
-0.810394
-0.798516
-0.786286
-0.773764
-0.761003
-0.748049
-0.734940
-0.721713
-0.708396
-0.695015
-0.681593
-0.668151
-0.654706
-0.641276
-0.627875
-0.614516
-0.601211
-0.587971
-0.574805
-0.561723
-0.548730
-0.535835
-0.523044
-0.510363
-0.497798
-0.485352
-0.473030
-0.460837
-0.448776
-0.436849
-0.425061
-0.413412
-0.401906
-0.390545
-0.379330
-0.368265
-0.357349
-0.346586
-0.335975
-0.325518
-0.315216
-0.305071
-0.295081
-0.285249
-0.275575
-0.266059
-0.256702
-0.247504
-0.238465
-0.229586
-0.220867
-0.212308
-0.203908
-0.195668
-0.187588
-0.179668
-0.171907
-0.164306
-0.156864
-0.149582
-0.142458
-0.135493
-0.128686
-0.122038
-0.115548
-0.109215
-0.103039
-0.097021
-0.091159
-0.085453
-0.079904
-0.883332
-0.881652
-0.877526
-0.871547
-0.864123
-0.855543
-0.846025
-0.835738
-0.824811
-0.813354
-0.801453
-0.789182
-0.776602
-0.763767
-0.750719
-0.737498
-0.724140
-0.710672
-0.697121
-0.683508
-0.669855
-0.656178
-0.642496
-0.628820
-0.615165
-0.601542
-0.587962
-0.574434
-0.560965
-0.547563
-0.534236
-0.520988
-0.507827
-0.494755
-0.481779
-0.468902
-0.456128
-0.443460
-0.430900
-0.418450
-0.406114
-0.393893
-0.381789
-0.369803
-0.357937
-0.346192
-0.334570
-0.323070
-0.311694
-0.300443
-0.289316
-0.278313
-0.267436
-0.256684
-0.246057
-0.235556
-0.225180
-0.214928
-0.204802
-0.194800
-0.184921
-0.175166
-0.165534
-0.156025
-0.146638
-0.137372
-0.128227
-0.119202
-0.110296
-0.101509
-0.092840
-0.084288
-0.075853
-0.067533
-0.059328
-0.051237
-0.043259
-0.035394
-0.027640
-0.019997
-0.886190
-0.884524
-0.880432
-0.874497
-0.867117
-0.858578
-0.849094
-0.838830
-0.827914
-0.816452
-0.804530
-0.792223
-0.779589
-0.766681
-0.753542
-0.740212
-0.726724
-0.713108
-0.699387
-0.685585
-0.671722
-0.657814
-0.643879
-0.629929
-0.615978
-0.602037
-0.588116
-0.574223
-0.560367
-0.546555
-0.532793
-0.519087
-0.505442
-0.491863
-0.478355
-0.464919
-0.451561
-0.438283
-0.425085
-0.411972
-0.398945
-0.386005
-0.373154
-0.360393
-0.347723
-0.335145
-0.322659
-0.310267
-0.297967
-0.285760
-0.273647
-0.261627
-0.249700
-0.237865
-0.226123
-0.214472
-0.202913
-0.191443
-0.180064
-0.168774
-0.157571
-0.146456
-0.135426
-0.124482
-0.113623
-0.102846
-0.092151
-0.081537
-0.071003
-0.060547
-0.050168
-0.039865
-0.029637
-0.019482
-0.009399
0.000613
0.010556
0.020431
0.030239
0.039982
-0.889150
-0.887500
-0.883444
-0.877556
-0.870227
-0.861734
-0.852289
-0.842052
-0.831151
-0.819690
-0.807752
-0.795412
-0.782728
-0.769751
-0.756525
-0.743087
-0.729474
-0.715711
-0.701823
-0.687833
-0.673761
-0.659624
-0.645437
-0.631214
-0.616968
-0.602709
-0.588447
-0.574191
-0.559947
-0.545724
-0.531527
-0.517362
-0.503234
-0.489147
-0.475105
-0.461111
-0.447168
-0.433277
-0.419442
-0.405664
-0.391944
-0.378284
-0.364685
-0.351147
-0.337672
-0.324259
-0.310908
-0.297621
-0.284396
-0.271233
-0.258133
-0.245093
-0.232115
-0.219196
-0.206336
-0.193535
-0.180791
-0.168103
-0.155469
-0.142889
-0.130362
-0.117885
-0.105457
-0.093078
-0.080745
-0.068457
-0.056212
-0.044009
-0.031846
-0.019721
-0.007632
0.004421
0.016442
0.028432
0.040392
0.052325
0.064232
0.076115
0.087977
0.099818
-0.892211
-0.890578
-0.886562
-0.880726
-0.873451
-0.865010
-0.855609
-0.845407
-0.834526
-0.823069
-0.811121
-0.798753
-0.786023
-0.772981
-0.759671
-0.746130
-0.732394
-0.718487
-0.704435
-0.690261
-0.675983
-0.661618
-0.647182
-0.632688
-0.618148
-0.603573
-0.588972
-0.574353
-0.559724
-0.545091
-0.530461
-0.515838
-0.501228
-0.486634
-0.472059
-0.457507
-0.442979
-0.428478
-0.414006
-0.399563
-0.385152
-0.370772
-0.356426
-0.342112
-0.327832
-0.313585
-0.299372
-0.285191
-0.271042
-0.256925
-0.242838
-0.228781
-0.214753
-0.200752
-0.186778
-0.172828
-0.158902
-0.144997
-0.131113
-0.117247
-0.103397
-0.089562
-0.075741
-0.061930
-0.048128
-0.034333
-0.020543
-0.006755
0.007032
0.020820
0.034613
0.048411
0.062219
0.076036
0.089867
0.103713
0.117577
0.131461
0.145368
0.159299
-0.895372
-0.893758
-0.889785
-0.884005
-0.876791
-0.868408
-0.859057
-0.848894
-0.838039
-0.826593
-0.814639
-0.802248
-0.789477
-0.776374
-0.762985
-0.749346
-0.735490
-0.721444
-0.707232
-0.692877
-0.678396
-0.663807
-0.649125
-0.634363
-0.619532
-0.604644
-0.589706
-0.574727
-0.559715
-0.544676
-0.529615
-0.514537
-0.499448
-0.484349
-0.469244
-0.454136
-0.439026
-0.423918
-0.408811
-0.393707
-0.378607
-0.363512
-0.348421
-0.333335
-0.318254
-0.303177
-0.288104
-0.273034
-0.257965
-0.242898
-0.227831
-0.212761
-0.197689
-0.182611
-0.167528
-0.152436
-0.137334
-0.122219
-0.107091
-0.091945
-0.076782
-0.061597
-0.046389
-0.031155
-0.015893
-0.000601
0.014725
0.030087
0.045487
0.060928
0.076413
0.091945
0.107526
0.123160
0.138848
0.154594
0.170401
0.186271
0.202208
0.218213
-0.898631
-0.897037
-0.893112
-0.887394
-0.880246
-0.871926
-0.862633
-0.852514
-0.841692
-0.830263
-0.818309
-0.805901
-0.793094
-0.779936
-0.766473
-0.752741
-0.738770
-0.724590
-0.710222
-0.695690
-0.681010
-0.666201
-0.651277
-0.636251
-0.621134
-0.605936
-0.590666
-0.575332
-0.559941
-0.544499
-0.529011
-0.513483
-0.497917
-0.482318
-0.466687
-0.451028
-0.435342
-0.419630
-0.403893
-0.388133
-0.372350
-0.356544
-0.340715
-0.324862
-0.308986
-0.293086
-0.277160
-0.261207
-0.245226
-0.229217
-0.213176
-0.197102
-0.180994
-0.164849
-0.148665
-0.132440
-0.116173
-0.099859
-0.083497
-0.067084
-0.050618
-0.034096
-0.017514
-0.000871
0.015837
0.032613
0.049460
0.066380
0.083378
0.100456
0.117617
0.134864
0.152201
0.169631
0.187158
0.204784
0.222513
0.240349
0.258294
0.276352
-0.901987
-0.900416
-0.896542
-0.890891
-0.883816
-0.875567
-0.866336
-0.856270
-0.845487
-0.834081
-0.822134
-0.809714
-0.796877
-0.783671
-0.770139
-0.756319
-0.742240
-0.727929
-0.713412
-0.698708
-0.683835
-0.668812
-0.653651
-0.638366
-0.622967
-0.607465
-0.591867
-0.576183
-0.560418
-0.544579
-0.528671
-0.512697
-0.496661
-0.480567
-0.464417
-0.448212
-0.431955
-0.415647
-0.399288
-0.382878
-0.366419
-0.349910
-0.333350
-0.316740
-0.300077
-0.283362
-0.266592
-0.249767
-0.232884
-0.215942
-0.198939
-0.181872
-0.164740
-0.147540
-0.130269
-0.112925
-0.095505
-0.078006
-0.060426
-0.042761
-0.025008
-0.007165
0.010773
0.028808
0.046944
0.065185
0.083533
0.101992
0.120566
0.139258
0.158072
0.177012
0.196081
0.215284
0.234623
0.254104
0.273728
0.293501
0.313426
0.333507
-0.905439
-0.903892
-0.900075
-0.894497
-0.887500
-0.879329
-0.870169
-0.860162
-0.849425
-0.838049
-0.826115
-0.813691
-0.800831
-0.787582
-0.773989
-0.760086
-0.745904
-0.731471
-0.716809
-0.701940
-0.686880
-0.671648
-0.656256
-0.640718
-0.625044
-0.609244
-0.593326
-0.577298
-0.561166
-0.544937
-0.528614
-0.512202
-0.495703
-0.479122
-0.462459
-0.445718
-0.428898
-0.412002
-0.395029
-0.377979
-0.360853
-0.343651
-0.326371
-0.309013
-0.291575
-0.274057
-0.256455
-0.238770
-0.220997
-0.203136
-0.185185
-0.167140
-0.148998
-0.130758
-0.112416
-0.093970
-0.075415
-0.056750
-0.037970
-0.019072
-0.000052
0.019092
0.038364
0.057769
0.077310
0.096991
0.116816
0.136788
0.156912
0.177192
0.197632
0.218235
0.239008
0.259952
0.281073
0.302375
0.323861
0.345538
0.367408
0.389476
-0.908986
-0.907465
-0.903709
-0.898209
-0.891299
-0.883213
-0.874130
-0.864191
-0.853507
-0.842169
-0.830255
-0.817835
-0.804958
-0.791675
-0.778026
-0.764048
-0.749771
-0.735221
-0.720422
-0.705394
-0.690155
-0.674721
-0.659105
-0.643321
-0.627379
-0.611288
-0.595057
-0.578693
-0.562202
-0.545591
-0.528862
-0.512020
-0.495067
-0.478007
-0.460842
-0.443573
-0.426201
-0.408727
-0.391150
-0.373472
-0.355691
-0.337807
-0.319820
-0.301727
-0.283527
-0.265219
-0.246801
-0.228269
-0.209624
-0.190860
-0.171977
-0.152971
-0.133838
-0.114577
-0.095184
-0.075655
-0.055986
-0.036176
-0.016218
0.003889
0.024151
0.044571
0.065152
0.085900
0.106819
0.127912
0.149184
0.170639
0.192282
0.214118
0.236150
0.258384
0.280823
0.303473
0.326339
0.349424
0.372734
0.396273
0.420047
0.444059
-0.912626
-0.911133
-0.907442
-0.902029
-0.895212
-0.887219
-0.878222
-0.868359
-0.857735
-0.846443
-0.834557
-0.822147
-0.809263
-0.795952
-0.782256
-0.768210
-0.753845
-0.739187
-0.724258
-0.709079
-0.693668
-0.678040
-0.662209
-0.646187
-0.629985
-0.613612
-0.597077
-0.580386
-0.563545
-0.546560
-0.529435
-0.512173
-0.494777
-0.477249
-0.459592
-0.441807
-0.423894
-0.405854
-0.387687
-0.369392
-0.350970
-0.332419
-0.313738
-0.294926
-0.275980
-0.256899
-0.237680
-0.218321
-0.198820
-0.179173
-0.159377
-0.139430
-0.119328
-0.099068
-0.078645
-0.058058
-0.037300
-0.016369
0.004739
0.026030
0.047506
0.069172
0.091033
0.113093
0.135357
0.157830
0.180515
0.203419
0.226545
0.249899
0.273486
0.297310
0.321376
0.345691
0.370258
0.395082
0.420170
0.445526
0.471155
0.497063
-0.916357
-0.914895
-0.911274
-0.905954
-0.899239
-0.891347
-0.882445
-0.872665
-0.862111
-0.850872
-0.839024
-0.826633
-0.813748
-0.800418
-0.786683
-0.772578
-0.758134
-0.743375
-0.728325
-0.713004
-0.697429
-0.681616
-0.665578
-0.649328
-0.632875
-0.616230
-0.599400
-0.582392
-0.565212
-0.547864
-0.530353
-0.512682
-0.494854
-0.476871
-0.458735
-0.440446
-0.422005
-0.403414
-0.384670
-0.365775
-0.346727
-0.327525
-0.308168
-0.288653
-0.268979
-0.249143
-0.229144
-0.208977
-0.188641
-0.168132
-0.147447
-0.126582
-0.105535
-0.084300
-0.062875
-0.041254
-0.019435
0.002587
0.024817
0.047259
0.069918
0.092798
0.115905
0.139243
0.162816
0.186631
0.210692
0.235004
0.259573
0.284403
0.309501
0.334871
0.360519
0.386450
0.412670
0.439185
0.465999
0.493120
0.520551
0.548299
-0.920177
-0.918749
-0.915204
-0.909984
-0.903379
-0.895597
-0.886798
-0.877110
-0.866635
-0.855459
-0.843657
-0.831293
-0.818417
-0.805077
-0.791311
-0.777156
-0.762642
-0.747792
-0.732630
-0.717176
-0.701447
-0.685458
-0.669224
-0.652755
-0.636063
-0.619156
-0.602042
-0.584728
-0.567220
-0.549521
-0.531637
-0.513570
-0.495323
-0.476898
-0.458296
-0.439518
-0.420565
-0.401437
-0.382134
-0.362655
-0.342999
-0.323164
-0.303148
-0.282951
-0.262568
-0.241999
-0.221240
-0.200288
-0.179141
-0.157794
-0.136245
-0.114488
-0.092522
-0.070341
-0.047941
-0.025319
-0.002469
0.020613
0.043931
0.067491
0.091297
0.115355
0.139670
0.164246
0.189089
0.214205
0.239598
0.265275
0.291241
0.317501
0.344062
0.370929
0.398107
0.425604
0.453423
0.481573
0.510057
0.538884
0.568057
0.597584
-0.924085
-0.922692
-0.919230
-0.914117
-0.907632
-0.899969
-0.891282
-0.881696
-0.871309
-0.860206
-0.848459
-0.836132
-0.823274
-0.809932
-0.796146
-0.781950
-0.767375
-0.752444
-0.737179
-0.721603
-0.705730
-0.689577
-0.673156
-0.656480
-0.639559
-0.622403
-0.605017
-0.587410
-0.569585
-0.551549
-0.533305
-0.514856
-0.496205
-0.477352
-0.458301
-0.439050
-0.419601
-0.399955
-0.380110
-0.360065
-0.339819
-0.319371
-0.298719
-0.277860
-0.256792
-0.235512
-0.214018
-0.192305
-0.170372
-0.148214
-0.125828
-0.103209
-0.080353
-0.057256
-0.033915
-0.010323
0.013524
0.037630
0.062001
0.086641
0.111556
0.136751
0.162232
0.188004
0.214073
0.240444
0.267123
0.294117
0.321430
0.349070
0.377041
0.405350
0.434004
0.463008
0.492369
0.522093
0.552185
0.582654
0.613505
0.644744
-0.928078
-0.926723
-0.923349
-0.918353
-0.911997
-0.904463
-0.895898
-0.886424
-0.876135
-0.865114
-0.853431
-0.841151
-0.828321
-0.814988
-0.801192
-0.786965
-0.772339
-0.757337
-0.741981
-0.726293
-0.710288
-0.693981
-0.677386
-0.660515
-0.643378
-0.625983
-0.608340
-0.590452
-0.572326
-0.553966
-0.535377
-0.516561
-0.497521
-0.478258
-0.458773
-0.439067
-0.419141
-0.398995
-0.378627
-0.358037
-0.337223
-0.316183
-0.294916
-0.273419
-0.251690
-0.229725
-0.207521
-0.185076
-0.162385
-0.139445
-0.116252
-0.092801
-0.069088
-0.045109
-0.020860
0.003666
0.028472
0.053565
0.078948
0.104628
0.130609
0.156899
0.183502
0.210423
0.237670
0.265247
0.293162
0.321420
0.350027
0.378990
0.408315
0.438008
0.468077
0.498527
0.529365
0.560598
0.592232
0.624274
0.656732
0.689610
-0.932153
-0.930840
-0.927562
-0.922691
-0.916473
-0.909077
-0.900646
-0.891294
-0.881113
-0.870184
-0.858577
-0.846354
-0.833562
-0.820249
-0.806452
-0.792206
-0.777540
-0.762478
-0.747042
-0.731254
-0.715128
-0.698680
-0.681924
-0.664870
-0.647530
-0.629912
-0.612023
-0.593869
-0.575457
-0.556790
-0.537871
-0.518705
-0.499293
-0.479637
-0.459737
-0.439595
-0.419211
-0.398585
-0.377716
-0.356602
-0.335243
-0.313635
-0.291778
-0.269669
-0.247304
-0.224681
-0.201796
-0.178646
-0.155228
-0.131537
-0.107569
-0.083320
-0.058785
-0.033960
-0.008840
0.016581
0.042308
0.068345
0.094699
0.121374
0.148377
0.175714
0.203390
0.231412
0.259785
0.288516
0.317612
0.347078
0.376921
0.407148
0.437766
0.468781
0.500200
0.532029
0.564277
0.596949
0.630052
0.663595
0.697583
0.732024
-0.936309
-0.935041
-0.931866
-0.927130
-0.921059
-0.913814
-0.905526
-0.896306
-0.886245
-0.875419
-0.863897
-0.851742
-0.839000
-0.825717
-0.811932
-0.797677
-0.782983
-0.767874
-0.752370
-0.736493
-0.720259
-0.703683
-0.686778
-0.669556
-0.652027
-0.634200
-0.616081
-0.597677
-0.578994
-0.560035
-0.540805
-0.521306
-0.501540
-0.481510
-0.461215
-0.440657
-0.419837
-0.398753
-0.377405
-0.355791
-0.333911
-0.311761
-0.289339
-0.266644
-0.243671
-0.220419
-0.196884
-0.173061
-0.148947
-0.124539
-0.099831
-0.074820
-0.049500
-0.023866
0.002085
0.028360
0.054965
0.081903
0.109182
0.136807
0.164783
0.193118
0.221816
0.250885
0.280330
0.310159
0.340377
0.370992
0.402010
0.433439
0.465284
0.497553
0.530254
0.563393
0.596977
0.631013
0.665510
0.700474
0.735913
0.771833
-0.940543
-0.939322
-0.936258
-0.931667
-0.925755
-0.918671
-0.910537
-0.901462
-0.891531
-0.880819
-0.869395
-0.857319
-0.844637
-0.831397
-0.817634
-0.803384
-0.788674
-0.773528
-0.757969
-0.742018
-0.725690
-0.708999
-0.691960
-0.674583
-0.656881
-0.638860
-0.620527
-0.601890
-0.582952
-0.563720
-0.544196
-0.524383
-0.504283
-0.483898
-0.463229
-0.442277
-0.421043
-0.399525
-0.377722
-0.355633
-0.333257
-0.310590
-0.287633
-0.264380
-0.240830
-0.216980
-0.192825
-0.168362
-0.143588
-0.118497
-0.093086
-0.067350
-0.041284
-0.014883
0.011858
0.038944
0.066381
0.094175
0.122331
0.150855
0.179754
0.209034
0.238700
0.268760
0.299221
0.330087
0.361367
0.393068
0.425197
0.457760
0.490764
0.524218
0.558127
0.592501
0.627345
0.662668
0.698477
0.734780
0.771584
0.808897
-0.944852
-0.943682
-0.940738
-0.936301
-0.930560
-0.923648
-0.915681
-0.906762
-0.896972
-0.886387
-0.875072
-0.863086
-0.850477
-0.837291
-0.823564
-0.809330
-0.794616
-0.779448
-0.763848
-0.747836
-0.731427
-0.714636
-0.697477
-0.679963
-0.662102
-0.643903
-0.625374
-0.606520
-0.587347
-0.567859
-0.548060
-0.527952
-0.507539
-0.486822
-0.465801
-0.444478
-0.422853
-0.400925
-0.378692
-0.356155
-0.333310
-0.310156
-0.286691
-0.262911
-0.238815
-0.214399
-0.189658
-0.164590
-0.139191
-0.113455
-0.087379
-0.060958
-0.034188
-0.007062
0.020424
0.048276
0.076499
0.105099
0.134083
0.163455
0.193223
0.223392
0.253970
0.284963
0.316377
0.348220
0.380498
0.413219
0.446389
0.480017
0.514109
0.548673
0.583716
0.619245
0.655270
0.691797
0.728834
0.766389
0.804470
0.843083
-0.949232
-0.948119
-0.945302
-0.941031
-0.935472
-0.928746
-0.920958
-0.912206
-0.902570
-0.892123
-0.880929
-0.869046
-0.856523
-0.843403
-0.829724
-0.815519
-0.800815
-0.785639
-0.770011
-0.753952
-0.737477
-0.720602
-0.703339
-0.685703
-0.667700
-0.649342
-0.630633
-0.611581
-0.592190
-0.572467
-0.552413
-0.532033
-0.511328
-0.490300
-0.468950
-0.447280
-0.425289
-0.402977
-0.380341
-0.357382
-0.334097
-0.310485
-0.286543
-0.262269
-0.237659
-0.212711
-0.187420
-0.161783
-0.135796
-0.109454
-0.082754
-0.055690
-0.028257
-0.000451
0.027734
0.056304
0.085264
0.114620
0.144378
0.174545
0.205126
0.236128
0.267558
0.299422
0.331727
0.364481
0.397690
0.431362
0.465504
0.500124
0.535228
0.570825
0.606922
0.643527
0.680648
0.718293
0.756470
0.795186
0.834451
0.874271
-0.953681
-0.952627
-0.949948
-0.945855
-0.940491
-0.933963
-0.926366
-0.917794
-0.908326
-0.898028
-0.886968
-0.875201
-0.862776
-0.849736
-0.836118
-0.821956
-0.807276
-0.792105
-0.776465
-0.760374
-0.743849
-0.726904
-0.709555
-0.691813
-0.673687
-0.655185
-0.636316
-0.617085
-0.597497
-0.577558
-0.557271
-0.536640
-0.515666
-0.494351
-0.472697
-0.450704
-0.428373
-0.405703
-0.382693
-0.359341
-0.335646
-0.311606
-0.287220
-0.262483
-0.237394
-0.211949
-0.186144
-0.159975
-0.133440
-0.106533
-0.079250
-0.051586
-0.023537
0.004904
0.033740
0.062979
0.092625
0.122684
0.153163
0.184067
0.215404
0.247179
0.279400
0.312072
0.345203
0.378801
0.412872
0.447424
0.482464
0.518000
0.554039
0.590589
0.627658
0.665254
0.703385
0.742059
0.781284
0.821069
0.861421
0.902349
-0.958194
-0.957206
-0.954674
-0.950771
-0.945616
-0.939298
-0.931907
-0.923528
-0.914239
-0.904105
-0.893191
-0.881553
-0.869239
-0.856292
-0.842750
-0.828644
-0.814003
-0.798853
-0.783214
-0.767107
-0.750548
-0.733551
-0.716132
-0.698302
-0.680070
-0.661445
-0.642434
-0.623044
-0.603280
-0.583147
-0.562648
-0.541788
-0.520569
-0.498991
-0.477058
-0.454769
-0.432125
-0.409125
-0.385768
-0.362054
-0.337980
-0.313545
-0.288746
-0.263582
-0.238048
-0.212143
-0.185862
-0.159201
-0.132158
-0.104727
-0.076905
-0.048686
-0.020066
0.008961
0.038400
0.068257
0.098536
0.129244
0.160388
0.191972
0.224005
0.256491
0.289439
0.322854
0.356744
0.391116
0.425977
0.461335
0.497198
0.533572
0.570466
0.607887
0.645844
0.684344
0.723395
0.763007
0.803186
0.843942
0.885283
0.927217
-0.962768
-0.961850
-0.959476
-0.955778
-0.950845
-0.944752
-0.937579
-0.929408
-0.920310
-0.910353
-0.899599
-0.888104
-0.875915
-0.863075
-0.849623
-0.835588
-0.821001
-0.805885
-0.790265
-0.774158
-0.757581
-0.740549
-0.723078
-0.705178
-0.686860
-0.668130
-0.648998
-0.629470
-0.609550
-0.589245
-0.568558
-0.547493
-0.526052
-0.504238
-0.482051
-0.459493
-0.436563
-0.413262
-0.389589
-0.365543
-0.341121
-0.316324
-0.291147
-0.265590
-0.239649
-0.213321
-0.186603
-0.159491
-0.131981
-0.104070
-0.075753
-0.047024
-0.017881
0.011684
0.041674
0.072096
0.102954
0.134256
0.166006
0.198212
0.230879
0.264014
0.297623
0.331714
0.366294
0.401369
0.436947
0.473036
0.509643
0.546777
0.584443
0.622651
0.661408
0.700723
0.740603
0.781058
0.822095
0.863723
0.905951
0.948786
-0.967398
-0.966557
-0.964353
-0.960873
-0.956176
-0.950324
-0.943383
-0.935432
-0.926541
-0.916774
-0.906194
-0.894855
-0.882805
-0.870087
-0.856738
-0.842790
-0.828272
-0.813208
-0.797621
-0.781531
-0.764954
-0.747906
-0.730400
-0.712450
-0.694064
-0.675250
-0.656018
-0.636372
-0.616320
-0.595866
-0.575014
-0.553768
-0.532131
-0.510105
-0.487692
-0.464892
-0.441706
-0.418134
-0.394175
-0.369828
-0.345092
-0.319966
-0.294447
-0.268533
-0.242222
-0.215510
-0.188395
-0.160872
-0.132939
-0.104591
-0.075824
-0.046634
-0.017015
0.013036
0.043526
0.074460
0.105843
0.137680
0.169979
0.202744
0.235984
0.269702
0.303908
0.338606
0.373804
0.409510
0.445731
0.482473
0.519746
0.557556
0.595911
0.634819
0.674289
0.714327
0.754943
0.796145
0.837941
0.880340
0.923351
0.966981
-0.972080
-0.971321
-0.969300
-0.966054
-0.961610
-0.956012
-0.949318
-0.941603
-0.932931
-0.923369
-0.912977
-0.901808
-0.889912
-0.877330
-0.864100
-0.850254
-0.835820
-0.820825
-0.805289
-0.789233
-0.772673
-0.755626
-0.738106
-0.720124
-0.701690
-0.682813
-0.663502
-0.643762
-0.623599
-0.603019
-0.582027
-0.560625
-0.538818
-0.516607
-0.493995
-0.470982
-0.447569
-0.423756
-0.399543
-0.374929
-0.349912
-0.324492
-0.298666
-0.272432
-0.245789
-0.218733
-0.191261
-0.163370
-0.135057
-0.106318
-0.077148
-0.047544
-0.017500
0.012988
0.043925
0.075316
0.107166
0.139482
0.172269
0.205534
0.239281
0.273518
0.308252
0.343487
0.379233
0.415496
0.452282
0.489600
0.527458
0.565862
0.604820
0.644341
0.684433
0.725102
0.766358
0.808209
0.850664
0.893732
0.937419
0.981736
-0.976808
-0.976139
-0.974315
-0.971319
-0.967145
-0.961816
-0.955384
-0.947918
-0.939481
-0.930138
-0.919948
-0.908964
-0.897236
-0.884805
-0.871711
-0.857982
-0.843650
-0.828739
-0.813271
-0.797268
-0.780744
-0.763717
-0.746201
-0.728208
-0.709747
-0.690828
-0.671459
-0.651647
-0.631397
-0.610716
-0.589608
-0.568077
-0.546126
-0.523758
-0.500975
-0.477778
-0.454169
-0.430146
-0.405711
-0.380861
-0.355598
-0.329919
-0.303823
-0.277307
-0.250371
-0.223011
-0.195224
-0.167008
-0.138359
-0.109274
-0.079748
-0.049778
-0.019360
0.011512
0.042842
0.074636
0.106897
0.139632
0.172847
0.206547
0.240739
0.275428
0.310621
0.346324
0.382544
0.419289
0.456564
0.494379
0.532740
0.571654
0.611130
0.651174
0.691796
0.733003
0.774803
0.817205
0.860217
0.903848
0.948106
0.992999
-0.981578
-0.981006
-0.979395
-0.976665
-0.972778
-0.967735
-0.961581
-0.954380
-0.946192
-0.937081
-0.927108
-0.916325
-0.904780
-0.892517
-0.879572
-0.865977
-0.851764
-0.836955
-0.821573
-0.805639
-0.789170
-0.772183
-0.754691
-0.736707
-0.718241
-0.699302
-0.679898
-0.660037
-0.639724
-0.618966
-0.597768
-0.576133
-0.554066
-0.531569
-0.508644
-0.485293
-0.461517
-0.437317
-0.412692
-0.387642
-0.362167
-0.336265
-0.309935
-0.283176
-0.255986
-0.228363
-0.200303
-0.171805
-0.142866
-0.113481
-0.083647
-0.053361
-0.022618
0.008586
0.040255
0.072395
0.105010
0.138105
0.171687
0.205760
0.240330
0.275404
0.310988
0.347087
0.383709
0.420860
0.458547
0.496778
0.535560
0.574900
0.614805
0.655285
0.696345
0.737995
0.780242
0.823094
0.866561
0.910651
0.955371
1.000730
-0.986383
-0.985917
-0.984535
-0.982092
-0.978508
-0.973768
-0.967908
-0.960986
-0.953063
-0.944200
-0.934459
-0.923891
-0.912545
-0.900465
-0.887687
-0.874243
-0.860164
-0.845475
-0.830197
-0.814352
-0.797957
-0.781030
-0.763583
-0.745629
-0.727178
-0.708241
-0.688826
-0.668940
-0.648588
-0.627779
-0.606516
-0.584804
-0.562648
-0.540050
-0.517013
-0.493539
-0.469628
-0.445282
-0.420501
-0.395284
-0.369632
-0.343544
-0.317019
-0.290055
-0.262651
-0.234806
-0.206516
-0.177780
-0.148594
-0.118956
-0.088863
-0.058310
-0.027294
0.004189
0.036143
0.068573
0.101484
0.134880
0.168767
0.203149
0.238034
0.273425
0.309330
0.345754
0.382704
0.420186
0.458207
0.496774
0.535895
0.575576
0.615824
0.656648
0.698055
0.740053
0.782649
0.825852
0.869671
0.914113
0.959187
1.004901
-0.991217
-0.990867
-0.989733
-0.987595
-0.984334
-0.979914
-0.974364
-0.967738
-0.960095
-0.951495
-0.942000
-0.931664
-0.920533
-0.908651
-0.896056
-0.882780
-0.868854
-0.854302
-0.839148
-0.823411
-0.807109
-0.790261
-0.772880
-0.754977
-0.736565
-0.717653
-0.698250
-0.678362
-0.657997
-0.637161
-0.615861
-0.594100
-0.571882
-0.549213
-0.526093
-0.502526
-0.478512
-0.454053
-0.429149
-0.403800
-0.378007
-0.351769
-0.325086
-0.297957
-0.270380
-0.242353
-0.213876
-0.184946
-0.155560
-0.125716
-0.095410
-0.064641
-0.033403
-0.001694
0.030491
0.063156
0.096304
0.129941
0.164072
0.198701
0.233834
0.269476
0.305633
0.342310
0.379515
0.417252
0.455529
0.494352
0.533729
0.573666
0.614170
0.655249
0.696910
0.739161
0.782009
0.825463
0.869530
0.914220
0.959540
1.005497
-0.996073
-0.995850
-0.994984
-0.993173
-0.990255
-0.986173
-0.980950
-0.974635
-0.967287
-0.958966
-0.949734
-0.939644
-0.928743
-0.917078
-0.904683
-0.891592
-0.877836
-0.863440
-0.848427
-0.832817
-0.816630
-0.799882
-0.782587
-0.764758
-0.746406
-0.727542
-0.708175
-0.688310
-0.667957
-0.647122
-0.625810
-0.604027
-0.581777
-0.559065
-0.535893
-0.512264
-0.488179
-0.463639
-0.438647
-0.413201
-0.387303
-0.360952
-0.334149
-0.306893
-0.279183
-0.251018
-0.222395
-0.193315
-0.163775
-0.133771
-0.103302
-0.072365
-0.040957
-0.009074
0.023287
0.056130
0.089458
0.123277
0.157590
0.192403
0.227719
0.263545
0.299886
0.336746
0.374132
0.412049
0.450505
0.489505
0.529056
0.569165
0.609837
0.651082
0.692906
0.735315
0.778318
0.821923
0.866137
0.910969
0.956427
1.002517
-1.000943
-1.000860
-1.000285
-0.998824
-0.996269
-0.992544
-0.987664
-0.981677
-0.974639
-0.966613
-0.957659
-0.947831
-0.937178
-0.925745
-0.913567
-0.900679
-0.887112
-0.872890
-0.858038
-0.842575
-0.826522
-0.809895
-0.792709
-0.774975
-0.756707
-0.737914
-0.718606
-0.698790
-0.678475
-0.657666
-0.636371
-0.614594
-0.592340
-0.569616
-0.546422
-0.522761
-0.498637
-0.474050
-0.449003
-0.423495
-0.397528
-0.371102
-0.344218
-0.316874
-0.289071
-0.260808
-0.232084
-0.202898
-0.173248
-0.143132
-0.112547
-0.081492
-0.049964
-0.017960
0.014523
0.047488
0.080940
0.114881
0.149316
0.184250
0.219686
0.255629
0.292085
0.329057
0.366552
0.404576
0.443133
0.482231
0.521875
0.562072
0.602828
0.644150
0.686045
0.728520
0.771582
0.815239
0.859499
0.904369
0.949857
0.995971
-1.005819
-1.005890
-1.005631
-1.004544
-1.002374
-0.999026
-0.994507
-0.988863
-0.982151
-0.974436
-0.965775
-0.956226
-0.945838
-0.934653
-0.922710
-0.910043
-0.896682
-0.882654
-0.867982
-0.852687
-0.836789
-0.820304
-0.803248
-0.785632
-0.767471
-0.748774
-0.729550
-0.709808
-0.689556
-0.668800
-0.647548
-0.625805
-0.603578
-0.580870
-0.557685
-0.534025
-0.509894
-0.485294
-0.460225
-0.434691
-0.408690
-0.382226
-0.355298
-0.327906
-0.300051
-0.271732
-0.242949
-0.213701
-0.183986
-0.153803
-0.123151
-0.092027
-0.060430
-0.028357
0.004195
0.037228
0.070746
0.104752
0.139249
0.174242
0.209734
0.245729
0.282232
0.319248
0.356781
0.394837
0.433421
0.472538
0.512196
0.552399
0.593153
0.634466
0.676343
0.718791
0.761818
0.805430
0.849635
0.894440
0.939854
0.985882
-1.010690
-1.010934
-1.011018
-1.010332
-1.008569
-1.005617
-1.001477
-0.996193
-0.989824
-0.982435
-0.974084
-0.964830
-0.954722
-0.943803
-0.932112
-0.919684
-0.906549
-0.892734
-0.878262
-0.863155
-0.847432
-0.831111
-0.814207
-0.796733
-0.778701
-0.760124
-0.741009
-0.721367
-0.701204
-0.680529
-0.659348
-0.637668
-0.615495
-0.592834
-0.569688
-0.546061
-0.521955
-0.497374
-0.472320
-0.446793
-0.420796
-0.394330
-0.367396
-0.339996
-0.312129
-0.283795
-0.254994
-0.225727
-0.195993
-0.165790
-0.135117
-0.103973
-0.072356
-0.040265
-0.007697
0.025350
0.058878
0.092891
0.127392
0.162383
0.197868
0.233852
0.270337
0.307328
0.344829
0.382845
0.421381
0.460443
0.500035
0.540164
0.580833
0.622050
0.663822
0.706153
0.749051
0.792522
0.836575
0.881215
0.926449
0.972286
-1.015548
-1.015984
-1.016442
-1.016185
-1.014852
-1.012316
-1.008573
-1.003666
-0.997656
-0.990609
-0.982585
-0.973642
-0.963831
-0.953196
-0.941775
-0.929605
-0.916714
-0.903131
-0.888878
-0.873980
-0.858454
-0.842319
-0.825590
-0.808280
-0.790402
-0.771968
-0.752987
-0.733470
-0.713423
-0.692855
-0.671774
-0.650185
-0.628097
-0.605513
-0.582437
-0.558873
-0.534826
-0.510298
-0.485291
-0.459807
-0.433849
-0.407418
-0.380517
-0.353146
-0.325306
-0.296999
-0.268223
-0.238980
-0.209270
-0.179092
-0.148444
-0.117328
-0.085741
-0.053682
-0.021150
0.011858
0.045342
0.079306
0.113752
0.148683
0.184101
0.220009
0.256411
0.293311
0.330712
0.368618
0.407035
0.445966
0.485417
0.525391
0.565895
0.606934
0.648514
0.690640
0.733319
0.776556
0.820360
0.864736
0.909691
0.955231
-1.020379
-1.021031
-1.021899
-1.022102
-1.021224
-1.019124
-1.015796
-1.011282
-1.005648
-0.998959
-0.991278
-0.982663
-0.973166
-0.962831
-0.951698
-0.939803
-0.927177
-0.913845
-0.899833
-0.885163
-0.869856
-0.853929
-0.837397
-0.820274
-0.802574
-0.784309
-0.765487
-0.746121
-0.726216
-0.705783
-0.684829
-0.663361
-0.641386
-0.618909
-0.595934
-0.572466
-0.548509
-0.524067
-0.499141
-0.473735
-0.447852
-0.421493
-0.394661
-0.367358
-0.339586
-0.311344
-0.282635
-0.253459
-0.223816
-0.193707
-0.163131
-0.132089
-0.100579
-0.068602
-0.036156
-0.003240
0.030147
0.064008
0.098343
0.133155
0.168446
0.204218
0.240475
0.277219
0.314454
0.352182
0.390409
0.429137
0.468372
0.508116
0.548376
0.589156
0.630461
0.672296
0.714668
0.757581
0.801043
0.845059
0.889636
0.934779
-1.025171
-1.026068
-1.027384
-1.028079
-1.027682
-1.026039
-1.023144
-1.019041
-1.013798
-1.007484
-1.000161
-0.991892
-0.982725
-0.972709
-0.961882
-0.950282
-0.937938
-0.924878
-0.911126
-0.896707
-0.881639
-0.865942
-0.849630
-0.832718
-0.815220
-0.797148
-0.778512
-0.759322
-0.739586
-0.719315
-0.698515
-0.677197
-0.655365
-0.633025
-0.610182
-0.586841
-0.563007
-0.538683
-0.513873
-0.488579
-0.462806
-0.436555
-0.409830
-0.382634
-0.354967
-0.326831
-0.298228
-0.269160
-0.239628
-0.209631
-0.179172
-0.148249
-0.116864
-0.085017
-0.052706
-0.019932
0.013307
0.047010
0.081180
0.115818
0.150924
0.186502
0.222553
0.259079
0.296083
0.333568
0.371537
0.409993
0.448940
0.488381
0.528321
0.568763
0.609713
0.651175
0.693154
0.735656
0.778686
0.822250
0.866353
0.911001
-1.029909
-1.031085
-1.032894
-1.034116
-1.034226
-1.033062
-1.030616
-1.026941
-1.022106
-1.016182
-1.009236
-1.001328
-0.992509
-0.982830
-0.972326
-0.961039
-0.948997
-0.936229
-0.922758
-0.908611
-0.893805
-0.878359
-0.862291
-0.845613
-0.828341
-0.810487
-0.792061
-0.773073
-0.753533
-0.733451
-0.712835
-0.691694
-0.670035
-0.647862
-0.625182
-0.602000
-0.578320
-0.554148
-0.529486
-0.504340
-0.478711
-0.452604
-0.426023
-0.398969
-0.371446
-0.343455
-0.314999
-0.286080
-0.256699
-0.226858
-0.196558
-0.165800
-0.134585
-0.102913
-0.070785
-0.038202
-0.005163
0.028333
0.062285
0.096694
0.131561
0.166887
0.202674
0.238922
0.275635
0.312813
0.350459
0.388576
0.427167
0.466234
0.505781
0.545811
0.586330
0.627339
0.668845
0.710851
0.753363
0.796386
0.839924
0.883983
-1.034575
-1.036073
-1.038425
-1.040212
-1.040856
-1.040191
-1.038213
-1.034982
-1.030571
-1.025055
-1.018500
-1.010970
-1.002518
-0.993192
-0.983031
-0.972075
-0.960355
-0.947898
-0.934729
-0.920874
-0.906352
-0.891181
-0.875378
-0.858959
-0.841937
-0.824326
-0.806135
-0.787377
-0.768060
-0.748194
-0.727790
-0.706855
-0.685397
-0.663421
-0.640934
-0.617941
-0.594448
-0.570460
-0.545981
-0.521014
-0.495565
-0.469638
-0.443235
-0.416362
-0.389019
-0.361212
-0.332941
-0.304210
-0.275022
-0.245378
-0.215279
-0.184729
-0.153728
-0.122277
-0.090379
-0.058033
-0.025241
0.007998
0.041681
0.075811
0.110385
0.145406
0.180873
0.216786
0.253148
0.289959
0.327221
0.364936
0.403105
0.441732
0.480817
0.520364
0.560378
0.600860
0.641814
0.683245
0.725156
0.767553
0.810440
0.853821
-1.039151
-1.041022
-1.043973
-1.046365
-1.047571
-1.047426
-1.045934
-1.043164
-1.039193
-1.034100
-1.027953
-1.020818
-1.012749
-1.003794
-0.993995
-0.983390
-0.972011
-0.959885
-0.947039
-0.933498
-0.919281
-0.904408
-0.888894
-0.872756
-0.856009
-0.838665
-0.820736
-0.802233
-0.783165
-0.763543
-0.743378
-0.722678
-0.701450
-0.679701
-0.657437
-0.634666
-0.611390
-0.587618
-0.563354
-0.538602
-0.513366
-0.487652
-0.461464
-0.434806
-0.407682
-0.380094
-0.352047
-0.323543
-0.294587
-0.265179
-0.235324
-0.205022
-0.174278
-0.143091
-0.111466
-0.079403
-0.046904
-0.013970
0.019398
0.053198
0.087430
0.122093
0.157187
0.192713
0.228669
0.265056
0.301875
0.339128
0.376814
0.414936
0.453495
0.492493
0.531932
0.571816
0.612146
0.652926
0.694160
0.735851
0.778004
0.820621
-1.043613
-1.045921
-1.049535
-1.052575
-1.054371
-1.054766
-1.053778
-1.051486
-1.047970
-1.043316
-1.037593
-1.030871
-1.023202
-1.014637
-1.005217
-0.994981
-0.983963
-0.972188
-0.959686
-0.946480
-0.932591
-0.918037
-0.902836
-0.887004
-0.870555
-0.853504
-0.835862
-0.817640
-0.798848
-0.779498
-0.759599
-0.739162
-0.718194
-0.696701
-0.674691
-0.652170
-0.629144
-0.605620
-0.581603
-0.557097
-0.532109
-0.506643
-0.480704
-0.454296
-0.427425
-0.400094
-0.372307
-0.344069
-0.315381
-0.286249
-0.256676
-0.226664
-0.196216
-0.165336
-0.134026
-0.102289
-0.070126
-0.037541
-0.004536
0.028889
0.062731
0.096989
0.131661
0.166747
0.202245
0.238156
0.274478
0.311212
0.348359
0.385917
0.423889
0.462274
0.501076
0.540295
0.579932
0.619992
0.660476
0.701387
0.742728
0.784503
-1.047935
-1.050760
-1.055110
-1.058843
-1.061258
-1.062213
-1.061745
-1.059946
-1.056902
-1.052702
-1.047421
-1.041126
-1.033875
-1.025717
-1.016696
-1.006849
-0.996210
-0.984808
-0.972670
-0.959821
-0.946280
-0.932069
-0.917203
-0.901700
-0.885575
-0.868842
-0.851512
-0.833597
-0.815108
-0.796056
-0.776452
-0.756306
-0.735626
-0.714419
-0.692692
-0.670452
-0.647707
-0.624462
-0.600723
-0.576497
-0.551788
-0.526603
-0.500946
-0.474824
-0.448241
-0.421202
-0.393711
-0.365773
-0.337393
-0.308573
-0.279320
-0.249635
-0.219524
-0.188989
-0.158035
-0.126664
-0.094880
-0.062686
-0.030084
0.002922
0.036329
0.070136
0.104340
0.138940
0.173932
0.209317
0.245092
0.281256
0.317809
0.354750
0.392078
0.429794
0.467899
0.506391
0.545274
0.584548
0.624215
0.664276
0.704735
0.745593
-1.052086
-1.055527
-1.060697
-1.065169
-1.068230
-1.069765
-1.069835
-1.068544
-1.065987
-1.062257
-1.057432
-1.051583
-1.044767
-1.037034
-1.028429
-1.018990
-1.008751
-0.997741
-0.985988
-0.973517
-0.960348
-0.946501
-0.931995
-0.916845
-0.901067
-0.884676
-0.867684
-0.850102
-0.831941
-0.813215
-0.793934
-0.774107
-0.753743
-0.732850
-0.711436
-0.689508
-0.667073
-0.644138
-0.620710
-0.596794
-0.572397
-0.547525
-0.522185
-0.496381
-0.470120
-0.443407
-0.416246
-0.388645
-0.360606
-0.332135
-0.303237
-0.273917
-0.244179
-0.214027
-0.183466
-0.152500
-0.121133
-0.089369
-0.057212
-0.024666
0.008266
0.041581
0.075274
0.109344
0.143787
0.178600
0.213782
0.249329
0.285241
0.321514
0.358149
0.395143
0.432496
0.470208
0.508278
0.546708
0.585496
0.624646
0.664157
0.704032
-1.056027
-1.060213
-1.066296
-1.071555
-1.075289
-1.077423
-1.078047
-1.077278
-1.075223
-1.071979
-1.067627
-1.062240
-1.055876
-1.048586
-1.040415
-1.031403
-1.021584
-1.010986
-0.999639
-0.987567
-0.974792
-0.961332
-0.947208
-0.932435
-0.917028
-0.901004
-0.884375
-0.867152
-0.849347
-0.830974
-0.812042
-0.792562
-0.772543
-0.751993
-0.730921
-0.709333
-0.687238
-0.664644
-0.641556
-0.617982
-0.593928
-0.569402
-0.544409
-0.518957
-0.493050
-0.466696
-0.439899
-0.412667
-0.385004
-0.356916
-0.328409
-0.299488
-0.270158
-0.240424
-0.210292
-0.179766
-0.148853
-0.117556
-0.085880
-0.053831
-0.021412
0.011372
0.044516
0.078016
0.111870
0.146071
0.180618
0.215506
0.250733
0.286295
0.322190
0.358416
0.394971
0.431852
0.469060
0.506592
0.544449
0.582630
0.621136
0.659966
-1.059713
-1.064808
-1.071908
-1.078004
-1.082437
-1.085188
-1.086380
-1.086148
-1.084610
-1.081867
-1.078003
-1.073094
-1.067199
-1.060370
-1.052652
-1.044086
-1.034706
-1.024541
-1.013620
-1.001969
-0.989609
-0.976559
-0.962839
-0.948467
-0.933456
-0.917824
-0.901583
-0.884744
-0.867321
-0.849327
-0.830772
-0.811666
-0.792020
-0.771841
-0.751139
-0.729922
-0.708197
-0.685972
-0.663255
-0.640053
-0.616373
-0.592223
-0.567609
-0.542539
-0.517020
-0.491056
-0.464656
-0.437825
-0.410571
-0.382898
-0.354814
-0.326325
-0.297436
-0.268153
-0.238484
-0.208433
-0.178006
-0.147210
-0.116049
-0.084531
-0.052660
-0.020441
0.012119
0.045015
0.078243
0.111797
0.145673
0.179865
0.214369
0.249182
0.284299
0.319716
0.355430
0.391439
0.427739
0.464328
0.501206
0.538370
0.575819
0.613553
-1.063090
-1.069304
-1.077538
-1.084521
-1.089676
-1.093059
-1.094833
-1.095153
-1.094146
-1.091918
-1.088559
-1.084144
-1.078735
-1.072384
-1.065138
-1.057036
-1.048114
-1.038402
-1.027929
-1.016720
-1.004796
-0.992178
-0.978886
-0.964938
-0.950348
-0.935132
-0.919303
-0.902875
-0.885860
-0.868271
-0.850119
-0.831416
-0.812170
-0.792390
-0.772087
-0.751268
-0.729941
-0.708116
-0.685799
-0.662999
-0.639723
-0.615979
-0.591775
-0.567118
-0.542015
-0.516473
-0.490500
-0.464102
-0.437287
-0.410061
-0.382431
-0.354405
-0.325988
-0.297188
-0.268012
-0.238466
-0.208557
-0.178292
-0.147678
-0.116721
-0.085428
-0.053805
-0.021860
0.010402
0.042973
0.075849
0.109022
0.142486
0.176236
0.210267
0.244572
0.279146
0.313986
0.349086
0.384442
0.420051
0.455910
0.492015
0.528365
0.564957
-1.066089
-1.073696
-1.083195
-1.091110
-1.097009
-1.101038
-1.103407
-1.104291
-1.103828
-1.102131
-1.099291
-1.095387
-1.090480
-1.084625
-1.077868
-1.070249
-1.061806
-1.052566
-1.042561
-1.031815
-1.020351
-1.008187
-0.995346
-0.981845
-0.967699
-0.952923
-0.937533
-0.921539
-0.904958
-0.887800
-0.870079
-0.851804
-0.832986
-0.813633
-0.793756
-0.773363
-0.752464
-0.731067
-0.709179
-0.686810
-0.663967
-0.640659
-0.616894
-0.592679
-0.568023
-0.542932
-0.517416
-0.491481
-0.465134
-0.438384
-0.411238
-0.383703
-0.355788
-0.327499
-0.298845
-0.269832
-0.240469
-0.210764
-0.180723
-0.150355
-0.119668
-0.088668
-0.057364
-0.025763
0.006126
0.038297
0.070741
0.103452
0.136422
0.169644
0.203111
0.236816
0.270753
0.304917
0.339300
0.373898
0.408706
0.443721
0.478937
0.514352
-1.068624
-1.077985
-1.088887
-1.097777
-1.104437
-1.109124
-1.112100
-1.113561
-1.113655
-1.112503
-1.110197
-1.106819
-1.102432
-1.097090
-1.090841
-1.083724
-1.075777
-1.067030
-1.057513
-1.047252
-1.036268
-1.024582
-1.012214
-0.999183
-0.985505
-0.971194
-0.956266
-0.940733
-0.924611
-0.907910
-0.890645
-0.872825
-0.854461
-0.835563
-0.816140
-0.796202
-0.775757
-0.754816
-0.733386
-0.711476
-0.689095
-0.666251
-0.642953
-0.619210
-0.595029
-0.570418
-0.545386
-0.519942
-0.494093
-0.467846
-0.441211
-0.414196
-0.386809
-0.359058
-0.330952
-0.302499
-0.273708
-0.244586
-0.215144
-0.185388
-0.155330
-0.124975
-0.094335
-0.063418
-0.032232
-0.000787
0.030909
0.062846
0.095016
0.127410
0.160020
0.192836
0.225852
0.259058
0.292447
0.326013
0.359749
0.393649
0.427706
0.461916
-1.070589
-1.082177
-1.094630
-1.104532
-1.111965
-1.117319
-1.120913
-1.122961
-1.123625
-1.123031
-1.121275
-1.118438
-1.114587
-1.109775
-1.104051
-1.097455
-1.090024
-1.081790
-1.072783
-1.063027
-1.052545
-1.041357
-1.029486
-1.016948
-1.003761
-0.989939
-0.975498
-0.960450
-0.944812
-0.928595
-0.911812
-0.894473
-0.876590
-0.858173
-0.839231
-0.819774
-0.799812
-0.779354
-0.758410
-0.736987
-0.715095
-0.692743
-0.669940
-0.646696
-0.623018
-0.598914
-0.574394
-0.549468
-0.524142
-0.498426
-0.472329
-0.445858
-0.419025
-0.391836
-0.364302
-0.336432
-0.308235
-0.279720
-0.250897
-0.221775
-0.192365
-0.162676
-0.132717
-0.102500
-0.072034
-0.041330
-0.010398
0.020752
0.052109
0.083662
0.115402
0.147318
0.179400
0.211638
0.244022
0.276544
0.309194
0.341965
0.374849
0.407838
-1.071849
-1.086290
-1.100442
-1.111381
-1.119595
-1.125623
-1.129842
-1.132489
-1.133736
-1.133713
-1.132521
-1.130242
-1.126943
-1.122678
-1.117497
-1.111440
-1.104544
-1.096842
-1.088364
-1.079134
-1.069175
-1.058509
-1.047156
-1.035135
-1.022462
-1.009153
-0.995223
-0.980685
-0.965556
-0.949847
-0.933571
-0.916740
-0.899364
-0.881454
-0.863020
-0.844071
-0.824618
-0.804672
-0.784239
-0.763330
-0.741955
-0.720122
-0.697841
-0.675123
-0.651974
-0.628404
-0.604423
-0.580039
-0.555263
-0.530102
-0.504566
-0.478665
-0.452408
-0.425804
-0.398865
-0.371599
-0.344016
-0.316127
-0.287942
-0.259471
-0.230726
-0.201716
-0.172454
-0.142950
-0.113216
-0.083263
-0.053103
-0.022749
0.007788
0.038496
0.069362
0.100373
0.131519
0.162786
0.194163
0.225639
0.257201
0.288840
0.320546
0.352309
-1.072229
-1.090360
-1.106349
-1.118336
-1.127330
-1.134036
-1.138887
-1.142143
-1.143984
-1.144546
-1.143932
-1.142225
-1.139494
-1.135793
-1.131173
-1.125673
-1.119332
-1.112182
-1.104252
-1.095569
-1.086155
-1.076032
-1.065219
-1.053737
-1.041602
-1.028829
-1.015434
-1.001431
-0.986835
-0.971659
-0.955916
-0.939618
-0.922776
-0.905399
-0.887498
-0.869084
-0.850167
-0.830758
-0.810864
-0.790496
-0.769663
-0.748375
-0.726643
-0.704476
-0.681882
-0.658871
-0.635453
-0.611638
-0.587434
-0.562852
-0.537901
-0.512591
-0.486932
-0.460935
-0.434610
-0.407967
-0.381016
-0.353770
-0.326239
-0.298434
-0.270366
-0.242048
-0.213492
-0.184710
-0.155714
-0.126518
-0.097134
-0.067577
-0.037859
-0.007996
0.021999
0.052112
0.082328
0.112632
0.143010
0.173448
0.203932
0.234448
0.264984
0.295527
-1.071505
-1.094445
-1.112381
-1.125406
-1.135173
-1.142558
-1.148047
-1.151920
-1.154367
-1.155527
-1.155505
-1.154386
-1.152238
-1.149117
-1.145075
-1.140151
-1.134383
-1.127803
-1.120442
-1.112327
-1.103479
-1.093919
-1.083670
-1.072748
-1.061174
-1.048960
-1.036124
-1.022680
-1.008642
-0.994024
-0.978839
-0.963099
-0.946815
-0.929998
-0.912657
-0.894803
-0.876448
-0.857601
-0.838272
-0.818470
-0.798205
-0.777489
-0.756331
-0.734740
-0.712727
-0.690299
-0.667468
-0.644244
-0.620637
-0.596655
-0.572311
-0.547613
-0.522573
-0.497201
-0.471508
-0.445505
-0.419203
-0.392614
-0.365749
-0.338621
-0.311242
-0.283624
-0.255780
-0.227724
-0.199469
-0.171030
-0.142421
-0.113656
-0.084752
-0.055723
-0.026587
0.002641
0.031943
0.061302
0.090701
0.120122
0.149548
0.178963
0.208350
0.237694
-1.069384
-1.098641
-1.118573
-1.132603
-1.143126
-1.151188
-1.157319
-1.161818
-1.164881
-1.166651
-1.167235
-1.166719
-1.165170
-1.162646
-1.159199
-1.154868
-1.149692
-1.143702
-1.136929
-1.129401
-1.121139
-1.112166
-1.102501
-1.092163
-1.081172
-1.069541
-1.057287
-1.044425
-1.030969
-1.016934
-1.002331
-0.987174
-0.971474
-0.955240
-0.938484
-0.921217
-0.903449
-0.885190
-0.866451
-0.847241
-0.827570
-0.807449
-0.786890
-0.765900
-0.744491
-0.722670
-0.700450
-0.677840
-0.654850
-0.631492
-0.607774
-0.583708
-0.559305
-0.534576
-0.509531
-0.484183
-0.458544
-0.432624
-0.406438
-0.379996
-0.353312
-0.326399
-0.299271
-0.271942
-0.244427
-0.216741
-0.188898
-0.160917
-0.132813
-0.104603
-0.076306
-0.047941
-0.019526
0.008917
0.037369
0.065807
0.094212
0.122561
0.150836
0.179015
-1.065481
-1.103096
-1.124964
-1.139935
-1.151193
-1.159925
-1.166702
-1.171834
-1.175524
-1.177916
-1.179119
-1.179220
-1.178286
-1.176376
-1.173540
-1.169820
-1.165253
-1.159872
-1.153708
-1.146787
-1.139132
-1.130765
-1.121706
-1.111974
-1.101588
-1.090562
-1.078914
-1.066658
-1.053808
-1.040379
-1.026383
-1.011834
-0.996741
-0.981116
-0.964970
-0.948314
-0.931158
-0.913513
-0.895388
-0.876795
-0.857743
-0.838243
-0.818306
-0.797941
-0.777159
-0.755968
-0.734380
-0.712406
-0.690056
-0.667340
-0.644268
-0.620853
-0.597104
-0.573035
-0.548654
-0.523975
-0.499010
-0.473771
-0.448271
-0.422523
-0.396539
-0.370334
-0.343923
-0.317319
-0.290538
-0.263597
-0.236510
-0.209297
-0.181974
-0.154561
-0.127076
-0.099541
-0.071978
-0.044410
-0.016860
0.010646
0.038081
0.065419
0.092633
0.119700
-1.059286
-1.108030
-1.131594
-1.147410
-1.159371
-1.168768
-1.176193
-1.181965
-1.186292
-1.189317
-1.191153
-1.191884
-1.191580
-1.190300
-1.188093
-1.185001
-1.181062
-1.176308
-1.170770
-1.164477
-1.157449
-1.149709
-1.141277
-1.132172
-1.122414
-1.112017
-1.100997
-1.089370
-1.077150
-1.064350
-1.050985
-1.037067
-1.022607
-1.007616
-0.992104
-0.976083
-0.959564
-0.942557
-0.925072
-0.907120
-0.888710
-0.869854
-0.850564
-0.830846
-0.810714
-0.790176
-0.769243
-0.747926
-0.726235
-0.704181
-0.681775
-0.659027
-0.635950
-0.612554
-0.588852
-0.564855
-0.540575
-0.516026
-0.491220
-0.466170
-0.440890
-0.415394
-0.389697
-0.363814
-0.337760
-0.311552
-0.285206
-0.258742
-0.232178
-0.205532
-0.178827
-0.152083
-0.125325
-0.098578
-0.071869
-0.045229
-0.018690
0.007712
0.033940
0.059958
-1.050123
-1.113778
-1.138496
-1.155032
-1.167662
-1.177713
-1.185788
-1.192207
-1.197180
-1.200851
-1.203331
-1.204708
-1.205048
-1.204413
-1.202851
-1.200404
-1.197111
-1.193003
-1.188112
-1.182465
-1.176084
-1.168991
-1.161208
-1.152752
-1.143643
-1.133896
-1.123527
-1.112552
-1.100984
-1.088838
-1.076128
-1.062865
-1.049061
-1.034727
-1.019875
-1.004513
-0.988654
-0.972310
-0.955489
-0.938201
-0.920458
-0.902270
-0.883648
-0.864602
-0.845142
-0.825278
-0.805021
-0.784381
-0.763369
-0.741996
-0.720272
-0.698210
-0.675820
-0.653113
-0.630102
-0.606798
-0.583214
-0.559363
-0.535257
-0.510910
-0.486336
-0.461548
-0.436562
-0.411393
-0.386057
-0.360569
-0.334948
-0.309211
-0.283378
-0.257468
-0.231503
-0.205504
-0.179498
-0.153509
-0.127567
-0.101704
-0.075960
-0.050380
-0.025028
0.000004
