-0.883656
-0.881770
-0.877168
-0.870569
-0.862476
-0.853256
-0.843188
-0.832482
-0.821305
-0.809790
-0.798046
-0.786166
-0.774223
-0.762283
-0.750400
-0.738623
-0.726994
-0.715549
-0.704324
-0.693346
-0.682642
-0.672237
-0.662153
-0.652410
-0.643029
-0.634025
-0.625416
-0.617217
-0.609443
-0.602106
-0.595221
-0.588799
-0.582852
-0.577391
-0.572428
-0.567973
-0.564037
-0.560628
-0.557758
-0.555434
-0.553667
-0.552465
-0.551837
-0.551792
-0.552339
-0.553485
-0.555239
-0.557610
-0.560605
-0.564233
-0.568501
-0.573418
-0.578991
-0.585228
-0.592137
-0.599726
-0.608003
-0.616974
-0.626649
-0.637034
-0.648137
-0.659966
-0.672529
-0.685833
-0.699885
-0.714693
-0.730265
-0.746609
-0.763732
-0.781642
-0.800346
-0.819853
-0.840169
-0.861302
-0.883261
-0.906052
-0.929683
-0.954163
-0.979498
-1.005696
-0.883714
-0.881827
-0.877226
-0.870627
-0.862534
-0.853315
-0.843246
-0.832539
-0.821361
-0.809845
-0.798100
-0.786217
-0.774272
-0.762328
-0.750442
-0.738661
-0.727028
-0.715578
-0.704347
-0.693363
-0.682653
-0.672241
-0.662149
-0.652398
-0.643008
-0.633995
-0.625376
-0.617167
-0.609380
-0.602032
-0.595134
-0.588699
-0.582738
-0.577263
-0.572284
-0.567813
-0.563860
-0.560434
-0.557545
-0.555202
-0.553415
-0.552193
-0.551544
-0.551476
-0.552000
-0.553122
-0.554852
-0.557196
-0.560165
-0.563765
-0.568005
-0.572892
-0.578435
-0.584641
-0.591518
-0.599074
-0.607316
-0.616252
-0.625890
-0.636238
-0.647302
-0.659092
-0.671614
-0.684876
-0.698885
-0.713650
-0.729177
-0.745474
-0.762549
-0.780411
-0.799065
-0.818520
-0.838784
-0.859864
-0.881767
-0.904501
-0.928075
-0.952496
-0.977771
-1.003907
-0.883886
-0.882000
-0.877399
-0.870801
-0.862708
-0.853489
-0.843420
-0.832711
-0.821530
-0.810010
-0.798260
-0.786372
-0.774419
-0.762466
-0.750570
-0.738777
-0.727130
-0.715666
-0.704418
-0.693417
-0.682687
-0.672253
-0.662138
-0.652363
-0.642946
-0.633905
-0.625256
-0.617014
-0.609195
-0.601810
-0.594874
-0.588399
-0.582397
-0.576878
-0.571854
-0.567334
-0.563331
-0.559852
-0.556908
-0.554508
-0.552662
-0.551377
-0.550664
-0.550530
-0.550984
-0.552034
-0.553689
-0.555957
-0.558846
-0.562364
-0.566518
-0.571317
-0.576769
-0.582882
-0.589662
-0.597118
-0.605258
-0.614088
-0.623617
-0.633853
-0.644802
-0.656473
-0.668873
-0.682010
-0.695891
-0.710523
-0.725915
-0.742073
-0.759006
-0.776721
-0.795225
-0.814527
-0.834633
-0.855552
-0.877291
-0.899857
-0.923258
-0.947501
-0.972596
-0.998548
-0.884174
-0.882288
-0.877688
-0.871091
-0.862999
-0.853780
-0.843709
-0.832998
-0.821813
-0.810287
-0.798528
-0.786629
-0.774664
-0.762697
-0.750782
-0.738970
-0.727301
-0.715813
-0.704538
-0.693506
-0.682744
-0.672275
-0.662122
-0.652305
-0.642844
-0.633756
-0.625057
-0.616762
-0.608886
-0.601443
-0.594444
-0.587903
-0.581831
-0.576239
-0.571138
-0.566539
-0.562451
-0.558885
-0.555850
-0.553355
-0.551410
-0.550022
-0.549202
-0.548957
-0.549296
-0.550227
-0.551758
-0.553898
-0.556654
-0.560035
-0.564047
-0.568700
-0.574001
-0.579957
-0.586577
-0.593867
-0.601836
-0.610490
-0.619838
-0.629887
-0.640645
-0.652119
-0.664317
-0.677245
-0.690912
-0.705325
-0.720491
-0.736418
-0.753114
-0.770586
-0.788842
-0.807888
-0.827733
-0.848384
-0.869848
-0.892134
-0.915247
-0.939197
-0.963991
-0.989636
-0.884576
-0.882691
-0.878092
-0.871497
-0.863407
-0.854187
-0.844114
-0.833400
-0.822208
-0.810674
-0.798904
-0.786990
-0.775007
-0.763019
-0.751081
-0.739242
-0.727542
-0.716019
-0.704706
-0.693633
-0.682825
-0.672307
-0.662101
-0.652227
-0.642705
-0.633551
-0.624782
-0.616413
-0.608458
-0.600932
-0.593845
-0.587212
-0.581043
-0.575349
-0.570142
-0.565431
-0.561227
-0.557539
-0.554376
-0.551749
-0.549665
-0.548134
-0.547164
-0.546764
-0.546943
-0.547707
-0.549066
-0.551027
-0.553598
-0.556787
-0.560602
-0.565050
-0.570140
-0.575879
-0.582274
-0.589333
-0.597064
-0.605473
-0.614568
-0.624357
-0.634847
-0.646046
-0.657961
-0.670599
-0.683967
-0.698074
-0.712926
-0.728531
-0.744896
-0.762029
-0.779937
-0.798627
-0.818107
-0.838384
-0.859466
-0.881360
-0.904073
-0.927613
-0.951988
-0.977204
-0.885093
-0.883209
-0.878613
-0.872019
-0.863931
-0.854711
-0.844636
-0.833917
-0.822718
-0.811172
-0.799387
-0.787455
-0.775450
-0.763436
-0.751467
-0.739593
-0.727854
-0.716287
-0.704926
-0.693799
-0.682933
-0.672352
-0.662078
-0.652131
-0.642530
-0.633292
-0.624434
-0.615970
-0.607915
-0.600281
-0.593083
-0.586331
-0.580038
-0.574214
-0.568870
-0.564016
-0.559663
-0.555819
-0.552493
-0.549696
-0.547436
-0.545721
-0.544560
-0.543962
-0.543934
-0.544485
-0.545623
-0.547355
-0.549689
-0.552634
-0.556196
-0.560383
-0.565203
-0.570663
-0.576771
-0.583534
-0.590959
-0.599054
-0.607826
-0.617282
-0.627429
-0.638276
-0.649829
-0.662095
-0.675082
-0.688797
-0.703247
-0.718439
-0.734382
-0.751080
-0.768543
-0.786778
-0.805790
-0.825589
-0.846182
-0.867575
-0.889775
-0.912790
-0.936629
-0.961296
-0.885724
-0.883842
-0.879249
-0.872658
-0.864572
-0.855352
-0.845274
-0.834549
-0.823341
-0.811782
-0.799980
-0.788025
-0.775993
-0.763947
-0.751942
-0.740025
-0.728238
-0.716619
-0.705198
-0.694007
-0.683070
-0.672412
-0.662055
-0.652019
-0.642322
-0.632983
-0.624016
-0.615436
-0.607259
-0.599497
-0.592162
-0.585267
-0.578823
-0.572841
-0.567331
-0.562303
-0.557768
-0.553734
-0.550211
-0.547207
-0.544732
-0.542794
-0.541401
-0.540561
-0.540284
-0.540575
-0.541444
-0.542898
-0.544944
-0.547591
-0.550845
-0.554715
-0.559207
-0.564329
-0.570087
-0.576490
-0.583544
-0.591257
-0.599637
-0.608688
-0.618420
-0.628838
-0.639952
-0.651766
-0.664289
-0.677528
-0.691489
-0.706180
-0.721608
-0.737779
-0.754701
-0.772382
-0.790827
-0.810045
-0.830042
-0.850826
-0.872403
-0.894781
-0.917967
-0.941969
-0.886471
-0.884590
-0.880000
-0.873413
-0.865329
-0.856109
-0.846029
-0.835298
-0.824079
-0.812504
-0.800681
-0.788701
-0.776637
-0.764554
-0.752506
-0.740540
-0.728697
-0.717015
-0.705525
-0.694258
-0.683238
-0.672491
-0.662036
-0.651896
-0.642087
-0.632628
-0.623533
-0.614819
-0.606498
-0.598584
-0.591090
-0.584026
-0.577405
-0.571236
-0.565532
-0.560300
-0.555552
-0.551295
-0.547539
-0.544293
-0.541566
-0.539366
-0.537700
-0.536578
-0.536006
-0.535994
-0.536547
-0.537674
-0.539382
-0.541680
-0.544573
-0.548069
-0.552176
-0.556900
-0.562249
-0.568230
-0.574849
-0.582114
-0.590031
-0.598608
-0.607851
-0.617768
-0.628365
-0.639649
-0.651628
-0.664308
-0.677695
-0.691797
-0.706621
-0.722173
-0.738461
-0.755492
-0.773271
-0.791807
-0.811106
-0.831175
-0.852020
-0.873650
-0.896071
-0.919291
-0.887332
-0.885454
-0.880867
-0.874285
-0.866204
-0.856985
-0.846902
-0.836163
-0.824932
-0.813340
-0.801494
-0.789484
-0.777385
-0.765258
-0.753161
-0.741139
-0.729232
-0.717479
-0.705910
-0.694556
-0.683442
-0.672591
-0.662026
-0.651766
-0.641829
-0.632232
-0.622992
-0.614123
-0.605638
-0.597550
-0.589872
-0.582616
-0.575792
-0.569411
-0.563483
-0.558018
-0.553025
-0.548514
-0.544492
-0.540969
-0.537953
-0.535452
-0.533474
-0.532028
-0.531121
-0.530759
-0.530951
-0.531704
-0.533026
-0.534923
-0.537403
-0.540472
-0.544138
-0.548407
-0.553287
-0.558784
-0.564905
-0.571656
-0.579045
-0.587079
-0.595763
-0.605105
-0.615111
-0.625789
-0.637145
-0.649184
-0.661915
-0.675344
-0.689476
-0.704320
-0.719882
-0.736168
-0.753186
-0.770941
-0.789440
-0.808691
-0.828700
-0.849474
-0.871019
-0.893343
-0.888308
-0.886432
-0.881850
-0.875272
-0.867195
-0.857977
-0.847892
-0.837145
-0.825901
-0.814290
-0.802418
-0.790375
-0.778236
-0.766063
-0.753910
-0.741824
-0.729846
-0.718013
-0.706356
-0.694905
-0.683684
-0.672718
-0.662028
-0.651633
-0.641553
-0.631802
-0.622398
-0.613355
-0.604686
-0.596404
-0.588520
-0.581047
-0.573996
-0.567375
-0.561197
-0.555469
-0.550202
-0.545403
-0.541083
-0.537248
-0.533908
-0.531070
-0.528742
-0.526932
-0.525646
-0.524893
-0.524680
-0.525013
-0.525900
-0.527347
-0.529362
-0.531952
-0.535123
-0.538881
-0.543234
-0.548188
-0.553749
-0.559925
-0.566721
-0.574144
-0.582200
-0.590897
-0.600240
-0.610236
-0.620892
-0.632213
-0.644207
-0.656879
-0.670236
-0.684285
-0.699031
-0.714481
-0.730643
-0.747522
-0.765124
-0.783457
-0.802526
-0.822337
-0.842899
-0.864217
-0.889398
-0.887524
-0.882948
-0.876377
-0.868304
-0.859088
-0.849000
-0.838245
-0.826987
-0.815355
-0.803455
-0.791376
-0.779193
-0.766968
-0.754754
-0.742599
-0.730542
-0.718621
-0.706866
-0.695307
-0.683969
-0.672875
-0.662048
-0.651505
-0.641265
-0.631345
-0.621759
-0.612524
-0.603651
-0.595153
-0.587042
-0.579329
-0.572026
-0.565141
-0.558685
-0.552667
-0.547096
-0.541981
-0.537329
-0.533150
-0.529451
-0.526240
-0.523524
-0.521310
-0.519607
-0.518421
-0.517759
-0.517627
-0.518033
-0.518984
-0.520485
-0.522544
-0.525167
-0.528360
-0.532130
-0.536483
-0.541425
-0.546963
-0.553103
-0.559851
-0.567213
-0.575196
-0.583805
-0.593048
-0.602929
-0.613456
-0.624634
-0.636469
-0.648969
-0.662137
-0.675982
-0.690509
-0.705724
-0.721633
-0.738243
-0.755559
-0.773589
-0.792337
-0.811811
-0.832017
-0.890602
-0.888732
-0.884162
-0.877597
-0.869531
-0.860317
-0.850226
-0.839463
-0.828190
-0.816536
-0.804606
-0.792489
-0.780258
-0.767976
-0.755696
-0.743465
-0.731323
-0.719306
-0.707444
-0.695768
-0.684302
-0.673069
-0.662091
-0.651386
-0.640972
-0.630866
-0.621083
-0.611638
-0.602542
-0.593808
-0.585449
-0.577474
-0.569895
-0.562721
-0.555962
-0.549627
-0.543724
-0.538262
-0.533250
-0.528693
-0.524602
-0.520983
-0.517843
-0.515189
-0.513030
-0.511370
-0.510217
-0.509577
-0.509458
-0.509865
-0.510805
-0.512284
-0.514308
-0.516884
-0.520017
-0.523713
-0.527979
-0.532821
-0.538243
-0.544253
-0.550857
-0.558060
-0.565868
-0.574287
-0.583323
-0.592982
-0.603269
-0.614190
-0.625751
-0.637959
-0.650819
-0.664336
-0.678517
-0.693367
-0.708893
-0.725100
-0.741994
-0.759581
-0.777867
-0.796857
-0.891921
-0.890054
-0.885491
-0.878935
-0.870874
-0.861664
-0.851572
-0.840801
-0.829512
-0.817834
-0.805872
-0.793714
-0.781433
-0.769090
-0.756739
-0.744426
-0.732192
-0.720071
-0.708095
-0.696292
-0.684688
-0.673305
-0.662164
-0.651284
-0.640682
-0.630376
-0.620379
-0.610706
-0.601369
-0.592381
-0.583753
-0.575495
-0.567618
-0.560131
-0.553044
-0.546366
-0.540104
-0.534267
-0.528863
-0.523900
-0.519384
-0.515323
-0.511725
-0.508595
-0.505941
-0.503769
-0.502086
-0.500897
-0.500209
-0.500029
-0.500362
-0.501213
-0.502590
-0.504497
-0.506941
-0.509928
-0.513462
-0.517550
-0.522198
-0.527410
-0.533193
-0.539553
-0.546494
-0.554023
-0.562144
-0.570864
-0.580188
-0.590121
-0.600669
-0.611837
-0.623631
-0.636057
-0.649120
-0.662826
-0.677179
-0.692187
-0.707853
-0.724184
-0.741186
-0.758863
-0.893354
-0.891490
-0.886936
-0.880389
-0.872336
-0.863130
-0.853037
-0.842258
-0.830954
-0.819252
-0.807256
-0.795055
-0.782720
-0.770313
-0.757886
-0.745486
-0.733153
-0.720921
-0.708822
-0.696885
-0.685133
-0.673588
-0.662273
-0.651206
-0.640403
-0.629882
-0.619656
-0.609739
-0.600144
-0.590883
-0.581966
-0.573405
-0.565209
-0.557387
-0.549948
-0.542901
-0.536254
-0.530016
-0.524193
-0.518792
-0.513821
-0.509287
-0.505197
-0.501557
-0.498373
-0.495652
-0.493399
-0.491622
-0.490325
-0.489514
-0.489195
-0.489375
-0.490057
-0.491248
-0.492953
-0.495178
-0.497929
-0.501209
-0.505026
-0.509383
-0.514287
-0.519743
-0.525755
-0.532329
-0.539470
-0.547184
-0.555475
-0.564349
-0.573811
-0.583866
-0.594519
-0.605775
-0.617640
-0.630118
-0.643216
-0.656938
-0.671288
-0.686274
-0.701899
-0.718170
-0.894900
-0.893041
-0.888495
-0.881959
-0.873916
-0.864715
-0.854622
-0.843836
-0.832516
-0.820789
-0.808758
-0.796512
-0.784120
-0.771645
-0.759139
-0.746647
-0.734209
-0.721861
-0.709632
-0.697551
-0.685642
-0.673927
-0.662427
-0.651160
-0.640143
-0.629393
-0.618923
-0.608748
-0.598878
-0.589326
-0.580103
-0.571218
-0.562683
-0.554504
-0.546691
-0.539252
-0.532196
-0.525529
-0.519260
-0.513394
-0.507939
-0.502902
-0.498288
-0.494105
-0.490357
-0.487052
-0.484194
-0.481789
-0.479844
-0.478363
-0.477351
-0.476815
-0.476759
-0.477188
-0.478107
-0.479523
-0.481439
-0.483861
-0.486793
-0.490241
-0.494210
-0.498703
-0.503727
-0.509286
-0.515385
-0.522029
-0.529222
-0.536970
-0.545276
-0.554147
-0.563586
-0.573598
-0.584189
-0.595363
-0.607125
-0.619479
-0.632432
-0.645986
-0.660148
-0.674922
-0.896560
-0.894705
-0.890170
-0.883646
-0.875614
-0.866420
-0.856328
-0.845536
-0.834200
-0.822448
-0.810382
-0.798088
-0.785638
-0.773091
-0.760501
-0.747913
-0.735366
-0.722895
-0.710529
-0.698297
-0.686222
-0.674326
-0.662631
-0.651154
-0.639912
-0.628921
-0.618193
-0.607744
-0.597584
-0.587725
-0.578178
-0.568952
-0.560056
-0.551500
-0.543292
-0.535439
-0.527950
-0.520831
-0.514090
-0.507733
-0.501767
-0.496197
-0.491030
-0.486272
-0.481929
-0.478006
-0.474508
-0.471441
-0.468810
-0.466620
-0.464877
-0.463584
-0.462747
-0.462371
-0.462461
-0.463020
-0.464055
-0.465569
-0.467568
-0.470055
-0.473035
-0.476513
-0.480492
-0.484979
-0.489977
-0.495490
-0.501523
-0.508081
-0.515167
-0.522787
-0.530944
-0.539642
-0.548887
-0.558683
-0.569035
-0.579946
-0.591420
-0.603464
-0.616080
-0.629273
-0.898333
-0.896483
-0.891960
-0.885451
-0.877431
-0.868246
-0.858156
-0.847358
-0.836008
-0.824230
-0.812127
-0.799786
-0.787275
-0.774654
-0.761978
-0.749289
-0.736628
-0.724027
-0.711518
-0.699128
-0.686880
-0.674795
-0.662896
-0.651198
-0.639719
-0.628474
-0.617477
-0.606740
-0.596275
-0.586094
-0.576206
-0.566622
-0.557349
-0.548396
-0.539772
-0.531484
-0.523540
-0.515946
-0.508710
-0.501836
-0.495332
-0.489203
-0.483455
-0.478094
-0.473124
-0.468552
-0.464382
-0.460619
-0.457268
-0.454334
-0.451821
-0.449734
-0.448078
-0.446856
-0.446074
-0.445735
-0.445844
-0.446405
-0.447422
-0.448900
-0.450842
-0.453253
-0.456137
-0.459498
-0.463339
-0.467665
-0.472480
-0.477788
-0.483594
-0.489899
-0.496710
-0.504030
-0.511862
-0.520212
-0.529082
-0.538477
-0.548401
-0.558858
-0.569851
-0.581386
-0.900218
-0.898374
-0.893865
-0.887371
-0.879367
-0.870192
-0.860106
-0.849304
-0.837939
-0.826136
-0.813998
-0.801607
-0.789033
-0.776337
-0.763571
-0.750778
-0.737998
-0.725264
-0.712606
-0.700051
-0.687622
-0.675341
-0.663228
-0.651301
-0.639574
-0.628065
-0.616786
-0.605749
-0.594966
-0.584448
-0.574205
-0.564245
-0.554578
-0.545211
-0.536153
-0.527410
-0.518991
-0.510900
-0.503146
-0.495733
-0.488666
-0.481953
-0.475598
-0.469606
-0.463982
-0.458732
-0.453859
-0.449369
-0.445266
-0.441554
-0.438238
-0.435321
-0.432808
-0.430703
-0.429009
-0.427732
-0.426874
-0.426440
-0.426432
-0.426856
-0.427714
-0.429011
-0.430750
-0.432935
-0.435569
-0.438656
-0.442199
-0.446202
-0.450670
-0.455604
-0.461009
-0.466889
-0.473246
-0.480085
-0.487410
-0.495223
-0.503527
-0.512328
-0.521628
-0.531430
-0.902216
-0.900379
-0.895885
-0.889409
-0.881421
-0.872259
-0.862179
-0.851374
-0.839996
-0.828170
-0.815994
-0.803554
-0.790917
-0.778143
-0.765285
-0.752386
-0.739483
-0.726611
-0.713799
-0.701073
-0.688457
-0.675972
-0.663638
-0.651471
-0.639489
-0.627705
-0.616133
-0.604784
-0.593671
-0.582803
-0.572189
-0.561840
-0.551764
-0.541966
-0.532456
-0.523240
-0.514326
-0.505720
-0.497427
-0.489453
-0.481802
-0.474481
-0.467494
-0.460847
-0.454543
-0.448587
-0.442984
-0.437738
-0.432853
-0.428333
-0.424181
-0.420402
-0.416999
-0.413975
-0.411335
-0.409082
-0.407219
-0.405750
-0.404678
-0.404006
-0.403738
-0.403877
-0.404427
-0.405389
-0.406769
-0.408568
-0.410790
-0.413437
-0.416515
-0.420024
-0.423969
-0.428353
-0.433179
-0.438449
-0.444167
-0.450336
-0.456960
-0.464040
-0.471581
-0.479585
-0.904326
-0.902497
-0.898019
-0.891563
-0.883595
-0.874448
-0.864376
-0.853570
-0.842181
-0.830331
-0.818119
-0.805629
-0.792929
-0.780077
-0.767124
-0.754115
-0.741087
-0.728073
-0.715102
-0.702201
-0.689393
-0.676697
-0.664134
-0.651721
-0.639474
-0.627406
-0.615531
-0.603860
-0.592405
-0.581174
-0.570179
-0.559426
-0.548925
-0.538682
-0.528705
-0.519000
-0.509574
-0.500434
-0.491583
-0.483028
-0.474772
-0.466822
-0.459182
-0.451856
-0.444848
-0.438163
-0.431805
-0.425776
-0.420082
-0.414725
-0.409709
-0.405037
-0.400713
-0.396739
-0.393120
-0.389857
-0.386955
-0.384415
-0.382241
-0.380436
-0.379003
-0.377944
-0.377263
-0.376962
-0.377044
-0.377511
-0.378367
-0.379613
-0.381253
-0.383290
-0.385725
-0.388562
-0.391803
-0.395451
-0.399509
-0.403979
-0.408864
-0.414166
-0.419888
-0.426033
-0.906548
-0.904727
-0.900267
-0.893834
-0.885888
-0.876759
-0.866697
-0.855893
-0.844494
-0.832622
-0.820376
-0.807836
-0.795072
-0.782140
-0.769092
-0.755972
-0.742816
-0.729657
-0.716524
-0.703443
-0.690436
-0.677524
-0.664727
-0.652060
-0.639540
-0.627181
-0.614994
-0.602991
-0.591184
-0.579580
-0.568191
-0.557023
-0.546084
-0.535382
-0.524923
-0.514715
-0.504762
-0.495070
-0.485645
-0.476491
-0.467612
-0.459014
-0.450700
-0.442675
-0.434942
-0.427505
-0.420368
-0.413533
-0.407005
-0.400786
-0.394879
-0.389288
-0.384015
-0.379062
-0.374434
-0.370131
-0.366158
-0.362516
-0.359207
-0.356236
-0.353602
-0.351310
-0.349362
-0.347760
-0.346505
-0.345601
-0.345050
-0.344853
-0.345013
-0.345533
-0.346414
-0.347658
-0.349269
-0.351247
-0.353596
-0.356317
-0.359412
-0.362884
-0.366735
-0.370966
-0.908881
-0.907069
-0.902629
-0.896222
-0.888300
-0.879192
-0.869144
-0.858344
-0.846938
-0.835046
-0.822765
-0.810177
-0.797349
-0.784337
-0.771194
-0.757960
-0.744674
-0.731368
-0.718069
-0.704805
-0.691596
-0.678463
-0.665426
-0.652500
-0.639701
-0.627042
-0.614536
-0.602193
-0.590024
-0.578038
-0.566244
-0.554650
-0.543263
-0.532089
-0.521136
-0.510410
-0.499916
-0.489660
-0.479645
-0.469876
-0.460358
-0.451094
-0.442089
-0.433346
-0.424868
-0.416660
-0.408723
-0.401061
-0.393677
-0.386573
-0.379753
-0.373218
-0.366971
-0.361014
-0.355350
-0.349981
-0.344909
-0.340136
-0.335664
-0.331495
-0.327631
-0.324074
-0.320826
-0.317889
-0.315264
-0.312954
-0.310960
-0.309283
-0.307926
-0.306890
-0.306178
-0.305790
-0.305729
-0.305996
-0.306592
-0.307520
-0.308781
-0.310377
-0.312309
-0.314579
-0.911324
-0.909522
-0.905105
-0.898726
-0.890832
-0.881749
-0.871717
-0.860924
-0.849513
-0.837603
-0.825290
-0.812655
-0.799763
-0.786673
-0.773433
-0.760086
-0.746668
-0.733213
-0.719746
-0.706295
-0.692881
-0.679524
-0.666242
-0.653052
-0.639968
-0.627003
-0.614170
-0.601480
-0.588942
-0.576566
-0.564358
-0.552328
-0.540483
-0.528828
-0.517370
-0.506115
-0.495068
-0.484233
-0.473615
-0.463217
-0.453045
-0.443101
-0.433389
-0.423912
-0.414673
-0.405676
-0.396922
-0.388414
-0.380155
-0.372147
-0.364392
-0.356893
-0.349651
-0.342667
-0.335945
-0.329486
-0.323291
-0.317362
-0.311701
-0.306308
-0.301187
-0.296338
-0.291762
-0.287462
-0.283437
-0.279690
-0.276222
-0.273034
-0.270128
-0.267504
-0.265164
-0.263109
-0.261340
-0.259859
-0.258666
-0.257764
-0.257152
-0.256832
-0.256806
-0.257074
-0.913878
-0.912086
-0.907695
-0.901346
-0.893484
-0.884429
-0.874418
-0.863634
-0.852221
-0.840296
-0.827953
-0.815272
-0.802319
-0.789149
-0.775813
-0.762353
-0.748803
-0.735197
-0.721562
-0.707922
-0.694300
-0.680715
-0.667185
-0.653726
-0.640353
-0.627078
-0.613913
-0.600870
-0.587956
-0.575182
-0.562553
-0.550080
-0.537768
-0.525622
-0.513650
-0.501855
-0.490245
-0.478821
-0.467588
-0.456551
-0.445712
-0.435075
-0.424643
-0.414418
-0.404404
-0.394602
-0.385015
-0.375646
-0.366496
-0.357567
-0.348861
-0.340379
-0.332123
-0.324094
-0.316295
-0.308725
-0.301387
-0.294281
-0.287409
-0.280772
-0.274370
-0.268206
-0.262279
-0.256590
-0.251141
-0.245932
-0.240964
-0.236238
-0.231755
-0.227515
-0.223519
-0.219768
-0.216262
-0.213003
-0.209990
-0.207225
-0.204709
-0.202441
-0.200422
-0.198654
-0.916541
-0.914761
-0.910397
-0.904083
-0.896257
-0.887233
-0.877246
-0.866476
-0.855065
-0.843126
-0.830755
-0.818032
-0.805018
-0.791772
-0.778341
-0.764767
-0.751086
-0.737329
-0.723523
-0.709694
-0.695862
-0.682047
-0.668266
-0.654536
-0.640869
-0.627280
-0.613779
-0.600377
-0.587083
-0.573905
-0.560850
-0.547927
-0.535140
-0.522497
-0.510002
-0.497661
-0.485478
-0.473456
-0.461600
-0.449913
-0.438397
-0.427056
-0.415892
-0.404908
-0.394107
-0.383489
-0.373057
-0.362813
-0.352759
-0.342895
-0.333222
-0.323744
-0.314459
-0.305370
-0.296476
-0.287781
-0.279283
-0.270983
-0.262883
-0.254982
-0.247282
-0.239783
-0.232485
-0.225389
-0.218495
-0.211804
-0.205316
-0.199030
-0.192948
-0.187069
-0.181395
-0.175924
-0.170658
-0.165596
-0.160739
-0.156086
-0.151639
-0.147396
-0.143359
-0.139527
-0.919312
-0.917545
-0.913211
-0.906935
-0.899149
-0.890161
-0.880202
-0.869450
-0.858044
-0.846097
-0.833701
-0.820937
-0.807866
-0.794545
-0.781020
-0.767333
-0.753521
-0.739614
-0.725638
-0.711618
-0.697575
-0.683529
-0.669496
-0.655492
-0.641530
-0.627624
-0.613784
-0.600020
-0.586341
-0.572755
-0.559269
-0.545890
-0.532624
-0.519478
-0.506454
-0.493560
-0.480797
-0.468171
-0.455684
-0.443338
-0.431138
-0.419085
-0.407181
-0.395429
-0.383831
-0.372387
-0.361101
-0.349972
-0.339002
-0.328192
-0.317543
-0.307056
-0.296731
-0.286569
-0.276570
-0.266735
-0.257064
-0.247557
-0.238215
-0.229038
-0.220025
-0.211178
-0.202494
-0.193976
-0.185622
-0.177432
-0.169407
-0.161546
-0.153848
-0.146315
-0.138944
-0.131736
-0.124691
-0.117809
-0.111088
-0.104530
-0.098132
-0.091896
-0.085820
-0.079904
-0.922191
-0.920439
-0.916137
-0.909904
-0.902162
-0.893214
-0.883288
-0.872558
-0.861161
-0.849209
-0.836793
-0.823991
-0.810865
-0.797471
-0.783855
-0.770058
-0.756116
-0.742059
-0.727913
-0.713704
-0.699450
-0.685172
-0.670886
-0.656607
-0.642349
-0.628124
-0.613942
-0.599814
-0.585748
-0.571751
-0.557830
-0.543992
-0.530244
-0.516589
-0.503034
-0.489581
-0.476234
-0.462998
-0.449874
-0.436866
-0.423975
-0.411203
-0.398553
-0.386027
-0.373625
-0.361349
-0.349200
-0.337179
-0.325286
-0.313523
-0.301889
-0.290385
-0.279011
-0.267768
-0.256655
-0.245672
-0.234819
-0.224096
-0.213503
-0.203039
-0.192704
-0.182497
-0.172418
-0.162467
-0.152642
-0.142944
-0.133371
-0.123923
-0.114599
-0.105399
-0.096321
-0.087364
-0.078529
-0.069814
-0.061218
-0.052740
-0.044380
-0.036137
-0.028009
-0.019997
-0.925178
-0.923441
-0.919175
-0.912988
-0.905295
-0.896392
-0.886504
-0.875801
-0.864418
-0.852466
-0.840033
-0.827197
-0.814020
-0.800556
-0.786851
-0.772945
-0.758876
-0.744671
-0.730357
-0.715959
-0.701495
-0.686986
-0.672447
-0.657893
-0.643339
-0.628794
-0.614271
-0.599777
-0.585321
-0.570912
-0.556555
-0.542257
-0.528023
-0.513859
-0.499768
-0.485754
-0.471821
-0.457971
-0.444208
-0.430532
-0.416946
-0.403453
-0.390053
-0.376748
-0.363538
-0.350425
-0.337410
-0.324492
-0.311672
-0.298950
-0.286327
-0.273801
-0.261374
-0.249044
-0.236811
-0.224675
-0.212635
-0.200690
-0.188841
-0.177085
-0.165421
-0.153851
-0.142371
-0.130981
-0.119680
-0.108467
-0.097341
-0.086301
-0.075344
-0.064471
-0.053680
-0.042969
-0.032337
-0.021783
-0.011306
-0.000904
0.009425
0.019681
0.029866
0.039982
-0.928270
-0.926550
-0.922324
-0.916187
-0.908548
-0.899696
-0.889851
-0.879180
-0.867817
-0.855868
-0.843423
-0.830557
-0.817333
-0.803802
-0.790012
-0.776002
-0.761808
-0.747458
-0.732978
-0.718392
-0.703721
-0.688981
-0.674191
-0.659364
-0.644513
-0.629650
-0.614784
-0.599925
-0.585081
-0.570259
-0.555465
-0.540706
-0.525986
-0.511311
-0.496684
-0.482108
-0.467587
-0.453123
-0.438719
-0.424375
-0.410093
-0.395876
-0.381725
-0.367639
-0.353621
-0.339669
-0.325785
-0.311969
-0.298220
-0.284538
-0.270923
-0.257374
-0.243891
-0.230473
-0.217119
-0.203829
-0.190600
-0.177433
-0.164325
-0.151275
-0.138283
-0.125347
-0.112465
-0.099636
-0.086858
-0.074130
-0.061450
-0.048816
-0.036227
-0.023681
-0.011176
0.001289
0.013717
0.026110
0.038468
0.050794
0.063091
0.075359
0.087600
0.099818
-0.931467
-0.929766
-0.925582
-0.919501
-0.911921
-0.903126
-0.893329
-0.882697
-0.871358
-0.859418
-0.846966
-0.834076
-0.820808
-0.807216
-0.793344
-0.779233
-0.764917
-0.750425
-0.735783
-0.721013
-0.706136
-0.691169
-0.676129
-0.661031
-0.645885
-0.630705
-0.615499
-0.600276
-0.585044
-0.569811
-0.554582
-0.539363
-0.524159
-0.508974
-0.493811
-0.478674
-0.463566
-0.448488
-0.433443
-0.418431
-0.403455
-0.388515
-0.373613
-0.358748
-0.343921
-0.329132
-0.314380
-0.299666
-0.284990
-0.270349
-0.255745
-0.241174
-0.226638
-0.212133
-0.197661
-0.183217
-0.168802
-0.154414
-0.140051
-0.125712
-0.111393
-0.097095
-0.082814
-0.068550
-0.054299
-0.040060
-0.025830
-0.011608
0.002609
0.016822
0.031035
0.045249
0.059468
0.073692
0.087925
0.102168
0.116425
0.130697
0.144988
0.159299
-0.934769
-0.933088
-0.928950
-0.922929
-0.915414
-0.906681
-0.896940
-0.886352
-0.875043
-0.863118
-0.850665
-0.837755
-0.824450
-0.810800
-0.796852
-0.782644
-0.768211
-0.753581
-0.738779
-0.723829
-0.708750
-0.693559
-0.678273
-0.662907
-0.647470
-0.631975
-0.616431
-0.600847
-0.585231
-0.569589
-0.553927
-0.538250
-0.522565
-0.506872
-0.491177
-0.475481
-0.459788
-0.444100
-0.428416
-0.412740
-0.397072
-0.381412
-0.365762
-0.350121
-0.334489
-0.318865
-0.303250
-0.287643
-0.272043
-0.256448
-0.240858
-0.225271
-0.209686
-0.194101
-0.178514
-0.162924
-0.147329
-0.131727
-0.116116
-0.100493
-0.084856
-0.069203
-0.053532
-0.037840
-0.022125
-0.006384
0.009385
0.025186
0.041020
0.056890
0.072800
0.088752
0.104748
0.120792
0.136886
0.153033
0.169237
0.185500
0.201824
0.218213
-0.938173
-0.936513
-0.932426
-0.926471
-0.919027
-0.910363
-0.900684
-0.890146
-0.878874
-0.866971
-0.854522
-0.841599
-0.828261
-0.814560
-0.800540
-0.786241
-0.771696
-0.756933
-0.741976
-0.726850
-0.711573
-0.696163
-0.680635
-0.665004
-0.649280
-0.633475
-0.617597
-0.601656
-0.585659
-0.569612
-0.553522
-0.537392
-0.521228
-0.505032
-0.488809
-0.472559
-0.456286
-0.439990
-0.423674
-0.407338
-0.390983
-0.374609
-0.358216
-0.341804
-0.325373
-0.308922
-0.292450
-0.275956
-0.259439
-0.242898
-0.226330
-0.209734
-0.193109
-0.176451
-0.159760
-0.143033
-0.126268
-0.109462
-0.092613
-0.075718
-0.058774
-0.041779
-0.024730
-0.007624
0.009542
0.026771
0.044066
0.061429
0.078865
0.096377
0.113966
0.131638
0.149394
0.167239
0.185176
0.203208
0.221337
0.239569
0.257906
0.276352
-0.941678
-0.940042
-0.936010
-0.930126
-0.922760
-0.914172
-0.904562
-0.894081
-0.882853
-0.870978
-0.858540
-0.845610
-0.832246
-0.818499
-0.804414
-0.790029
-0.775377
-0.760486
-0.745381
-0.730084
-0.714615
-0.698990
-0.683226
-0.667335
-0.651329
-0.635218
-0.619012
-0.602720
-0.586347
-0.569902
-0.553388
-0.536811
-0.520174
-0.503481
-0.486734
-0.469936
-0.453089
-0.436194
-0.419251
-0.402262
-0.385227
-0.368146
-0.351019
-0.333845
-0.316623
-0.299353
-0.282033
-0.264662
-0.247238
-0.229760
-0.212225
-0.194632
-0.176978
-0.159261
-0.141478
-0.123627
-0.105705
-0.087709
-0.069636
-0.051484
-0.033249
-0.014928
0.003482
0.021985
0.040583
0.059281
0.078081
0.096988
0.116005
0.135135
0.154383
0.173751
0.193245
0.212866
0.232620
0.252510
0.272540
0.292713
0.313034
0.333507
-0.945283
-0.943673
-0.939700
-0.933894
-0.926612
-0.918107
-0.908573
-0.898158
-0.886981
-0.875141
-0.862720
-0.849791
-0.836407
-0.822622
-0.808478
-0.794014
-0.779262
-0.764249
-0.749002
-0.733540
-0.717885
-0.702052
-0.686057
-0.669912
-0.653630
-0.637221
-0.620693
-0.604055
-0.587314
-0.570477
-0.553546
-0.536528
-0.519426
-0.502243
-0.484981
-0.467643
-0.450230
-0.432743
-0.415183
-0.397550
-0.379844
-0.362066
-0.344214
-0.326288
-0.308287
-0.290209
-0.272053
-0.253817
-0.235499
-0.217097
-0.198609
-0.180032
-0.161364
-0.142602
-0.123744
-0.104785
-0.085724
-0.066556
-0.047279
-0.027889
-0.008382
0.011244
0.030994
0.050871
0.070879
0.091023
0.111305
0.131729
0.152301
0.173024
0.193902
0.214939
0.236139
0.257507
0.279047
0.300764
0.322660
0.344741
0.367012
0.389476
-0.948987
-0.947404
-0.943495
-0.937774
-0.930583
-0.922169
-0.912719
-0.902377
-0.891260
-0.879462
-0.867067
-0.854145
-0.840750
-0.826933
-0.812737
-0.798200
-0.783355
-0.768229
-0.752845
-0.737227
-0.721392
-0.705358
-0.689139
-0.672749
-0.656198
-0.639497
-0.622655
-0.605680
-0.588579
-0.571356
-0.554018
-0.536567
-0.519008
-0.501344
-0.483576
-0.465707
-0.447738
-0.429670
-0.411502
-0.393237
-0.374872
-0.356408
-0.337844
-0.319179
-0.300411
-0.281539
-0.262561
-0.243475
-0.224279
-0.204970
-0.185545
-0.166002
-0.146338
-0.126550
-0.106635
-0.086589
-0.066408
-0.046090
-0.025631
-0.005026
0.015728
0.036635
0.057699
0.078925
0.100316
0.121876
0.143611
0.165523
0.187619
0.209903
0.232378
0.255049
0.277922
0.301001
0.324290
0.347795
0.371519
0.395468
0.419647
0.444059
-0.952787
-0.951235
-0.947395
-0.941764
-0.934673
-0.926359
-0.917000
-0.906740
-0.895690
-0.883943
-0.871582
-0.858675
-0.845276
-0.831435
-0.817196
-0.802595
-0.787665
-0.772432
-0.756920
-0.741152
-0.725146
-0.708919
-0.692485
-0.675857
-0.659046
-0.642062
-0.624915
-0.607611
-0.590158
-0.572560
-0.554823
-0.536950
-0.518945
-0.500809
-0.482547
-0.464158
-0.445645
-0.427007
-0.408245
-0.389359
-0.370349
-0.351213
-0.331952
-0.312563
-0.293044
-0.273394
-0.253611
-0.233692
-0.213635
-0.193437
-0.173095
-0.152607
-0.131968
-0.111175
-0.090226
-0.069115
-0.047840
-0.026397
-0.004781
0.017012
0.038986
0.061145
0.083494
0.106037
0.128779
0.151724
0.174877
0.198243
0.221828
0.245635
0.269669
0.293936
0.318441
0.343189
0.368185
0.393434
0.418941
0.444711
0.470750
0.497063
-0.956682
-0.955162
-0.951397
-0.945864
-0.938882
-0.930675
-0.921418
-0.911247
-0.900273
-0.888587
-0.876268
-0.863385
-0.849990
-0.836134
-0.821860
-0.807203
-0.792196
-0.776865
-0.761234
-0.745325
-0.729157
-0.712745
-0.696105
-0.679248
-0.662186
-0.644930
-0.627486
-0.609864
-0.592069
-0.574107
-0.555982
-0.537698
-0.519258
-0.500664
-0.481919
-0.463024
-0.443979
-0.424785
-0.405443
-0.385952
-0.366312
-0.346521
-0.326578
-0.306482
-0.286230
-0.265821
-0.245252
-0.224520
-0.203623
-0.182558
-0.161321
-0.139910
-0.118319
-0.096547
-0.074589
-0.052441
-0.030099
-0.007558
0.015185
0.038135
0.061297
0.084676
0.108276
0.132102
0.156159
0.180452
0.204986
0.229766
0.254798
0.280087
0.305638
0.331457
0.357548
0.383918
0.410572
0.437516
0.464755
0.492295
0.520141
0.548299
-0.960670
-0.959185
-0.955500
-0.950074
-0.943208
-0.935118
-0.925971
-0.915900
-0.905011
-0.893394
-0.881126
-0.868276
-0.854896
-0.841033
-0.826733
-0.812029
-0.796954
-0.781535
-0.765794
-0.749754
-0.733433
-0.716847
-0.700010
-0.682934
-0.665632
-0.648113
-0.630385
-0.612456
-0.594331
-0.576016
-0.557516
-0.538833
-0.519971
-0.500932
-0.481718
-0.462330
-0.442769
-0.423036
-0.403130
-0.383050
-0.362797
-0.342369
-0.321763
-0.300979
-0.280014
-0.258866
-0.237533
-0.216010
-0.194297
-0.172388
-0.150282
-0.127973
-0.105458
-0.082734
-0.059796
-0.036640
-0.013261
0.010344
0.034182
0.058256
0.082572
0.107133
0.131947
0.157017
0.182350
0.207949
0.233821
0.259972
0.286407
0.313131
0.340151
0.367472
0.395100
0.423040
0.451299
0.479883
0.508797
0.538049
0.567642
0.597584
-0.964749
-0.963301
-0.959704
-0.954391
-0.947651
-0.939688
-0.930660
-0.920699
-0.909904
-0.898366
-0.886160
-0.873353
-0.859995
-0.846137
-0.831819
-0.817078
-0.801946
-0.786448
-0.770607
-0.754447
-0.737983
-0.721233
-0.704210
-0.686928
-0.669397
-0.651627
-0.633627
-0.615403
-0.596960
-0.578306
-0.559443
-0.540375
-0.521106
-0.501637
-0.481970
-0.462105
-0.442045
-0.421789
-0.401336
-0.380687
-0.359840
-0.338793
-0.317546
-0.296096
-0.274440
-0.252576
-0.230502
-0.208214
-0.185709
-0.162984
-0.140034
-0.116857
-0.093447
-0.069801
-0.045915
-0.021784
0.002598
0.027234
0.052130
0.077290
0.102720
0.128426
0.154412
0.180684
0.207248
0.234109
0.261273
0.288746
0.316535
0.344644
0.373080
0.401849
0.430958
0.460412
0.490217
0.520381
0.550909
0.581808
0.613084
0.644744
-0.968916
-0.967509
-0.964005
-0.958815
-0.952211
-0.944384
-0.935487
-0.925644
-0.914955
-0.903506
-0.891371
-0.878616
-0.865292
-0.851448
-0.837124
-0.822356
-0.807177
-0.791611
-0.775681
-0.759411
-0.742816
-0.725914
-0.708717
-0.691240
-0.673492
-0.655485
-0.637225
-0.618719
-0.599973
-0.580993
-0.561783
-0.542346
-0.522685
-0.502802
-0.482699
-0.462375
-0.441833
-0.421073
-0.400094
-0.378895
-0.357475
-0.335832
-0.313965
-0.291871
-0.269549
-0.246994
-0.224205
-0.201178
-0.177910
-0.154397
-0.130634
-0.106619
-0.082347
-0.057812
-0.033012
-0.007941
0.017407
0.043035
0.068950
0.095156
0.121659
0.148465
0.175579
0.203007
0.230755
0.258829
0.287235
0.315978
0.345067
0.374506
0.404301
0.434461
0.464990
0.495896
0.527185
0.558864
0.590939
0.623417
0.656305
0.689610
-0.973169
-0.971806
-0.968402
-0.963345
-0.956887
-0.949207
-0.940450
-0.930737
-0.920164
-0.908815
-0.896761
-0.884070
-0.870790
-0.856970
-0.842651
-0.827868
-0.812653
-0.797030
-0.781023
-0.764655
-0.747941
-0.730899
-0.713541
-0.695881
-0.677931
-0.659699
-0.641193
-0.622420
-0.603386
-0.584097
-0.564555
-0.544765
-0.524730
-0.504450
-0.483928
-0.463164
-0.442161
-0.420917
-0.399432
-0.377705
-0.355734
-0.333519
-0.311056
-0.288345
-0.265381
-0.242163
-0.218687
-0.194950
-0.170948
-0.146678
-0.122135
-0.097316
-0.072215
-0.046828
-0.021150
0.004823
0.031097
0.057677
0.084569
0.111777
0.139308
0.167168
0.195362
0.223897
0.252778
0.282011
0.311604
0.341563
0.371894
0.402604
0.433698
0.465185
0.497071
0.529363
0.562067
0.595191
0.628741
0.662726
0.697151
0.732024
-0.977506
-0.976189
-0.972895
-0.967979
-0.961677
-0.954155
-0.945550
-0.935979
-0.925533
-0.914294
-0.902334
-0.889717
-0.876492
-0.862708
-0.848405
-0.833618
-0.818379
-0.802711
-0.786639
-0.770185
-0.753366
-0.736196
-0.718691
-0.700863
-0.682724
-0.664283
-0.645546
-0.626522
-0.607216
-0.587633
-0.567777
-0.547651
-0.527259
-0.506602
-0.485681
-0.464498
-0.443054
-0.421348
-0.399380
-0.377148
-0.354651
-0.331888
-0.308856
-0.285553
-0.261976
-0.238123
-0.213990
-0.189574
-0.164871
-0.139877
-0.114588
-0.089000
-0.063107
-0.036905
-0.010390
0.016444
0.043603
0.071091
0.098914
0.127079
0.155590
0.184454
0.213677
0.243266
0.273226
0.303564
0.334286
0.365400
0.396913
0.428830
0.461159
0.493907
0.527081
0.560688
0.594736
0.629231
0.664181
0.699593
0.735475
0.771833
-0.981924
-0.980657
-0.977479
-0.972715
-0.966581
-0.959229
-0.950788
-0.941369
-0.931062
-0.919945
-0.908089
-0.895558
-0.882401
-0.868665
-0.854390
-0.839612
-0.824360
-0.808661
-0.792537
-0.776011
-0.759098
-0.741816
-0.724177
-0.706196
-0.687884
-0.669248
-0.650297
-0.631038
-0.611476
-0.591617
-0.571465
-0.551023
-0.530294
-0.509279
-0.487981
-0.466400
-0.444538
-0.422393
-0.399965
-0.377253
-0.354256
-0.330971
-0.307397
-0.283531
-0.259371
-0.234914
-0.210156
-0.185093
-0.159723
-0.134040
-0.108041
-0.081721
-0.055076
-0.028100
-0.000789
0.026863
0.054862
0.083212
0.111920
0.140991
0.170432
0.200248
0.230446
0.261033
0.292015
0.323398
0.355190
0.387396
0.420026
0.453085
0.486580
0.520519
0.554909
0.589758
0.625072
0.660860
0.697128
0.733886
0.771140
0.808897
-0.986419
-0.985206
-0.982153
-0.977552
-0.971597
-0.964428
-0.956163
-0.946908
-0.936752
-0.925769
-0.914031
-0.901598
-0.888519
-0.874844
-0.860610
-0.845853
-0.830602
-0.814884
-0.798722
-0.782138
-0.765147
-0.747766
-0.730009
-0.711891
-0.693420
-0.674607
-0.655458
-0.635982
-0.616183
-0.596067
-0.575637
-0.554899
-0.533853
-0.512502
-0.490848
-0.468892
-0.446635
-0.424076
-0.401214
-0.378048
-0.354577
-0.330799
-0.306712
-0.282314
-0.257601
-0.232572
-0.207222
-0.181548
-0.155546
-0.129211
-0.102541
-0.075529
-0.048172
-0.020464
0.007599
0.036024
0.064816
0.093980
0.123522
0.153449
0.183766
0.214479
0.245596
0.277123
0.309066
0.341433
0.374230
0.407464
0.441143
0.475274
0.509863
0.544919
0.580450
0.616462
0.652963
0.689962
0.727465
0.765481
0.804018
0.843083
-0.990988
-0.989834
-0.986915
-0.982489
-0.976726
-0.969751
-0.961675
-0.952598
-0.942604
-0.931768
-0.920159
-0.907836
-0.894850
-0.881248
-0.867068
-0.852346
-0.837110
-0.821387
-0.805201
-0.788573
-0.771518
-0.754055
-0.736196
-0.717956
-0.699345
-0.680371
-0.661042
-0.641367
-0.621349
-0.600995
-0.580309
-0.559295
-0.537955
-0.516290
-0.494304
-0.471997
-0.449369
-0.426421
-0.403151
-0.379559
-0.355643
-0.331401
-0.306832
-0.281932
-0.256700
-0.231132
-0.205225
-0.178976
-0.152379
-0.125432
-0.098130
-0.070468
-0.042442
-0.014047
0.014724
0.043874
0.073410
0.103337
0.133662
0.164390
0.195528
0.227082
0.259059
0.291465
0.324307
0.357592
0.391328
0.425521
0.460178
0.495309
0.530918
0.567015
0.603607
0.640701
0.678306
0.716430
0.755080
0.794265
0.833993
0.874271
-0.995628
-0.994537
-0.991763
-0.987523
-0.981965
-0.975199
-0.967324
-0.958438
-0.948620
-0.937944
-0.926476
-0.914278
-0.901397
-0.887881
-0.873769
-0.859094
-0.843888
-0.828175
-0.811979
-0.795322
-0.778221
-0.760690
-0.742746
-0.724402
-0.705667
-0.686550
-0.667061
-0.647205
-0.626989
-0.606418
-0.585497
-0.564228
-0.542616
-0.520661
-0.498367
-0.475734
-0.452762
-0.429452
-0.405802
-0.381811
-0.357480
-0.332805
-0.307785
-0.282417
-0.256700
-0.230628
-0.204201
-0.177413
-0.150261
-0.122741
-0.094849
-0.066580
-0.037930
-0.008892
0.020537
0.050364
0.080594
0.111232
0.142285
0.173759
0.205661
0.237995
0.270771
0.303993
0.337669
0.371806
0.406411
0.441492
0.477055
0.513110
0.549662
0.586719
0.624291
0.662384
0.701006
0.740167
0.779873
0.820133
0.860956
0.902349
-1.000335
-0.999313
-0.996693
-0.992653
-0.987314
-0.980769
-0.973110
-0.964428
-0.954799
-0.944296
-0.932984
-0.920923
-0.908161
-0.894746
-0.880715
-0.866103
-0.850940
-0.835252
-0.819063
-0.802393
-0.785260
-0.767680
-0.749668
-0.731237
-0.712397
-0.693157
-0.673526
-0.653510
-0.633116
-0.612350
-0.591214
-0.569715
-0.547854
-0.525634
-0.503056
-0.480123
-0.456834
-0.433189
-0.409187
-0.384829
-0.360112
-0.335036
-0.309599
-0.283797
-0.257628
-0.231090
-0.204180
-0.176893
-0.149226
-0.121175
-0.092736
-0.063904
-0.034675
-0.005043
0.024996
0.055449
0.086320
0.117615
0.149341
0.181504
0.214109
0.247164
0.280674
0.314647
0.349090
0.384010
0.419414
0.455309
0.491703
0.528604
0.566019
0.603956
0.642423
0.681428
0.720978
0.761084
0.801752
0.842992
0.884810
0.927217
-1.005105
-1.004157
-1.001702
-0.997876
-0.992770
-0.986462
-0.979033
-0.970568
-0.961143
-0.950826
-0.939684
-0.927774
-0.915145
-0.901844
-0.887910
-0.873376
-0.858271
-0.842624
-0.826457
-0.809791
-0.792643
-0.775030
-0.756968
-0.738469
-0.719543
-0.700199
-0.680447
-0.660292
-0.639742
-0.618802
-0.597476
-0.575769
-0.553684
-0.531223
-0.508389
-0.485182
-0.461603
-0.437652
-0.413330
-0.388634
-0.363564
-0.338120
-0.312298
-0.286097
-0.259514
-0.232547
-0.205192
-0.177446
-0.149306
-0.120767
-0.091825
-0.062476
-0.032715
-0.002538
0.028061
0.059087
0.090546
0.122443
0.154785
0.187576
0.220825
0.254536
0.288718
0.323375
0.358516
0.394148
0.430277
0.466912
0.504059
0.541727
0.579923
0.618655
0.657931
0.697759
0.738147
0.779104
0.820637
0.862757
0.905471
0.948786
-1.009933
-1.009065
-1.006788
-1.003191
-0.998334
-0.992277
-0.985092
-0.976860
-0.967651
-0.957535
-0.946577
-0.934832
-0.922351
-0.909179
-0.895356
-0.880915
-0.865885
-0.850295
-0.834167
-0.817521
-0.800377
-0.782750
-0.764656
-0.746108
-0.727115
-0.707688
-0.687835
-0.667563
-0.646879
-0.625788
-0.604295
-0.582405
-0.560121
-0.537445
-0.514381
-0.490928
-0.467088
-0.442862
-0.418248
-0.393247
-0.367857
-0.342078
-0.315907
-0.289343
-0.262383
-0.235025
-0.207265
-0.179101
-0.150530
-0.121546
-0.092147
-0.062328
-0.032084
-0.001412
0.029696
0.061242
0.093234
0.125676
0.158575
0.191935
0.225765
0.260069
0.294855
0.330129
0.365897
0.402168
0.438949
0.476246
0.514068
0.552422
0.591315
0.630756
0.670753
0.711313
0.752445
0.794157
0.836459
0.879358
0.922862
0.966981
-1.014814
-1.014032
-1.011947
-1.008595
-1.004003
-0.998213
-0.991288
-0.983302
-0.974325
-0.964425
-0.953664
-0.942099
-0.929781
-0.916753
-0.903057
-0.888724
-0.873786
-0.858269
-0.842197
-0.825590
-0.808466
-0.790844
-0.772737
-0.754160
-0.735121
-0.715631
-0.695699
-0.675332
-0.654536
-0.633318
-0.611683
-0.589635
-0.567178
-0.544315
-0.521048
-0.497378
-0.473306
-0.448834
-0.423961
-0.398687
-0.373010
-0.346931
-0.320447
-0.293556
-0.266257
-0.238547
-0.210424
-0.181884
-0.152925
-0.123542
-0.093732
-0.063490
-0.032812
-0.001695
0.029868
0.061881
0.094350
0.127279
0.160675
0.194544
0.228891
0.263723
0.299046
0.334866
0.371191
0.408028
0.445384
0.483266
0.521682
0.560639
0.600145
0.640208
0.680836
0.722036
0.763817
0.806188
0.849157
0.892732
0.936923
0.981736
-1.019744
-1.019055
-1.017177
-1.014086
-1.009776
-1.004269
-0.997619
-0.989896
-0.981165
-0.971494
-0.960946
-0.949577
-0.937436
-0.924568
-0.911015
-0.896807
-0.881977
-0.866551
-0.850551
-0.834001
-0.816918
-0.799319
-0.781219
-0.762632
-0.743568
-0.724037
-0.704048
-0.683609
-0.662725
-0.641405
-0.619652
-0.597472
-0.574869
-0.551845
-0.528403
-0.504545
-0.480273
-0.455586
-0.430486
-0.404971
-0.379042
-0.352697
-0.325936
-0.298757
-0.271158
-0.243137
-0.214691
-0.185818
-0.156514
-0.126777
-0.096603
-0.065987
-0.034926
-0.003415
0.028550
0.060975
0.093863
0.127222
0.161055
0.195369
0.230170
0.265463
0.301255
0.337553
0.374362
0.411691
0.449545
0.487933
0.526862
0.566339
0.606371
0.646968
0.688135
0.729882
0.772217
0.815147
0.858682
0.902831
0.947600
0.992999
-1.024715
-1.024129
-1.022473
-1.019662
-1.015652
-1.010444
-1.004085
-0.996640
-0.988171
-0.978745
-0.968425
-0.957266
-0.945319
-0.932627
-0.919232
-0.905166
-0.890461
-0.875143
-0.859235
-0.842760
-0.825736
-0.808180
-0.790108
-0.771532
-0.752464
-0.732914
-0.712891
-0.692403
-0.671455
-0.650057
-0.628212
-0.605927
-0.583204
-0.560048
-0.536461
-0.512445
-0.488002
-0.463132
-0.437837
-0.412116
-0.385969
-0.359395
-0.332394
-0.304964
-0.277104
-0.248812
-0.220085
-0.190922
-0.161320
-0.131275
-0.100783
-0.069842
-0.038448
-0.006596
0.025718
0.058499
0.091750
0.125478
0.159688
0.194385
0.229575
0.265263
0.301456
0.338159
0.375380
0.413126
0.451402
0.490216
0.529576
0.569489
0.609961
0.651001
0.692618
0.734817
0.777608
0.820999
0.864998
0.909615
0.954855
1.000730
-1.029723
-1.029248
-1.027832
-1.025320
-1.021628
-1.016738
-1.010687
-1.003534
-0.995343
-0.986177
-0.976101
-0.965168
-0.953430
-0.940931
-0.927711
-0.913804
-0.899241
-0.884049
-0.868252
-0.851871
-0.834925
-0.817432
-0.799408
-0.780865
-0.761815
-0.742269
-0.722235
-0.701721
-0.680735
-0.659284
-0.637373
-0.615009
-0.592195
-0.568934
-0.545232
-0.521089
-0.496506
-0.471486
-0.446029
-0.420136
-0.393806
-0.367039
-0.339835
-0.312194
-0.284113
-0.255590
-0.226626
-0.197216
-0.167359
-0.137052
-0.106292
-0.075075
-0.043398
-0.011257
0.021351
0.054432
0.087989
0.122028
0.156553
0.191570
0.227084
0.263100
0.299625
0.336664
0.374223
0.412310
0.450930
0.490091
0.529800
0.570064
0.610890
0.652285
0.694258
0.736816
0.779966
0.823718
0.868079
0.913058
0.958662
1.004901
-1.034761
-1.034406
-1.033250
-1.031058
-1.027704
-1.023149
-1.017422
-1.010580
-1.002682
-0.993792
-0.983974
-0.973284
-0.961771
-0.949481
-0.936454
-0.922723
-0.908320
-0.893273
-0.877604
-0.861337
-0.844490
-0.827081
-0.809126
-0.790638
-0.771628
-0.752108
-0.732086
-0.711572
-0.690572
-0.669094
-0.647145
-0.624729
-0.601851
-0.578516
-0.554728
-0.530487
-0.505797
-0.480659
-0.455074
-0.429043
-0.402566
-0.375643
-0.348275
-0.320460
-0.292197
-0.263487
-0.234326
-0.204714
-0.174648
-0.144125
-0.113144
-0.081701
-0.049792
-0.017415
0.015434
0.048759
0.082564
0.116854
0.151634
0.186908
0.222681
0.258959
0.295746
0.333050
0.370875
0.409228
0.448115
0.487543
0.527519
0.568050
0.609142
0.650803
0.693041
0.735862
0.779275
0.823288
0.867908
0.913145
0.959005
1.005497
-1.039821
-1.039599
-1.038723
-1.036873
-1.033877
-1.029676
-1.024292
-1.017775
-1.010186
-1.001589
-0.992046
-0.981614
-0.970343
-0.958279
-0.945462
-0.931924
-0.917701
-0.902817
-0.887297
-0.871163
-0.854434
-0.837130
-0.819266
-0.800854
-0.781907
-0.762437
-0.742453
-0.721962
-0.700974
-0.679496
-0.657534
-0.635094
-0.612182
-0.588802
-0.564957
-0.540651
-0.515885
-0.490662
-0.464983
-0.438849
-0.412260
-0.385218
-0.357723
-0.329774
-0.301371
-0.272513
-0.243199
-0.213428
-0.183198
-0.152507
-0.121353
-0.089732
-0.057643
-0.025083
0.007953
0.041467
0.075463
0.109946
0.144919
0.180387
0.216355
0.252828
0.289810
0.327307
0.365325
0.403870
0.442947
0.482563
0.522725
0.563439
0.604711
0.646549
0.688961
0.731952
0.775531
0.819705
0.864483
0.909873
0.955881
1.002517
-1.044895
-1.044819
-1.044247
-1.042762
-1.040146
-1.036320
-1.031294
-1.025121
-1.017857
-1.009568
-1.000316
-0.990159
-0.979147
-0.967327
-0.954736
-0.941411
-0.927385
-0.912682
-0.897330
-0.881350
-0.864762
-0.847584
-0.829832
-0.811519
-0.792659
-0.773262
-0.753339
-0.732898
-0.711947
-0.690495
-0.668549
-0.646113
-0.623195
-0.599799
-0.575929
-0.551588
-0.526779
-0.501504
-0.475765
-0.449563
-0.422899
-0.395775
-0.368191
-0.340147
-0.311643
-0.282679
-0.253255
-0.223369
-0.193021
-0.162207
-0.130927
-0.099179
-0.066960
-0.034268
-0.001099
0.032549
0.066679
0.101295
0.136402
0.172002
0.208101
0.244703
0.281812
0.319434
0.357573
0.396235
0.435426
0.475151
0.515418
0.556232
0.597599
0.639527
0.682021
0.725089
0.768739
0.812977
0.857812
0.903251
0.949301
0.995971
-1.049974
-1.050060
-1.049817
-1.048724
-1.046510
-1.043077
-1.038430
-1.032616
-1.025694
-1.017729
-1.008786
-0.998920
-0.988184
-0.976623
-0.964278
-0.951184
-0.937373
-0.922873
-0.907708
-0.891902
-0.875475
-0.858445
-0.840827
-0.822637
-0.803886
-0.784587
-0.764750
-0.744384
-0.723498
-0.702099
-0.680194
-0.657792
-0.634897
-0.611516
-0.587651
-0.563307
-0.538487
-0.513193
-0.487428
-0.461193
-0.434490
-0.407320
-0.379685
-0.351586
-0.323022
-0.293994
-0.264501
-0.234544
-0.204122
-0.173232
-0.141874
-0.110047
-0.077748
-0.044975
-0.011727
0.022000
0.056208
0.090900
0.126081
0.161752
0.197919
0.234585
0.271754
0.309431
0.347620
0.386327
0.425557
0.465315
0.505607
0.546440
0.587817
0.629747
0.672236
0.715290
0.758915
0.803120
0.847912
0.893299
0.939286
0.985882
-1.055049
-1.055314
-1.055430
-1.054755
-1.052967
-1.049948
-1.045697
-1.040260
-1.033696
-1.026073
-1.017453
-1.007896
-0.997453
-0.986170
-0.974089
-0.961244
-0.947668
-0.933389
-0.918432
-0.902821
-0.886576
-0.869716
-0.852256
-0.834210
-0.815593
-0.796416
-0.776691
-0.756425
-0.735629
-0.714311
-0.692477
-0.670136
-0.647295
-0.623958
-0.600129
-0.575814
-0.551015
-0.525736
-0.499979
-0.473746
-0.447040
-0.419862
-0.392214
-0.364098
-0.335513
-0.306462
-0.276943
-0.246958
-0.216506
-0.185586
-0.154197
-0.122338
-0.090009
-0.057208
-0.023932
0.009820
0.044051
0.078763
0.113958
0.149641
0.185814
0.222480
0.259644
0.297308
0.335479
0.374159
0.413354
0.453069
0.493309
0.534079
0.575385
0.617233
0.659628
0.702578
0.746087
0.790164
0.834816
0.880049
0.925870
0.972286
-1.060107
-1.060574
-1.061080
-1.060854
-1.059516
-1.056932
-1.053096
-1.048052
-1.041864
-1.034598
-1.026320
-1.017088
-1.006955
-0.995968
-0.984168
-0.971591
-0.958270
-0.944233
-0.929504
-0.914109
-0.898068
-0.881399
-0.864120
-0.846242
-0.827783
-0.808754
-0.789164
-0.769026
-0.748347
-0.727136
-0.705401
-0.683151
-0.660392
-0.637130
-0.613369
-0.589113
-0.564368
-0.539137
-0.513422
-0.487226
-0.460553
-0.433403
-0.405781
-0.377686
-0.349121
-0.320087
-0.290584
-0.260614
-0.230175
-0.199270
-0.167896
-0.136054
-0.103743
-0.070962
-0.037710
-0.003986
0.030213
0.064889
0.100042
0.135677
0.171795
0.208400
0.245494
0.283081
0.321164
0.359748
0.398836
0.438434
0.478546
0.519176
0.560330
0.602012
0.644230
0.686987
0.730291
0.774147
0.818563
0.863545
0.909099
0.955231
-1.065138
-1.065830
-1.066764
-1.067018
-1.066156
-1.064027
-1.060625
-1.055993
-1.050196
-1.043306
-1.035385
-1.026495
-1.016690
-1.006017
-0.994517
-0.982228
-0.969180
-0.955404
-0.940925
-0.925767
-0.909952
-0.893498
-0.876421
-0.858737
-0.840459
-0.821602
-0.802175
-0.782189
-0.761653
-0.740578
-0.718970
-0.696839
-0.674193
-0.651035
-0.627372
-0.603209
-0.578550
-0.553401
-0.527762
-0.501638
-0.475033
-0.447949
-0.420388
-0.392354
-0.363847
-0.334870
-0.305424
-0.275511
-0.245130
-0.214283
-0.182970
-0.151191
-0.118946
-0.086235
-0.053057
-0.019411
0.014704
0.049288
0.084344
0.119874
0.155879
0.192361
0.229323
0.266768
0.304699
0.343119
0.382031
0.421441
0.461350
0.501765
0.542688
0.584125
0.626082
0.668563
0.711573
0.755119
0.799206
0.843841
0.889030
0.934779
-1.070127
-1.071075
-1.072477
-1.073245
-1.072885
-1.071234
-1.068284
-1.064081
-1.058693
-1.052194
-1.044648
-1.036119
-1.026659
-1.016318
-1.005136
-0.993152
-0.980399
-0.966905
-0.952696
-0.937797
-0.922229
-0.906012
-0.889161
-0.871693
-0.853623
-0.834962
-0.815723
-0.795917
-0.775552
-0.754639
-0.733187
-0.711205
-0.688699
-0.665677
-0.642144
-0.618105
-0.593564
-0.568529
-0.543001
-0.516984
-0.490482
-0.463499
-0.436038
-0.408101
-0.379692
-0.350812
-0.321463
-0.291648
-0.261367
-0.230622
-0.199413
-0.167743
-0.135610
-0.103016
-0.069961
-0.036444
-0.002466
0.031976
0.066880
0.102249
0.138083
0.174385
0.211156
0.248397
0.286112
0.324303
0.362972
0.402124
0.441760
0.481886
0.522504
0.563619
0.605235
0.647357
0.689989
0.733138
0.776807
0.821004
0.865734
0.911001
-1.075059
-1.076298
-1.078214
-1.079533
-1.079703
-1.078552
-1.076072
-1.072315
-1.067354
-1.061263
-1.054109
-1.045957
-1.036860
-1.026869
-1.016024
-1.004366
-0.991927
-0.978734
-0.964817
-0.950198
-0.934901
-0.918943
-0.902342
-0.885115
-0.867275
-0.848837
-0.829812
-0.810211
-0.790044
-0.769322
-0.748053
-0.726248
-0.703915
-0.681058
-0.657685
-0.633801
-0.609412
-0.584523
-0.559139
-0.533263
-0.506900
-0.480054
-0.452728
-0.424927
-0.396653
-0.367909
-0.338697
-0.309020
-0.278880
-0.248279
-0.217219
-0.185701
-0.153726
-0.121296
-0.088411
-0.055071
-0.021278
0.012969
0.047670
0.082824
0.118434
0.154499
0.191020
0.227999
0.265437
0.303336
0.341698
0.380526
0.419822
0.459589
0.499830
0.540548
0.581747
0.623432
0.665606
0.708274
0.751440
0.795111
0.839290
0.883983
-1.079916
-1.081490
-1.083973
-1.085881
-1.086609
-1.085980
-1.083988
-1.080696
-1.076178
-1.070511
-1.063766
-1.056009
-1.047293
-1.037670
-1.027181
-1.015868
-1.003762
-0.990893
-0.977288
-0.962972
-0.947966
-0.932292
-0.915964
-0.899001
-0.881418
-0.863227
-0.844442
-0.825073
-0.805131
-0.784626
-0.763570
-0.741972
-0.719839
-0.697178
-0.673996
-0.650299
-0.626093
-0.601384
-0.576177
-0.550476
-0.524286
-0.497612
-0.470458
-0.442829
-0.414727
-0.386156
-0.357120
-0.327622
-0.297664
-0.267248
-0.236378
-0.205055
-0.173282
-0.141060
-0.108390
-0.075275
-0.041715
-0.007711
0.026737
0.061626
0.096959
0.132733
0.168950
0.205610
0.242713
0.280261
0.318255
0.356696
0.395587
0.434929
0.474724
0.514975
0.555686
0.596859
0.638497
0.680606
0.723188
0.766248
0.809791
0.853821
-1.084677
-1.086641
-1.089748
-1.092289
-1.093603
-1.093517
-1.092033
-1.089223
-1.085163
-1.079939
-1.073619
-1.066273
-1.057957
-1.048720
-1.038607
-1.027658
-1.015906
-1.003380
-0.990109
-0.976117
-0.961427
-0.946057
-0.930027
-0.913353
-0.896050
-0.878132
-0.859613
-0.840502
-0.820812
-0.800554
-0.779739
-0.758376
-0.736473
-0.714038
-0.691077
-0.667599
-0.643607
-0.619110
-0.594113
-0.568620
-0.542638
-0.516171
-0.489224
-0.461802
-0.433909
-0.405550
-0.376727
-0.347445
-0.317708
-0.287518
-0.256878
-0.225792
-0.194262
-0.162291
-0.129881
-0.097034
-0.063753
-0.030038
0.004108
0.038684
0.073689
0.109122
0.144983
0.181270
0.217984
0.255125
0.292693
0.330689
0.369114
0.407968
0.447254
0.486972
0.527126
0.567717
0.608748
0.650222
0.692143
0.734514
0.777339
0.820621
-1.089319
-1.091738
-1.095539
-1.098755
-1.100686
-1.101164
-1.100206
-1.097893
-1.094311
-1.089543
-1.083667
-1.076750
-1.068850
-1.060019
-1.050301
-1.039736
-1.028357
-1.016195
-1.003279
-0.989634
-0.975280
-0.960240
-0.944530
-0.928169
-0.911172
-0.893553
-0.875325
-0.856500
-0.837089
-0.817105
-0.796558
-0.775459
-0.753816
-0.731636
-0.708928
-0.685697
-0.661953
-0.637700
-0.612945
-0.587694
-0.561952
-0.535726
-0.509021
-0.481842
-0.454193
-0.426081
-0.397509
-0.368481
-0.339002
-0.309076
-0.278706
-0.247896
-0.216650
-0.184971
-0.152862
-0.120327
-0.087367
-0.053986
-0.020186
0.014031
0.048662
0.083706
0.119162
0.155027
0.191300
0.227982
0.265070
0.302565
0.340467
0.378776
0.417492
0.456615
0.496149
0.536092
0.576448
0.617219
0.658407
0.700015
0.742046
0.784503
-1.093815
-1.096772
-1.101341
-1.105280
-1.107857
-1.108920
-1.108506
-1.106708
-1.103618
-1.099325
-1.093908
-1.087438
-1.079972
-1.071565
-1.062261
-1.052098
-1.041114
-1.029337
-1.016797
-1.003520
-0.989527
-0.974839
-0.959473
-0.943450
-0.926783
-0.909488
-0.891578
-0.873065
-0.853960
-0.834277
-0.814027
-0.793220
-0.771866
-0.749971
-0.727545
-0.704594
-0.681126
-0.657149
-0.632669
-0.607692
-0.582224
-0.556272
-0.529842
-0.502940
-0.475572
-0.447741
-0.419455
-0.390717
-0.361534
-0.331908
-0.301846
-0.271351
-0.240427
-0.209079
-0.177312
-0.145127
-0.112530
-0.079524
-0.046113
-0.012298
0.021916
0.056526
0.091531
0.126927
0.162713
0.198887
0.235446
0.272389
0.309716
0.347426
0.385517
0.423989
0.462844
0.502081
0.541700
0.581704
0.622093
0.662869
0.704035
0.745593
-1.098130
-1.101731
-1.107154
-1.111865
-1.115116
-1.116785
-1.116933
-1.115666
-1.113083
-1.109281
-1.104340
-1.098333
-1.091321
-1.083356
-1.074484
-1.064745
-1.054175
-1.042804
-1.030662
-1.017775
-1.004164
-0.989851
-0.974854
-0.959193
-0.942881
-0.925935
-0.908369
-0.890194
-0.871423
-0.852069
-0.832144
-0.811658
-0.790621
-0.769041
-0.746926
-0.724285
-0.701126
-0.677455
-0.653281
-0.628609
-0.603447
-0.577803
-0.551681
-0.525090
-0.498034
-0.470521
-0.442555
-0.414142
-0.385289
-0.356000
-0.326281
-0.296136
-0.265572
-0.234593
-0.203203
-0.171408
-0.139213
-0.106621
-0.073636
-0.040264
-0.006508
0.027627
0.062140
0.097025
0.132280
0.167901
0.203885
0.240231
0.276936
0.313998
0.351415
0.389185
0.427308
0.465783
0.504609
0.543788
0.583318
0.623201
0.663439
0.704032
-1.102227
-1.106604
-1.112979
-1.118512
-1.122466
-1.124761
-1.125486
-1.124765
-1.122706
-1.119410
-1.114962
-1.109437
-1.102895
-1.095390
-1.086969
-1.077674
-1.067539
-1.056594
-1.044872
-1.032397
-1.019191
-1.005276
-0.990672
-0.975396
-0.959464
-0.942893
-0.925697
-0.907886
-0.889476
-0.870479
-0.850906
-0.830770
-0.810078
-0.788841
-0.767068
-0.744767
-0.721945
-0.698613
-0.674775
-0.650440
-0.625616
-0.600311
-0.574530
-0.548281
-0.521572
-0.494408
-0.466795
-0.438742
-0.410252
-0.381334
-0.351992
-0.322233
-0.292063
-0.261487
-0.230511
-0.199141
-0.167383
-0.135240
-0.102720
-0.069827
-0.036566
-0.002943
0.031039
0.065375
0.100059
0.135088
0.170458
0.206165
0.242206
0.278577
0.315275
0.352297
0.389642
0.427307
0.465291
0.503592
0.542211
0.581146
0.620398
0.659966
-1.106057
-1.111381
-1.118818
-1.125224
-1.129908
-1.132846
-1.134165
-1.134004
-1.132485
-1.129711
-1.125772
-1.120745
-1.114691
-1.107665
-1.099715
-1.090882
-1.081202
-1.070705
-1.059423
-1.047383
-1.034605
-1.021111
-1.006922
-0.992057
-0.976530
-0.960359
-0.943558
-0.926139
-0.908116
-0.889502
-0.870310
-0.850551
-0.830234
-0.809369
-0.787967
-0.766034
-0.743580
-0.720615
-0.697145
-0.673178
-0.648722
-0.623787
-0.598378
-0.572505
-0.546173
-0.519390
-0.492164
-0.464501
-0.436408
-0.407893
-0.378961
-0.349620
-0.319877
-0.289737
-0.259208
-0.228296
-0.197007
-0.165348
-0.133325
-0.100944
-0.068212
-0.035134
-0.001717
0.032034
0.066114
0.100516
0.135236
0.170268
0.205608
0.241250
0.277191
0.313426
0.349952
0.386766
0.423864
0.461244
0.498905
0.536844
0.575060
0.613553
-1.109564
-1.116055
-1.124675
-1.132005
-1.137444
-1.141041
-1.142968
-1.143383
-1.142418
-1.140182
-1.136768
-1.132256
-1.126708
-1.120179
-1.112718
-1.104367
-1.095162
-1.085134
-1.074315
-1.062730
-1.050403
-1.037353
-1.023604
-1.009173
-0.994076
-0.978330
-0.961950
-0.944948
-0.927339
-0.909135
-0.890352
-0.870997
-0.851083
-0.830619
-0.809616
-0.788081
-0.766025
-0.743456
-0.720383
-0.696814
-0.672758
-0.648222
-0.623217
-0.597748
-0.571825
-0.545455
-0.518645
-0.491404
-0.463739
-0.435658
-0.407167
-0.378275
-0.348989
-0.319316
-0.289264
-0.258840
-0.228052
-0.196906
-0.165411
-0.133573
-0.101399
-0.068897
-0.036074
-0.002937
0.030508
0.064253
0.098292
0.132619
0.167226
0.202109
0.237261
0.272676
0.308350
0.344278
0.380455
0.416878
0.453542
0.490445
0.527584
0.564957
-1.112675
-1.120619
-1.130557
-1.138861
-1.145076
-1.149348
-1.151896
-1.152900
-1.152503
-1.150820
-1.147948
-1.143967
-1.138942
-1.132928
-1.125976
-1.118126
-1.109416
-1.099877
-1.089542
-1.078435
-1.066581
-1.053999
-1.040713
-1.026741
-1.012098
-0.996803
-0.980868
-0.964309
-0.947141
-0.929375
-0.911026
-0.892104
-0.872621
-0.852586
-0.832010
-0.810902
-0.789272
-0.767129
-0.744483
-0.721341
-0.697713
-0.673608
-0.649035
-0.624001
-0.598517
-0.572588
-0.546225
-0.519436
-0.492228
-0.464610
-0.436589
-0.408175
-0.379375
-0.350198
-0.320651
-0.290744
-0.260483
-0.229878
-0.198937
-0.167668
-0.136080
-0.104180
-0.071977
-0.039479
-0.006694
0.026369
0.059703
0.093299
0.127150
0.161248
0.195585
0.230155
0.264951
0.299966
0.335195
0.370630
0.406268
0.442104
0.478133
0.514352
-1.115303
-1.125075
-1.136476
-1.145798
-1.152807
-1.157767
-1.160949
-1.162554
-1.162738
-1.161623
-1.159308
-1.155875
-1.151390
-1.145910
-1.139485
-1.132156
-1.123961
-1.114933
-1.105102
-1.094495
-1.083136
-1.071045
-1.058245
-1.044756
-1.030592
-1.015772
-1.000309
-0.984219
-0.967517
-0.950215
-0.932328
-0.913866
-0.894841
-0.875263
-0.855142
-0.834489
-0.813314
-0.791626
-0.769435
-0.746749
-0.723578
-0.699932
-0.675820
-0.651251
-0.626233
-0.600776
-0.574888
-0.548578
-0.521856
-0.494728
-0.467206
-0.439297
-0.411010
-0.382354
-0.353339
-0.323973
-0.294266
-0.264226
-0.233863
-0.203187
-0.172206
-0.140930
-0.109368
-0.077531
-0.045426
-0.013065
0.019544
0.052391
0.085466
0.118761
0.152267
0.185973
0.219873
0.253956
0.288216
0.322645
0.357236
0.391982
0.426877
0.461916
-1.117336
-1.129428
-1.142447
-1.152825
-1.160641
-1.166297
-1.170123
-1.172343
-1.173121
-1.172589
-1.170846
-1.167977
-1.164050
-1.159122
-1.153242
-1.146453
-1.138793
-1.130295
-1.120990
-1.110905
-1.100064
-1.088487
-1.076197
-1.063213
-1.049553
-1.035233
-1.020267
-1.004672
-0.988462
-0.971651
-0.954252
-0.936277
-0.917737
-0.898643
-0.879005
-0.858835
-0.838143
-0.816938
-0.795230
-0.773028
-0.750343
-0.727184
-0.703562
-0.679485
-0.654962
-0.630003
-0.604617
-0.578815
-0.552604
-0.525994
-0.498995
-0.471616
-0.443868
-0.415758
-0.387298
-0.358497
-0.329365
-0.299912
-0.270149
-0.240085
-0.209731
-0.179097
-0.148194
-0.117033
-0.085625
-0.053980
-0.022109
0.009976
0.042264
0.074745
0.107407
0.140240
0.173233
0.206376
0.239657
0.273069
0.306601
0.340246
0.373994
0.407838
-1.118633
-1.133698
-1.148490
-1.159949
-1.168580
-1.174941
-1.179420
-1.182264
-1.183650
-1.183714
-1.182559
-1.180270
-1.176918
-1.172558
-1.167243
-1.161013
-1.153908
-1.145961
-1.137203
-1.127662
-1.117360
-1.106319
-1.094563
-1.082109
-1.068977
-1.055181
-1.040737
-1.025662
-1.009970
-0.993675
-0.976791
-0.959329
-0.941302
-0.922719
-0.903592
-0.883932
-0.863750
-0.843056
-0.821859
-0.800169
-0.777997
-0.755353
-0.732247
-0.708689
-0.684688
-0.660254
-0.635397
-0.610127
-0.584454
-0.558387
-0.531936
-0.505112
-0.477924
-0.450383
-0.422500
-0.394284
-0.365748
-0.336901
-0.307754
-0.278320
-0.248608
-0.218631
-0.188400
-0.157927
-0.127225
-0.096306
-0.065181
-0.033865
-0.002369
0.029294
0.061110
0.093067
0.125152
0.157353
0.189656
0.222050
0.254523
0.287064
0.319663
0.352309
-1.119012
-1.137922
-1.154629
-1.167183
-1.176628
-1.183697
-1.188836
-1.192316
-1.194322
-1.194996
-1.194443
-1.192751
-1.189990
-1.186216
-1.181484
-1.175832
-1.169301
-1.161926
-1.153736
-1.144759
-1.135019
-1.124538
-1.113337
-1.101437
-1.088856
-1.075610
-1.061713
-1.047183
-1.032034
-1.016282
-0.999938
-0.983016
-0.965528
-0.947484
-0.928894
-0.909772
-0.890126
-0.869970
-0.849311
-0.828160
-0.806528
-0.784425
-0.761863
-0.738851
-0.715398
-0.691514
-0.667211
-0.642499
-0.617387
-0.591886
-0.566007
-0.539759
-0.513154
-0.486202
-0.458916
-0.431305
-0.403381
-0.375156
-0.346642
-0.317850
-0.288793
-0.259483
-0.229934
-0.200158
-0.170168
-0.139978
-0.109602
-0.079054
-0.048349
-0.017501
0.013474
0.044562
0.075748
0.107016
0.138351
0.169738
0.201163
0.232611
0.264070
0.295527
-1.118239
-1.142161
-1.160898
-1.174536
-1.184788
-1.192566
-1.198371
-1.202495
-1.205134
-1.206431
-1.206496
-1.205416
-1.203262
-1.200092
-1.195959
-1.190905
-1.184969
-1.178184
-1.170583
-1.162193
-1.153037
-1.143137
-1.132515
-1.121192
-1.109186
-1.096512
-1.083188
-1.069228
-1.054648
-1.039464
-1.023687
-1.007330
-0.990407
-0.972928
-0.954903
-0.936344
-0.917263
-0.897670
-0.877576
-0.856991
-0.835925
-0.814390
-0.792397
-0.769956
-0.747076
-0.723768
-0.700044
-0.675913
-0.651386
-0.626473
-0.601187
-0.575536
-0.549534
-0.523191
-0.496519
-0.469529
-0.442234
-0.414645
-0.386776
-0.358638
-0.330245
-0.301610
-0.272748
-0.243671
-0.214395
-0.184934
-0.155303
-0.125518
-0.095596
-0.065553
-0.035405
-0.005170
0.025134
0.055489
0.085878
0.116281
0.146681
0.177061
0.207404
0.237694
-1.116010
-1.146514
-1.167333
-1.182019
-1.193063
-1.201547
-1.208023
-1.212800
-1.216082
-1.218015
-1.218712
-1.218260
-1.216730
-1.214180
-1.210667
-1.206228
-1.200906
-1.194732
-1.187740
-1.179957
-1.171406
-1.162110
-1.152090
-1.141367
-1.129960
-1.117883
-1.105155
-1.091790
-1.077804
-1.063212
-1.048027
-1.032263
-1.015931
-0.999042
-0.981607
-0.963639
-0.945148
-0.926145
-0.906642
-0.886648
-0.866175
-0.845234
-0.823835
-0.801990
-0.779708
-0.757000
-0.733877
-0.710351
-0.686431
-0.662129
-0.637456
-0.612423
-0.587042
-0.561325
-0.535284
-0.508930
-0.482277
-0.455336
-0.428122
-0.400647
-0.372925
-0.344970
-0.316797
-0.288420
-0.259854
-0.231116
-0.202222
-0.173190
-0.144036
-0.114779
-0.085437
-0.056031
-0.026580
0.002894
0.032370
0.061826
0.091240
0.120590
0.149855
0.179015
-1.111923
-1.151134
-1.173974
-1.189643
-1.201453
-1.210638
-1.217789
-1.223228
-1.227163
-1.229746
-1.231088
-1.231279
-1.230388
-1.228477
-1.225600
-1.221796
-1.217105
-1.211563
-1.205200
-1.198045
-1.190121
-1.181450
-1.172055
-1.161955
-1.151170
-1.139714
-1.127606
-1.114861
-1.101494
-1.087519
-1.072952
-1.057805
-1.042089
-1.025817
-1.008999
-0.991646
-0.973771
-0.955386
-0.936499
-0.917122
-0.897266
-0.876944
-0.856165
-0.834940
-0.813280
-0.791195
-0.768697
-0.745797
-0.722506
-0.698835
-0.674795
-0.650398
-0.625657
-0.600582
-0.575186
-0.549482
-0.523483
-0.497202
-0.470651
-0.443845
-0.416799
-0.389525
-0.362040
-0.334360
-0.306499
-0.278476
-0.250306
-0.222009
-0.193603
-0.165108
-0.136544
-0.107932
-0.079297
-0.050660
-0.022048
0.006513
0.034995
0.063372
0.091615
0.119700
-1.105447
-1.156254
-1.180863
-1.197415
-1.209961
-1.219840
-1.227667
-1.233774
-1.238374
-1.241618
-1.243619
-1.244467
-1.244233
-1.242977
-1.240753
-1.237601
-1.233563
-1.228670
-1.222957
-1.216451
-1.209174
-1.201151
-1.192402
-1.182948
-1.172808
-1.161998
-1.150534
-1.138432
-1.125708
-1.112377
-1.098452
-1.083947
-1.068873
-1.053242
-1.037066
-1.020355
-1.003122
-0.985378
-0.967133
-0.948399
-0.929186
-0.909507
-0.889372
-0.868792
-0.847777
-0.826338
-0.804488
-0.782236
-0.759594
-0.736573
-0.713186
-0.689443
-0.665357
-0.640940
-0.616204
-0.591163
-0.565829
-0.540215
-0.514335
-0.488204
-0.461834
-0.435243
-0.408444
-0.381455
-0.354291
-0.326969
-0.299507
-0.271925
-0.244242
-0.216479
-0.188657
-0.160798
-0.132929
-0.105074
-0.077264
-0.049528
-0.021900
0.005582
0.032880
0.059958
-1.095876
-1.162219
-1.188035
-1.205340
-1.218584
-1.229147
-1.237653
-1.244436
-1.249710
-1.253627
-1.256302
-1.257822
-1.258259
-1.257675
-1.256121
-1.253640
-1.250272
-1.246049
-1.241005
-1.235168
-1.228560
-1.221206
-1.213126
-1.204340
-1.194868
-1.184725
-1.173929
-1.162495
-1.150439
-1.137775
-1.124517
-1.110679
-1.096272
-1.081309
-1.065799
-1.049755
-1.033189
-1.016112
-0.998534
-0.980468
-0.961922
-0.942911
-0.923443
-0.903531
-0.883184
-0.862414
-0.841233
-0.819650
-0.797678
-0.775327
-0.752611
-0.729539
-0.706125
-0.682380
-0.658318
-0.633951
-0.609291
-0.584354
-0.559150
-0.533697
-0.508007
-0.482097
-0.455980
-0.429674
-0.403196
-0.376562
-0.349790
-0.322900
-0.295911
-0.268846
-0.241725
-0.214571
-0.187412
-0.160274
-0.133186
-0.106184
-0.079307
-0.052601
-0.026133
0.000004
