-0.015070
-0.018478
-0.026355
-0.045676
-0.084776
-0.153887
-0.265928
-0.437427
-0.689648
-1.050000
-0.015862
-0.019140
-0.025810
-0.042143
-0.075513
-0.134864
-0.231425
-0.379526
-0.597584
-0.909327
-0.018235
-0.021301
-0.024732
-0.032902
-0.050574
-0.083193
-0.137385
-0.221482
-0.346127
-0.525000
-0.022449
-0.025668
-0.024856
-0.021851
-0.017913
-0.013761
-0.009781
-0.006145
-0.002896
-0.000000
-0.028939
-0.033385
-0.028796
-0.014607
0.011298
0.052805
0.115669
0.207789
0.339660
0.525000
-0.038316
-0.045997
-0.039734
-0.017479
0.025129
0.095149
0.202627
0.361183
0.588873
0.909326
-0.051379
-0.065458
-0.061179
-0.036562
0.013189
0.095960
0.223010
0.409661
0.676344
1.050000
-0.069128
-0.094226
-0.096914
-0.077281
-0.032065
0.044942
0.162847
0.334126
0.575511
0.909327
-0.092784
-0.135462
-0.151236
-0.144653
-0.115574
-0.061295
0.022752
0.142801
0.306819
0.525001
-0.123800
-0.193391
-0.229496
-0.244299
-0.241660
-0.222993
-0.188573
-0.138440
-0.073778
0.000001
