-0.023136
-0.028473
-0.036345
-0.054514
-0.091990
-0.159388
-0.269810
-0.439853
-0.690789
-1.050000
-0.024302
-0.029797
-0.036606
-0.051788
-0.083443
-0.140942
-0.235730
-0.382223
-0.598853
-0.909327
-0.027820
-0.034008
-0.038058
-0.045108
-0.060795
-0.091131
-0.143057
-0.225055
-0.347813
-0.525000
-0.034020
-0.042060
-0.042842
-0.038873
-0.032514
-0.025302
-0.018128
-0.011442
-0.005406
-0.000000
-0.043449
-0.055515
-0.054310
-0.039643
-0.010776
0.035000
0.102605
0.199422
0.335678
0.525000
-0.056866
-0.076547
-0.076806
-0.055298
-0.009251
0.066753
0.181427
0.347450
0.582297
0.909326
-0.075236
-0.107982
-0.115556
-0.094404
-0.041257
0.049691
0.187701
0.386438
0.665130
1.050000
-0.099726
-0.153415
-0.176783
-0.166173
-0.119160
-0.031712
0.102633
0.293665
0.555722
0.909327
-0.131675
-0.217441
-0.268090
-0.281222
-0.255709
-0.190118
-0.082504
0.069745
0.270306
0.525001
-0.172541
-0.306002
-0.399110
-0.453094
-0.467446
-0.442017
-0.377496
-0.276517
-0.145781
0.000001
