-0.000906
-0.003807
-0.013222
-0.034843
-0.076338
-0.147653
-0.261618
-0.434763
-0.688400
-1.050000
-0.000861
-0.003391
-0.011551
-0.030272
-0.066197
-0.127942
-0.226620
-0.376549
-0.596187
-0.909327
-0.000744
-0.002288
-0.007043
-0.017851
-0.038556
-0.074144
-0.131044
-0.217531
-0.344270
-0.525000
-0.000601
-0.000800
-0.000905
-0.000900
-0.000811
-0.000666
-0.000493
-0.000314
-0.000146
-0.000000
-0.000495
0.000655
0.005207
0.016030
0.036919
0.072802
0.130051
0.216898
0.343975
0.525000
-0.000498
0.001648
0.009623
0.028378
0.064503
0.126555
0.225594
0.375894
0.595882
0.909326
-0.000672
0.001851
0.011104
0.032783
0.074501
0.146149
0.260501
0.434047
0.688064
1.050000
-0.001062
0.001115
0.009162
0.027974
0.064148
0.126251
0.225349
0.375722
0.595794
0.909327
-0.001693
-0.000505
0.004177
0.015100
0.036074
0.072051
0.129423
0.216439
0.343730
0.525001
-0.002576
-0.002783
-0.002722
-0.002606
-0.002428
-0.002174
-0.001827
-0.001366
-0.000764
0.000001
