-0.000011
-0.000027
-0.000101
-0.000319
-0.000836
-0.001895
-0.003859
-0.007252
-0.012812
-0.021564
-0.034909
-0.054745
-0.083634
-0.124998
-0.183399
-0.264879
-0.377418
-0.531514
-0.740935
-1.023684
-0.000012
-0.000028
-0.000101
-0.000317
-0.000823
-0.001856
-0.003767
-0.007064
-0.012461
-0.020950
-0.033888
-0.053119
-0.081121
-0.121216
-0.177824
-0.256804
-0.365892
-0.515264
-0.718269
-0.992360
-0.000014
-0.000029
-0.000098
-0.000299
-0.000766
-0.001712
-0.003456
-0.006457
-0.011362
-0.019070
-0.030811
-0.048258
-0.073660
-0.110030
-0.161379
-0.233022
-0.331980
-0.467485
-0.651648
-0.900303
-0.000017
-0.000031
-0.000092
-0.000266
-0.000666
-0.001470
-0.002942
-0.005464
-0.009578
-0.016034
-0.025861
-0.040456
-0.061702
-0.092120
-0.135065
-0.194987
-0.277756
-0.391100
-0.545148
-0.753149
-0.000021
-0.000033
-0.000083
-0.000221
-0.000531
-0.001143
-0.002254
-0.004145
-0.007217
-0.012025
-0.019335
-0.030185
-0.045975
-0.068578
-0.100491
-0.145022
-0.206537
-0.290781
-0.405286
-0.559902
-0.000028
-0.000037
-0.000073
-0.000166
-0.000367
-0.000752
-0.001434
-0.002578
-0.004419
-0.007287
-0.011633
-0.018073
-0.027439
-0.040844
-0.059771
-0.086185
-0.122680
-0.172668
-0.240622
-0.332390
-0.000037
-0.000043
-0.000063
-0.000106
-0.000186
-0.000320
-0.000531
-0.000859
-0.001358
-0.002108
-0.003223
-0.004859
-0.007227
-0.010613
-0.015395
-0.022075
-0.031317
-0.043989
-0.061232
-0.084535
-0.000051
-0.000053
-0.000055
-0.000046
-0.000000
0.000125
0.000397
0.000906
0.001781
0.003194
0.005378
0.008648
0.013422
0.020264
0.029921
0.043383
0.061962
0.087381
0.121905
0.168493
-0.000069
-0.000069
-0.000053
0.000008
0.000176
0.000554
0.001292
0.002608
0.004803
0.008294
0.013644
0.021619
0.033245
0.049897
0.073401
0.106184
0.151447
0.213403
0.297580
0.411209
-0.000096
-0.000092
-0.000061
0.000049
0.000330
0.000936
0.002096
0.004138
0.007520
0.012875
0.021065
0.033259
0.051026
0.076469
0.112385
0.162482
0.231660
0.326362
0.455043
0.628759
-0.000133
-0.000128
-0.000081
0.000070
0.000446
0.001244
0.002755
0.005398
0.009760
0.016653
0.027183
0.042850
0.065673
0.098352
0.144482
0.208830
0.297691
0.419345
0.584656
0.807830
-0.000184
-0.000179
-0.000121
0.000062
0.000511
0.001452
0.003221
0.006304
0.011380
0.019390
0.031616
0.049800
0.076284
0.114201
0.167725
0.242388
0.345496
0.486660
0.678486
0.937462
-0.000255
-0.000253
-0.000188
0.000016
0.000511
0.001536
0.003456
0.006790
0.012270
0.020907
0.034084
0.053674
0.082200
0.123039
0.180684
0.261097
0.372146
0.524184
0.730790
1.009722
-0.000353
-0.000357
-0.000290
-0.000078
0.000431
0.001479
0.003431
0.006813
0.012362
0.021100
0.034422
0.054223
0.083049
0.124314
0.182558
0.263805
0.376005
0.529618
0.738364
1.020188
-0.000489
-0.000505
-0.000441
-0.000233
0.000258
0.001263
0.003128
0.006350
0.011630
0.019935
0.032590
0.051393
0.078760
0.117932
0.173218
0.250334
0.356826
0.502622
0.700743
0.968218
-0.000675
-0.000713
-0.000656
-0.000468
-0.000025
0.000874
0.002537
0.005403
0.010090
0.017455
0.028672
0.045330
0.069570
0.104258
0.153212
0.221489
0.315769
0.444838
0.620223
0.856995
-0.000932
-0.001004
-0.000960
-0.000804
-0.000439
0.000299
0.001656
0.003988
0.007795
0.013771
0.022865
0.036363
0.055998
0.084091
0.123728
0.179003
0.255319
0.359785
0.501722
0.693323
-0.001284
-0.001410
-0.001385
-0.001273
-0.001010
-0.000483
0.000482
0.002134
0.004827
0.009047
0.015462
0.024978
0.038813
0.058600
0.086510
0.125420
0.179129
0.252631
0.352474
0.487221
-0.001765
-0.001979
-0.001975
-0.001918
-0.001779
-0.001501
-0.000993
-0.000127
0.001281
0.003483
0.006825
0.011776
0.018968
0.029245
0.043733
0.063919
0.091768
0.129860
0.181569
0.251301
-0.002422
-0.002775
-0.002793
-0.002800
-0.002803
-0.002800
-0.002791
-0.002774
-0.002748
-0.002710
-0.002656
-0.002580
-0.002477
-0.002339
-0.002155
-0.001912
-0.001595
-0.001182
-0.000649
0.000001
