-0.000251
-0.000287
-0.000366
-0.000571
-0.001059
-0.002080
-0.004002
-0.007353
-0.012874
-0.021593
-0.034910
-0.054728
-0.083604
-0.124963
-0.183364
-0.264848
-0.377394
-0.531498
-0.740927
-1.023684
-0.000276
-0.000315
-0.000397
-0.000601
-0.001079
-0.002074
-0.003942
-0.007195
-0.012551
-0.021004
-0.033914
-0.053123
-0.081110
-0.121197
-0.177802
-0.256783
-0.365875
-0.515253
-0.718264
-0.992360
-0.000341
-0.000389
-0.000476
-0.000670
-0.001111
-0.002017
-0.003714
-0.006665
-0.011523
-0.019189
-0.030895
-0.048312
-0.073692
-0.110047
-0.161386
-0.233024
-0.331980
-0.467485
-0.651648
-0.900303
-0.000455
-0.000520
-0.000616
-0.000794
-0.001170
-0.001931
-0.003348
-0.005812
-0.009867
-0.016268
-0.026045
-0.040597
-0.061809
-0.092198
-0.135122
-0.195026
-0.277783
-0.391117
-0.545157
-0.753149
-0.000630
-0.000722
-0.000836
-0.000995
-0.001288
-0.001855
-0.002901
-0.004717
-0.007711
-0.012444
-0.019682
-0.030467
-0.046200
-0.068755
-0.100626
-0.145122
-0.206608
-0.290826
-0.405308
-0.559902
-0.000885
-0.001022
-0.001168
-0.001313
-0.001511
-0.001848
-0.002452
-0.003500
-0.005235
-0.007994
-0.012234
-0.018575
-0.027850
-0.041174
-0.060028
-0.086379
-0.122818
-0.172756
-0.240665
-0.332390
-0.001248
-0.001454
-0.001657
-0.001802
-0.001904
-0.001994
-0.002113
-0.002314
-0.002667
-0.003262
-0.004220
-0.005704
-0.007929
-0.011183
-0.015845
-0.022417
-0.031561
-0.044145
-0.061308
-0.084535
-0.001755
-0.002067
-0.002365
-0.002539
-0.002562
-0.002406
-0.002028
-0.001355
-0.000280
0.001355
0.003770
0.007269
0.012266
0.019317
0.029168
0.042808
0.061549
0.087116
0.121776
0.168493
-0.002456
-0.002931
-0.003381
-0.003632
-0.003612
-0.003238
-0.002386
-0.000865
0.001600
0.005404
0.011091
0.019410
0.031377
0.048355
0.072168
0.105238
0.150765
0.212965
0.297368
0.411209
-0.003419
-0.004138
-0.004828
-0.005230
-0.005231
-0.004698
-0.003434
-0.001146
0.002592
0.008381
0.017055
0.029758
0.048040
0.073988
0.110388
0.160943
0.230547
0.325645
0.454695
0.628759
-0.004735
-0.005819
-0.006875
-0.007542
-0.007665
-0.007071
-0.005502
-0.002581
0.002235
0.009717
0.020930
0.037340
0.060933
0.094384
0.141269
0.206341
0.295884
0.418179
0.584090
0.807830
-0.006523
-0.008152
-0.009757
-0.010855
-0.011254
-0.010746
-0.009032
-0.005674
-0.000045
0.008741
0.021915
0.041166
0.068788
0.107876
0.162568
0.238369
0.342568
0.484764
0.677565
0.937462
-0.008944
-0.011380
-0.013797
-0.015569
-0.016470
-0.016268
-0.014635
-0.011102
-0.004997
0.004627
0.019084
0.040179
0.070369
0.112965
0.172406
0.254605
0.367392
0.521097
0.729287
1.009722
-0.012208
-0.015839
-0.019445
-0.022241
-0.023974
-0.024394
-0.023164
-0.019805
-0.013640
-0.003717
0.011280
0.033159
0.064376
0.108253
0.169242
0.253282
0.368254
0.524564
0.735898
1.020188
-0.016593
-0.021991
-0.027319
-0.031643
-0.034687
-0.036192
-0.035822
-0.033110
-0.027404
-0.017802
-0.003058
0.018527
0.049262
0.092264
0.151711
0.233186
0.344105
0.494285
0.696663
0.968218
-0.022459
-0.030473
-0.038279
-0.044848
-0.049897
-0.053163
-0.054315
-0.052911
-0.048351
-0.039815
-0.026189
-0.005966
0.022884
0.063086
0.118281
0.193328
0.294688
0.430932
0.613391
0.856995
-0.030274
-0.042162
-0.053506
-0.063345
-0.071406
-0.077423
-0.081071
-0.081937
-0.079481
-0.072984
-0.061491
-0.043741
-0.018063
0.017745
0.066587
0.132296
0.219942
0.336237
0.490090
0.693323
-0.040638
-0.058275
-0.074636
-0.089199
-0.101728
-0.111949
-0.119542
-0.124117
-0.125184
-0.122118
-0.114119
-0.100164
-0.078955
-0.048841
-0.007734
0.047015
0.118787
0.211944
0.332206
0.487221
-0.054307
-0.080500
-0.103924
-0.125271
-0.144367
-0.160928
-0.174631
-0.185096
-0.191864
-0.194372
-0.191929
-0.183689
-0.168634
-0.145555
-0.113049
-0.069530
-0.013259
0.057618
0.145059
0.251301
-0.072219
-0.111189
-0.144475
-0.175517
-0.204196
-0.230224
-0.253268
-0.272949
-0.288813
-0.300316
-0.306801
-0.307487
-0.301456
-0.287673
-0.265019
-0.232394
-0.188922
-0.134363
-0.069940
0.000001
