-0.000216
-0.000244
-0.000316
-0.000519
-0.001008
-0.002032
-0.003959
-0.007316
-0.012844
-0.021568
-0.034890
-0.054712
-0.083592
-0.124954
-0.183356
-0.264843
-0.377391
-0.531496
-0.740926
-1.023684
-0.000237
-0.000267
-0.000341
-0.000541
-0.001020
-0.002019
-0.003892
-0.007151
-0.012514
-0.020974
-0.033890
-0.053103
-0.081095
-0.121185
-0.177793
-0.256777
-0.365870
-0.515251
-0.718263
-0.992360
-0.000292
-0.000328
-0.000403
-0.000591
-0.001030
-0.001940
-0.003644
-0.006603
-0.011470
-0.019144
-0.030858
-0.048283
-0.073669
-0.110029
-0.161372
-0.233014
-0.331972
-0.467480
-0.651646
-0.900303
-0.000388
-0.000434
-0.000512
-0.000679
-0.001052
-0.001815
-0.003241
-0.005715
-0.009782
-0.016195
-0.025984
-0.040548
-0.061769
-0.092167
-0.135097
-0.195008
-0.277771
-0.391109
-0.545153
-0.753149
-0.000534
-0.000599
-0.000684
-0.000823
-0.001107
-0.001675
-0.002730
-0.004561
-0.007572
-0.012322
-0.019579
-0.030382
-0.046131
-0.068699
-0.100583
-0.145090
-0.206585
-0.290811
-0.405301
-0.559902
-0.000749
-0.000843
-0.000942
-0.001053
-0.001232
-0.001567
-0.002180
-0.003246
-0.005006
-0.007792
-0.012060
-0.018429
-0.027730
-0.041076
-0.059952
-0.086321
-0.122777
-0.172730
-0.240652
-0.332390
-0.001053
-0.001194
-0.001321
-0.001409
-0.001477
-0.001555
-0.001683
-0.001907
-0.002293
-0.002928
-0.003929
-0.005456
-0.007723
-0.011015
-0.015712
-0.022316
-0.031489
-0.044099
-0.061286
-0.084535
-0.001477
-0.001691
-0.001872
-0.001951
-0.001912
-0.001729
-0.001354
-0.000709
0.000321
0.001899
0.004251
0.007683
0.012615
0.019603
0.029395
0.042982
0.061674
0.087197
0.121815
0.168493
-0.002066
-0.002392
-0.002661
-0.002760
-0.002634
-0.002204
-0.001342
0.000151
0.002558
0.006282
0.011876
0.020094
0.031958
0.048836
0.072554
0.105534
0.150979
0.213103
0.297435
0.411209
-0.002874
-0.003371
-0.003786
-0.003949
-0.003773
-0.003134
-0.001832
0.000435
0.004103
0.009783
0.018323
0.030875
0.049000
0.074789
0.111035
0.161443
0.230909
0.325879
0.454809
0.628759
-0.003981
-0.004737
-0.005379
-0.005674
-0.005510
-0.004726
-0.003066
-0.000145
0.004593
0.011934
0.022959
0.039148
0.062501
0.095704
0.142343
0.207175
0.296492
0.418572
0.584281
0.807830
-0.005488
-0.006634
-0.007624
-0.008154
-0.008093
-0.007259
-0.005360
-0.001952
0.003605
0.012217
0.025134
0.044066
0.071330
0.110035
0.164338
0.239754
0.343580
0.485421
0.677885
0.937462
-0.007535
-0.009265
-0.010777
-0.011690
-0.011868
-0.011122
-0.009142
-0.005458
0.000613
0.010038
0.024158
0.044806
0.074466
0.116479
0.175310
0.256892
0.369072
0.522190
0.729820
1.009722
-0.010304
-0.012908
-0.015193
-0.016704
-0.017317
-0.016850
-0.015001
-0.011302
-0.005072
0.004660
0.019238
0.040505
0.070958
0.113958
0.173999
0.257056
0.371042
0.526385
0.736789
1.020188
-0.014037
-0.017950
-0.021365
-0.023785
-0.025114
-0.025198
-0.023762
-0.020373
-0.014390
-0.004898
0.009370
0.030154
0.059813
0.101517
0.159507
0.239424
0.348744
0.497330
0.698155
0.968218
-0.019055
-0.024925
-0.029979
-0.033753
-0.036207
-0.037230
-0.036597
-0.033933
-0.028676
-0.020020
-0.006839
0.012403
0.039789
0.078109
0.131092
0.203688
0.302457
0.436062
0.615913
0.856995
-0.025772
-0.034574
-0.041984
-0.047751
-0.051922
-0.054448
-0.055170
-0.053795
-0.049868
-0.042726
-0.031444
-0.014757
0.009036
0.042202
0.087745
0.149629
0.233078
0.344980
0.494408
0.693323
-0.034728
-0.047928
-0.058702
-0.067374
-0.074122
-0.078976
-0.081858
-0.082575
-0.080797
-0.076029
-0.067573
-0.054476
-0.035468
-0.008884
0.027440
0.076301
0.141301
0.227094
0.339740
0.487221
-0.046612
-0.066426
-0.081962
-0.094843
-0.105417
-0.113814
-0.120051
-0.124047
-0.125610
-0.124422
-0.120017
-0.111753
-0.098784
-0.080028
-0.054130
-0.019439
0.026007
0.084478
0.158566
0.251301
-0.062289
-0.092082
-0.114295
-0.133245
-0.149462
-0.163191
-0.174570
-0.183641
-0.190360
-0.194584
-0.196068
-0.194453
-0.189259
-0.179876
-0.165572
-0.145526
-0.118923
-0.085211
-0.044698
0.000001
