-0.000000
-0.000000
-0.000000
-0.000000
-0.000000
-0.000000
-0.000000
-0.000000
-0.000000
-0.000000
-0.000001
-0.000002
-0.000005
-0.000012
-0.000026
-0.000053
-0.000105
-0.000197
-0.000354
-0.000613
-0.001027
-0.001670
-0.002647
-0.004104
-0.006242
-0.009335
-0.013755
-0.020011
-0.028791
-0.041024
-0.057961
-0.081289
-0.113264
-0.156910
-0.216261
-0.296690
-0.405338
-0.551672
-0.748222
-1.011538
-0.000000
-0.000000
-0.000000
-0.000000
-0.000000
-0.000000
-0.000000
-0.000000
-0.000000
-0.000000
-0.000001
-0.000002
-0.000005
-0.000012
-0.000027
-0.000055
-0.000107
-0.000201
-0.000359
-0.000618
-0.001032
-0.001674
-0.002649
-0.004100
-0.006227
-0.009301
-0.013693
-0.019906
-0.028623
-0.040767
-0.057581
-0.080736
-0.112475
-0.155798
-0.214712
-0.294549
-0.402399
-0.547661
-0.742772
-1.004163
-0.000000
-0.000000
-0.000000
-0.000000
-0.000000
-0.000000
-0.000000
-0.000000
-0.000000
-0.000000
-0.000001
-0.000002
-0.000005
-0.000012
-0.000027
-0.000055
-0.000108
-0.000201
-0.000357
-0.000614
-0.001022
-0.001653
-0.002611
-0.004034
-0.006118
-0.009129
-0.013427
-0.019507
-0.028034
-0.039912
-0.056356
-0.079002
-0.110042
-0.152412
-0.210029
-0.288111
-0.393591
-0.535662
-0.726490
-0.982145
-0.000000
-0.000000
-0.000000
-0.000000
-0.000000
-0.000000
-0.000000
-0.000000
-0.000000
-0.000000
-0.000001
-0.000002
-0.000005
-0.000012
-0.000027
-0.000055
-0.000107
-0.000197
-0.000350
-0.000600
-0.000996
-0.001607
-0.002532
-0.003907
-0.005918
-0.008820
-0.012963
-0.018819
-0.027033
-0.038472
-0.054307
-0.076112
-0.106001
-0.146800
-0.202281
-0.277470
-0.379042
-0.515851
-0.699614
-0.945805
-0.000000
-0.000000
-0.000000
-0.000000
-0.000000
-0.000000
-0.000000
-0.000000
-0.000000
-0.000000
-0.000001
-0.000002
-0.000005
-0.000012
-0.000026
-0.000054
-0.000104
-0.000191
-0.000338
-0.000576
-0.000954
-0.001536
-0.002416
-0.003721
-0.005629
-0.008380
-0.012306
-0.017854
-0.025633
-0.036466
-0.051461
-0.072109
-0.100412
-0.139045
-0.191581
-0.262780
-0.358964
-0.488517
-0.662535
-0.895673
-0.000000
-0.000000
-0.000000
-0.000000
-0.000000
-0.000000
-0.000000
-0.000000
-0.000000
-0.000000
-0.000001
-0.000002
-0.000005
-0.000012
-0.000026
-0.000052
-0.000099
-0.000181
-0.000319
-0.000543
-0.000897
-0.001441
-0.002262
-0.003478
-0.005255
-0.007815
-0.011466
-0.016625
-0.023856
-0.033925
-0.047861
-0.067051
-0.093354
-0.129259
-0.178085
-0.244256
-0.333650
-0.454058
-0.615794
-0.832480
-0.000000
-0.000000
-0.000000
-0.000000
-0.000000
-0.000000
-0.000000
-0.000000
-0.000000
-0.000000
-0.000001
-0.000002
-0.000005
-0.000011
-0.000024
-0.000049
-0.000093
-0.000169
-0.000296
-0.000502
-0.000826
-0.001324
-0.002074
-0.003183
-0.004802
-0.007133
-0.010457
-0.015150
-0.021728
-0.030886
-0.043561
-0.061013
-0.084933
-0.117585
-0.161990
-0.222169
-0.303469
-0.412978
-0.560074
-0.757148
-0.000000
-0.000000
-0.000000
-0.000000
-0.000000
-0.000000
-0.000000
-0.000000
-0.000000
-0.000000
-0.000001
-0.000002
-0.000005
-0.000011
-0.000022
-0.000045
-0.000085
-0.000154
-0.000268
-0.000453
-0.000742
-0.001186
-0.001854
-0.002840
-0.004277
-0.006346
-0.009292
-0.013452
-0.019281
-0.027394
-0.038622
-0.054082
-0.075271
-0.104195
-0.143530
-0.196841
-0.268862
-0.365874
-0.496186
-0.670774
-0.000001
-0.000001
-0.000001
-0.000001
-0.000001
-0.000001
-0.000000
-0.000000
-0.000000
-0.000001
-0.000001
-0.000002
-0.000004
-0.000010
-0.000020
-0.000040
-0.000075
-0.000136
-0.000236
-0.000396
-0.000647
-0.001031
-0.001606
-0.002454
-0.003689
-0.005464
-0.007990
-0.011556
-0.016550
-0.023500
-0.033118
-0.046360
-0.064509
-0.089284
-0.122977
-0.168641
-0.230334
-0.313435
-0.425062
-0.574620
-0.000001
-0.000001
-0.000001
-0.000001
-0.000001
-0.000001
-0.000001
-0.000001
-0.000001
-0.000001
-0.000001
-0.000002
-0.000004
-0.000009
-0.000018
-0.000035
-0.000065
-0.000116
-0.000200
-0.000334
-0.000542
-0.000859
-0.001333
-0.002031
-0.003045
-0.004500
-0.006570
-0.009489
-0.013576
-0.019262
-0.027130
-0.037960
-0.052805
-0.073070
-0.100629
-0.137981
-0.188446
-0.256424
-0.347740
-0.470086
-0.000001
-0.000001
-0.000001
-0.000001
-0.000001
-0.000001
-0.000001
-0.000001
-0.000001
-0.000001
-0.000001
-0.000002
-0.000004
-0.000008
-0.000015
-0.000029
-0.000053
-0.000094
-0.000161
-0.000266
-0.000428
-0.000674
-0.001041
-0.001578
-0.002356
-0.003470
-0.005053
-0.007283
-0.010403
-0.014742
-0.020744
-0.029006
-0.040330
-0.055789
-0.076813
-0.105309
-0.143810
-0.195675
-0.265347
-0.358697
-0.000002
-0.000002
-0.000002
-0.000002
-0.000002
-0.000002
-0.000002
-0.000002
-0.000002
-0.000002
-0.000002
-0.000003
-0.000004
-0.000007
-0.000013
-0.000023
-0.000041
-0.000071
-0.000119
-0.000194
-0.000308
-0.000479
-0.000732
-0.001101
-0.001631
-0.002389
-0.003461
-0.004969
-0.007077
-0.010005
-0.014055
-0.019628
-0.027266
-0.037693
-0.051875
-0.071100
-0.097076
-0.132071
-0.179084
-0.242077
-0.000003
-0.000003
-0.000004
-0.000004
-0.000004
-0.000004
-0.000004
-0.000003
-0.000003
-0.000003
-0.000003
-0.000003
-0.000004
-0.000006
-0.000010
-0.000017
-0.000028
-0.000047
-0.000075
-0.000119
-0.000183
-0.000277
-0.000413
-0.000607
-0.000883
-0.001272
-0.001818
-0.002583
-0.003647
-0.005122
-0.007160
-0.009963
-0.013804
-0.019048
-0.026181
-0.035854
-0.048926
-0.066541
-0.090210
-0.121928
-0.000005
-0.000005
-0.000006
-0.000006
-0.000006
-0.000006
-0.000006
-0.000005
-0.000005
-0.000005
-0.000005
-0.000004
-0.000005
-0.000006
-0.000008
-0.000011
-0.000015
-0.000022
-0.000031
-0.000042
-0.000056
-0.000071
-0.000087
-0.000104
-0.000121
-0.000136
-0.000148
-0.000158
-0.000163
-0.000164
-0.000160
-0.000152
-0.000140
-0.000124
-0.000105
-0.000085
-0.000063
-0.000041
-0.000020
-0.000000
-0.000008
-0.000008
-0.000009
-0.000009
-0.000009
-0.000009
-0.000009
-0.000009
-0.000008
-0.000008
-0.000007
-0.000007
-0.000006
-0.000006
-0.000006
-0.000005
-0.000003
0.000002
0.000013
0.000035
0.000073
0.000136
0.000240
0.000400
0.000643
0.001002
0.001524
0.002270
0.003324
0.004797
0.006842
0.009661
0.013527
0.018802
0.025973
0.035686
0.048801
0.066460
0.090170
0.121927
-0.000011
-0.000012
-0.000013
-0.000014
-0.000014
-0.000014
-0.000014
-0.000014
-0.000013
-0.000012
-0.000011
-0.000010
-0.000009
-0.000008
-0.000005
-0.000000
0.000009
0.000026
0.000057
0.000110
0.000199
0.000341
0.000563
0.000898
0.001397
0.002126
0.003174
0.004664
0.006762
0.009689
0.013745
0.019334
0.026996
0.037454
0.051672
0.070936
0.096954
0.131991
0.179045
0.242077
-0.000017
-0.000018
-0.000020
-0.000021
-0.000022
-0.000022
-0.000022
-0.000021
-0.000020
-0.000019
-0.000018
-0.000016
-0.000014
-0.000011
-0.000007
0.000002
0.000019
0.000048
0.000098
0.000184
0.000322
0.000541
0.000877
0.001383
0.002131
0.003218
0.004778
0.006991
0.010101
0.014438
0.020447
0.028725
0.040072
0.055559
0.076618
0.105152
0.143693
0.195598
0.265310
0.358696
-0.000025
-0.000027
-0.000029
-0.000031
-0.000032
-0.000033
-0.000033
-0.000032
-0.000031
-0.000030
-0.000028
-0.000026
-0.000023
-0.000018
-0.000011
0.000002
0.000025
0.000066
0.000136
0.000252
0.000438
0.000730
0.001177
0.001847
0.002833
0.004263
0.006311
0.009215
0.013293
0.018978
0.026851
0.037697
0.052563
0.072855
0.100446
0.137834
0.188337
0.256353
0.347705
0.470085
-0.000036
-0.000039
-0.000042
-0.000046
-0.000048
-0.000049
-0.000049
-0.000049
-0.000048
-0.000046
-0.000043
-0.000040
-0.000036
-0.000030
-0.000020
-0.000002
0.000028
0.000080
0.000169
0.000314
0.000546
0.000907
0.001458
0.002281
0.003491
0.005244
0.007751
0.011303
0.016290
0.023239
0.032863
0.046118
0.064287
0.089087
0.122810
0.168507
0.230234
0.313369
0.425031
0.574619
-0.000052
-0.000056
-0.000062
-0.000067
-0.000070
-0.000073
-0.000074
-0.000073
-0.000072
-0.000070
-0.000067
-0.000062
-0.000057
-0.000049
-0.000036
-0.000014
0.000024
0.000087
0.000193
0.000366
0.000640
0.001066
0.001714
0.002679
0.004096
0.006145
0.009076
0.013225
0.019047
0.027160
0.038394
0.053866
0.075073
0.104020
0.143382
0.196721
0.268773
0.365816
0.496158
0.670774
-0.000074
-0.000081
-0.000089
-0.000097
-0.000103
-0.000107
-0.000109
-0.000109
-0.000108
-0.000105
-0.000101
-0.000096
-0.000089
-0.000078
-0.000062
-0.000036
0.000009
0.000083
0.000206
0.000404
0.000718
0.001203
0.001938
0.003032
0.004636
0.006953
0.010264
0.014950
0.021524
0.030683
0.043363
0.060826
0.084763
0.117435
0.161862
0.222067
0.303393
0.412928
0.560050
0.757147
-0.000106
-0.000115
-0.000128
-0.000140
-0.000149
-0.000155
-0.000159
-0.000161
-0.000160
-0.000157
-0.000153
-0.000146
-0.000137
-0.000124
-0.000104
-0.000073
-0.000021
0.000064
0.000202
0.000424
0.000773
0.001311
0.002124
0.003332
0.005099
0.007652
0.011296
0.016451
0.023682
0.033753
0.047696
0.066897
0.093213
0.129134
0.177980
0.244172
0.333587
0.454017
0.615774
0.832480
-0.000149
-0.000163
-0.000182
-0.000200
-0.000214
-0.000225
-0.000232
-0.000235
-0.000236
-0.000234
-0.000228
-0.000221
-0.000209
-0.000194
-0.000170
-0.000133
-0.000074
0.000021
0.000174
0.000418
0.000799
0.001383
0.002263
0.003568
0.005475
0.008226
0.012152
0.017702
0.025485
0.036323
0.051326
0.071985
0.100300
0.138947
0.191499
0.262714
0.358915
0.488485
0.662519
0.895673
-0.000210
-0.000231
-0.000259
-0.000285
-0.000307
-0.000324
-0.000335
-0.000342
-0.000345
-0.000344
-0.000339
-0.000330
-0.000317
-0.000298
-0.000270
-0.000227
-0.000161
-0.000056
0.000112
0.000375
0.000784
0.001407
0.002343
0.003728
0.005749
0.008660
0.012812
0.018678
0.026901
0.038350
0.054196
0.076013
0.105915
0.146726
0.202220
0.277421
0.379006
0.515827
0.699602
0.945805
-0.000294
-0.000324
-0.000366
-0.000405
-0.000437
-0.000463
-0.000483
-0.000495
-0.000502
-0.000504
-0.000500
-0.000490
-0.000475
-0.000453
-0.000420
-0.000372
-0.000298
-0.000182
-0.000001
0.000280
0.000712
0.001368
0.002349
0.003796
0.005903
0.008935
0.013255
0.019354
0.027900
0.039796
0.056256
0.078916
0.109970
0.152352
0.209981
0.288074
0.393564
0.535644
0.726481
0.982145
-0.000409
-0.000455
-0.000516
-0.000572
-0.000621
-0.000661
-0.000691
-0.000713
-0.000727
-0.000733
-0.000732
-0.000723
-0.000707
-0.000682
-0.000645
-0.000590
-0.000508
-0.000382
-0.000188
0.000109
0.000561
0.001243
0.002258
0.003749
0.005915
0.009027
0.013456
0.019703
0.028452
0.040624
0.057462
0.080639
0.112397
0.155737
0.214664
0.294513
0.402372
0.547643
0.742763
1.004163
-0.000568
-0.000635
-0.000724
-0.000807
-0.000879
-0.000938
-0.000986
-0.001023
-0.001048
-0.001062
-0.001066
-0.001061
-0.001045
-0.001018
-0.000977
-0.000916
-0.000825
-0.000689
-0.000483
-0.000172
0.000297
0.000999
0.002036
0.003555
0.005754
0.008905
0.013383
0.019693
0.028522
0.040799
0.057777
0.081139
0.113144
0.156815
0.216187
0.296634
0.405297
0.551645
0.748208
1.011538
-0.000787
-0.000886
-0.001014
-0.001134
-0.001239
-0.001329
-0.001403
-0.001461
-0.001504
-0.001532
-0.001547
-0.001548
-0.001536
-0.001509
-0.001466
-0.001399
-0.001301
-0.001155
-0.000937
-0.000613
-0.000129
0.000586
0.001636
0.003166
0.005371
0.008523
0.012992
0.019281
0.028071
0.040284
0.057162
0.080377
0.112173
0.155548
0.214510
0.294392
0.402283
0.547584
0.742734
1.004163
-0.001086
-0.001232
-0.001417
-0.001590
-0.001744
-0.001877
-0.001989
-0.002080
-0.002151
-0.002203
-0.002235
-0.002250
-0.002247
-0.002225
-0.002181
-0.002112
-0.002007
-0.001852
-0.001624
-0.001288
-0.000794
-0.000070
0.000985
0.002509
0.004698
0.007814
0.012220
0.018407
0.027042
0.039025
0.055572
0.078318
0.109455
0.151919
0.209626
0.287794
0.393357
0.535508
0.726414
0.982145
-0.001496
-0.001712
-0.001977
-0.002226
-0.002449
-0.002644
-0.002813
-0.002954
-0.003068
-0.003157
-0.003219
-0.003258
-0.003272
-0.003262
-0.003225
-0.003158
-0.003050
-0.002889
-0.002653
-0.002308
-0.001806
-0.001078
-0.000028
0.001479
0.003628
0.006676
0.010968
0.016979
0.025350
0.036948
0.052944
0.074911
0.104961
0.145918
0.201556
0.276897
0.378618
0.515572
0.699475
0.945805
-0.002055
-0.002375
-0.002755
-0.003111
-0.003433
-0.003719
-0.003970
-0.004186
-0.004366
-0.004512
-0.004624
-0.004703
-0.004750
-0.004764
-0.004745
-0.004688
-0.004586
-0.004425
-0.004185
-0.003836
-0.003331
-0.002605
-0.001568
-0.000091
0.002001
0.004950
0.009085
0.014854
0.022863
0.033936
0.049178
0.070080
0.098641
0.137534
0.190331
0.261789
0.358228
0.488032
0.662295
0.895673
-0.002818
-0.003292
-0.003835
-0.004342
-0.004805
-0.005223
-0.005595
-0.005921
-0.006201
-0.006435
-0.006625
-0.006771
-0.006874
-0.006935
-0.006952
-0.006922
-0.006839
-0.006691
-0.006458
-0.006113
-0.005613
-0.004898
-0.003882
-0.002447
-0.000430
0.002396
0.006335
0.011805
0.019370
0.029794
0.044105
0.063689
0.090400
0.126724
0.175977
0.242578
0.332400
0.453233
0.615386
0.832480
-0.003857
-0.004559
-0.005333
-0.006055
-0.006719
-0.007326
-0.007874
-0.008362
-0.008792
-0.009161
-0.009473
-0.009727
-0.009925
-0.010066
-0.010152
-0.010178
-0.010140
-0.010026
-0.009821
-0.009498
-0.009019
-0.008328
-0.007348
-0.005970
-0.004044
-0.001364
0.002348
0.007474
0.014528
0.024204
0.037440
0.055493
0.080050
0.113369
0.158464
0.219350
0.301363
0.411583
0.559384
0.757148
-0.005269
-0.006312
-0.007412
-0.008437
-0.009387
-0.010264
-0.011067
-0.011796
-0.012448
-0.013023
-0.013524
-0.013949
-0.014300
-0.014579
-0.014784
-0.014915
-0.014966
-0.014928
-0.014787
-0.014519
-0.014090
-0.013451
-0.012531
-0.011232
-0.009420
-0.006911
-0.003453
0.001293
0.007785
0.016642
0.028695
0.045060
0.067231
0.097206
0.137650
0.192113
0.265315
0.363519
0.495018
0.670775
-0.007185
-0.008737
-0.010297
-0.011747
-0.013103
-0.014369
-0.015542
-0.016621
-0.017604
-0.018490
-0.019280
-0.019973
-0.020571
-0.021075
-0.021485
-0.021799
-0.022014
-0.022122
-0.022110
-0.021958
-0.021636
-0.021099
-0.020286
-0.019109
-0.017449
-0.015144
-0.011974
-0.007642
-0.001748
0.006244
0.017052
0.031636
0.051280
0.077693
0.113153
0.160692
0.224339
0.309439
0.423075
0.574620
-0.009777
-0.012093
-0.014298
-0.016347
-0.018279
-0.020100
-0.021808
-0.023400
-0.024873
-0.026224
-0.027454
-0.028563
-0.029551
-0.030418
-0.031166
-0.031793
-0.032296
-0.032668
-0.032899
-0.032971
-0.032856
-0.032517
-0.031898
-0.030923
-0.029488
-0.027453
-0.024626
-0.020753
-0.015493
-0.008395
0.001145
0.013926
0.031007
0.053795
0.084151
0.124543
0.178243
0.249589
0.344331
0.470086
-0.013277
-0.016743
-0.019848
-0.022739
-0.025487
-0.028102
-0.030581
-0.032920
-0.035114
-0.037160
-0.039057
-0.040804
-0.042401
-0.043848
-0.045145
-0.046291
-0.047284
-0.048118
-0.048783
-0.049263
-0.049535
-0.049564
-0.049303
-0.048683
-0.047615
-0.045976
-0.043604
-0.040281
-0.035724
-0.029557
-0.021288
-0.010274
0.004326
0.023609
0.049011
0.082410
0.126272
0.183844
0.259419
0.358697
-0.017989
-0.023189
-0.027546
-0.031618
-0.035522
-0.039270
-0.042860
-0.046284
-0.049538
-0.052617
-0.055517
-0.058238
-0.060778
-0.063137
-0.065314
-0.067308
-0.069116
-0.070733
-0.072150
-0.073353
-0.074319
-0.075018
-0.075406
-0.075425
-0.074992
-0.074003
-0.072314
-0.069742
-0.066046
-0.060917
-0.053957
-0.044659
-0.032376
-0.016292
0.004627
0.031684
0.066528
0.111258
0.168586
0.242078
-0.024310
-0.032136
-0.038221
-0.043950
-0.049488
-0.054853
-0.060039
-0.065039
-0.069845
-0.074453
-0.078857
-0.083056
-0.087046
-0.090826
-0.094396
-0.097753
-0.100894
-0.103814
-0.106504
-0.108949
-0.111130
-0.113017
-0.114569
-0.115732
-0.116431
-0.116569
-0.116019
-0.114616
-0.112151
-0.108358
-0.102903
-0.095373
-0.085263
-0.071964
-0.054755
-0.032807
-0.005190
0.029097
0.071100
0.121928
-0.032758
-0.044571
-0.053024
-0.061074
-0.068924
-0.076590
-0.084068
-0.091349
-0.098425
-0.105289
-0.111937
-0.118365
-0.124569
-0.130549
-0.136302
-0.141826
-0.147117
-0.152169
-0.156973
-0.161515
-0.165775
-0.169724
-0.173321
-0.176513
-0.179229
-0.181373
-0.182823
-0.183423
-0.182972
-0.181220
-0.177857
-0.172504
-0.164707
-0.153938
-0.139606
-0.121089
-0.097825
-0.069479
-0.036320
0.000001
