-0.000000
-0.000000
-0.000000
-0.000000
-0.000000
-0.000000
-0.000000
-0.000000
-0.000000
-0.000000
-0.000001
-0.000002
-0.000005
-0.000012
-0.000026
-0.000053
-0.000105
-0.000197
-0.000354
-0.000613
-0.001027
-0.001670
-0.002647
-0.004104
-0.006242
-0.009335
-0.013755
-0.020011
-0.028791
-0.041024
-0.057961
-0.081289
-0.113264
-0.156910
-0.216261
-0.296690
-0.405338
-0.551672
-0.748222
-1.011538
-0.000000
-0.000000
-0.000000
-0.000000
-0.000000
-0.000000
-0.000000
-0.000000
-0.000000
-0.000000
-0.000001
-0.000002
-0.000005
-0.000012
-0.000027
-0.000055
-0.000107
-0.000201
-0.000359
-0.000618
-0.001032
-0.001674
-0.002649
-0.004100
-0.006227
-0.009301
-0.013693
-0.019906
-0.028623
-0.040767
-0.057581
-0.080736
-0.112475
-0.155798
-0.214712
-0.294549
-0.402399
-0.547661
-0.742772
-1.004163
-0.000000
-0.000000
-0.000000
-0.000000
-0.000000
-0.000000
-0.000000
-0.000000
-0.000000
-0.000000
-0.000001
-0.000002
-0.000005
-0.000012
-0.000027
-0.000055
-0.000108
-0.000201
-0.000357
-0.000614
-0.001022
-0.001653
-0.002611
-0.004034
-0.006118
-0.009129
-0.013427
-0.019507
-0.028034
-0.039912
-0.056356
-0.079002
-0.110042
-0.152412
-0.210029
-0.288111
-0.393591
-0.535662
-0.726490
-0.982145
-0.000000
-0.000000
-0.000000
-0.000000
-0.000000
-0.000000
-0.000000
-0.000000
-0.000000
-0.000000
-0.000001
-0.000002
-0.000005
-0.000012
-0.000027
-0.000055
-0.000107
-0.000197
-0.000350
-0.000600
-0.000996
-0.001607
-0.002532
-0.003907
-0.005918
-0.008820
-0.012963
-0.018819
-0.027033
-0.038472
-0.054307
-0.076112
-0.106001
-0.146800
-0.202281
-0.277470
-0.379042
-0.515851
-0.699614
-0.945805
-0.000000
-0.000000
-0.000000
-0.000000
-0.000000
-0.000000
-0.000000
-0.000000
-0.000000
-0.000000
-0.000001
-0.000002
-0.000005
-0.000012
-0.000026
-0.000054
-0.000104
-0.000191
-0.000338
-0.000576
-0.000954
-0.001536
-0.002416
-0.003721
-0.005629
-0.008380
-0.012306
-0.017854
-0.025633
-0.036466
-0.051461
-0.072109
-0.100412
-0.139045
-0.191581
-0.262780
-0.358964
-0.488517
-0.662535
-0.895673
-0.000000
-0.000000
-0.000000
-0.000000
-0.000000
-0.000000
-0.000000
-0.000000
-0.000000
-0.000000
-0.000001
-0.000002
-0.000005
-0.000012
-0.000026
-0.000052
-0.000099
-0.000181
-0.000319
-0.000543
-0.000897
-0.001441
-0.002262
-0.003478
-0.005255
-0.007815
-0.011466
-0.016625
-0.023856
-0.033925
-0.047861
-0.067051
-0.093354
-0.129259
-0.178085
-0.244256
-0.333650
-0.454058
-0.615794
-0.832480
-0.000000
-0.000000
-0.000000
-0.000000
-0.000000
-0.000000
-0.000000
-0.000000
-0.000000
-0.000000
-0.000001
-0.000002
-0.000005
-0.000011
-0.000024
-0.000048
-0.000093
-0.000169
-0.000296
-0.000502
-0.000826
-0.001324
-0.002074
-0.003183
-0.004802
-0.007133
-0.010457
-0.015150
-0.021728
-0.030886
-0.043561
-0.061013
-0.084933
-0.117585
-0.161990
-0.222169
-0.303469
-0.412978
-0.560074
-0.757148
-0.000000
-0.000000
-0.000000
-0.000000
-0.000000
-0.000000
-0.000000
-0.000000
-0.000000
-0.000000
-0.000001
-0.000002
-0.000005
-0.000011
-0.000022
-0.000045
-0.000085
-0.000153
-0.000268
-0.000453
-0.000742
-0.001186
-0.001854
-0.002840
-0.004277
-0.006346
-0.009292
-0.013452
-0.019281
-0.027394
-0.038622
-0.054082
-0.075271
-0.104195
-0.143530
-0.196841
-0.268862
-0.365874
-0.496186
-0.670774
-0.000000
-0.000000
-0.000000
-0.000000
-0.000000
-0.000000
-0.000000
-0.000000
-0.000000
-0.000000
-0.000001
-0.000002
-0.000004
-0.000010
-0.000020
-0.000040
-0.000075
-0.000136
-0.000236
-0.000396
-0.000647
-0.001031
-0.001606
-0.002454
-0.003689
-0.005464
-0.007990
-0.011556
-0.016550
-0.023500
-0.033118
-0.046360
-0.064509
-0.089284
-0.122977
-0.168641
-0.230334
-0.313435
-0.425062
-0.574620
-0.000000
-0.000000
-0.000000
-0.000000
-0.000000
-0.000000
-0.000000
-0.000000
-0.000000
-0.000000
-0.000001
-0.000002
-0.000004
-0.000009
-0.000018
-0.000035
-0.000065
-0.000116
-0.000200
-0.000334
-0.000542
-0.000859
-0.001333
-0.002031
-0.003045
-0.004500
-0.006570
-0.009489
-0.013576
-0.019262
-0.027130
-0.037960
-0.052805
-0.073070
-0.100629
-0.137981
-0.188446
-0.256424
-0.347740
-0.470086
-0.000000
-0.000000
-0.000000
-0.000000
-0.000000
-0.000000
-0.000000
-0.000000
-0.000000
-0.000000
-0.000001
-0.000001
-0.000003
-0.000007
-0.000015
-0.000029
-0.000053
-0.000094
-0.000160
-0.000266
-0.000428
-0.000674
-0.001041
-0.001578
-0.002356
-0.003470
-0.005053
-0.007283
-0.010403
-0.014742
-0.020744
-0.029006
-0.040330
-0.055789
-0.076813
-0.105309
-0.143810
-0.195675
-0.265347
-0.358697
-0.000000
-0.000000
-0.000000
-0.000000
-0.000000
-0.000000
-0.000000
-0.000000
-0.000000
-0.000000
-0.000001
-0.000001
-0.000003
-0.000006
-0.000012
-0.000022
-0.000040
-0.000070
-0.000118
-0.000193
-0.000308
-0.000479
-0.000732
-0.001101
-0.001631
-0.002389
-0.003461
-0.004969
-0.007077
-0.010005
-0.014055
-0.019628
-0.027266
-0.037693
-0.051875
-0.071100
-0.097076
-0.132071
-0.179084
-0.242077
-0.000000
-0.000000
-0.000000
-0.000000
-0.000000
-0.000000
-0.000000
-0.000000
-0.000000
-0.000000
-0.000000
-0.000001
-0.000002
-0.000004
-0.000008
-0.000016
-0.000027
-0.000046
-0.000075
-0.000118
-0.000183
-0.000277
-0.000413
-0.000607
-0.000882
-0.001272
-0.001818
-0.002582
-0.003647
-0.005122
-0.007160
-0.009963
-0.013804
-0.019048
-0.026181
-0.035854
-0.048926
-0.066541
-0.090210
-0.121928
-0.000000
-0.000000
-0.000000
-0.000000
-0.000000
-0.000000
-0.000000
-0.000000
-0.000000
-0.000000
-0.000000
-0.000001
-0.000002
-0.000003
-0.000005
-0.000008
-0.000014
-0.000021
-0.000030
-0.000041
-0.000055
-0.000070
-0.000087
-0.000104
-0.000120
-0.000135
-0.000148
-0.000157
-0.000163
-0.000164
-0.000160
-0.000152
-0.000140
-0.000124
-0.000105
-0.000085
-0.000063
-0.000041
-0.000020
-0.000000
-0.000001
-0.000001
-0.000001
-0.000000
-0.000000
-0.000000
-0.000000
-0.000000
-0.000000
-0.000000
-0.000000
-0.000001
-0.000001
-0.000001
-0.000002
-0.000001
0.000000
0.000005
0.000016
0.000037
0.000074
0.000138
0.000241
0.000401
0.000644
0.001003
0.001525
0.002270
0.003324
0.004797
0.006842
0.009662
0.013527
0.018802
0.025973
0.035686
0.048801
0.066460
0.090170
0.121927
-0.000001
-0.000001
-0.000001
-0.000001
-0.000001
-0.000001
-0.000001
-0.000001
-0.000000
-0.000000
-0.000000
-0.000000
-0.000000
0.000000
0.000002
0.000006
0.000014
0.000031
0.000061
0.000114
0.000202
0.000344
0.000565
0.000900
0.001399
0.002127
0.003175
0.004665
0.006762
0.009689
0.013745
0.019334
0.026996
0.037454
0.051672
0.070936
0.096954
0.131991
0.179045
0.242077
-0.000001
-0.000001
-0.000001
-0.000001
-0.000001
-0.000001
-0.000001
-0.000001
-0.000001
-0.000001
-0.000001
-0.000000
0.000000
0.000002
0.000005
0.000013
0.000028
0.000056
0.000105
0.000190
0.000327
0.000545
0.000881
0.001386
0.002134
0.003220
0.004780
0.006992
0.010102
0.014439
0.020448
0.028726
0.040072
0.055560
0.076618
0.105152
0.143693
0.195598
0.265310
0.358696
-0.000002
-0.000002
-0.000002
-0.000002
-0.000001
-0.000001
-0.000001
-0.000001
-0.000001
-0.000001
-0.000001
-0.000000
0.000001
0.000003
0.000009
0.000020
0.000041
0.000080
0.000148
0.000263
0.000448
0.000738
0.001184
0.001852
0.002837
0.004267
0.006315
0.009218
0.013295
0.018980
0.026853
0.037698
0.052564
0.072855
0.100447
0.137835
0.188337
0.256353
0.347705
0.470085
-0.000002
-0.000002
-0.000002
-0.000002
-0.000002
-0.000002
-0.000002
-0.000002
-0.000002
-0.000001
-0.000001
-0.000000
0.000001
0.000004
0.000012
0.000026
0.000054
0.000103
0.000189
0.000332
0.000561
0.000921
0.001470
0.002291
0.003500
0.005251
0.007758
0.011308
0.016294
0.023243
0.032866
0.046121
0.064289
0.089089
0.122811
0.168508
0.230235
0.313370
0.425031
0.574619
-0.000003
-0.000003
-0.000003
-0.000003
-0.000003
-0.000003
-0.000003
-0.000003
-0.000002
-0.000002
-0.000002
-0.000001
0.000001
0.000005
0.000014
0.000032
0.000065
0.000125
0.000227
0.000396
0.000667
0.001090
0.001734
0.002697
0.004111
0.006159
0.009088
0.013234
0.019056
0.027167
0.038400
0.053871
0.075077
0.104023
0.143384
0.196723
0.268775
0.365817
0.496158
0.670774
-0.000005
-0.000005
-0.000005
-0.000005
-0.000004
-0.000004
-0.000004
-0.000004
-0.000003
-0.000003
-0.000003
-0.000001
0.000001
0.000006
0.000017
0.000037
0.000076
0.000144
0.000261
0.000454
0.000763
0.001243
0.001973
0.003063
0.004663
0.006976
0.010285
0.014967
0.021539
0.030695
0.043374
0.060835
0.084770
0.117441
0.161867
0.222070
0.303396
0.412929
0.560051
0.757147
-0.000007
-0.000007
-0.000007
-0.000007
-0.000006
-0.000006
-0.000006
-0.000005
-0.000005
-0.000005
-0.000004
-0.000003
0.000000
0.000006
0.000018
0.000042
0.000085
0.000161
0.000291
0.000505
0.000847
0.001377
0.002183
0.003385
0.005146
0.007692
0.011332
0.016482
0.023708
0.033776
0.047715
0.066913
0.093227
0.129145
0.177989
0.244179
0.333592
0.454021
0.615776
0.832480
-0.000009
-0.000009
-0.000009
-0.000009
-0.000009
-0.000009
-0.000008
-0.000008
-0.000007
-0.000007
-0.000006
-0.000004
-0.000001
0.000006
0.000019
0.000045
0.000092
0.000175
0.000317
0.000549
0.000918
0.001492
0.002361
0.003656
0.005554
0.008296
0.012214
0.017756
0.025532
0.036364
0.051361
0.072014
0.100324
0.138967
0.191515
0.262727
0.358924
0.488491
0.662522
0.895673
-0.000013
-0.000013
-0.000013
-0.000013
-0.000013
-0.000012
-0.000012
-0.000011
-0.000010
-0.000010
-0.000009
-0.000007
-0.000003
0.000004
0.000019
0.000046
0.000097
0.000186
0.000337
0.000584
0.000976
0.001583
0.002504
0.003874
0.005880
0.008778
0.012917
0.018771
0.026983
0.038421
0.054257
0.076066
0.105958
0.146762
0.202249
0.277443
0.379022
0.515838
0.699607
0.945805
-0.000018
-0.000019
-0.000019
-0.000018
-0.000018
-0.000017
-0.000017
-0.000016
-0.000015
-0.000014
-0.000013
-0.000011
-0.000007
0.000001
0.000017
0.000046
0.000100
0.000194
0.000352
0.000610
0.001019
0.001652
0.002610
0.004035
0.006120
0.009131
0.013431
0.019511
0.028040
0.039918
0.056362
0.079007
0.110047
0.152416
0.210033
0.288114
0.393593
0.535663
0.726490
0.982145
-0.000025
-0.000026
-0.000026
-0.000026
-0.000025
-0.000024
-0.000024
-0.000023
-0.000022
-0.000020
-0.000019
-0.000016
-0.000012
-0.000003
0.000013
0.000044
0.000100
0.000197
0.000360
0.000625
0.001045
0.001694
0.002676
0.004136
0.006270
0.009351
0.013749
0.019966
0.028687
0.040831
0.057644
0.080796
0.112530
0.155848
0.214754
0.294583
0.402424
0.547677
0.742780
1.004163
-0.000035
-0.000036
-0.000037
-0.000036
-0.000035
-0.000034
-0.000033
-0.000032
-0.000031
-0.000029
-0.000027
-0.000024
-0.000019
-0.000010
0.000007
0.000039
0.000096
0.000194
0.000360
0.000629
0.001054
0.001710
0.002702
0.004174
0.006327
0.009432
0.013864
0.020129
0.028914
0.041149
0.058084
0.081406
0.113372
0.157006
0.216343
0.296756
0.405387
0.551704
0.748237
1.011538
-0.000049
-0.000051
-0.000051
-0.000051
-0.000050
-0.000048
-0.000047
-0.000045
-0.000044
-0.000042
-0.000039
-0.000036
-0.000031
-0.000021
-0.000003
0.000029
0.000087
0.000186
0.000352
0.000621
0.001045
0.001699
0.002686
0.004149
0.006288
0.009374
0.013775
0.019996
0.028718
0.040864
0.057676
0.080827
0.112559
0.155873
0.214776
0.294601
0.402437
0.547685
0.742784
1.004163
-0.000068
-0.000071
-0.000071
-0.000071
-0.000070
-0.000068
-0.000066
-0.000064
-0.000062
-0.000060
-0.000057
-0.000053
-0.000047
-0.000037
-0.000018
0.000014
0.000072
0.000171
0.000335
0.000600
0.001017
0.001658
0.002626
0.004060
0.006155
0.009175
0.013481
0.019568
0.028100
0.039980
0.056424
0.079067
0.110102
0.152466
0.210075
0.288148
0.393618
0.535680
0.726499
0.982145
-0.000094
-0.000098
-0.000099
-0.000099
-0.000097
-0.000095
-0.000093
-0.000091
-0.000088
-0.000085
-0.000081
-0.000077
-0.000070
-0.000059
-0.000041
-0.000008
0.000049
0.000146
0.000305
0.000563
0.000967
0.001587
0.002522
0.003906
0.005925
0.008836
0.012986
0.018849
0.027067
0.038508
0.054345
0.076150
0.106037
0.146832
0.202309
0.277492
0.379058
0.515862
0.699619
0.945805
-0.000130
-0.000137
-0.000138
-0.000138
-0.000136
-0.000134
-0.000131
-0.000128
-0.000124
-0.000121
-0.000116
-0.000111
-0.000104
-0.000092
-0.000073
-0.000041
0.000015
0.000108
0.000262
0.000508
0.000893
0.001483
0.002371
0.003685
0.005601
0.008360
0.012293
0.017847
0.025631
0.036468
0.051466
0.072116
0.100419
0.139052
0.191588
0.262786
0.358968
0.488520
0.662536
0.895673
-0.000179
-0.000190
-0.000193
-0.000192
-0.000190
-0.000187
-0.000184
-0.000180
-0.000176
-0.000171
-0.000166
-0.000160
-0.000152
-0.000139
-0.000120
-0.000088
-0.000034
0.000055
0.000200
0.000431
0.000792
0.001344
0.002173
0.003397
0.005181
0.007749
0.011407
0.016573
0.023810
0.033885
0.047826
0.067021
0.093329
0.129237
0.178067
0.244242
0.333639
0.454051
0.615791
0.832480
-0.000248
-0.000264
-0.000268
-0.000268
-0.000266
-0.000262
-0.000258
-0.000254
-0.000249
-0.000243
-0.000237
-0.000230
-0.000220
-0.000207
-0.000188
-0.000157
-0.000105
-0.000022
0.000113
0.000327
0.000658
0.001164
0.001922
0.003039
0.004665
0.007005
0.010336
0.015038
0.021624
0.030790
0.043473
0.060934
0.084864
0.117525
0.161940
0.222129
0.303439
0.412958
0.560064
0.757148
-0.000341
-0.000367
-0.000373
-0.000373
-0.000371
-0.000367
-0.000363
-0.000357
-0.000351
-0.000345
-0.000337
-0.000329
-0.000319
-0.000305
-0.000285
-0.000255
-0.000207
-0.000130
-0.000007
0.000186
0.000484
0.000936
0.001611
0.002606
0.004051
0.006129
0.009085
0.013255
0.019094
0.027219
0.038461
0.053934
0.075139
0.104080
0.143434
0.196763
0.268804
0.365835
0.496167
0.670775
-0.000470
-0.000510
-0.000520
-0.000520
-0.000518
-0.000514
-0.000509
-0.000503
-0.000496
-0.000488
-0.000480
-0.000471
-0.000459
-0.000445
-0.000425
-0.000396
-0.000352
-0.000282
-0.000173
-0.000003
0.000256
0.000648
0.001232
0.002089
0.003333
0.005118
0.007656
0.011234
0.016243
0.023210
0.032847
0.046110
0.064284
0.089086
0.122809
0.168505
0.230231
0.313366
0.425029
0.574620
-0.000646
-0.000710
-0.000723
-0.000725
-0.000723
-0.000719
-0.000713
-0.000707
-0.000700
-0.000692
-0.000683
-0.000672
-0.000660
-0.000646
-0.000626
-0.000599
-0.000559
-0.000498
-0.000404
-0.000261
-0.000044
0.000282
0.000765
0.001472
0.002496
0.003963
0.006047
0.008982
0.013088
0.018797
0.026691
0.037554
0.052435
0.072741
0.100347
0.137751
0.188270
0.256307
0.347682
0.470086
-0.000888
-0.000988
-0.001006
-0.001009
-0.001008
-0.001005
-0.001000
-0.000995
-0.000987
-0.000979
-0.000970
-0.000960
-0.000948
-0.000934
-0.000916
-0.000891
-0.000857
-0.000806
-0.000730
-0.000616
-0.000445
-0.000190
0.000185
0.000731
0.001519
0.002646
0.004245
0.006494
0.009638
0.014008
0.020046
0.028353
0.039729
0.055249
0.076344
0.104921
0.143511
0.195472
0.265246
0.358697
-0.001218
-0.001376
-0.001399
-0.001405
-0.001406
-0.001406
-0.001403
-0.001398
-0.001393
-0.001386
-0.001378
-0.001369
-0.001359
-0.001347
-0.001332
-0.001312
-0.001285
-0.001247
-0.001191
-0.001110
-0.000989
-0.000812
-0.000552
-0.000177
0.000363
0.001133
0.002222
0.003752
0.005888
0.008854
0.012950
0.018582
0.026293
0.036807
0.051095
0.070442
0.096561
0.131717
0.178904
0.242078
-0.001669
-0.001918
-0.001945
-0.001956
-0.001962
-0.001965
-0.001966
-0.001966
-0.001964
-0.001961
-0.001957
-0.001953
-0.001947
-0.001939
-0.001930
-0.001918
-0.001903
-0.001881
-0.001850
-0.001806
-0.001741
-0.001647
-0.001511
-0.001316
-0.001036
-0.000639
-0.000078
0.000707
0.001802
0.003319
0.005413
0.008290
0.012224
0.017587
0.024868
0.034723
0.048018
0.065899
0.089876
0.121928
-0.002283
-0.002676
-0.002704
-0.002722
-0.002736
-0.002747
-0.002756
-0.002764
-0.002770
-0.002775
-0.002779
-0.002783
-0.002786
-0.002789
-0.002791
-0.002793
-0.002795
-0.002796
-0.002797
-0.002797
-0.002796
-0.002794
-0.002791
-0.002786
-0.002778
-0.002767
-0.002751
-0.002729
-0.002699
-0.002658
-0.002603
-0.002528
-0.002429
-0.002297
-0.002122
-0.001890
-0.001584
-0.001183
-0.000657
0.000001
