-0.000000
-0.000000
-0.000000
-0.000000
-0.000000
-0.000000
-0.000000
-0.000000
-0.000000
-0.000000
-0.000001
-0.000002
-0.000005
-0.000012
-0.000026
-0.000053
-0.000105
-0.000197
-0.000354
-0.000613
-0.001027
-0.001670
-0.002647
-0.004104
-0.006242
-0.009335
-0.013755
-0.020011
-0.028791
-0.041024
-0.057961
-0.081289
-0.113264
-0.156910
-0.216261
-0.296690
-0.405338
-0.551672
-0.748222
-1.011538
-0.000000
-0.000000
-0.000000
-0.000000
-0.000000
-0.000000
-0.000000
-0.000000
-0.000000
-0.000000
-0.000001
-0.000002
-0.000005
-0.000012
-0.000027
-0.000055
-0.000107
-0.000201
-0.000359
-0.000618
-0.001032
-0.001674
-0.002649
-0.004100
-0.006227
-0.009301
-0.013693
-0.019906
-0.028623
-0.040767
-0.057581
-0.080736
-0.112475
-0.155798
-0.214712
-0.294549
-0.402399
-0.547661
-0.742772
-1.004163
-0.000000
-0.000000
-0.000000
-0.000000
-0.000000
-0.000000
-0.000000
-0.000000
-0.000000
-0.000000
-0.000001
-0.000002
-0.000005
-0.000012
-0.000027
-0.000055
-0.000108
-0.000201
-0.000357
-0.000614
-0.001022
-0.001653
-0.002611
-0.004034
-0.006118
-0.009129
-0.013427
-0.019507
-0.028034
-0.039912
-0.056356
-0.079002
-0.110042
-0.152412
-0.210029
-0.288111
-0.393591
-0.535662
-0.726490
-0.982145
-0.000000
-0.000000
-0.000000
-0.000000
-0.000000
-0.000000
-0.000000
-0.000000
-0.000000
-0.000000
-0.000001
-0.000002
-0.000005
-0.000012
-0.000027
-0.000055
-0.000107
-0.000197
-0.000350
-0.000600
-0.000996
-0.001607
-0.002532
-0.003907
-0.005918
-0.008820
-0.012963
-0.018819
-0.027033
-0.038472
-0.054307
-0.076112
-0.106001
-0.146800
-0.202281
-0.277470
-0.379042
-0.515851
-0.699614
-0.945805
-0.000000
-0.000000
-0.000000
-0.000000
-0.000000
-0.000000
-0.000000
-0.000000
-0.000000
-0.000000
-0.000001
-0.000002
-0.000005
-0.000012
-0.000026
-0.000054
-0.000104
-0.000191
-0.000338
-0.000576
-0.000954
-0.001536
-0.002416
-0.003721
-0.005629
-0.008380
-0.012306
-0.017854
-0.025633
-0.036466
-0.051461
-0.072109
-0.100412
-0.139045
-0.191581
-0.262780
-0.358964
-0.488517
-0.662535
-0.895673
-0.000000
-0.000000
-0.000000
-0.000000
-0.000000
-0.000000
-0.000000
-0.000000
-0.000000
-0.000000
-0.000001
-0.000002
-0.000005
-0.000012
-0.000026
-0.000052
-0.000099
-0.000181
-0.000319
-0.000543
-0.000897
-0.001441
-0.002262
-0.003478
-0.005255
-0.007815
-0.011466
-0.016625
-0.023856
-0.033925
-0.047861
-0.067051
-0.093354
-0.129259
-0.178085
-0.244256
-0.333650
-0.454058
-0.615794
-0.832480
-0.000000
-0.000000
-0.000000
-0.000000
-0.000000
-0.000000
-0.000000
-0.000000
-0.000000
-0.000000
-0.000001
-0.000002
-0.000005
-0.000011
-0.000024
-0.000049
-0.000093
-0.000169
-0.000296
-0.000502
-0.000826
-0.001324
-0.002074
-0.003183
-0.004802
-0.007133
-0.010457
-0.015150
-0.021728
-0.030886
-0.043561
-0.061013
-0.084933
-0.117585
-0.161990
-0.222169
-0.303469
-0.412978
-0.560074
-0.757148
-0.000000
-0.000000
-0.000000
-0.000000
-0.000000
-0.000000
-0.000000
-0.000000
-0.000000
-0.000000
-0.000001
-0.000002
-0.000005
-0.000011
-0.000022
-0.000045
-0.000085
-0.000154
-0.000268
-0.000453
-0.000742
-0.001186
-0.001854
-0.002840
-0.004277
-0.006346
-0.009292
-0.013452
-0.019281
-0.027394
-0.038622
-0.054082
-0.075271
-0.104195
-0.143530
-0.196841
-0.268862
-0.365874
-0.496186
-0.670774
-0.000000
-0.000000
-0.000001
-0.000001
-0.000000
-0.000000
-0.000000
-0.000000
-0.000000
-0.000001
-0.000001
-0.000002
-0.000004
-0.000010
-0.000020
-0.000040
-0.000075
-0.000136
-0.000236
-0.000396
-0.000647
-0.001031
-0.001606
-0.002454
-0.003689
-0.005464
-0.007990
-0.011556
-0.016550
-0.023500
-0.033118
-0.046360
-0.064509
-0.089284
-0.122977
-0.168641
-0.230334
-0.313435
-0.425062
-0.574620
-0.000001
-0.000001
-0.000001
-0.000001
-0.000001
-0.000001
-0.000001
-0.000001
-0.000001
-0.000001
-0.000001
-0.000002
-0.000004
-0.000009
-0.000018
-0.000035
-0.000065
-0.000116
-0.000200
-0.000334
-0.000542
-0.000859
-0.001333
-0.002031
-0.003045
-0.004500
-0.006570
-0.009489
-0.013576
-0.019262
-0.027130
-0.037960
-0.052805
-0.073070
-0.100629
-0.137981
-0.188446
-0.256424
-0.347740
-0.470086
-0.000001
-0.000001
-0.000001
-0.000001
-0.000001
-0.000001
-0.000001
-0.000001
-0.000001
-0.000001
-0.000001
-0.000002
-0.000004
-0.000008
-0.000015
-0.000029
-0.000053
-0.000094
-0.000160
-0.000266
-0.000428
-0.000674
-0.001041
-0.001578
-0.002356
-0.003470
-0.005053
-0.007283
-0.010403
-0.014742
-0.020744
-0.029006
-0.040330
-0.055789
-0.076813
-0.105309
-0.143810
-0.195675
-0.265347
-0.358697
-0.000002
-0.000002
-0.000002
-0.000002
-0.000002
-0.000002
-0.000002
-0.000002
-0.000002
-0.000002
-0.000002
-0.000002
-0.000004
-0.000007
-0.000012
-0.000023
-0.000041
-0.000071
-0.000119
-0.000194
-0.000308
-0.000479
-0.000732
-0.001101
-0.001631
-0.002389
-0.003461
-0.004969
-0.007077
-0.010005
-0.014055
-0.019628
-0.027266
-0.037693
-0.051875
-0.071100
-0.097076
-0.132071
-0.179084
-0.242077
-0.000003
-0.000003
-0.000003
-0.000003
-0.000003
-0.000003
-0.000003
-0.000003
-0.000003
-0.000003
-0.000003
-0.000003
-0.000004
-0.000006
-0.000010
-0.000017
-0.000028
-0.000047
-0.000075
-0.000119
-0.000183
-0.000277
-0.000413
-0.000607
-0.000883
-0.001272
-0.001818
-0.002583
-0.003647
-0.005122
-0.007160
-0.009963
-0.013804
-0.019048
-0.026181
-0.035854
-0.048926
-0.066541
-0.090210
-0.121928
-0.000005
-0.000005
-0.000005
-0.000005
-0.000005
-0.000005
-0.000005
-0.000005
-0.000005
-0.000004
-0.000004
-0.000004
-0.000004
-0.000005
-0.000007
-0.000010
-0.000015
-0.000022
-0.000031
-0.000042
-0.000056
-0.000071
-0.000087
-0.000104
-0.000121
-0.000136
-0.000148
-0.000158
-0.000163
-0.000164
-0.000160
-0.000152
-0.000140
-0.000124
-0.000105
-0.000085
-0.000063
-0.000041
-0.000020
-0.000000
-0.000007
-0.000008
-0.000008
-0.000008
-0.000008
-0.000008
-0.000008
-0.000008
-0.000007
-0.000007
-0.000006
-0.000006
-0.000006
-0.000005
-0.000005
-0.000005
-0.000002
0.000003
0.000014
0.000035
0.000073
0.000137
0.000240
0.000400
0.000643
0.001003
0.001524
0.002270
0.003324
0.004797
0.006842
0.009661
0.013527
0.018802
0.025973
0.035686
0.048801
0.066460
0.090170
0.121927
-0.000011
-0.000011
-0.000012
-0.000013
-0.000013
-0.000013
-0.000013
-0.000012
-0.000011
-0.000011
-0.000010
-0.000009
-0.000008
-0.000007
-0.000004
0.000000
0.000009
0.000027
0.000058
0.000111
0.000200
0.000342
0.000563
0.000899
0.001398
0.002126
0.003174
0.004665
0.006762
0.009689
0.013745
0.019334
0.026996
0.037454
0.051672
0.070936
0.096954
0.131991
0.179045
0.242077
-0.000016
-0.000017
-0.000018
-0.000019
-0.000020
-0.000020
-0.000019
-0.000019
-0.000018
-0.000017
-0.000016
-0.000014
-0.000012
-0.000010
-0.000005
0.000004
0.000020
0.000049
0.000099
0.000184
0.000323
0.000541
0.000878
0.001384
0.002131
0.003219
0.004778
0.006991
0.010101
0.014439
0.020448
0.028725
0.040072
0.055559
0.076618
0.105152
0.143693
0.195598
0.265310
0.358696
-0.000023
-0.000025
-0.000027
-0.000028
-0.000029
-0.000029
-0.000029
-0.000028
-0.000027
-0.000026
-0.000024
-0.000022
-0.000019
-0.000015
-0.000008
0.000005
0.000028
0.000069
0.000138
0.000254
0.000440
0.000732
0.001178
0.001848
0.002833
0.004263
0.006312
0.009215
0.013293
0.018978
0.026852
0.037697
0.052563
0.072855
0.100446
0.137835
0.188337
0.256353
0.347705
0.470085
-0.000034
-0.000036
-0.000039
-0.000042
-0.000043
-0.000044
-0.000044
-0.000043
-0.000042
-0.000040
-0.000037
-0.000035
-0.000031
-0.000025
-0.000015
0.000002
0.000032
0.000084
0.000172
0.000317
0.000548
0.000909
0.001460
0.002283
0.003493
0.005245
0.007752
0.011304
0.016290
0.023240
0.032864
0.046119
0.064288
0.089088
0.122810
0.168507
0.230234
0.313369
0.425031
0.574619
-0.000048
-0.000052
-0.000057
-0.000061
-0.000063
-0.000065
-0.000065
-0.000064
-0.000063
-0.000060
-0.000057
-0.000053
-0.000048
-0.000040
-0.000028
-0.000006
0.000030
0.000093
0.000199
0.000371
0.000645
0.001070
0.001717
0.002682
0.004098
0.006148
0.009078
0.013226
0.019049
0.027162
0.038395
0.053867
0.075074
0.104021
0.143382
0.196722
0.268774
0.365816
0.496158
0.670774
-0.000069
-0.000075
-0.000082
-0.000088
-0.000092
-0.000095
-0.000096
-0.000095
-0.000094
-0.000091
-0.000087
-0.000082
-0.000075
-0.000065
-0.000049
-0.000023
0.000020
0.000094
0.000215
0.000413
0.000726
0.001210
0.001945
0.003038
0.004640
0.006957
0.010268
0.014953
0.021527
0.030685
0.043365
0.060828
0.084764
0.117436
0.161863
0.222067
0.303393
0.412928
0.560050
0.757147
-0.000098
-0.000106
-0.000117
-0.000126
-0.000133
-0.000138
-0.000140
-0.000140
-0.000139
-0.000135
-0.000131
-0.000124
-0.000115
-0.000103
-0.000084
-0.000053
-0.000003
0.000081
0.000218
0.000439
0.000787
0.001323
0.002135
0.003342
0.005108
0.007659
0.011303
0.016457
0.023687
0.033758
0.047700
0.066900
0.093216
0.129137
0.177982
0.244173
0.333588
0.454018
0.615775
0.832480
-0.000139
-0.000151
-0.000167
-0.000181
-0.000192
-0.000199
-0.000204
-0.000205
-0.000204
-0.000200
-0.000195
-0.000187
-0.000176
-0.000160
-0.000138
-0.000102
-0.000045
0.000049
0.000200
0.000442
0.000821
0.001404
0.002282
0.003585
0.005490
0.008240
0.012164
0.017713
0.025494
0.036331
0.051333
0.071991
0.100305
0.138951
0.191502
0.262717
0.358917
0.488486
0.662520
0.895673
-0.000195
-0.000213
-0.000237
-0.000258
-0.000274
-0.000286
-0.000294
-0.000298
-0.000298
-0.000294
-0.000288
-0.000278
-0.000265
-0.000247
-0.000220
-0.000179
-0.000114
-0.000011
0.000154
0.000415
0.000820
0.001441
0.002375
0.003757
0.005775
0.008684
0.012833
0.018697
0.026918
0.038365
0.054209
0.076024
0.105923
0.146733
0.202226
0.277425
0.379009
0.515830
0.699603
0.945805
-0.000273
-0.000299
-0.000334
-0.000365
-0.000390
-0.000409
-0.000422
-0.000430
-0.000432
-0.000430
-0.000423
-0.000412
-0.000397
-0.000375
-0.000343
-0.000296
-0.000224
-0.000112
0.000066
0.000343
0.000772
0.001424
0.002401
0.003844
0.005947
0.008975
0.013291
0.019387
0.027929
0.039821
0.056278
0.078935
0.109986
0.152366
0.209992
0.288082
0.393570
0.535648
0.726483
0.982145
-0.000380
-0.000419
-0.000470
-0.000516
-0.000554
-0.000583
-0.000604
-0.000617
-0.000624
-0.000624
-0.000618
-0.000607
-0.000589
-0.000563
-0.000527
-0.000473
-0.000394
-0.000271
-0.000082
0.000210
0.000658
0.001334
0.002343
0.003829
0.005989
0.009095
0.013517
0.019759
0.028502
0.040668
0.057501
0.080673
0.112426
0.155761
0.214683
0.294528
0.402384
0.547650
0.742766
1.004163
-0.000528
-0.000586
-0.000660
-0.000727
-0.000783
-0.000827
-0.000860
-0.000884
-0.000897
-0.000902
-0.000899
-0.000887
-0.000868
-0.000839
-0.000797
-0.000737
-0.000649
-0.000517
-0.000316
-0.000011
0.000452
0.001146
0.002175
0.003685
0.005875
0.009018
0.013486
0.019787
0.028607
0.040876
0.057844
0.081197
0.113194
0.156857
0.216221
0.296661
0.405317
0.551658
0.748215
1.011538
-0.000730
-0.000816
-0.000924
-0.001021
-0.001103
-0.001170
-0.001222
-0.001261
-0.001286
-0.001299
-0.001301
-0.001292
-0.001273
-0.001241
-0.001195
-0.001128
-0.001031
-0.000889
-0.000677
-0.000360
0.000114
0.000820
0.001860
0.003377
0.005570
0.008709
0.013165
0.019439
0.028215
0.040413
0.057277
0.080478
0.112260
0.155622
0.214570
0.294439
0.402318
0.547607
0.742745
1.004163
-0.001008
-0.001136
-0.001291
-0.001431
-0.001551
-0.001651
-0.001731
-0.001793
-0.001837
-0.001865
-0.001877
-0.001874
-0.001857
-0.001825
-0.001776
-0.001703
-0.001598
-0.001446
-0.001223
-0.000895
-0.000412
0.000300
0.001340
0.002849
0.005019
0.008117
0.012503
0.018669
0.027281
0.039242
0.055767
0.078489
0.109604
0.152045
0.209729
0.287876
0.393417
0.535548
0.726433
0.982145
-0.001389
-0.001578
-0.001801
-0.002003
-0.002177
-0.002325
-0.002447
-0.002544
-0.002617
-0.002669
-0.002699
-0.002709
-0.002700
-0.002672
-0.002622
-0.002545
-0.002433
-0.002272
-0.002039
-0.001702
-0.001212
-0.000499
0.000532
0.002018
0.004144
0.007165
0.011428
0.017408
0.025746
0.037310
0.053270
0.075200
0.105212
0.146132
0.201732
0.277036
0.378721
0.515640
0.699509
0.945805
-0.001908
-0.002189
-0.002509
-0.002799
-0.003052
-0.003269
-0.003452
-0.003602
-0.003721
-0.003810
-0.003871
-0.003905
-0.003913
-0.003896
-0.003851
-0.003775
-0.003660
-0.003492
-0.003252
-0.002908
-0.002414
-0.001705
-0.000689
0.000761
0.002822
0.005734
0.009828
0.015551
0.023512
0.034532
0.049718
0.070562
0.099063
0.137895
0.190630
0.262026
0.358405
0.488148
0.662353
0.895673
-0.002618
-0.003034
-0.003493
-0.003907
-0.004271
-0.004590
-0.004863
-0.005093
-0.005281
-0.005430
-0.005541
-0.005616
-0.005656
-0.005662
-0.005634
-0.005568
-0.005457
-0.005290
-0.005047
-0.004700
-0.004207
-0.003507
-0.002515
-0.001112
0.000866
0.003643
0.007526
0.012932
0.020425
0.030770
0.044996
0.064488
0.091104
0.127329
0.176480
0.242979
0.332699
0.453431
0.615484
0.832480
-0.003585
-0.004204
-0.004859
-0.005448
-0.005973
-0.006437
-0.006842
-0.007190
-0.007484
-0.007725
-0.007916
-0.008060
-0.008157
-0.008209
-0.008217
-0.008178
-0.008086
-0.007931
-0.007697
-0.007357
-0.006874
-0.006191
-0.005232
-0.003888
-0.002009
0.000609
0.004246
0.009283
0.016234
0.025794
0.038901
0.056813
0.081220
0.114380
0.159310
0.220026
0.301868
0.411918
0.559549
0.757148
-0.004900
-0.005823
-0.006755
-0.007592
-0.008345
-0.009018
-0.009616
-0.010140
-0.010593
-0.010977
-0.011295
-0.011549
-0.011743
-0.011877
-0.011954
-0.011971
-0.011925
-0.011807
-0.011603
-0.011289
-0.010833
-0.010184
-0.009273
-0.008004
-0.006243
-0.003806
-0.000443
0.004183
0.010532
0.019222
0.031084
0.047235
0.069171
0.098893
0.139069
0.193253
0.266170
0.364086
0.495299
0.670775
-0.006686
-0.008064
-0.009386
-0.010574
-0.011651
-0.012626
-0.013505
-0.014288
-0.014979
-0.015581
-0.016096
-0.016528
-0.016881
-0.017156
-0.017357
-0.017482
-0.017528
-0.017490
-0.017356
-0.017105
-0.016709
-0.016124
-0.015291
-0.014124
-0.012506
-0.010277
-0.007220
-0.003040
0.002661
0.010418
0.020948
0.035211
0.054493
0.080506
0.115535
0.162617
0.225789
0.310404
0.423555
0.574620
-0.009105
-0.011167
-0.013038
-0.014719
-0.016257
-0.017667
-0.018953
-0.020117
-0.021163
-0.022095
-0.022915
-0.023629
-0.024239
-0.024749
-0.025162
-0.025479
-0.025699
-0.025817
-0.025823
-0.025702
-0.025430
-0.024969
-0.024268
-0.023254
-0.021828
-0.019853
-0.017143
-0.013449
-0.008437
-0.001657
0.007489
0.019799
0.036332
0.058497
0.088162
0.127807
0.180715
0.251242
0.345154
0.470086
-0.012374
-0.015469
-0.018107
-0.020482
-0.022675
-0.024708
-0.026583
-0.028307
-0.029881
-0.031310
-0.032598
-0.033749
-0.034769
-0.035662
-0.036432
-0.037079
-0.037606
-0.038009
-0.038281
-0.038410
-0.038375
-0.038147
-0.037683
-0.036922
-0.035780
-0.034143
-0.031858
-0.028719
-0.024453
-0.018694
-0.010962
-0.000621
0.013163
0.031488
0.055794
0.087975
0.130517
0.186698
0.260846
0.358697
-0.016781
-0.021438
-0.025141
-0.028491
-0.031615
-0.034539
-0.037269
-0.039809
-0.042165
-0.044339
-0.046339
-0.048169
-0.049834
-0.051341
-0.052694
-0.053896
-0.054949
-0.055852
-0.056601
-0.057186
-0.057593
-0.057795
-0.057760
-0.057436
-0.056755
-0.055625
-0.053920
-0.051476
-0.048073
-0.043424
-0.037156
-0.028782
-0.017677
-0.003037
0.016168
0.041252
0.073895
0.116248
0.171092
0.242078
-0.022701
-0.029728
-0.034900
-0.039621
-0.044066
-0.048265
-0.052228
-0.055960
-0.059468
-0.062757
-0.065833
-0.068704
-0.071375
-0.073855
-0.076149
-0.078261
-0.080195
-0.081952
-0.083530
-0.084923
-0.086118
-0.087097
-0.087833
-0.088284
-0.088397
-0.088095
-0.087280
-0.085818
-0.083539
-0.080218
-0.075571
-0.069235
-0.060755
-0.049567
-0.034985
-0.016190
0.007770
0.037972
0.075592
0.121928
-0.030623
-0.041257
-0.048441
-0.055085
-0.061401
-0.067424
-0.073165
-0.078632
-0.083834
-0.088780
-0.093477
-0.097935
-0.102163
-0.106168
-0.109960
-0.113544
-0.116926
-0.120109
-0.123094
-0.125876
-0.128449
-0.130798
-0.132902
-0.134728
-0.136233
-0.137356
-0.138018
-0.138113
-0.137504
-0.136015
-0.133424
-0.129453
-0.123758
-0.115927
-0.105480
-0.091889
-0.074629
-0.053318
-0.028026
0.000001
