0.000000
-1.006003
-0.254772
-0.291689
-0.404896
-0.359793
-1.170655
-0.938267
-1.774315
-0.300446
-0.331921
-0.440204
-0.335599
-0.429915
-0.470794
-0.364267
-1.111861
-1.791714
-0.836281
-0.594421
-0.610699
-1.559140
61.921215
56.814400
65.513405
57.310436
-0.452435
-0.675740
-0.414050
-0.412925
59.136101
58.774204
-0.505661
-0.374066
-1.126158
-1.782034
-1.605615
-0.973581
-0.838202
-0.613708
-0.915216
-0.624372
-0.864340
-1.379568
67.833717
-0.501039
-0.907357
-0.642154
-0.444342
-0.174569
55.582039
-0.531055
-0.399220
-0.911304
-1.753624
-1.650709
-1.585143
-0.648901
-0.413414
-0.110231
-0.945551
-0.695453
-0.984428
-0.469979
-0.882290
-0.394943
-0.395591
-1.281334
71.781975
-0.748655
-0.590705
-0.208364
-0.229770
55.906921
-0.458914
-0.334912
-0.921763
-1.499097
-1.539514
-1.562403
-1.371324
-0.475239
-0.017864
-0.010489
-0.835781
-0.643891
-0.946021
-0.586640
-0.870468
-0.406959
-0.027205
-0.030402
-0.593459
-0.380278
67.502190
-0.541774
-0.330747
-0.307559
-0.324485
54.677708
-0.319023
-0.223444
-0.992848
-1.733253
-1.727473
-1.684415
-1.465167
-0.647210
-0.012636
-0.022579
-0.649422
-0.425741
-0.887856
-0.785954
-0.364311
-0.031143
-0.026230
-0.027371
-0.023109
-0.381039
-0.482146
74.165916
-0.209049
-0.340611
-0.270917
-0.206437
56.752728
-0.276016
-0.190626
-1.001070
-1.831293
-1.780113
-1.616985
-1.351156
-0.592238
-0.027635
-0.025407
-0.586554
-0.956490
-0.826803
-0.379573
-0.020747
-0.023094
-0.023476
-0.021013
-0.036460
-0.624820
-0.451231
-0.585867
82.467636
-0.509685
-0.300898
-0.476053
-0.511742
60.579529
-0.308435
-0.215002
-0.835635
-1.591428
-1.615156
-1.449116
-1.223505
-0.539314
-0.515100
-0.017647
-0.022303
-0.823589
-0.729438
-0.343394
-0.012191
-0.008202
-0.014366
-0.016253
-0.019825
-0.016191
-0.026651
-0.791450
-0.489375
-0.714443
-0.634271
77.644249
-0.818664
-0.608036
-1.018964
-0.811047
59.836132
-0.385364
-0.301415
-0.842757
-1.557579
-1.593532
-1.386842
-1.154794
-1.036606
-0.466721
-0.019743
-0.659463
-0.295998
-0.012822
-0.016609
-0.012089
-0.014472
-0.016019
-0.015884
-0.015631
-0.016549
-0.016376
-0.016695
-0.544198
-0.392667
-0.469447
76.483421
-0.679813
-0.625808
-0.444714
-0.357088
-0.528085
61.481949
-0.487995
-0.401431
-0.860115
-1.500975
-1.525352
-1.276570
-1.173824
-0.950042
-0.436071
-0.317570
-0.009646
-0.013772
-0.013884
-0.011803
-0.008122
-0.013761
-0.017478
-0.016350
-0.017432
-0.014608
-0.021488
-0.018273
-0.432181
-0.228586
-0.222275
-0.172353
-0.364168
-0.376867
79.374168
-0.285551
-0.343228
-0.305187
-0.331690
-0.204787
62.187252
-0.532850
-0.434759
-0.812808
-1.371015
-1.413075
-1.265820
-1.026645
-0.813656
-0.048888
-0.092246
-0.059608
-0.143555
-0.170939
-0.191393
-0.027686
-0.016186
-0.203402
-0.019987
-0.131848
-0.687455
-0.507402
-0.257017
-0.286955
-0.239237
-0.152458
-0.184921
-0.348151
-0.427684
-0.595412
77.472397
-0.113857
-0.104057
-0.461970
-0.211953
-0.221022
-0.365973
64.792717
-0.551388
-0.431845
-0.774969
-1.252792
-1.130467
-1.112533
-0.878821
-0.131711
-0.270719
-0.193380
-0.320411
-0.391867
-0.298283
-0.012016
-0.174660
-0.344053
-0.129919
-0.225841
-0.670603
-0.501218
-0.348339
-0.216347
-0.192255
-0.247348
-0.213064
-0.201136
-0.254580
-0.436450
-0.469471
-0.604955
74.626732
-0.473184
-0.405884
-0.621455
-0.577010
-0.341369
-0.723617
69.084953
-0.518887
-0.390377
-0.712582
-0.610708
-0.962639
-0.901067
-0.541432
-0.545932
-0.545203
-0.571950
-0.218966
-0.403050
-0.232805
-0.070001
-0.178647
-0.218617
-0.320308
-0.366510
-0.320106
-0.147153
-0.191757
-0.223053
-0.241379
-0.799530
-0.555381
-0.395602
-0.354673
-0.393293
-0.392380
-0.109289
-0.165742
-0.256449
-0.299502
-0.197117
-0.319404
-0.471131
-0.575733
74.853607
-0.926104
-0.851521
-0.733091
-0.641206
-0.645860
-0.861917
64.546623
-0.398090
-0.297321
-0.235146
-0.562971
-0.891971
-0.878728
-0.874917
-0.827666
-0.641407
-0.187235
-0.336526
-0.268954
-0.287303
-0.309762
-0.304634
-0.242322
-0.269154
-0.226164
-0.290223
-0.227106
-0.286744
-0.745317
-0.704994
-0.475151
-0.356732
-0.365376
-0.693969
-0.370327
-0.100928
-0.700485
-0.331290
-0.286058
-0.150987
-0.372937
-0.332047
-0.473979
-0.568483
72.976707
-0.876037
-0.916196
-0.841429
-0.718951
-0.644050
-0.857548
66.111252
-0.316676
-0.252207
-0.192585
-0.679419
-0.838461
-0.614164
-0.898174
-0.294432
-0.278655
-0.276756
-0.222844
-0.138838
-0.198887
-0.588997
-0.346239
-0.313302
-0.203900
-0.236933
-0.572444
-0.450948
-0.304684
-0.262593
-0.249518
-0.657013
-0.348099
-0.645326
-0.617605
-0.339147
-0.189264
-0.301543
-0.439938
-0.367684
-0.443177
-0.528254
-0.645619
75.799133
-0.824310
-0.827017
-0.909430
-0.879501
-0.738404
-0.880127
68.436951
68.978828
-0.219119
-0.175462
-0.614627
-0.466520
-0.893422
-0.353161
-0.349799
-0.331516
-0.330562
-0.290662
-0.258323
-0.325724
-0.724998
-0.996490
-0.402681
-0.326620
-0.453506
-0.298109
-0.268204
-0.362259
-0.278085
-0.271416
-0.704809
-0.538303
-0.523401
-0.610182
-0.287474
-0.210930
-0.476191
-0.520234
-0.403932
-0.604051
-0.593394
-0.432789
-0.731448
76.182373
-0.868808
-0.873716
-0.905047
-0.860191
-0.844272
74.482742
-0.227820
-0.177908
-0.532794
-0.420802
-0.588685
-0.309619
-0.402600
-0.368949
-0.381255
-0.361609
-0.360820
-0.396778
-0.348866
-0.320652
-0.757779
-1.025325
-0.473763
-0.369608
-0.425341
-0.283996
-0.271966
-0.269626
-0.759914
-0.303556
-0.345301
-0.434730
-0.294269
-0.438570
-0.098840
-0.533791
-0.483427
-0.561642
-0.680109
-0.789658
70.201332
-0.717994
-0.730617
-0.765439
-0.856258
74.804962
-0.240058
-0.181284
-0.311138
-0.367490
-0.384281
-0.217442
-0.294131
-0.437789
-0.426374
-0.490360
-0.444703
-0.410435
-0.394240
-0.454383
-0.399624
-0.314954
-0.687867
-0.439730
-0.364765
-0.305336
-0.367069
-0.417694
-0.124835
-0.162888
-0.158778
-0.161927
-0.283549
-0.069988
-0.373839
-0.053550
-0.267785
-0.557342
-0.241019
-0.118151
-0.727523
-0.765536
65.932114
-0.513821
-0.428480
-0.411092
-0.410676
70.463913
-0.240736
-0.179789
-0.089847
-0.014795
-0.007779
-0.100518
-0.006798
-0.189209
-0.005833
-0.310476
-0.378313
-0.438028
-0.420092
-0.483146
-0.360150
-0.448666
-0.416494
-0.468061
-0.433233
-0.361534
-0.265763
-0.350869
-0.183076
-0.077591
-0.079778
-0.094107
-0.065030
-0.160822
-0.007156
-0.011693
-0.284632
-0.245934
-0.011558
-0.587873
-0.808203
-0.066550
-1.184139
-0.441374
-0.616244
61.333397
-0.335430
-0.301889
-0.225524
-0.275520
64.267403
-0.241340
-0.180879
-0.320627
-0.011621
-0.012956
-0.164948
-0.120565
-0.125967
-0.359517
-0.370798
-0.418842
-0.325796
-0.459293
-0.355509
-0.435559
-0.439952
-0.436850
-0.345726
-0.233665
-0.172680
-0.120096
-0.008719
-0.007752
-0.006495
-0.005579
-0.082323
-0.246735
-0.007712
-0.379140
-0.010817
-1.112139
-0.712912
-1.241878
-0.822917
-0.464285
-1.009525
-0.505067
55.539925
-0.146280
-0.177618
-0.163439
-0.113184
65.260757
-0.266620
-0.216659
-0.408041
-0.514748
-0.197168
-0.007304
-0.006237
-0.143361
-0.258538
-0.377409
-0.342938
-0.278785
-0.468696
-0.507643
-0.520925
-0.513330
-0.437580
-0.328386
-0.005040
-0.005988
-0.009587
-0.005819
-0.008661
-0.010817
-0.011243
-0.012991
-0.014126
-0.163173
-0.006616
-0.385198
-0.901437
-1.091221
-0.536532
-1.098439
-0.925722
-0.427649
55.410995
-0.389668
-0.009987
-0.007475
67.375320
-0.350038
-0.299786
-0.563761
-0.386968
-0.298404
-0.270326
-0.164417
-0.073096
-0.176388
-0.268361
-0.422787
-0.348900
-0.530935
-0.601408
-0.620694
-0.619402
-0.651627
-0.676354
-0.263565
-0.006715
-0.010330
-0.008752
-0.011798
-0.005357
-0.013395
-0.009825
-0.009982
-0.014213
-0.013177
-0.017210
-0.018766
-0.018354
-0.196002
-0.758365
-1.181099
-0.898728
-0.370326
-0.534677
-0.412996
-0.435316
66.496338
-0.164331
-0.009461
-0.009551
66.060928
-0.394845
-0.317223
-0.214883
-0.382245
-0.293857
-0.339842
-0.223998
-0.235221
-0.202669
-0.319615
-0.405118
-0.470060
-0.578293
-0.645267
-0.693818
-0.758172
-0.808507
-0.836798
-0.693162
-0.274161
-0.005272
-0.007207
-0.008298
-0.006964
-0.009640
-0.011042
-0.016151
-0.010030
-0.018634
-0.021964
-0.018628
-0.017413
-0.651637
-1.092676
-0.656548
-0.585935
-0.749451
-0.484625
-0.158744
-0.314168
-0.324303
-0.885356
63.333508
-0.016943
59.451309
-0.369537
-0.293113
-0.236191
-0.301431
-0.343735
-0.389312
-0.427542
-0.369816
-0.458483
-0.499415
-0.584984
-0.678680
-0.747551
-0.818900
-0.866197
-1.035898
-0.976576
-0.802768
-0.322810
-0.009081
-0.453497
-0.008851
-0.009587
-0.011224
-0.016696
-0.022675
-0.010695
-0.021490
-0.019696
-0.461425
-0.883113
-1.059293
-1.143537
-0.879261
-1.434233
-0.017666
46.460396
-0.170543
-0.178446
-0.574053
-1.436294
57.065071
-0.354227
-0.280242
-0.196284
-0.108624
-0.475559
-0.205919
-0.240056
-0.450913
-0.793432
-0.895870
-0.962296
-1.012255
-1.189695
-1.360552
-1.233147
-1.204867
-1.043448
-0.009145
-0.579678
-1.291622
-0.010087
-0.014287
-0.025194
-0.015680
-0.013135
-0.939885
-0.450744
-1.227842
-1.598201
-1.821771
-1.287916
-0.619189
49.724079
-0.266092
-0.252087
-0.399455
-1.158632
54.248135
-0.338399
-0.289342
-0.229727
-0.161660
-0.223409
-0.614683
-0.652502
-0.682264
-0.743416
-0.874048
-1.127970
-1.706753
-1.542089
-1.488052
-0.657256
-1.481005
-1.776494
-0.709964
-0.788208
-0.765993
-1.567671
-1.270432
-1.913121
-2.169179
-1.368793
-1.580455
59.315697
-0.419247
-0.382288
-0.391108
45.789684
-0.301373
-0.287419
-0.262798
-0.270453
-0.237758
-0.252694
-0.214485
-0.264484
-0.238725
-0.309258
-0.314001
-1.394749
-2.208964
-0.266729
-1.931786
-1.568291
-1.906700
-2.141633
-1.680140
-2.253947
-1.909018
-2.621577
-1.626331
-0.312799
-2.040169
55.700779
60.917366
-0.289768
54.350513
-0.323176
-0.299812
-0.333570
-0.287635
-0.295770
-0.300185
-0.336421
-0.263346
-0.311036
-0.292882
-1.573686
-2.509305
-0.280537
-2.352672
-2.781431
-1.727479
-0.281468
-0.282003
66.863457
65.787766
-0.371262
72.610596
64.249275
64.485405
74.415146
