0.000000
-0.207433
-7.572730
-6.740838
-0.842141
-5.056099
1.078440
1.613607
2.327091
-11.665860
-10.597633
-3.343582
-11.360321
-9.753036
-8.354986
-3.922247
1.567020
3.066827
3.180286
2.678549
3.417095
3.648854
-17.565046
-18.079258
-19.087969
-17.473797
-3.231879
-6.208488
1.285549
-7.901164
-17.726622
-17.500002
-9.111913
-4.426289
1.399773
3.208609
3.988854
3.986898
2.175383
0.928803
3.007857
3.874572
3.566723
4.267940
-17.523451
-0.772107
-2.770296
-4.648406
-0.312515
-14.539995
-17.618353
-8.241064
-3.363981
1.827764
3.293782
4.134024
4.516412
4.260377
4.043721
4.210101
2.259363
1.308236
2.964913
-0.047479
3.442108
3.758331
3.621008
4.538896
-20.567188
-1.785801
-2.523614
-6.850755
-12.073559
-17.482639
-8.552910
-3.609286
1.325497
3.168536
4.234096
4.659560
4.656796
4.371880
4.061894
4.190811
2.603964
1.865639
3.107399
0.620615
3.436877
3.561129
3.849238
3.737584
4.420877
-11.765510
-17.364082
0.481500
-4.258354
-7.456743
-0.365130
-17.881685
-9.691332
-5.711044
-0.812166
2.482505
4.131820
4.684450
4.638058
4.175950
4.216184
3.988638
2.863343
2.105361
3.262269
3.479995
3.555225
3.688610
3.853760
3.787902
3.961763
-7.110775
-11.626958
-18.098932
1.664596
-3.536021
-0.214810
1.668133
-17.782484
-10.803639
-6.624959
-1.859939
1.763067
3.740954
4.504904
4.618106
4.361348
3.972691
3.779159
2.885147
3.313807
3.477945
3.576448
3.690406
3.754492
3.786126
3.765567
3.632937
-0.824874
-5.603606
-10.771044
-17.634508
2.712595
0.331200
1.351325
2.520344
-17.807590
-9.864549
-4.993577
-0.608065
2.085623
3.723563
4.374408
4.489135
4.318797
4.104593
4.116725
3.811280
3.113475
3.295048
3.437127
3.748202
3.609943
3.755800
3.741616
3.731763
3.719188
3.712756
0.898128
-3.764663
0.957274
-9.548014
-17.372326
3.017533
2.250607
2.299613
2.987016
-17.607380
-9.968861
-4.445113
0.418062
2.511631
3.793558
4.250804
4.283747
4.052850
3.924329
3.889167
3.289280
3.605812
3.640344
3.991577
3.895304
3.768405
3.716835
3.667453
3.691729
3.627353
3.720355
3.751462
1.079248
-3.239437
-9.136429
-17.967503
3.409961
3.009495
3.041654
2.155396
3.818304
-17.575386
-8.649066
-2.672562
1.781444
3.000547
3.796889
4.059423
3.793921
3.808532
3.751781
4.086132
5.313414
4.012245
4.698758
4.142567
4.644835
4.172846
3.814826
3.527303
3.587595
4.071584
3.496409
3.626095
3.799022
2.460712
2.846378
0.135519
-4.478581
-14.526520
-18.465063
5.419104
3.850070
4.144443
3.189288
5.282862
-17.525150
-7.772203
-1.855134
2.291408
3.056910
3.607717
3.391609
3.607543
3.710474
6.186398
5.693166
6.185667
4.999557
4.615770
4.658148
3.492156
4.156271
4.753125
3.870899
4.388751
3.815187
4.211259
3.272083
3.216527
2.477277
-0.533379
-0.923319
-5.334287
-11.493245
-10.302964
-17.329048
6.542391
5.999551
5.934894
4.941802
3.901280
6.991628
-17.524361
-7.564742
-1.737280
2.246622
2.889544
2.430445
3.116546
3.525620
6.615394
5.643833
6.247322
5.320264
5.350676
5.529328
4.594032
5.076293
6.122425
5.519824
5.678670
3.707908
4.317009
5.274597
4.008363
4.144092
3.247905
2.187848
3.454997
0.419163
-4.066918
-3.677694
-10.020752
-17.616463
7.448492
7.258111
8.818029
7.177562
5.253986
9.675156
-17.334663
-8.837045
-2.923651
1.557380
1.019521
2.091370
3.012652
7.452581
7.230207
7.174955
7.372709
6.459438
7.921195
6.740660
5.796388
6.405267
6.184602
8.047935
8.300832
8.946103
6.361119
5.906256
6.613984
7.525270
2.661835
3.573876
4.216157
5.180933
5.374130
5.226646
4.629810
4.097599
4.106466
0.720549
4.643110
-0.227525
-4.486764
-10.653768
-17.660950
11.142047
10.613293
11.541372
10.137998
7.945756
12.885923
-17.717901
-8.643351
-3.145929
-4.712870
-0.151082
1.393585
11.100717
11.037642
11.226798
10.534416
7.768602
9.809708
7.911702
9.577342
9.930273
10.304665
10.987675
11.382936
7.195342
8.028499
6.823943
9.009372
0.538626
2.300283
3.567625
4.397831
5.621553
7.945609
5.379981
5.003079
7.878064
3.285714
4.051521
4.623441
2.817842
-0.359059
-4.394169
-10.553154
-17.712872
13.597702
13.597506
13.598050
12.039824
10.397009
14.440466
-17.554745
-10.108468
-10.805250
-5.977282
-1.568121
13.427637
11.689076
12.768478
10.198985
10.786288
11.144464
11.442594
11.637691
11.840205
12.119777
8.401879
9.263248
7.560984
6.551331
0.282703
1.955069
3.257452
4.149637
5.348523
10.260273
5.276914
7.500515
9.722474
3.539819
4.203228
5.035380
2.473896
-0.375672
3.120799
-4.254785
-10.403491
-17.682123
14.395896
14.629713
14.183209
13.301417
11.793240
14.668951
-17.988850
-18.153440
-11.501255
-6.952258
-2.455309
-0.374225
13.595206
10.182829
11.079465
11.628012
11.902699
12.017171
11.989016
11.713433
12.370213
13.897631
9.247424
7.445581
7.942682
5.975309
4.983682
1.240133
2.618895
3.650290
10.907621
6.618718
8.508986
9.124619
3.844075
4.891822
5.526733
2.221117
-0.625911
2.899048
-4.523569
3.742766
-10.695755
-17.484846
14.530646
13.321447
12.756237
12.076872
12.963269
-18.250908
-12.175397
-7.688266
-3.004034
-0.417245
-0.640099
0.890059
9.675978
10.647284
11.488321
11.969050
12.131248
12.037379
11.592526
10.811223
11.031827
12.236235
8.266550
6.069068
6.358061
4.599783
3.249350
2.197361
9.837602
6.851220
6.839633
6.989734
4.634564
3.513063
5.663757
2.586031
0.725062
2.966105
-2.873791
-9.197066
-17.517410
10.413672
10.921803
10.212279
9.728008
-18.133516
-12.315245
-7.798918
-3.242676
-0.741165
0.532407
1.278129
1.963571
9.983218
10.930029
8.575150
11.646460
11.944854
11.871441
11.474137
10.505376
9.235957
9.055509
6.714432
4.824502
5.201201
3.225390
6.996409
5.959911
5.975335
5.977530
3.827003
3.485676
5.136556
3.239999
5.580875
2.789296
1.485791
3.061396
2.957265
-2.204883
-8.956017
-17.454277
6.792258
7.165100
7.660323
6.935962
-18.204414
-11.326011
-6.769436
-2.672737
-0.743211
0.697085
1.541047
2.710167
2.984155
2.225239
4.280986
9.764421
10.743087
8.412964
11.348480
6.709304
11.424611
11.057825
10.283689
8.826397
7.123344
6.598593
5.408713
6.163126
5.446453
5.438150
5.388151
3.326999
3.247019
4.277174
3.662744
3.211276
3.210799
4.426805
3.212929
2.587112
3.090812
0.153126
3.283786
-8.544261
-17.580160
5.360161
5.385456
5.629670
5.475435
-17.960440
-11.903831
-6.923589
-2.006224
-0.442542
0.803341
3.971981
3.502167
3.621474
9.714317
8.353513
10.498074
6.649862
10.813084
5.284920
10.574017
9.890053
8.620568
6.885020
5.910086
5.544341
4.932286
4.416681
4.230542
4.763066
4.256591
3.265634
3.251637
3.332990
3.279841
3.770199
3.099492
3.386140
1.774582
-0.922799
-10.248684
0.944551
3.403329
-17.838457
4.789747
4.616773
4.777904
5.108894
-18.357862
-12.124615
-7.222885
-1.773823
0.560844
0.836014
1.031870
2.711296
3.609099
5.506964
9.342963
8.122957
6.655384
9.895636
9.928583
9.356797
8.234465
6.606528
5.226641
4.754778
4.673505
4.052221
3.695191
3.871582
3.851453
4.089344
3.852529
3.397536
3.295728
3.312208
3.359470
3.421587
2.636820
3.555729
1.972245
-1.058316
-10.173276
-17.888565
3.529758
4.134465
4.250089
-17.863148
-11.572009
-5.957746
0.228254
0.418621
1.989337
2.361806
2.821056
4.409540
5.082623
6.151152
8.649553
7.515451
8.954900
8.651912
7.649105
6.152719
4.683437
3.906635
4.289880
4.358083
4.044956
3.826381
3.804205
3.923542
3.241313
3.845843
3.868714
3.779020
3.771559
3.570732
3.365819
3.302586
3.451762
3.650795
3.250325
2.655326
3.685005
0.725175
-2.988540
-10.329473
-17.738867
3.657275
3.886077
3.828518
-17.770763
-11.153508
-5.668806
-0.539648
3.018940
2.757465
3.559881
3.033243
3.358248
4.077160
5.327880
6.740538
7.812663
7.693454
6.927058
5.535367
4.215016
3.600391
3.491448
3.678711
3.888349
4.001961
3.816041
3.839251
3.845541
3.882287
3.860930
3.832594
3.907641
3.689167
3.814464
3.630562
3.590728
3.801376
3.747293
3.714986
3.150583
2.734197
1.430945
3.784927
-13.283879
-6.130303
-0.790333
-18.302681
3.767990
-18.099279
-11.303722
-5.924743
-1.344276
3.307273
3.985909
4.123151
5.015291
4.606076
5.915686
6.773699
6.137796
4.948774
3.830193
3.312285
3.269013
3.356527
3.570005
3.688544
3.775508
3.865046
3.824547
3.884813
3.957308
3.870809
3.818194
3.856090
3.978157
3.804537
3.892678
3.891433
4.025067
3.969558
3.221445
2.308776
0.848205
3.890443
-21.841887
-17.519558
-10.365927
-5.240818
-0.638828
-17.897327
-12.146597
-6.867185
-2.668612
0.190081
2.883397
3.546465
4.332318
5.527103
4.348379
3.505189
2.984420
2.930046
2.950140
2.883078
3.476465
3.749380
3.831154
3.977064
3.986819
4.059634
4.073642
3.883322
3.971658
3.979311
4.098768
4.183585
4.073260
4.043936
3.480228
2.362362
1.679335
4.133586
-18.434214
-12.512367
-5.287590
-5.617992
0.449422
-18.209778
-11.799987
-6.581786
-2.872874
0.575449
0.726994
2.684744
2.293109
2.307059
2.101673
1.575404
1.119717
2.905357
3.655726
3.994597
4.142665
4.293167
4.236637
4.285646
4.321738
4.289950
4.327347
4.356150
3.869841
2.751119
-0.092267
4.513094
-17.910870
-12.378711
-12.252563
-5.799622
-18.280993
-11.802293
-6.212368
-2.377768
-2.607690
0.331837
0.195557
-0.278088
-3.256367
-2.041762
-4.470754
-5.644979
-0.060838
2.694236
-7.287874
3.769234
4.473694
4.365685
3.676213
4.555168
3.763612
4.434050
2.017984
-2.651423
-9.104004
4.463592
-18.256882
-19.967617
-15.071404
-18.422371
-11.788481
-6.394082
-6.845782
-2.874906
-7.157858
-10.207126
-11.067963
-13.728398
-13.289156
-8.213271
-1.863684
2.102512
-12.696532
3.727736
1.925437
-2.618435
-8.538865
-14.086386
-19.631075
-17.699427
-12.202950
-17.561964
-18.216078
-18.027834
-18.904133
