0.000000
-0.215195
-7.578450
-6.745415
-0.852999
-5.060238
1.071529
1.598367
2.315796
-11.669171
-10.600461
-3.356910
-11.366123
-9.755445
-8.357294
-3.925885
1.561436
3.057903
3.158932
2.650924
3.384088
3.632364
-17.565481
-18.079601
-19.088621
-17.474012
-3.246959
-6.219655
1.259339
-7.911225
-17.726904
-17.500162
-9.113587
-4.429103
1.395298
3.201884
3.976906
3.954296
2.144838
0.901684
2.970841
3.834350
3.516608
4.244809
-17.525335
-0.793402
-2.787585
-4.663563
-0.335862
-14.546135
-17.618507
-8.242586
-3.366549
1.823749
3.288400
4.124954
4.499490
4.218738
3.988144
4.163506
2.218274
1.274609
2.913687
-0.073903
3.372249
3.688550
3.524973
4.505057
-20.568972
-1.808264
-2.550205
-6.868448
-12.082966
-17.482756
-8.554146
-3.611354
1.322416
3.164057
4.225962
4.643093
4.620887
4.314230
3.978410
4.116777
2.538323
1.816340
3.028174
0.587014
3.331007
3.418854
3.720517
3.539416
4.353666
-11.779425
-17.366079
0.442503
-4.301185
-7.483826
-0.433386
-17.881819
-9.692307
-5.712519
-0.814305
2.479048
4.124725
4.667692
4.595003
4.078485
4.126451
3.850264
2.762731
2.037270
3.141114
3.309765
3.301724
3.366535
3.638000
3.462808
3.832784
-7.157433
-11.650481
-18.101812
1.561189
-3.609784
-0.326794
1.515467
-17.782591
-10.804497
-6.626307
-1.861920
1.759947
3.734753
4.490827
4.583492
4.284039
3.853960
3.586198
2.737794
3.130514
3.182492
3.093048
3.131332
3.222945
3.482188
3.291217
3.417786
-0.949648
-5.682520
-10.811376
-17.639025
2.513306
0.190873
1.159554
2.277567
-17.807749
-9.865750
-4.995468
-0.610719
2.081521
3.715803
4.357655
4.451380
4.238898
3.987408
3.989702
3.644365
2.878836
2.957583
2.915035
2.916605
2.943291
2.980803
3.045188
3.346688
3.168000
3.414627
0.651783
-3.924796
0.761683
-9.628630
-17.379539
2.701153
1.931484
1.920011
2.517320
-17.607553
-9.970591
-4.447946
0.414072
2.505184
3.781613
4.225353
4.228433
3.972058
3.772221
3.674900
2.766027
2.701015
2.765232
2.601909
2.704363
2.729772
2.730741
2.840482
3.246131
3.003629
3.384644
3.491600
0.626310
-3.555676
-9.298924
-17.980339
2.605489
2.348209
2.237019
1.651294
2.535423
-17.575695
-8.652641
-2.678609
1.772918
2.987938
3.775385
4.017715
3.725686
3.691458
3.550706
2.672061
2.885544
2.614954
2.735056
2.714855
2.843121
2.819223
2.842967
3.011799
2.894538
3.072378
3.100881
3.261071
3.474867
1.730802
1.835368
-0.500907
-4.850832
-14.607336
-18.487715
2.875130
2.465780
2.443319
2.161070
2.811026
-17.525761
-7.779859
-1.868110
2.273025
3.032185
3.569222
3.321519
3.486283
3.512431
3.097742
3.122582
3.157347
3.044265
3.107070
3.330226
2.910871
3.307594
3.654141
3.329891
3.869987
3.555758
3.793039
2.061220
1.838223
1.310963
-1.276679
-1.743183
-5.783442
-11.685083
-10.581882
-17.354477
3.184477
3.000362
2.933053
2.564312
2.255671
3.243449
-17.525494
-7.578485
-1.761453
2.211092
2.844216
2.362792
3.016100
3.357384
3.282433
3.274295
3.296225
3.361285
3.607503
4.058311
3.794866
4.107141
4.719594
4.710083
4.895481
3.455192
3.929637
4.640391
2.155056
2.066339
1.661551
0.929556
1.632360
-0.760669
-4.720694
-4.438777
-10.342158
-17.645870
3.532036
3.375516
3.627455
3.192708
2.571378
3.898468
-17.335938
-8.856724
-2.960213
1.501968
0.939700
1.993491
2.863606
3.678616
4.025677
3.813221
4.370441
4.339565
4.933075
4.857359
4.749780
5.237294
4.926111
6.231041
6.131605
6.115385
5.314216
5.143727
5.624092
6.191796
2.496825
3.310441
3.847197
4.610108
2.502054
2.360297
2.154499
1.957993
1.815892
-0.656597
2.086012
-1.374256
-5.138957
-10.934913
-17.690828
4.587863
4.259709
4.193044
3.821639
3.287047
4.654637
-17.721266
-8.675957
-3.201659
-4.778326
-0.246597
1.279780
4.882251
5.568418
5.203460
5.963866
5.235065
6.315361
6.333510
7.482915
7.474690
7.386190
7.396202
7.309731
6.151606
6.699400
5.896369
7.268297
0.406250
2.104923
3.254486
3.971195
4.975646
3.201260
2.367951
2.227989
3.144687
1.387579
1.845831
2.108016
1.420420
-1.212967
-4.883070
-10.765216
-17.735241
5.493055
5.079187
4.667655
4.182303
3.787583
5.111789
-17.558544
-10.145987
-10.853261
-6.053876
-1.673749
5.868099
6.823290
6.295300
8.048625
8.181815
8.079964
7.833654
7.570063
7.294065
6.825362
7.069091
7.586815
6.466417
5.717725
0.131998
1.744765
2.948476
3.738283
4.748907
3.712790
2.364194
3.083450
3.627830
1.819105
2.082048
2.367973
1.549122
-0.947199
1.876133
-4.572809
-10.536562
-17.694759
5.926989
5.558159
4.936450
4.527499
4.074170
5.370697
-17.996363
-18.163727
-11.559533
-7.044464
-2.584298
-0.533430
6.326785
8.228802
8.600707
8.619801
8.384795
7.952005
7.602693
6.858184
6.349760
6.007701
7.698209
6.411358
6.801155
5.255225
4.424472
1.036274
2.335811
3.269171
3.937499
2.925269
3.421086
3.626165
2.110999
2.417393
2.689366
1.635827
-0.971091
2.017305
-4.699776
2.229316
-10.763830
-17.490131
5.686532
5.165798
4.723120
4.345663
5.437004
-18.263391
-12.245538
-7.802855
-3.169720
-0.599235
-0.846628
0.673732
8.033359
8.599977
8.960064
8.972235
8.741939
8.281926
7.467756
6.744580
6.191174
5.723845
7.042942
5.312578
5.521736
4.068227
2.879887
1.917899
3.950139
3.064747
3.120757
3.286278
2.520229
2.294441
2.772067
2.045908
0.441600
2.212530
-3.007113
-9.250523
-17.521755
4.859791
4.687149
4.243686
5.046371
-18.148443
-12.406610
-7.953969
-3.468026
-1.012003
0.302451
0.927281
1.667865
8.282294
8.849321
7.277782
9.161511
9.099384
8.785719
8.200733
7.137142
6.124250
5.522249
5.782049
4.227687
4.498059
2.822034
3.431025
2.895448
3.002780
3.133791
2.424427
2.414553
2.659899
2.436520
2.812401
2.449236
1.317884
2.411308
2.471858
-2.278740
-8.987278
-17.456818
3.911084
3.820044
3.782300
4.363061
-18.223146
-11.437049
-6.960752
-2.961504
-1.087881
0.289673
1.228322
2.221131
2.536780
1.734336
3.696069
8.184894
8.847288
7.170573
9.163963
5.768079
9.030964
8.596443
7.840834
6.530617
5.236905
4.574635
4.650232
3.330287
2.865034
2.991846
3.108649
2.497398
2.551887
2.516177
2.404889
2.626784
2.707264
2.561493
3.053706
2.513355
2.758811
0.119335
3.041998
-8.561812
-17.582100
3.732459
3.426435
3.318859
4.045954
-17.971127
-11.986890
-7.082316
-2.259084
-0.774523
0.398796
3.375275
2.933904
3.045956
8.215833
7.170593
8.780761
5.744609
8.945328
4.551862
8.658936
8.009211
6.890667
5.477184
4.585863
4.547997
3.108835
2.705161
3.023820
3.014696
2.704044
2.652799
2.788018
2.537406
2.938106
2.439300
3.023003
3.243390
1.735985
-0.944843
-10.257769
0.920280
3.187495
-17.839621
3.666922
3.392688
3.225882
4.067575
-18.370676
-12.200427
-7.361180
-1.992758
0.276142
0.497986
0.643536
2.219241
3.056505
4.787351
8.012566
7.048317
5.801710
8.459289
8.454807
7.940638
6.941130
5.554132
4.453738
3.966419
3.723050
3.067325
2.502786
3.133632
3.008181
2.815522
2.589602
2.490766
2.851066
2.569448
3.051233
3.344083
2.596313
3.420880
1.946347
-1.074290
-10.180444
-17.889555
3.338298
3.287190
3.180570
-17.871548
-11.644607
-6.107667
-0.024954
0.156185
1.664759
1.994471
2.391667
3.824943
4.442771
5.414375
7.557662
6.611637
7.844574
7.592278
6.727143
5.413919
4.182629
3.599700
3.797278
3.752303
3.458728
3.053732
3.205691
3.074651
2.651580
3.185032
3.330218
3.117008
2.796430
2.620002
2.630093
2.755509
3.188901
3.561326
3.206583
2.627410
3.547517
0.707350
-2.998630
-10.334327
-17.739548
3.474993
3.161020
3.216322
-17.777107
-11.214871
-5.805396
-0.784117
2.660732
2.424726
3.193547
2.646961
2.921719
3.556239
4.722707
6.005145
6.948772
6.897164
6.254741
5.043575
3.898824
3.412418
3.366870
3.462480
3.525312
3.520751
3.475164
3.409277
3.339592
3.453535
3.392072
3.412778
3.535125
3.091662
3.468763
3.161981
3.233350
3.700635
3.695045
3.680358
3.131657
2.715874
1.417087
3.643325
-13.285690
-6.134437
-0.796305
-18.303061
3.530173
-18.104103
-11.348793
-6.029869
-1.536101
2.994014
3.565476
3.751996
4.548801
4.103921
5.325564
6.119943
5.608767
4.574888
3.598781
3.178882
3.187554
3.306185
3.486119
3.532559
3.492686
3.593930
3.622351
3.538323
3.678156
3.537436
3.568837
3.683555
3.735125
3.523322
3.743306
3.780987
3.969162
3.938367
3.207997
2.298208
0.840741
3.740056
-21.842262
-17.520555
-10.368187
-5.244100
-0.642662
-17.900124
-12.174626
-6.936870
-2.796630
0.008110
2.644842
3.256788
3.981887
5.052338
4.029114
3.302525
2.869347
2.866029
2.913772
2.865571
3.449615
3.699519
3.730600
3.756836
3.827827
3.985953
3.896304
3.677819
3.825276
3.862365
3.947735
4.142858
3.993525
4.021109
3.469573
2.356767
1.672562
4.043527
-18.434498
-12.513742
-5.290390
-5.620165
0.445826
-18.212503
-11.821592
-6.634495
-2.969344
0.410139
0.615905
2.524214
2.202774
2.259988
2.077044
1.564959
1.113557
2.895068
3.638508
3.959951
4.013900
4.239849
4.213391
4.191677
4.237012
4.212090
4.306171
4.314511
3.860546
2.746457
-0.094984
4.479631
-17.910978
-12.379657
-12.253466
-5.801413
-18.282665
-11.817304
-6.249862
-2.445439
-2.649463
0.267962
0.163232
-0.294574
-3.267133
-2.048561
-4.474232
-5.646770
-0.063889
2.688723
-7.291495
3.758952
4.436345
4.349665
3.669569
4.521269
3.757129
4.418424
2.014794
-2.653113
-9.105116
4.448785
-18.257063
-19.967798
-15.072002
-18.423714
-11.798462
-6.418031
-6.857594
-2.896327
-7.163783
-10.208856
-11.068901
-13.729732
-13.289656
-8.214298
-1.865492
2.099168
-12.698871
3.721739
1.922562
-2.619994
-8.539883
-14.086960
-19.631247
-17.699879
-12.207424
-17.562117
-18.216236
-18.027899
-18.904490
