0.001625
0.008773
0.028495
0.066453
0.128451
0.220263
0.347629
0.516258
0.731830
1.000000
0.001408
0.007598
0.024677
0.057550
0.111242
0.190754
0.301056
0.447093
0.633783
0.866026
0.000813
0.004387
0.014248
0.033227
0.064226
0.110132
0.173815
0.258130
0.365915
0.500001
0.000000
0.000000
0.000000
0.000000
0.000000
0.000001
0.000001
0.000001
0.000001
0.000001
-0.000812
-0.004386
-0.014247
-0.033226
-0.064225
-0.110131
-0.173814
-0.258128
-0.365913
-0.499998
-0.001407
-0.007597
-0.024677
-0.057550
-0.111241
-0.190753
-0.301055
-0.447092
-0.633782
-0.866024
-0.001625
-0.008773
-0.028495
-0.066453
-0.128450
-0.220263
-0.347629
-0.516258
-0.731829
-1.000000
-0.001407
-0.007597
-0.024677
-0.057550
-0.111241
-0.190753
-0.301056
-0.447093
-0.633784
-0.866027
-0.000813
-0.004386
-0.014247
-0.033227
-0.064225
-0.110131
-0.173815
-0.258130
-0.365916
-0.500003
0.000000
0.000000
0.000000
0.000000
0.000000
0.000000
0.000000
0.000000
0.000000
-0.000004
