0.001766
0.003541
0.007646
0.014472
0.024599
0.038646
0.057242
0.081016
0.110600
0.146627
0.189727
0.240532
0.299673
0.367780
0.445484
0.533415
0.632203
0.742477
0.864866
1.000000
0.001712
0.003432
0.007412
0.014029
0.023846
0.037464
0.055490
0.078537
0.107216
0.142140
0.183921
0.233172
0.290503
0.356526
0.431853
0.517093
0.612858
0.719757
0.838402
0.969400
0.001554
0.003114
0.006724
0.012727
0.021634
0.033989
0.050343
0.071251
0.097270
0.128954
0.166860
0.211542
0.263554
0.323453
0.391792
0.469125
0.556006
0.652989
0.760628
0.879474
0.001300
0.002605
0.005625
0.010647
0.018098
0.028433
0.042114
0.059605
0.081371
0.107877
0.139587
0.176965
0.220477
0.270585
0.327754
0.392447
0.465127
0.546259
0.636303
0.735724
0.000966
0.001937
0.004182
0.007915
0.013454
0.021138
0.031308
0.044312
0.060493
0.080197
0.103771
0.131559
0.163906
0.201157
0.243657
0.291751
0.345783
0.406097
0.473038
0.546949
0.000574
0.001150
0.002483
0.004699
0.007987
0.012549
0.018587
0.026306
0.035912
0.047610
0.061604
0.078101
0.097304
0.119419
0.144649
0.173200
0.205277
0.241083
0.280823
0.324700
0.000146
0.000292
0.000631
0.001195
0.002032
0.003192
0.004727
0.006690
0.009134
0.012109
0.015668
0.019863
0.024747
0.030372
0.036789
0.044050
0.052208
0.061314
0.071421
0.082581
-0.000291
-0.000583
-0.001258
-0.002382
-0.004049
-0.006361
-0.009421
-0.013334
-0.018204
-0.024134
-0.031228
-0.039590
-0.049324
-0.060534
-0.073324
-0.087796
-0.104056
-0.122207
-0.142351
-0.164593
-0.000709
-0.001422
-0.003071
-0.005813
-0.009881
-0.015524
-0.022993
-0.032543
-0.044427
-0.058899
-0.076212
-0.096620
-0.120377
-0.147735
-0.178948
-0.214270
-0.253952
-0.298249
-0.347412
-0.401694
-0.001085
-0.002175
-0.004696
-0.008888
-0.015109
-0.023737
-0.035158
-0.049760
-0.067932
-0.090059
-0.116532
-0.147737
-0.184062
-0.225895
-0.273622
-0.327630
-0.388306
-0.456038
-0.531211
-0.614211
-0.001394
-0.002794
-0.006033
-0.011420
-0.019412
-0.030497
-0.045171
-0.063932
-0.087279
-0.115709
-0.149721
-0.189813
-0.236484
-0.290230
-0.351549
-0.420939
-0.498897
-0.585918
-0.682500
-0.789139
-0.001617
-0.003242
-0.007001
-0.013252
-0.022527
-0.035391
-0.052420
-0.074192
-0.101284
-0.134276
-0.173746
-0.220272
-0.274432
-0.336803
-0.407962
-0.488487
-0.578955
-0.679940
-0.792021
-0.915772
-0.001742
-0.003492
-0.007541
-0.014274
-0.024263
-0.038119
-0.056461
-0.079910
-0.109091
-0.144626
-0.187139
-0.237251
-0.295585
-0.362764
-0.439408
-0.526140
-0.623581
-0.732350
-0.853070
-0.986361
-0.001760
-0.003528
-0.007619
-0.014422
-0.024515
-0.038514
-0.057046
-0.080739
-0.110222
-0.146125
-0.189078
-0.239710
-0.298649
-0.366524
-0.443963
-0.531594
-0.630044
-0.739941
-0.861912
-0.996585
-0.001671
-0.003349
-0.007231
-0.013687
-0.023266
-0.036552
-0.054140
-0.076626
-0.104607
-0.138682
-0.179447
-0.227499
-0.283435
-0.347853
-0.421347
-0.504514
-0.597949
-0.702248
-0.818006
-0.945818
-0.001479
-0.002964
-0.006400
-0.012115
-0.020593
-0.032353
-0.047921
-0.067823
-0.092590
-0.122751
-0.158833
-0.201365
-0.250876
-0.307893
-0.372945
-0.446558
-0.529260
-0.621578
-0.724038
-0.837168
-0.001196
-0.002398
-0.005178
-0.009801
-0.016660
-0.026174
-0.038769
-0.054870
-0.074907
-0.099307
-0.128498
-0.162908
-0.202963
-0.249091
-0.301719
-0.361273
-0.428180
-0.502867
-0.585760
-0.677284
-0.000841
-0.001685
-0.003639
-0.006888
-0.011708
-0.018394
-0.027244
-0.038559
-0.052640
-0.069786
-0.090300
-0.114480
-0.142629
-0.175044
-0.212028
-0.253878
-0.300897
-0.353381
-0.411633
-0.475950
-0.000434
-0.000869
-0.001877
-0.003552
-0.006039
-0.009487
-0.014052
-0.019888
-0.027151
-0.035995
-0.046575
-0.059047
-0.073565
-0.090285
-0.109360
-0.130946
-0.155197
-0.182269
-0.212314
-0.245489
0.000000
0.000000
0.000000
0.000000
0.000000
0.000000
0.000000
0.000000
0.000000
0.000000
0.000000
0.000000
0.000000
0.000000
0.000000
0.000000
0.000000
0.000000
0.000000
-0.000004
