0.001825
0.002976
0.005598
0.009796
0.015829
0.023991
0.034592
0.047942
0.064356
0.084147
0.107629
0.135117
0.166926
0.203370
0.244763
0.291419
0.343653
0.401779
0.466111
0.536962
0.614647
0.699480
0.791774
0.891843
1.000000
0.001790
0.002919
0.005491
0.009608
0.015524
0.023530
0.033927
0.047021
0.063119
0.082530
0.105561
0.132521
0.163719
0.199462
0.240060
0.285820
0.337050
0.394059
0.457155
0.526645
0.602837
0.686040
0.776560
0.874706
0.980785
0.001686
0.002749
0.005172
0.009051
0.014624
0.022165
0.031959
0.044293
0.059457
0.077741
0.099436
0.124832
0.154220
0.187890
0.226132
0.269236
0.317494
0.371196
0.430630
0.496089
0.567860
0.646235
0.731504
0.823955
0.923880
0.001517
0.002474
0.004655
0.008145
0.013161
0.019948
0.028762
0.039862
0.053510
0.069965
0.089490
0.112346
0.138794
0.169096
0.203513
0.242306
0.285737
0.334067
0.387557
0.446468
0.511060
0.581596
0.658336
0.741540
0.831470
0.001290
0.002104
0.003959
0.006927
0.011192
0.016964
0.024460
0.033900
0.045506
0.059501
0.076105
0.095542
0.118035
0.143804
0.173074
0.206065
0.243000
0.284101
0.329590
0.379689
0.434621
0.494607
0.559869
0.630628
0.707107
0.001014
0.001653
0.003110
0.005443
0.008794
0.013329
0.019218
0.026635
0.035754
0.046749
0.059795
0.075067
0.092739
0.112987
0.135983
0.161904
0.190924
0.223217
0.258957
0.298320
0.341480
0.388610
0.439886
0.495482
0.555571
0.000698
0.001139
0.002142
0.003749
0.006057
0.009181
0.013238
0.018347
0.024628
0.032201
0.041188
0.051707
0.063880
0.077827
0.093667
0.111522
0.131511
0.153754
0.178373
0.205487
0.235216
0.267680
0.302999
0.341294
0.382684
0.000356
0.000581
0.001092
0.001911
0.003088
0.004680
0.006748
0.009353
0.012555
0.016416
0.020997
0.026360
0.032566
0.039676
0.047751
0.056853
0.067044
0.078384
0.090934
0.104757
0.119912
0.136462
0.154468
0.173991
0.195091
-0.000000
-0.000000
-0.000000
-0.000000
-0.000000
-0.000000
-0.000000
-0.000000
-0.000000
-0.000000
0.000000
0.000000
0.000000
0.000000
0.000000
0.000000
0.000000
0.000000
0.000001
0.000001
0.000001
0.000001
0.000001
0.000001
0.000001
-0.000356
-0.000581
-0.001092
-0.001911
-0.003088
-0.004681
-0.006749
-0.009353
-0.012555
-0.016416
-0.020997
-0.026360
-0.032566
-0.039675
-0.047751
-0.056853
-0.067043
-0.078383
-0.090933
-0.104755
-0.119911
-0.136460
-0.154466
-0.173988
-0.195089
-0.000698
-0.001139
-0.002142
-0.003749
-0.006057
-0.009181
-0.013238
-0.018347
-0.024628
-0.032202
-0.041188
-0.051707
-0.063880
-0.077826
-0.093667
-0.111521
-0.131510
-0.153754
-0.178372
-0.205486
-0.235214
-0.267678
-0.302997
-0.341292
-0.382682
-0.001014
-0.001653
-0.003110
-0.005443
-0.008794
-0.013329
-0.019218
-0.026635
-0.035754
-0.046749
-0.059796
-0.075067
-0.092739
-0.112986
-0.135983
-0.161904
-0.190923
-0.223216
-0.258957
-0.298319
-0.341478
-0.388608
-0.439884
-0.495479
-0.555569
-0.001290
-0.002104
-0.003959
-0.006927
-0.011193
-0.016964
-0.024460
-0.033900
-0.045506
-0.059501
-0.076105
-0.095543
-0.118035
-0.143804
-0.173073
-0.206064
-0.242999
-0.284100
-0.329589
-0.379689
-0.434620
-0.494605
-0.559866
-0.630626
-0.707105
-0.001517
-0.002475
-0.004655
-0.008145
-0.013161
-0.019948
-0.028762
-0.039863
-0.053510
-0.069965
-0.089490
-0.112346
-0.138794
-0.169096
-0.203513
-0.242306
-0.285737
-0.334067
-0.387556
-0.446467
-0.511059
-0.581595
-0.658334
-0.741539
-0.831468
-0.001686
-0.002750
-0.005172
-0.009051
-0.014624
-0.022165
-0.031959
-0.044293
-0.059457
-0.077741
-0.099436
-0.124832
-0.154220
-0.187890
-0.226132
-0.269236
-0.317494
-0.371195
-0.430630
-0.496087
-0.567859
-0.646234
-0.731502
-0.823954
-0.923879
-0.001790
-0.002919
-0.005491
-0.009608
-0.015524
-0.023530
-0.033927
-0.047021
-0.063119
-0.082530
-0.105561
-0.132521
-0.163719
-0.199463
-0.240060
-0.285820
-0.337050
-0.394059
-0.457154
-0.526644
-0.602836
-0.686038
-0.776559
-0.874705
-0.980785
-0.001825
-0.002976
-0.005599
-0.009796
-0.015829
-0.023991
-0.034592
-0.047942
-0.064356
-0.084147
-0.107629
-0.135118
-0.166927
-0.203370
-0.244763
-0.291419
-0.343653
-0.401779
-0.466111
-0.536962
-0.614646
-0.699479
-0.791773
-0.891842
-1.000000
-0.001790
-0.002919
-0.005491
-0.009608
-0.015524
-0.023530
-0.033927
-0.047021
-0.063119
-0.082530
-0.105561
-0.132521
-0.163719
-0.199463
-0.240060
-0.285820
-0.337050
-0.394059
-0.457154
-0.526644
-0.602836
-0.686039
-0.776560
-0.874706
-0.980786
-0.001686
-0.002750
-0.005172
-0.009051
-0.014624
-0.022165
-0.031959
-0.044293
-0.059457
-0.077741
-0.099436
-0.124832
-0.154220
-0.187890
-0.226132
-0.269236
-0.317494
-0.371196
-0.430630
-0.496088
-0.567860
-0.646235
-0.731504
-0.823956
-0.923881
-0.001517
-0.002475
-0.004655
-0.008145
-0.013161
-0.019948
-0.028762
-0.039863
-0.053510
-0.069965
-0.089490
-0.112346
-0.138794
-0.169096
-0.203513
-0.242306
-0.285737
-0.334067
-0.387557
-0.446468
-0.511061
-0.581596
-0.658336
-0.741541
-0.831471
-0.001290
-0.002104
-0.003959
-0.006927
-0.011193
-0.016964
-0.024460
-0.033900
-0.045507
-0.059501
-0.076105
-0.095543
-0.118035
-0.143805
-0.173074
-0.206065
-0.243000
-0.284101
-0.329590
-0.379690
-0.434622
-0.494608
-0.559870
-0.630630
-0.707109
-0.001014
-0.001653
-0.003110
-0.005443
-0.008794
-0.013329
-0.019218
-0.026635
-0.035754
-0.046749
-0.059796
-0.075067
-0.092739
-0.112987
-0.135983
-0.161904
-0.190924
-0.223217
-0.258958
-0.298321
-0.341480
-0.388611
-0.439887
-0.495483
-0.555573
-0.000698
-0.001139
-0.002142
-0.003749
-0.006057
-0.009181
-0.013238
-0.018347
-0.024628
-0.032202
-0.041188
-0.051707
-0.063880
-0.077827
-0.093667
-0.111522
-0.131511
-0.153755
-0.178373
-0.205487
-0.235216
-0.267680
-0.303000
-0.341296
-0.382687
-0.000356
-0.000581
-0.001092
-0.001911
-0.003088
-0.004680
-0.006749
-0.009353
-0.012555
-0.016416
-0.020997
-0.026360
-0.032566
-0.039676
-0.047751
-0.056853
-0.067044
-0.078383
-0.090934
-0.104756
-0.119912
-0.136463
-0.154469
-0.173992
-0.195095
0.000000
0.000000
0.000000
0.000000
0.000000
0.000000
0.000000
0.000000
0.000000
0.000000
0.000000
0.000000
0.000000
0.000000
0.000000
0.000000
0.000000
0.000000
0.000000
0.000000
0.000000
0.000000
0.000000
0.000000
-0.000004
