0.001918
0.002377
0.003443
0.005069
0.007280
0.010130
0.013681
0.018004
0.023168
0.029245
0.036309
0.044431
0.053685
0.064145
0.075883
0.088974
0.103491
0.119506
0.137095
0.156330
0.177284
0.200033
0.224648
0.251203
0.279773
0.310430
0.343248
0.378301
0.415663
0.455405
0.497603
0.542330
0.589659
0.639664
0.692418
0.747995
0.806468
0.867911
0.932397
1.000000
0.001904
0.002359
0.003418
0.005032
0.007227
0.010056
0.013582
0.017873
0.022999
0.029032
0.036044
0.044107
0.053294
0.063677
0.075330
0.088325
0.102736
0.118635
0.136095
0.155190
0.175992
0.198574
0.223010
0.249372
0.277733
0.308167
0.340746
0.375543
0.412632
0.452085
0.493975
0.538376
0.585360
0.635000
0.687369
0.742541
0.800588
0.861583
0.925599
0.992709
0.001862
0.002308
0.003343
0.004922
0.007068
0.009835
0.013284
0.017481
0.022495
0.028396
0.035254
0.043140
0.052125
0.062281
0.073678
0.086389
0.100483
0.116034
0.133111
0.151787
0.172133
0.194220
0.218120
0.243904
0.271643
0.301409
0.333274
0.367309
0.403584
0.442172
0.483144
0.526571
0.572525
0.621076
0.672297
0.726259
0.783033
0.842691
0.905303
0.970942
0.001793
0.002222
0.003220
0.004739
0.006807
0.009471
0.012792
0.016834
0.021663
0.027345
0.033949
0.041544
0.050197
0.059977
0.070952
0.083192
0.096766
0.111741
0.128186
0.146171
0.165764
0.187034
0.210049
0.234879
0.261592
0.290257
0.320943
0.353718
0.388651
0.425811
0.465267
0.507087
0.551340
0.598096
0.647422
0.699387
0.754060
0.811511
0.871806
0.935016
0.001698
0.002104
0.003049
0.004488
0.006446
0.008969
0.012114
0.015942
0.020514
0.025896
0.032150
0.039342
0.047536
0.056798
0.067191
0.078783
0.091637
0.105818
0.121392
0.138423
0.156978
0.177120
0.198916
0.222429
0.247727
0.274872
0.303931
0.334969
0.368051
0.403241
0.440606
0.480209
0.522117
0.566394
0.613105
0.662316
0.714092
0.768497
0.825597
0.885456
0.001578
0.001956
0.002834
0.004172
0.005991
0.008337
0.011260
0.014817
0.019067
0.024069
0.029882
0.036566
0.044182
0.052790
0.062451
0.073225
0.085171
0.098352
0.112827
0.128657
0.145903
0.164624
0.184882
0.206736
0.230249
0.255479
0.282488
0.311336
0.342083
0.374791
0.409519
0.446329
0.485280
0.526433
0.569849
0.615588
0.663710
0.714277
0.767348
0.822984
0.001436
0.001779
0.002577
0.003794
0.005449
0.007582
0.010241
0.013477
0.017342
0.021891
0.027178
0.033257
0.040184
0.048013
0.056800
0.066598
0.077464
0.089452
0.102618
0.117015
0.132700
0.149727
0.168152
0.188029
0.209413
0.232360
0.256925
0.283163
0.311128
0.340876
0.372461
0.405940
0.441366
0.478795
0.518282
0.559882
0.603650
0.649641
0.697909
0.748511
0.001272
0.001576
0.002284
0.003361
0.004828
0.006717
0.009073
0.011939
0.015364
0.019394
0.024078
0.029464
0.035600
0.042536
0.050320
0.059001
0.068628
0.079248
0.090911
0.103667
0.117562
0.132647
0.148970
0.166579
0.185524
0.205854
0.227616
0.250860
0.275635
0.301990
0.329972
0.359631
0.391016
0.424175
0.459158
0.496012
0.534787
0.575532
0.618294
0.663123
0.001090
0.001350
0.001956
0.002880
0.004136
0.005755
0.007772
0.010228
0.013161
0.016614
0.020626
0.025240
0.030497
0.036439
0.043107
0.050544
0.058790
0.067888
0.077880
0.088806
0.100710
0.113632
0.127615
0.142701
0.158930
0.176345
0.194988
0.214900
0.236124
0.258700
0.282671
0.308079
0.334965
0.363371
0.393338
0.424910
0.458126
0.493030
0.529662
0.568065
0.000892
0.001105
0.001601
0.002356
0.003384
0.004708
0.006359
0.008367
0.010767
0.013592
0.016874
0.020649
0.024949
0.029810
0.035266
0.041349
0.048095
0.055538
0.063712
0.072651
0.082389
0.092961
0.104400
0.116741
0.130018
0.144265
0.159516
0.175806
0.193169
0.211638
0.231248
0.252034
0.274029
0.297267
0.321783
0.347611
0.374785
0.403339
0.433307
0.464724
0.000680
0.000843
0.001221
0.001798
0.002582
0.003593
0.004852
0.006385
0.008216
0.010371
0.012876
0.015756
0.019038
0.022747
0.026910
0.031552
0.036699
0.042379
0.048616
0.055437
0.062867
0.070934
0.079663
0.089079
0.099210
0.110081
0.121719
0.134149
0.147397
0.161490
0.176453
0.192314
0.209097
0.226829
0.245535
0.265243
0.285978
0.307766
0.330633
0.354606
0.000459
0.000569
0.000825
0.001214
0.001743
0.002425
0.003275
0.004309
0.005545
0.007000
0.008690
0.010634
0.012849
0.015352
0.018161
0.021294
0.024768
0.028601
0.032811
0.037414
0.042429
0.047873
0.053763
0.060119
0.066956
0.074293
0.082146
0.090535
0.099476
0.108987
0.119086
0.129789
0.141116
0.153083
0.165708
0.179008
0.193001
0.207706
0.223138
0.239317
0.000232
0.000287
0.000416
0.000612
0.000878
0.001222
0.001650
0.002171
0.002794
0.003526
0.004378
0.005357
0.006472
0.007733
0.009148
0.010726
0.012476
0.014407
0.016527
0.018845
0.021371
0.024113
0.027080
0.030281
0.033725
0.037420
0.041376
0.045601
0.050105
0.054895
0.059981
0.065373
0.071077
0.077105
0.083463
0.090162
0.097210
0.104616
0.112389
0.120538
0.000001
0.000001
0.000001
0.000001
0.000001
0.000001
0.000001
0.000001
0.000001
0.000001
0.000001
0.000001
0.000001
0.000002
0.000002
0.000002
0.000002
0.000002
0.000002
0.000002
0.000002
0.000002
0.000003
0.000003
0.000003
0.000003
0.000003
0.000003
0.000003
0.000003
0.000003
0.000003
0.000003
0.000002
0.000002
0.000002
0.000002
0.000002
0.000002
0.000001
-0.000230
-0.000286
-0.000414
-0.000610
-0.000877
-0.001220
-0.001648
-0.002169
-0.002791
-0.003524
-0.004375
-0.005354
-0.006469
-0.007730
-0.009145
-0.010723
-0.012472
-0.014403
-0.016523
-0.018841
-0.021367
-0.024109
-0.027075
-0.030276
-0.033720
-0.037415
-0.041371
-0.045596
-0.050099
-0.054890
-0.059976
-0.065367
-0.071072
-0.077100
-0.083459
-0.090158
-0.097206
-0.104613
-0.112386
-0.120535
-0.000458
-0.000568
-0.000823
-0.001212
-0.001741
-0.002423
-0.003273
-0.004307
-0.005543
-0.006997
-0.008688
-0.010631
-0.012846
-0.015349
-0.018158
-0.021291
-0.024765
-0.028597
-0.032806
-0.037409
-0.042424
-0.047868
-0.053758
-0.060113
-0.066950
-0.074287
-0.082141
-0.090529
-0.099470
-0.108982
-0.119080
-0.129784
-0.141111
-0.153078
-0.165703
-0.179003
-0.192997
-0.207702
-0.223135
-0.239314
-0.000679
-0.000842
-0.001220
-0.001796
-0.002580
-0.003591
-0.004850
-0.006383
-0.008214
-0.010369
-0.012874
-0.015754
-0.019035
-0.022744
-0.026906
-0.031548
-0.036696
-0.042375
-0.048612
-0.055432
-0.062863
-0.070929
-0.079658
-0.089074
-0.099205
-0.110076
-0.121713
-0.134143
-0.147391
-0.161484
-0.176448
-0.192308
-0.209091
-0.226823
-0.245530
-0.265238
-0.285974
-0.307762
-0.330630
-0.354603
-0.000890
-0.001103
-0.001599
-0.002354
-0.003382
-0.004706
-0.006357
-0.008365
-0.010765
-0.013589
-0.016872
-0.020646
-0.024947
-0.029807
-0.035262
-0.041346
-0.048092
-0.055535
-0.063708
-0.072647
-0.082385
-0.092956
-0.104395
-0.116736
-0.130012
-0.144259
-0.159510
-0.175800
-0.193163
-0.211632
-0.231242
-0.252028
-0.274023
-0.297261
-0.321777
-0.347606
-0.374780
-0.403335
-0.433304
-0.464722
-0.001088
-0.001349
-0.001955
-0.002878
-0.004134
-0.005753
-0.007770
-0.010226
-0.013159
-0.016611
-0.020624
-0.025238
-0.030494
-0.036436
-0.043104
-0.050540
-0.058787
-0.067884
-0.077876
-0.088802
-0.100705
-0.113628
-0.127610
-0.142695
-0.158924
-0.176339
-0.194982
-0.214894
-0.236117
-0.258694
-0.282665
-0.308072
-0.334958
-0.363364
-0.393332
-0.424904
-0.458121
-0.493026
-0.529659
-0.568063
-0.001271
-0.001575
-0.002282
-0.003360
-0.004826
-0.006716
-0.009071
-0.011937
-0.015362
-0.019391
-0.024075
-0.029461
-0.035598
-0.042533
-0.050317
-0.058998
-0.068624
-0.079244
-0.090907
-0.103662
-0.117558
-0.132642
-0.148965
-0.166574
-0.185518
-0.205848
-0.227610
-0.250854
-0.275629
-0.301983
-0.329965
-0.359624
-0.391009
-0.424169
-0.459151
-0.496006
-0.534782
-0.575527
-0.618291
-0.663121
-0.001434
-0.001778
-0.002576
-0.003793
-0.005448
-0.007581
-0.010239
-0.013475
-0.017340
-0.021889
-0.027175
-0.033255
-0.040181
-0.048011
-0.056797
-0.066595
-0.077461
-0.089449
-0.102614
-0.117011
-0.132695
-0.149722
-0.168147
-0.188023
-0.209407
-0.232354
-0.256919
-0.283156
-0.311121
-0.340868
-0.372454
-0.405932
-0.441358
-0.478788
-0.518275
-0.559875
-0.603644
-0.649636
-0.697906
-0.748510
-0.001577
-0.001955
-0.002832
-0.004170
-0.005990
-0.008335
-0.011258
-0.014815
-0.019065
-0.024066
-0.029879
-0.036564
-0.044180
-0.052788
-0.062448
-0.073221
-0.085168
-0.098348
-0.112823
-0.128653
-0.145898
-0.164619
-0.184877
-0.206731
-0.230243
-0.255473
-0.282481
-0.311329
-0.342076
-0.374783
-0.409511
-0.446321
-0.485272
-0.526425
-0.569841
-0.615581
-0.663704
-0.714272
-0.767344
-0.822983
-0.001697
-0.002103
-0.003047
-0.004487
-0.006445
-0.008968
-0.012113
-0.015940
-0.020512
-0.025893
-0.032148
-0.039339
-0.047533
-0.056795
-0.067188
-0.078779
-0.091633
-0.105814
-0.121388
-0.138419
-0.156974
-0.177116
-0.198911
-0.222424
-0.247721
-0.274866
-0.303925
-0.334962
-0.368043
-0.403233
-0.440597
-0.480201
-0.522109
-0.566386
-0.613098
-0.662310
-0.714086
-0.768492
-0.825593
-0.885455
-0.001792
-0.002221
-0.003218
-0.004738
-0.006805
-0.009470
-0.012791
-0.016832
-0.021661
-0.027343
-0.033947
-0.041541
-0.050194
-0.059974
-0.070949
-0.083189
-0.096762
-0.111737
-0.128182
-0.146167
-0.165760
-0.187029
-0.210044
-0.234874
-0.261586
-0.290251
-0.320936
-0.353711
-0.388643
-0.425803
-0.465259
-0.507079
-0.551332
-0.598088
-0.647415
-0.699380
-0.754054
-0.811506
-0.871803
-0.935015
-0.001861
-0.002306
-0.003342
-0.004920
-0.007067
-0.009834
-0.013282
-0.017479
-0.022493
-0.028394
-0.035251
-0.043137
-0.052123
-0.062278
-0.073675
-0.086386
-0.100480
-0.116030
-0.133108
-0.151783
-0.172129
-0.194216
-0.218115
-0.243898
-0.271637
-0.301403
-0.333267
-0.367301
-0.403576
-0.442164
-0.483135
-0.526562
-0.572516
-0.621068
-0.672290
-0.726252
-0.783027
-0.842686
-0.905300
-0.970941
-0.001903
-0.002358
-0.003417
-0.005030
-0.007225
-0.010054
-0.013580
-0.017871
-0.022997
-0.029030
-0.036042
-0.044105
-0.053291
-0.063674
-0.075327
-0.088322
-0.102733
-0.118632
-0.136092
-0.155186
-0.175988
-0.198570
-0.223005
-0.249367
-0.277727
-0.308161
-0.340739
-0.375536
-0.412624
-0.452077
-0.493967
-0.538367
-0.585351
-0.634992
-0.687362
-0.742534
-0.800582
-0.861578
-0.925596
-0.992709
-0.001917
-0.002375
-0.003442
-0.005067
-0.007278
-0.010128
-0.013680
-0.018002
-0.023166
-0.029243
-0.036307
-0.044429
-0.053683
-0.064142
-0.075880
-0.088971
-0.103487
-0.119503
-0.137091
-0.156326
-0.177281
-0.200028
-0.224643
-0.251198
-0.279767
-0.310424
-0.343242
-0.378294
-0.415655
-0.455397
-0.497595
-0.542322
-0.589651
-0.639656
-0.692410
-0.747988
-0.806462
-0.867907
-0.932395
-1.000000
-0.001903
-0.002358
-0.003417
-0.005030
-0.007225
-0.010054
-0.013580
-0.017871
-0.022997
-0.029030
-0.036042
-0.044105
-0.053291
-0.063675
-0.075327
-0.088322
-0.102733
-0.118632
-0.136092
-0.155186
-0.175988
-0.198570
-0.223005
-0.249367
-0.277728
-0.308161
-0.340740
-0.375537
-0.412625
-0.452077
-0.493967
-0.538368
-0.585352
-0.634992
-0.687362
-0.742535
-0.800583
-0.861579
-0.925597
-0.992709
-0.001861
-0.002306
-0.003342
-0.004920
-0.007067
-0.009834
-0.013282
-0.017479
-0.022493
-0.028394
-0.035252
-0.043138
-0.052123
-0.062278
-0.073676
-0.086386
-0.100480
-0.116031
-0.133108
-0.151784
-0.172129
-0.194216
-0.218116
-0.243899
-0.271638
-0.301404
-0.333268
-0.367302
-0.403577
-0.442165
-0.483136
-0.526563
-0.572517
-0.621069
-0.672291
-0.726253
-0.783029
-0.842688
-0.905302
-0.970942
-0.001792
-0.002221
-0.003218
-0.004738
-0.006805
-0.009470
-0.012791
-0.016833
-0.021661
-0.027343
-0.033947
-0.041542
-0.050194
-0.059974
-0.070950
-0.083190
-0.096763
-0.111738
-0.128183
-0.146168
-0.165760
-0.187030
-0.210045
-0.234875
-0.261588
-0.290252
-0.320937
-0.353712
-0.388645
-0.425804
-0.465260
-0.507080
-0.551334
-0.598089
-0.647416
-0.699382
-0.754056
-0.811508
-0.871805
-0.935017
-0.001697
-0.002103
-0.003048
-0.004487
-0.006445
-0.008968
-0.012113
-0.015940
-0.020513
-0.025894
-0.032148
-0.039340
-0.047534
-0.056795
-0.067189
-0.078780
-0.091634
-0.105815
-0.121389
-0.138420
-0.156974
-0.177117
-0.198912
-0.222426
-0.247723
-0.274868
-0.303926
-0.334964
-0.368045
-0.403235
-0.440599
-0.480203
-0.522111
-0.566388
-0.613100
-0.662312
-0.714088
-0.768495
-0.825596
-0.885457
-0.001577
-0.001955
-0.002833
-0.004170
-0.005990
-0.008335
-0.011258
-0.014816
-0.019066
-0.024067
-0.029880
-0.036564
-0.044180
-0.052788
-0.062449
-0.073222
-0.085169
-0.098349
-0.112824
-0.128654
-0.145899
-0.164621
-0.184878
-0.206733
-0.230245
-0.255475
-0.282483
-0.311331
-0.342078
-0.374785
-0.409514
-0.446323
-0.485274
-0.526428
-0.569844
-0.615583
-0.663707
-0.714275
-0.767348
-0.822986
-0.001435
-0.001778
-0.002576
-0.003793
-0.005448
-0.007581
-0.010240
-0.013475
-0.017340
-0.021889
-0.027176
-0.033255
-0.040182
-0.048011
-0.056798
-0.066596
-0.077462
-0.089450
-0.102615
-0.117012
-0.132697
-0.149724
-0.168148
-0.188025
-0.209410
-0.232357
-0.256921
-0.283158
-0.311123
-0.340870
-0.372456
-0.405935
-0.441361
-0.478791
-0.518278
-0.559879
-0.603647
-0.649639
-0.697910
-0.748513
-0.001271
-0.001575
-0.002282
-0.003360
-0.004827
-0.006716
-0.009071
-0.011938
-0.015362
-0.019392
-0.024076
-0.029462
-0.035598
-0.042534
-0.050318
-0.058999
-0.068625
-0.079246
-0.090909
-0.103664
-0.117559
-0.132644
-0.148967
-0.166576
-0.185521
-0.205850
-0.227612
-0.250856
-0.275631
-0.301985
-0.329967
-0.359627
-0.391012
-0.424172
-0.459154
-0.496010
-0.534785
-0.575531
-0.618295
-0.663125
-0.001089
-0.001349
-0.001955
-0.002879
-0.004135
-0.005753
-0.007771
-0.010227
-0.013160
-0.016612
-0.020625
-0.025238
-0.030495
-0.036437
-0.043105
-0.050542
-0.058788
-0.067886
-0.077877
-0.088804
-0.100707
-0.113630
-0.127612
-0.142698
-0.158927
-0.176342
-0.194984
-0.214896
-0.236120
-0.258696
-0.282667
-0.308075
-0.334961
-0.363367
-0.393335
-0.424908
-0.458125
-0.493030
-0.529663
-0.568068
-0.000891
-0.001104
-0.001600
-0.002355
-0.003383
-0.004707
-0.006357
-0.008366
-0.010766
-0.013590
-0.016873
-0.020647
-0.024948
-0.029809
-0.035264
-0.041347
-0.048093
-0.055536
-0.063710
-0.072649
-0.082387
-0.092958
-0.104397
-0.116738
-0.130015
-0.144262
-0.159513
-0.175803
-0.193165
-0.211634
-0.231245
-0.252030
-0.274025
-0.297264
-0.321781
-0.347609
-0.374784
-0.403339
-0.433308
-0.464726
-0.000680
-0.000842
-0.001221
-0.001797
-0.002581
-0.003591
-0.004851
-0.006384
-0.008215
-0.010370
-0.012875
-0.015755
-0.019036
-0.022745
-0.026908
-0.031550
-0.036697
-0.042377
-0.048614
-0.055434
-0.062865
-0.070931
-0.079660
-0.089077
-0.099207
-0.110078
-0.121716
-0.134146
-0.147394
-0.161487
-0.176450
-0.192311
-0.209094
-0.226826
-0.245534
-0.265242
-0.285978
-0.307767
-0.330635
-0.354608
-0.000459
-0.000568
-0.000824
-0.001213
-0.001742
-0.002424
-0.003274
-0.004308
-0.005544
-0.006998
-0.008689
-0.010633
-0.012847
-0.015350
-0.018160
-0.021292
-0.024766
-0.028599
-0.032808
-0.037411
-0.042426
-0.047870
-0.053761
-0.060116
-0.066953
-0.074290
-0.082144
-0.090532
-0.099473
-0.108984
-0.119083
-0.129787
-0.141113
-0.153081
-0.165706
-0.179007
-0.193001
-0.207706
-0.223140
-0.239319
-0.000231
-0.000286
-0.000415
-0.000611
-0.000877
-0.001221
-0.001649
-0.002170
-0.002792
-0.003525
-0.004376
-0.005355
-0.006471
-0.007732
-0.009146
-0.010724
-0.012474
-0.014405
-0.016525
-0.018843
-0.021369
-0.024111
-0.027078
-0.030279
-0.033722
-0.037418
-0.041373
-0.045599
-0.050102
-0.054892
-0.059979
-0.065370
-0.071075
-0.077102
-0.083462
-0.090161
-0.097209
-0.104616
-0.112390
-0.120541
0.000000
0.000000
0.000000
0.000000
0.000000
0.000000
0.000000
0.000000
0.000000
0.000000
0.000000
0.000000
0.000000
0.000000
0.000000
0.000000
0.000000
0.000000
0.000000
0.000000
0.000000
0.000000
0.000000
0.000000
0.000000
0.000000
0.000000
0.000000
0.000000
0.000000
0.000000
0.000000
0.000000
0.000000
0.000000
0.000000
0.000000
0.000000
0.000000
-0.000004
