0.001934
0.002298
0.003153
0.004449
0.006195
0.008423
0.011172
0.014491
0.018426
0.023027
0.028344
0.034428
0.041329
0.049099
0.057788
0.067448
0.078130
0.089884
0.102763
0.116816
0.132097
0.148655
0.166542
0.185810
0.206508
0.228690
0.252406
0.277706
0.304643
0.333268
0.363632
0.395785
0.429780
0.465668
0.503500
0.543327
0.585200
0.629171
0.675291
0.723610
0.774181
0.827054
0.882281
0.939912
1.000000
0.001923
0.002284
0.003135
0.004424
0.006160
0.008374
0.011108
0.014408
0.018320
0.022895
0.028182
0.034231
0.041093
0.048818
0.057457
0.067062
0.077682
0.089369
0.102174
0.116147
0.131340
0.147803
0.165588
0.184745
0.205325
0.227380
0.250959
0.276115
0.302898
0.331358
0.361548
0.393518
0.427318
0.463000
0.500615
0.540214
0.581847
0.625566
0.671421
0.719464
0.769745
0.822315
0.877225
0.934527
0.994270
0.001890
0.002245
0.003081
0.004348
0.006054
0.008230
0.010917
0.014160
0.018005
0.022501
0.027696
0.033641
0.040385
0.047977
0.056468
0.065907
0.076344
0.087830
0.100414
0.114147
0.129078
0.145258
0.162736
0.181563
0.201789
0.223464
0.246637
0.271360
0.297681
0.325652
0.355321
0.386740
0.419958
0.455026
0.491993
0.530910
0.571826
0.614792
0.659858
0.707073
0.756488
0.808154
0.862118
0.918432
0.977147
0.001835
0.002180
0.002992
0.004222
0.005878
0.007992
0.010601
0.013749
0.017483
0.021849
0.026894
0.032666
0.039214
0.046587
0.054831
0.063997
0.074132
0.085284
0.097504
0.110839
0.125337
0.141048
0.158020
0.176301
0.195941
0.216987
0.239489
0.263495
0.289053
0.316213
0.345023
0.375531
0.407787
0.441838
0.477734
0.515522
0.555253
0.596973
0.640732
0.686579
0.734563
0.784730
0.837131
0.891813
0.948826
0.001759
0.002090
0.002868
0.004047
0.005636
0.007662
0.010163
0.013181
0.016761
0.020946
0.025783
0.031317
0.037595
0.044662
0.052566
0.061353
0.071069
0.081762
0.093476
0.106260
0.120160
0.135222
0.151492
0.169019
0.187847
0.208024
0.229597
0.252611
0.277113
0.303151
0.330771
0.360019
0.390942
0.423587
0.457999
0.494227
0.532316
0.572313
0.614265
0.658218
0.704219
0.752314
0.802550
0.854974
0.909632
0.001664
0.001976
0.002712
0.003827
0.005328
0.007244
0.009609
0.012463
0.015847
0.019804
0.024377
0.029609
0.035544
0.042226
0.049699
0.058007
0.067193
0.077302
0.088378
0.100464
0.113606
0.127846
0.143229
0.159800
0.177601
0.196677
0.217073
0.238832
0.261998
0.286616
0.312729
0.340381
0.369617
0.400481
0.433017
0.467268
0.503280
0.541095
0.580758
0.622314
0.665805
0.711277
0.758773
0.808338
0.860014
0.001549
0.001840
0.002524
0.003562
0.004960
0.006743
0.008944
0.011601
0.014751
0.018434
0.022691
0.027561
0.033086
0.039306
0.046262
0.053996
0.062547
0.071956
0.082266
0.093517
0.105750
0.119005
0.133325
0.148749
0.165319
0.183077
0.202062
0.222316
0.243880
0.266795
0.291103
0.316843
0.344057
0.372787
0.403072
0.434955
0.468476
0.503677
0.540597
0.579279
0.619763
0.662090
0.706301
0.752438
0.800542
0.001416
0.001682
0.002308
0.003257
0.004535
0.006165
0.008178
0.010606
0.013486
0.016854
0.020745
0.025198
0.030249
0.035936
0.042296
0.049366
0.057183
0.065786
0.075212
0.085498
0.096682
0.108801
0.121892
0.135994
0.151143
0.167378
0.184735
0.203253
0.222968
0.243918
0.266141
0.289674
0.314554
0.340820
0.368509
0.397658
0.428304
0.460486
0.494241
0.529606
0.566618
0.605315
0.645736
0.687917
0.731895
0.001267
0.001505
0.002065
0.002914
0.004058
0.005516
0.007317
0.009490
0.012067
0.015080
0.018562
0.022546
0.027066
0.032154
0.037844
0.044170
0.051165
0.058863
0.067296
0.076500
0.086506
0.097350
0.109063
0.121681
0.135236
0.149761
0.165292
0.181860
0.199500
0.218245
0.238129
0.259185
0.281447
0.304949
0.329723
0.355804
0.383224
0.412019
0.442221
0.473863
0.506980
0.541605
0.577771
0.615512
0.654861
0.001104
0.001311
0.001799
0.002538
0.003534
0.004804
0.006373
0.008265
0.010510
0.013134
0.016166
0.019636
0.023572
0.028003
0.032959
0.038468
0.044560
0.051264
0.058609
0.066625
0.075339
0.084783
0.094984
0.105973
0.117778
0.130429
0.143954
0.158384
0.173746
0.190072
0.207389
0.225726
0.245114
0.265582
0.287158
0.309872
0.333753
0.358830
0.385133
0.412691
0.441532
0.471687
0.503184
0.536054
0.570323
0.000928
0.001102
0.001512
0.002133
0.002970
0.004037
0.005355
0.006946
0.008832
0.011037
0.013585
0.016501
0.019808
0.023532
0.027696
0.032326
0.037445
0.043079
0.049251
0.055986
0.063309
0.071245
0.079817
0.089051
0.098971
0.109601
0.120967
0.133092
0.146002
0.159720
0.174272
0.189681
0.205973
0.223172
0.241303
0.260390
0.280457
0.301530
0.323633
0.346789
0.371025
0.396365
0.422832
0.450452
0.479250
0.000741
0.000880
0.001208
0.001704
0.002372
0.003224
0.004277
0.005547
0.007053
0.008813
0.010848
0.013177
0.015818
0.018791
0.022116
0.025813
0.029901
0.034399
0.039328
0.044706
0.050554
0.056890
0.063735
0.071109
0.079030
0.087518
0.096594
0.106276
0.116584
0.127538
0.139158
0.151462
0.164472
0.178205
0.192683
0.207924
0.223948
0.240774
0.258423
0.276914
0.296267
0.316500
0.337635
0.359690
0.382684
0.000546
0.000648
0.000889
0.001255
0.001747
0.002374
0.003149
0.004084
0.005193
0.006489
0.007987
0.009701
0.011646
0.013835
0.016283
0.019005
0.022014
0.025326
0.028954
0.032914
0.037219
0.041884
0.046923
0.052351
0.058183
0.064432
0.071114
0.078242
0.085831
0.093895
0.102449
0.111508
0.121086
0.131196
0.141854
0.153075
0.164872
0.177259
0.190253
0.203866
0.218113
0.233009
0.248568
0.264805
0.281734
0.000345
0.000409
0.000561
0.000791
0.001101
0.001497
0.001985
0.002575
0.003273
0.004090
0.005035
0.006115
0.007340
0.008720
0.010263
0.011978
0.013875
0.015962
0.018249
0.020744
0.023457
0.026397
0.029573
0.032994
0.036670
0.040608
0.044819
0.049311
0.054094
0.059176
0.064567
0.070276
0.076312
0.082684
0.089401
0.096472
0.103907
0.111713
0.119902
0.128481
0.137460
0.146847
0.156653
0.166886
0.177554
0.000139
0.000165
0.000226
0.000319
0.000444
0.000603
0.000799
0.001036
0.001316
0.001645
0.002024
0.002458
0.002951
0.003505
0.004125
0.004814
0.005577
0.006415
0.007334
0.008337
0.009427
0.010608
0.011885
0.013259
0.014736
0.016318
0.018010
0.019815
0.021737
0.023779
0.025945
0.028239
0.030664
0.033224
0.035923
0.038764
0.041751
0.044888
0.048177
0.051624
0.055232
0.059003
0.062943
0.067054
0.071341
-0.000068
-0.000080
-0.000111
-0.000157
-0.000219
-0.000299
-0.000397
-0.000515
-0.000655
-0.000820
-0.001009
-0.001226
-0.001472
-0.001750
-0.002060
-0.002404
-0.002785
-0.003205
-0.003664
-0.004166
-0.004711
-0.005302
-0.005940
-0.006628
-0.007366
-0.008158
-0.009004
-0.009907
-0.010869
-0.011890
-0.012974
-0.014122
-0.015335
-0.016616
-0.017967
-0.019388
-0.020883
-0.022453
-0.024099
-0.025824
-0.027629
-0.029517
-0.031488
-0.033546
-0.035691
-0.000274
-0.000325
-0.000447
-0.000631
-0.000880
-0.001197
-0.001588
-0.002060
-0.002620
-0.003275
-0.004031
-0.004897
-0.005879
-0.006984
-0.008221
-0.009595
-0.011115
-0.012788
-0.014621
-0.016621
-0.018795
-0.021151
-0.023697
-0.026439
-0.029384
-0.032541
-0.035916
-0.039517
-0.043350
-0.047424
-0.051745
-0.056321
-0.061159
-0.066266
-0.071650
-0.077318
-0.083278
-0.089536
-0.096099
-0.102976
-0.110174
-0.117699
-0.125559
-0.133761
-0.142313
-0.000477
-0.000566
-0.000778
-0.001098
-0.001530
-0.002081
-0.002761
-0.003581
-0.004554
-0.005692
-0.007007
-0.008511
-0.010218
-0.012139
-0.014288
-0.016677
-0.019318
-0.022225
-0.025410
-0.028885
-0.032664
-0.036759
-0.041182
-0.045947
-0.051066
-0.056551
-0.062416
-0.068673
-0.075334
-0.082413
-0.089922
-0.097874
-0.106281
-0.115156
-0.124513
-0.134362
-0.144718
-0.155592
-0.166998
-0.178949
-0.191455
-0.204532
-0.218191
-0.232444
-0.247305
-0.000674
-0.000801
-0.001100
-0.001553
-0.002163
-0.002941
-0.003902
-0.005061
-0.006436
-0.008044
-0.009902
-0.012028
-0.014440
-0.017155
-0.020191
-0.023567
-0.027299
-0.031407
-0.035907
-0.040818
-0.046158
-0.051944
-0.058195
-0.064928
-0.072161
-0.079913
-0.088201
-0.097042
-0.106455
-0.116459
-0.127069
-0.138306
-0.150186
-0.162727
-0.175948
-0.189866
-0.204500
-0.219866
-0.235984
-0.252870
-0.270543
-0.289021
-0.308322
-0.328463
-0.349463
-0.000864
-0.001026
-0.001409
-0.001989
-0.002771
-0.003768
-0.004998
-0.006483
-0.008245
-0.010304
-0.012684
-0.015407
-0.018496
-0.021974
-0.025863
-0.030187
-0.034968
-0.040229
-0.045993
-0.052284
-0.059123
-0.066535
-0.074541
-0.083165
-0.092430
-0.102359
-0.112974
-0.124299
-0.136356
-0.149169
-0.162760
-0.177152
-0.192369
-0.208433
-0.225367
-0.243194
-0.261938
-0.281620
-0.302264
-0.323893
-0.346530
-0.370198
-0.394920
-0.420718
-0.447616
-0.001043
-0.001240
-0.001702
-0.002403
-0.003347
-0.004551
-0.006037
-0.007831
-0.009959
-0.012446
-0.015320
-0.018609
-0.022340
-0.026541
-0.031238
-0.036461
-0.042235
-0.048590
-0.055552
-0.063150
-0.071411
-0.080363
-0.090033
-0.100450
-0.111640
-0.123632
-0.136454
-0.150132
-0.164695
-0.180170
-0.196586
-0.213969
-0.232348
-0.251750
-0.272204
-0.293736
-0.316374
-0.340147
-0.365081
-0.391205
-0.418547
-0.447133
-0.476992
-0.508152
-0.540639
-0.001211
-0.001439
-0.001976
-0.002789
-0.003885
-0.005282
-0.007007
-0.009089
-0.011558
-0.014445
-0.017781
-0.021599
-0.025929
-0.030804
-0.036256
-0.042317
-0.049019
-0.056394
-0.064475
-0.073293
-0.082881
-0.093270
-0.104493
-0.116583
-0.129570
-0.143488
-0.158369
-0.174244
-0.191146
-0.209107
-0.228159
-0.248334
-0.269664
-0.292183
-0.315921
-0.340911
-0.367185
-0.394775
-0.423714
-0.454034
-0.485766
-0.518944
-0.553598
-0.589762
-0.627467
-0.001365
-0.001622
-0.002227
-0.003143
-0.004378
-0.005953
-0.007897
-0.010243
-0.013026
-0.016279
-0.020038
-0.024340
-0.029220
-0.034714
-0.040858
-0.047688
-0.055241
-0.063552
-0.072658
-0.082596
-0.093400
-0.105108
-0.117756
-0.131380
-0.146016
-0.161700
-0.178469
-0.196360
-0.215407
-0.235647
-0.257117
-0.279852
-0.303890
-0.329267
-0.356018
-0.384179
-0.413788
-0.444880
-0.477492
-0.511660
-0.547420
-0.584808
-0.623861
-0.664615
-0.707105
-0.001504
-0.001787
-0.002452
-0.003462
-0.004821
-0.006555
-0.008696
-0.011280
-0.014343
-0.017926
-0.022066
-0.026803
-0.032176
-0.038226
-0.044991
-0.052513
-0.060830
-0.069982
-0.080009
-0.090952
-0.102849
-0.115742
-0.129669
-0.144672
-0.160788
-0.178059
-0.196525
-0.216225
-0.237199
-0.259486
-0.283128
-0.308164
-0.334634
-0.362578
-0.392035
-0.423046
-0.455649
-0.489887
-0.525798
-0.563422
-0.602800
-0.643971
-0.686974
-0.731851
-0.778640
-0.001625
-0.001930
-0.002650
-0.003740
-0.005209
-0.007082
-0.009396
-0.012187
-0.015497
-0.019368
-0.023840
-0.028958
-0.034764
-0.041300
-0.048610
-0.056736
-0.065721
-0.075609
-0.086443
-0.098266
-0.111120
-0.125050
-0.140097
-0.156305
-0.173718
-0.192378
-0.212328
-0.233612
-0.256272
-0.280352
-0.305895
-0.332945
-0.361543
-0.391734
-0.423559
-0.457064
-0.492290
-0.529280
-0.568079
-0.608729
-0.651273
-0.695754
-0.742216
-0.790701
-0.841252
-0.001727
-0.002052
-0.002817
-0.003976
-0.005537
-0.007528
-0.009987
-0.012954
-0.016473
-0.020587
-0.025342
-0.030782
-0.036953
-0.043901
-0.051671
-0.060308
-0.069860
-0.080371
-0.091887
-0.104454
-0.118117
-0.132924
-0.148919
-0.166148
-0.184657
-0.204492
-0.225698
-0.248322
-0.272409
-0.298006
-0.325157
-0.353910
-0.384309
-0.416400
-0.450230
-0.485844
-0.523288
-0.562608
-0.603850
-0.647060
-0.692282
-0.739564
-0.788952
-0.840490
-0.894224
-0.001810
-0.002150
-0.002951
-0.004166
-0.005802
-0.007888
-0.010465
-0.013574
-0.017260
-0.021571
-0.026553
-0.032253
-0.038719
-0.045998
-0.054140
-0.063190
-0.073198
-0.084211
-0.096277
-0.109444
-0.123761
-0.139275
-0.156034
-0.174086
-0.193479
-0.214262
-0.236482
-0.260187
-0.285425
-0.312244
-0.340693
-0.370819
-0.402670
-0.436295
-0.471741
-0.509057
-0.548290
-0.589489
-0.632701
-0.677975
-0.725359
-0.774900
-0.826647
-0.880647
-0.936949
-0.001871
-0.002224
-0.003052
-0.004308
-0.006000
-0.008158
-0.010822
-0.014037
-0.017850
-0.022308
-0.027459
-0.033354
-0.040041
-0.047569
-0.055988
-0.065347
-0.075697
-0.087086
-0.099564
-0.113181
-0.127986
-0.144030
-0.161361
-0.180029
-0.200085
-0.221577
-0.244555
-0.269070
-0.295169
-0.322904
-0.352324
-0.383478
-0.416417
-0.451190
-0.487846
-0.526436
-0.567009
-0.609614
-0.654302
-0.701121
-0.750123
-0.801355
-0.854869
-0.910713
-0.968937
-0.001912
-0.002272
-0.003118
-0.004401
-0.006129
-0.008334
-0.011055
-0.014340
-0.018234
-0.022788
-0.028051
-0.034073
-0.040904
-0.048594
-0.057195
-0.066756
-0.077329
-0.088963
-0.101710
-0.115621
-0.130745
-0.147134
-0.164839
-0.183910
-0.204398
-0.226353
-0.249826
-0.274869
-0.301531
-0.329864
-0.359917
-0.391743
-0.425392
-0.460914
-0.498361
-0.537782
-0.579230
-0.622753
-0.668404
-0.716233
-0.766291
-0.818628
-0.873295
-0.930342
-0.989821
-0.001930
-0.002294
-0.003148
-0.004444
-0.006188
-0.008414
-0.011162
-0.014478
-0.018410
-0.023008
-0.028322
-0.034402
-0.041298
-0.049063
-0.057746
-0.067400
-0.078074
-0.089821
-0.102691
-0.116735
-0.132005
-0.148553
-0.166428
-0.185683
-0.206368
-0.228535
-0.252234
-0.277518
-0.304437
-0.333043
-0.363387
-0.395519
-0.429492
-0.465357
-0.503165
-0.542966
-0.584813
-0.628756
-0.674848
-0.723138
-0.773678
-0.826519
-0.881713
-0.939311
-0.999363
-0.001927
-0.002289
-0.003142
-0.004435
-0.006177
-0.008398
-0.011141
-0.014450
-0.018375
-0.022964
-0.028268
-0.034336
-0.041219
-0.048969
-0.057636
-0.067271
-0.077925
-0.089649
-0.102494
-0.116512
-0.131753
-0.148269
-0.166110
-0.185328
-0.205973
-0.228098
-0.251752
-0.276988
-0.303855
-0.332406
-0.362692
-0.394763
-0.428671
-0.464467
-0.502203
-0.541928
-0.583695
-0.627554
-0.673557
-0.721755
-0.772199
-0.824939
-0.880028
-0.937515
-0.997452
-0.001901
-0.002259
-0.003100
-0.004376
-0.006094
-0.008286
-0.010992
-0.014257
-0.018129
-0.022657
-0.027890
-0.033877
-0.040668
-0.048314
-0.056865
-0.066371
-0.076883
-0.088450
-0.101124
-0.114954
-0.129991
-0.146286
-0.163888
-0.182849
-0.203218
-0.225047
-0.248385
-0.273283
-0.299791
-0.327960
-0.357841
-0.389483
-0.422938
-0.458255
-0.495486
-0.534680
-0.575888
-0.619160
-0.664548
-0.712102
-0.761870
-0.813905
-0.868257
-0.924976
-0.984112
-0.001853
-0.002202
-0.003023
-0.004266
-0.005942
-0.008078
-0.010717
-0.013901
-0.017676
-0.022090
-0.027192
-0.033029
-0.039651
-0.047106
-0.055443
-0.064711
-0.074959
-0.086237
-0.098594
-0.112078
-0.126739
-0.142626
-0.159788
-0.178275
-0.198135
-0.219417
-0.242171
-0.266446
-0.292291
-0.319756
-0.348889
-0.379740
-0.412358
-0.446791
-0.483091
-0.521304
-0.561481
-0.603671
-0.647924
-0.694287
-0.742811
-0.793545
-0.846537
-0.901837
-0.959494
-0.001785
-0.002120
-0.002911
-0.004108
-0.005721
-0.007779
-0.010319
-0.013385
-0.017020
-0.021271
-0.026183
-0.031803
-0.038179
-0.045357
-0.053385
-0.062309
-0.072177
-0.083037
-0.094935
-0.107918
-0.122035
-0.137332
-0.153858
-0.171658
-0.190780
-0.211273
-0.233182
-0.256556
-0.281443
-0.307888
-0.335940
-0.365645
-0.397052
-0.430208
-0.465160
-0.501955
-0.540641
-0.581265
-0.623875
-0.668517
-0.715240
-0.764091
-0.815116
-0.868364
-0.923881
-0.001695
-0.002014
-0.002765
-0.003903
-0.005435
-0.007390
-0.009803
-0.012715
-0.016169
-0.020207
-0.024874
-0.030213
-0.036270
-0.043089
-0.050715
-0.059193
-0.068568
-0.078884
-0.090187
-0.102522
-0.115932
-0.130465
-0.146164
-0.163074
-0.181240
-0.200708
-0.221522
-0.243727
-0.267368
-0.292491
-0.319140
-0.347360
-0.377197
-0.408694
-0.441898
-0.476854
-0.513605
-0.552198
-0.592676
-0.635087
-0.679473
-0.725881
-0.774355
-0.824940
-0.877680
-0.001587
-0.001885
-0.002588
-0.003653
-0.005087
-0.006916
-0.009175
-0.011900
-0.015132
-0.018912
-0.023279
-0.028276
-0.033945
-0.040327
-0.047465
-0.055399
-0.064173
-0.073828
-0.084406
-0.095950
-0.108501
-0.122102
-0.136795
-0.152621
-0.169623
-0.187843
-0.207322
-0.228104
-0.250230
-0.273743
-0.298683
-0.325095
-0.353019
-0.382498
-0.413573
-0.446288
-0.480684
-0.516802
-0.554687
-0.594379
-0.635920
-0.679353
-0.724720
-0.772062
-0.821423
-0.001460
-0.001735
-0.002381
-0.003361
-0.004680
-0.006363
-0.008441
-0.010949
-0.013923
-0.017400
-0.021418
-0.026016
-0.031231
-0.037103
-0.043670
-0.050970
-0.059042
-0.067925
-0.077658
-0.088279
-0.099827
-0.112340
-0.125858
-0.140419
-0.156062
-0.172825
-0.190747
-0.209868
-0.230225
-0.251857
-0.274804
-0.299104
-0.324795
-0.351917
-0.380509
-0.410608
-0.442254
-0.475485
-0.510341
-0.546859
-0.585080
-0.625040
-0.666780
-0.710338
-0.755752
-0.001316
-0.001564
-0.002147
-0.003030
-0.004220
-0.005737
-0.007611
-0.009872
-0.012553
-0.015688
-0.019312
-0.023457
-0.028160
-0.033454
-0.039375
-0.045957
-0.053235
-0.061245
-0.070020
-0.079596
-0.090008
-0.101291
-0.113479
-0.126608
-0.140712
-0.155827
-0.171986
-0.189226
-0.207581
-0.227086
-0.247776
-0.269685
-0.292850
-0.317305
-0.343084
-0.370223
-0.398756
-0.428719
-0.460147
-0.493074
-0.527535
-0.563565
-0.601200
-0.640473
-0.681420
-0.001158
-0.001376
-0.001888
-0.002665
-0.003711
-0.005046
-0.006694
-0.008682
-0.011040
-0.013797
-0.016984
-0.020629
-0.024765
-0.029421
-0.034628
-0.040417
-0.046818
-0.053862
-0.061580
-0.070002
-0.079159
-0.089081
-0.099800
-0.111346
-0.123750
-0.137043
-0.151255
-0.166416
-0.182559
-0.199712
-0.217908
-0.237177
-0.257549
-0.279056
-0.301728
-0.325595
-0.350689
-0.377040
-0.404679
-0.433637
-0.463944
-0.495632
-0.528730
-0.563269
-0.599280
-0.000986
-0.001171
-0.001608
-0.002269
-0.003160
-0.004296
-0.005699
-0.007393
-0.009400
-0.011748
-0.014461
-0.017565
-0.021087
-0.025052
-0.029485
-0.034414
-0.039865
-0.045862
-0.052434
-0.059605
-0.067402
-0.075850
-0.084977
-0.094809
-0.105370
-0.116689
-0.128789
-0.141699
-0.155444
-0.170050
-0.185543
-0.201950
-0.219296
-0.237609
-0.256913
-0.277236
-0.298603
-0.321040
-0.344574
-0.369232
-0.395038
-0.422019
-0.450201
-0.479610
-0.510273
-0.000803
-0.000954
-0.001309
-0.001847
-0.002572
-0.003498
-0.004640
-0.006018
-0.007653
-0.009564
-0.011773
-0.014300
-0.017167
-0.020395
-0.024004
-0.028017
-0.032454
-0.037337
-0.042687
-0.048525
-0.054872
-0.061750
-0.069181
-0.077185
-0.085783
-0.094997
-0.104849
-0.115359
-0.126548
-0.138439
-0.151052
-0.164409
-0.178531
-0.193439
-0.209155
-0.225700
-0.243095
-0.261362
-0.280521
-0.300595
-0.321604
-0.343569
-0.366513
-0.390455
-0.415419
-0.000610
-0.000725
-0.000995
-0.001404
-0.001956
-0.002659
-0.003527
-0.004575
-0.005818
-0.007271
-0.008950
-0.010871
-0.013050
-0.015504
-0.018248
-0.021299
-0.024672
-0.028384
-0.032450
-0.036889
-0.041714
-0.046943
-0.052591
-0.058676
-0.065212
-0.072217
-0.079706
-0.087696
-0.096202
-0.105242
-0.114830
-0.124984
-0.135720
-0.147053
-0.159000
-0.171578
-0.184802
-0.198688
-0.213253
-0.228513
-0.244484
-0.261183
-0.278625
-0.296826
-0.315803
-0.000411
-0.000488
-0.000670
-0.000945
-0.001316
-0.001790
-0.002374
-0.003080
-0.003916
-0.004894
-0.006024
-0.007317
-0.008784
-0.010436
-0.012283
-0.014336
-0.016607
-0.019105
-0.021842
-0.024830
-0.028078
-0.031597
-0.035399
-0.039495
-0.043895
-0.048609
-0.053650
-0.059028
-0.064754
-0.070838
-0.077293
-0.084127
-0.091353
-0.098982
-0.107024
-0.115489
-0.124390
-0.133737
-0.143541
-0.153813
-0.164563
-0.175803
-0.187544
-0.199795
-0.212570
-0.000207
-0.000245
-0.000337
-0.000475
-0.000662
-0.000900
-0.001194
-0.001549
-0.001969
-0.002461
-0.003029
-0.003680
-0.004417
-0.005248
-0.006177
-0.007209
-0.008351
-0.009608
-0.010984
-0.012486
-0.014120
-0.015890
-0.017802
-0.019861
-0.022074
-0.024445
-0.026980
-0.029684
-0.032564
-0.035623
-0.038869
-0.042306
-0.045940
-0.049776
-0.053820
-0.058078
-0.062554
-0.067254
-0.072184
-0.077350
-0.082756
-0.088408
-0.094313
-0.100474
-0.106899
0.000000
0.000000
0.000000
0.000000
0.000000
0.000000
0.000000
0.000000
0.000000
0.000000
0.000000
0.000000
0.000000
0.000000
0.000000
0.000000
0.000000
0.000000
0.000000
0.000000
0.000000
0.000000
0.000000
0.000000
0.000000
0.000000
0.000000
0.000000
0.000000
0.000000
0.000000
0.000000
0.000000
0.000000
0.000000
0.000000
0.000000
0.000000
0.000000
0.000000
0.000000
0.000000
0.000000
0.000000
-0.000004
